,loadsmart_id,quote_date,book_date,source_date,pickup_date,delivery_date,book_price,source_price,pnl,mileage,equipment_type,carrier_rating,sourcing_channel,vip_carrier,carrier_dropped_us_count,carrier_name,shipper_name,carrier_on_time_to_pickup,carrier_on_time_to_delivery,carrier_on_time_overall,pickup_appointment_time,delivery_appointment_time,has_mobile_app_tracking,has_mobile_app_tracking.1,has_macropoint_tracking,has_edi_tracking,contracted_load,load_booked_autonomously,load_sourced_autonomously,load_was_cancelled,laneorigin,stateorign,lanedestination,statedestination
0,206431033,12/15/2017 13:08,12/15/2017 13:09,12/15/2017 13:44,12/15/2017 11:00,12/21/2017 2:00,8922.51,8500.0,422.51,2753.5,RFR,,dat_in,False,0,Carrier 605817,Shipper 758,True,True,True,12/15/2017 20:00,12/21/2017 0:00,False,False,False,False,False,False,False,False,Hood River,OR ,Hood River,OR 
1,206521177,11/20/2017 9:32,11/20/2017 9:32,11/21/2017 9:46,11/21/2017 14:00,11/27/2017 16:00,8726.17,4000.0,4726.17,2331.3,DRV,,,False,0,Carrier 1396487,Shipper 1644,True,True,True,11/21/2017 14:00,11/27/2017 17:00,False,False,False,False,False,False,False,False,Etowah,TN ,Etowah,TN 
2,206694049,6/1/2017 18:04,6/1/2017 18:04,6/2/2017 15:11,6/3/2017 2:00,6/9/2017 4:10,8548.19,8220.0,328.19,3013.4,RFR,,,False,0,Carrier 1044585,Shipper 758,True,True,True,6/3/2017 2:00,6/8/2017 23:00,False,False,False,False,False,False,False,False,Salinas,CA ,Salinas,CA 
3,206553113,11/20/2017 9:10,11/20/2017 9:10,11/20/2017 12:39,11/22/2017 17:00,11/28/2017 19:00,8409.27,5000.0,3409.27,2082.3,DRV,,,False,0,Carrier 738,Shipper 1644,True,True,True,11/22/2017 17:00,11/28/2017 19:00,False,False,False,False,False,False,False,False,Montpelier,OH ,Montpelier,OH 
4,206518817,9/25/2017 15:07,9/25/2017 15:07,9/26/2017 9:05,9/26/2017 17:00,10/2/2017 11:55,8351.95,5500.0,2851.95,2847.7,DRV,,,False,0,Carrier 14533,Shipper 1644,True,True,True,9/26/2017 17:00,10/2/2017 10:00,False,False,False,False,False,False,False,False,Newark,DE ,Newark,DE 
5,206427025,12/19/2017 16:30,12/19/2017 16:30,12/20/2017 10:38,12/23/2017 15:00,1/4/2018 12:00,8140.88,11050.0,-2909.12,2863.1,DRV,,,False,0,Carrier 1695246,Shipper 1644,True,True,True,12/23/2017 15:00,12/29/2017 14:00,False,False,False,False,False,False,False,False,Maxton,NC ,Maxton,NC 
6,206478177,10/30/2017 12:47,10/30/2017 12:47,10/31/2017 11:24,10/31/2017 14:00,11/3/2017 10:00,7940.21,6100.0,1840.21,0.0,DRV,,,False,0,Carrier 968589,Shipper 1644,True,True,True,10/31/2017 14:00,11/3/2017 12:00,False,False,False,False,False,False,False,False,Maxton,NC ,Maxton,NC 
7,206754337,12/29/2017 12:07,12/29/2017 12:07,1/2/2018 13:56,1/3/2018 8:00,1/5/2018 3:10,7928.8,6000.0,1928.8,2852.8,DRV,,dat_in,False,0,Carrier 1695502,Shipper 1644,True,True,True,1/3/2018 9:00,1/5/2018 1:00,False,False,False,False,False,False,False,False,Manning,SC ,Manning,SC 
8,206424601,11/20/2017 9:00,11/20/2017 9:00,11/20/2017 12:33,11/21/2017 13:00,11/27/2017 13:30,7784.82,5000.0,2784.82,2082.3,DRV,,,False,0,Carrier 738,Shipper 1644,True,True,True,11/21/2017 13:00,11/27/2017 17:00,False,False,False,False,False,False,False,False,Montpelier,OH ,Montpelier,OH 
9,206554617,11/20/2017 9:21,11/20/2017 9:21,11/20/2017 12:33,11/22/2017 12:00,11/28/2017 19:00,7784.82,5000.0,2784.82,2082.3,DRV,,,False,0,Carrier 738,Shipper 1644,True,True,True,11/22/2017 12:00,11/28/2017 19:00,False,False,False,False,False,False,False,False,Montpelier,OH ,Montpelier,OH 
10,206486537,9/28/2017 11:26,9/28/2017 11:26,9/29/2017 19:21,9/29/2017 16:00,10/3/2017 10:00,7700.0,7500.0,200.0,2509.6,DRV,,,False,1,Carrier 749107,Shipper 585,True,True,True,9/29/2017 22:00,10/3/2017 11:00,False,False,False,False,False,False,False,False,Santa Ana,CA ,Santa Ana,CA 
11,206432441,12/22/2017 11:35,12/22/2017 11:35,12/22/2017 13:07,12/22/2017 16:00,12/26/2017 13:34,7632.35,6000.0,1632.35,1607.7,DRV,,dat_in,False,0,Carrier 1049651,Shipper 1644,True,True,True,12/22/2017 16:00,12/26/2017 12:00,False,False,False,False,False,False,False,False,Trenton,MO ,Trenton,MO 
12,206490537,10/17/2017 16:49,10/17/2017 16:49,10/18/2017 16:28,10/19/2017 14:00,10/23/2017 14:30,7596.23,5780.0,1816.23,2863.1,DRV,,,True,0,Carrier 1229009,Shipper 1644,True,True,True,10/19/2017 14:00,10/23/2017 9:00,False,False,False,False,False,False,False,False,Maxton,NC ,Maxton,NC 
13,206429353,10/5/2017 10:52,10/5/2017 10:52,10/6/2017 11:27,10/6/2017 12:00,10/9/2017 12:30,7500.0,7000.0,500.0,2509.6,RFR,,,False,0,Carrier 1019564,Shipper 585,False,True,True,10/6/2017 12:00,10/9/2017 10:00,False,False,False,False,False,False,False,False,Santa Ana,CA ,Santa Ana,CA 
14,206558993,5/18/2017 18:48,5/18/2017 18:48,5/19/2017 13:30,5/20/2017 13:00,5/25/2017 23:55,7479.33,7500.0,-20.67,3008.0,RFR,,,False,0,Carrier 1027120,Shipper 758,True,True,True,5/20/2017 13:00,5/25/2017 23:00,False,False,False,False,False,False,False,False,Salinas,CA ,Salinas,CA 
15,206426897,5/18/2017 17:16,5/18/2017 17:16,5/22/2017 11:45,5/22/2017 11:00,5/25/2017 23:55,7475.63,7500.0,-24.37,2948.9,RFR,,,False,1,Carrier 1695273,Shipper 758,True,True,True,5/23/2017 0:00,5/25/2017 23:00,False,False,False,False,False,False,False,False,Gonzales,CA ,Gonzales,CA 
16,206512777,11/5/2017 19:46,11/5/2017 19:46,11/6/2017 12:37,11/10/2017 15:00,11/17/2017 17:00,7409.97,5000.0,2409.97,2591.7,DRV,,,False,0,Carrier 1058714,Shipper 1644,True,True,True,11/10/2017 15:00,11/14/2017 18:00,False,False,False,False,False,False,False,False,Lakewood,NY ,Lakewood,NY 
17,206437137,12/4/2017 17:01,12/4/2017 17:01,12/7/2017 16:41,12/7/2017 15:00,12/12/2017 5:00,7402.38,7500.0,-97.62,2847.9,RFR,,carrier_capacity,False,1,Carrier 1695748,Shipper 1249,False,True,False,12/7/2017 15:00,12/12/2017 4:00,False,False,False,False,False,False,False,False,Fairfield,CA ,Fairfield,CA 
18,206437137,12/4/2017 17:01,12/4/2017 17:01,12/7/2017 16:41,12/7/2017 15:00,12/12/2017 5:00,7402.38,7500.0,-97.62,2847.9,RFR,,carrier_capacity,False,1,Carrier 1695748,Shipper 1375,False,True,False,12/7/2017 15:00,12/12/2017 4:00,False,False,False,False,False,False,False,False,Fairfield,CA ,Fairfield,CA 
19,206437137,12/4/2017 17:01,12/4/2017 17:01,12/7/2017 16:41,12/7/2017 15:00,12/12/2017 5:00,7402.38,7500.0,-97.62,2847.9,RFR,,carrier_capacity,False,1,Carrier 1695748,Shipper 1386,False,True,False,12/7/2017 15:00,12/12/2017 4:00,False,False,False,False,False,False,False,False,Fairfield,CA ,Fairfield,CA 
20,206437137,12/4/2017 17:01,12/4/2017 17:01,12/7/2017 16:41,12/7/2017 15:00,12/12/2017 5:00,7402.38,7500.0,-97.62,2847.9,RFR,,carrier_capacity,False,1,Carrier 1695748,Shipper 1248,False,True,False,12/7/2017 15:00,12/12/2017 4:00,False,False,False,False,False,False,False,False,Fairfield,CA ,Fairfield,CA 
21,206437137,12/4/2017 17:01,12/4/2017 17:01,12/7/2017 16:41,12/7/2017 15:00,12/12/2017 5:00,7402.38,7500.0,-97.62,2847.9,RFR,,carrier_capacity,False,1,Carrier 1695748,Shipper 1387,False,True,False,12/7/2017 15:00,12/12/2017 4:00,False,False,False,False,False,False,False,False,Fairfield,CA ,Fairfield,CA 
22,206437137,12/4/2017 17:01,12/4/2017 17:01,12/7/2017 16:41,12/7/2017 15:00,12/12/2017 5:00,7402.38,7500.0,-97.62,2847.9,RFR,,carrier_capacity,False,1,Carrier 1695748,Shipper 1388,False,True,False,12/7/2017 15:00,12/12/2017 4:00,False,False,False,False,False,False,False,False,Fairfield,CA ,Fairfield,CA 
23,206513177,12/28/2017 19:43,12/28/2017 19:43,1/2/2018 16:38,1/3/2018 11:00,1/8/2018 8:03,7371.42,7500.0,-128.58,2702.1,RFR,,,False,0,Carrier 1333902,Shipper 758,True,True,True,1/3/2018 15:00,1/8/2018 4:00,False,False,False,False,False,False,False,False,Yakima,WA ,Yakima,WA 
24,206709073,10/5/2017 10:56,10/5/2017 10:56,10/6/2017 12:57,10/9/2017 15:00,10/12/2017 9:00,7250.0,7000.0,250.0,2509.6,RFR,,,False,0,Carrier 1695547,Shipper 585,True,True,True,10/9/2017 15:00,10/12/2017 8:00,False,False,False,False,False,False,False,False,Santa Ana,CA ,Santa Ana,CA 
25,206554409,10/24/2017 8:45,10/24/2017 8:45,10/24/2017 11:16,10/24/2017 12:00,10/30/2017 14:00,7232.42,0.0,0.0,2777.3,DRV,,,True,0,Carrier 1197981,Shipper 1644,True,False,False,10/24/2017 12:00,10/27/2017 12:00,False,False,False,False,False,False,False,False,Concord,NC ,Concord,NC 
26,206506609,11/3/2017 15:05,11/3/2017 15:06,11/14/2017 9:41,11/14/2017 3:05,11/17/2017 15:35,7144.96,9500.0,-2355.04,3069.0,RFR,,,False,0,Carrier 74718,Shipper 832,True,False,False,11/15/2017 2:55,11/17/2017 9:30,False,False,False,False,False,False,False,False,Delano,CA ,Delano,CA 
27,206516521,12/12/2017 16:49,12/12/2017 16:49,12/15/2017 15:45,12/15/2017 15:00,12/19/2017 8:37,7110.37,7200.0,-89.63,2733.2,RFR,,,False,1,Carrier 1067308,Shipper 1249,True,True,True,12/15/2017 21:00,12/19/2017 23:55,False,False,False,False,False,False,False,False,Fairfield,CA ,Fairfield,CA 
28,206516521,12/12/2017 16:49,12/12/2017 16:49,12/15/2017 15:45,12/15/2017 15:00,12/19/2017 8:37,7110.37,7200.0,-89.63,2733.2,RFR,,,False,1,Carrier 1067308,Shipper 1375,True,True,True,12/15/2017 21:00,12/19/2017 23:55,False,False,False,False,False,False,False,False,Fairfield,CA ,Fairfield,CA 
29,206516521,12/12/2017 16:49,12/12/2017 16:49,12/15/2017 15:45,12/15/2017 15:00,12/19/2017 8:37,7110.37,7200.0,-89.63,2733.2,RFR,,,False,1,Carrier 1067308,Shipper 1386,True,True,True,12/15/2017 21:00,12/19/2017 23:55,False,False,False,False,False,False,False,False,Fairfield,CA ,Fairfield,CA 
30,206516521,12/12/2017 16:49,12/12/2017 16:49,12/15/2017 15:45,12/15/2017 15:00,12/19/2017 8:37,7110.37,7200.0,-89.63,2733.2,RFR,,,False,1,Carrier 1067308,Shipper 1248,True,True,True,12/15/2017 21:00,12/19/2017 23:55,False,False,False,False,False,False,False,False,Fairfield,CA ,Fairfield,CA 
31,206516521,12/12/2017 16:49,12/12/2017 16:49,12/15/2017 15:45,12/15/2017 15:00,12/19/2017 8:37,7110.37,7200.0,-89.63,2733.2,RFR,,,False,1,Carrier 1067308,Shipper 1387,True,True,True,12/15/2017 21:00,12/19/2017 23:55,False,False,False,False,False,False,False,False,Fairfield,CA ,Fairfield,CA 
32,206516521,12/12/2017 16:49,12/12/2017 16:49,12/15/2017 15:45,12/15/2017 15:00,12/19/2017 8:37,7110.37,7200.0,-89.63,2733.2,RFR,,,False,1,Carrier 1067308,Shipper 1388,True,True,True,12/15/2017 21:00,12/19/2017 23:55,False,False,False,False,False,False,False,False,Fairfield,CA ,Fairfield,CA 
33,206428753,12/5/2017 16:39,12/5/2017 16:39,12/6/2017 9:10,12/6/2017 17:00,12/11/2017 18:25,7079.49,6700.0,379.49,2733.2,RFR,,source_list,False,0,Carrier 1416491,Shipper 1249,False,True,False,12/6/2017 17:00,12/11/2017 23:00,False,False,False,False,False,False,False,False,Fairfield,CA ,Fairfield,CA 
34,206428753,12/5/2017 16:39,12/5/2017 16:39,12/6/2017 9:10,12/6/2017 17:00,12/11/2017 18:25,7079.49,6700.0,379.49,2733.2,RFR,,source_list,False,0,Carrier 1416491,Shipper 1375,False,True,False,12/6/2017 17:00,12/11/2017 23:00,False,False,False,False,False,False,False,False,Fairfield,CA ,Fairfield,CA 
35,206428753,12/5/2017 16:39,12/5/2017 16:39,12/6/2017 9:10,12/6/2017 17:00,12/11/2017 18:25,7079.49,6700.0,379.49,2733.2,RFR,,source_list,False,0,Carrier 1416491,Shipper 1386,False,True,False,12/6/2017 17:00,12/11/2017 23:00,False,False,False,False,False,False,False,False,Fairfield,CA ,Fairfield,CA 
36,206428753,12/5/2017 16:39,12/5/2017 16:39,12/6/2017 9:10,12/6/2017 17:00,12/11/2017 18:25,7079.49,6700.0,379.49,2733.2,RFR,,source_list,False,0,Carrier 1416491,Shipper 1248,False,True,False,12/6/2017 17:00,12/11/2017 23:00,False,False,False,False,False,False,False,False,Fairfield,CA ,Fairfield,CA 
37,206428753,12/5/2017 16:39,12/5/2017 16:39,12/6/2017 9:10,12/6/2017 17:00,12/11/2017 18:25,7079.49,6700.0,379.49,2733.2,RFR,,source_list,False,0,Carrier 1416491,Shipper 1387,False,True,False,12/6/2017 17:00,12/11/2017 23:00,False,False,False,False,False,False,False,False,Fairfield,CA ,Fairfield,CA 
38,206428753,12/5/2017 16:39,12/5/2017 16:39,12/6/2017 9:10,12/6/2017 17:00,12/11/2017 18:25,7079.49,6700.0,379.49,2733.2,RFR,,source_list,False,0,Carrier 1416491,Shipper 1388,False,True,False,12/6/2017 17:00,12/11/2017 23:00,False,False,False,False,False,False,False,False,Fairfield,CA ,Fairfield,CA 
39,206727809,12/29/2017 16:41,12/29/2017 16:41,1/4/2018 10:10,1/5/2018 14:00,1/8/2018 10:44,7059.08,6200.0,859.08,1490.1,RFR,,dat_in,False,0,Carrier 1430635,Shipper 758,True,True,True,1/5/2018 16:00,1/8/2018 12:00,False,False,False,False,False,False,False,False,Phoenix,AZ ,Phoenix,AZ 
40,206579337,10/5/2017 10:59,10/5/2017 10:59,10/5/2017 14:17,10/9/2017 17:00,10/13/2017 10:01,7000.0,6000.0,1000.0,2509.6,RFR,,,False,0,Carrier 9000,Shipper 585,True,True,True,10/9/2017 17:00,10/13/2017 10:00,False,False,False,False,False,False,False,False,Santa Ana,CA ,Santa Ana,CA 
41,206504865,1/30/2017 13:41,1/30/2017 13:41,2/1/2017 9:20,2/3/2017 11:00,2/8/2017 11:30,6935.77,6500.0,435.77,3002.0,RFR,,,False,0,Carrier 645257,Shipper 832,True,True,True,2/3/2017 20:00,2/8/2017 8:00,False,False,False,False,False,False,False,False,Moxee,WA ,Moxee,WA 
42,206535497,9/12/2017 12:41,9/12/2017 12:41,9/14/2017 12:55,9/15/2017 11:00,9/20/2017 16:00,6900.0,6600.0,300.0,2891.5,RFR,,,False,0,Carrier 33512,Shipper 1103,True,True,True,9/15/2017 20:00,9/21/2017 17:00,False,False,False,False,False,False,False,False,Stockton,CA ,Stockton,CA 
43,206466833,9/12/2017 12:32,9/12/2017 12:32,9/13/2017 11:29,9/14/2017 11:00,9/18/2017 9:00,6900.0,6500.0,400.0,2891.5,RFR,,,False,0,Carrier 1695510,Shipper 1103,True,True,True,9/14/2017 20:00,9/20/2017 17:00,False,False,False,False,False,False,False,False,Stockton,CA ,Stockton,CA 
44,206658377,9/12/2017 18:11,9/12/2017 18:11,9/14/2017 13:01,9/15/2017 11:00,9/20/2017 8:00,6900.0,6700.0,200.0,2891.5,RFR,,,False,0,Carrier 1193408,Shipper 1103,True,True,True,9/15/2017 18:00,9/20/2017 13:00,False,False,False,False,False,False,False,False,Stockton,CA ,Stockton,CA 
45,206491073,9/12/2017 12:27,9/12/2017 12:27,9/13/2017 11:44,9/13/2017 11:00,9/18/2017 10:00,6900.0,6500.0,400.0,2891.5,RFR,,,False,0,Carrier 1193408,Shipper 1103,True,True,True,9/13/2017 20:00,9/19/2017 17:00,False,False,False,False,False,False,False,False,Stockton,CA ,Stockton,CA 
46,206474225,9/12/2017 12:32,9/12/2017 12:32,9/13/2017 12:17,9/14/2017 11:00,9/20/2017 9:50,6900.0,6500.0,400.0,2891.5,RFR,,,False,0,Carrier 1193408,Shipper 1103,True,True,True,9/14/2017 20:00,9/20/2017 17:00,False,False,False,False,False,False,False,False,Stockton,CA ,Stockton,CA 
47,206466961,9/12/2017 12:27,9/12/2017 12:27,9/13/2017 11:38,9/13/2017 11:00,9/19/2017 9:00,6900.0,6500.0,400.0,2891.5,RFR,,,False,0,Carrier 1193408,Shipper 1103,True,True,True,9/13/2017 20:00,9/19/2017 17:00,False,False,False,False,False,False,False,False,Stockton,CA ,Stockton,CA 
48,206518137,9/12/2017 12:41,9/12/2017 12:41,9/13/2017 11:47,9/15/2017 11:00,9/21/2017 9:00,6900.0,6500.0,400.0,2891.5,RFR,,,False,0,Carrier 91007,Shipper 1103,False,True,True,9/15/2017 20:00,9/21/2017 17:00,False,False,False,False,False,False,False,False,Stockton,CA ,Stockton,CA 
49,206533729,12/13/2017 17:46,12/13/2017 17:47,12/14/2017 7:48,12/14/2017 11:00,12/20/2017 12:00,6900.0,6700.0,200.0,2539.7,DRV,,,False,0,Carrier 1467410,Shipper 585,True,False,False,12/14/2017 15:00,12/19/2017 8:00,False,False,False,False,False,False,False,False,Compton,CA ,Compton,CA 
50,206523185,9/12/2017 12:41,9/12/2017 12:41,9/13/2017 12:32,9/15/2017 11:00,9/21/2017 8:30,6900.0,6600.0,300.0,2891.5,RFR,,,False,0,Carrier 59030,Shipper 1103,True,True,True,9/15/2017 20:00,9/21/2017 17:00,False,False,False,False,False,False,False,False,Stockton,CA ,Stockton,CA 
51,206486553,12/5/2017 9:51,12/5/2017 9:51,12/5/2017 10:27,12/5/2017 14:00,12/7/2017 13:30,6865.61,5800.0,1065.61,2761.6,DRV,,,False,0,Carrier 1480348,Shipper 1644,True,True,True,12/5/2017 14:00,12/8/2017 7:00,False,False,False,False,False,False,False,False,Hanover,PA ,Hanover,PA 
52,206701585,9/19/2017 14:51,9/19/2017 14:51,9/21/2017 10:06,9/21/2017 11:00,9/25/2017 8:53,6800.0,6500.0,300.0,2809.8,RFR,,,False,0,Carrier 1433718,Shipper 1103,True,True,True,9/21/2017 20:00,9/25/2017 17:00,False,False,False,False,False,False,False,False,Stockton,CA ,Stockton,CA 
53,206491081,9/15/2017 16:20,9/15/2017 16:20,9/19/2017 11:42,9/20/2017 11:00,9/25/2017 9:45,6800.0,6500.0,300.0,2809.8,RFR,,,False,0,Carrier 1193408,Shipper 1103,True,True,True,9/20/2017 20:00,9/25/2017 17:00,False,False,False,False,False,False,False,False,Stockton,CA ,Stockton,CA 
54,206438345,9/15/2017 17:35,9/15/2017 17:35,9/19/2017 11:47,9/25/2017 11:00,9/29/2017 17:00,6800.0,6500.0,300.0,2809.8,RFR,,,False,0,Carrier 1193408,Shipper 1103,True,True,True,9/25/2017 20:00,10/2/2017 17:00,False,False,False,False,False,False,False,False,Stockton,CA ,Stockton,CA 
55,206600041,9/15/2017 17:20,9/15/2017 17:20,9/19/2017 11:43,9/22/2017 11:00,9/27/2017 8:55,6800.0,6500.0,300.0,2809.8,RFR,,,False,0,Carrier 1193408,Shipper 1103,True,True,True,9/22/2017 20:00,9/27/2017 17:00,False,False,False,False,False,False,False,False,Stockton,CA ,Stockton,CA 
56,206484441,9/15/2017 16:59,9/15/2017 16:59,9/19/2017 11:40,9/21/2017 11:00,9/26/2017 13:00,6800.0,6500.0,300.0,2809.8,RFR,,,False,0,Carrier 1193408,Shipper 1103,True,True,True,9/21/2017 20:00,9/26/2017 17:00,False,False,False,False,False,False,False,False,Stockton,CA ,Stockton,CA 
57,206537529,9/15/2017 16:17,9/15/2017 16:17,9/19/2017 10:49,9/20/2017 11:00,9/25/2017 9:00,6800.0,6500.0,300.0,2809.8,RFR,,,False,0,Carrier 91007,Shipper 1103,True,True,True,9/20/2017 20:00,9/25/2017 17:00,False,False,False,False,False,False,False,False,Stockton,CA ,Stockton,CA 
58,206662425,9/15/2017 17:32,9/15/2017 17:32,9/19/2017 12:32,9/22/2017 11:00,9/27/2017 10:00,6800.0,6500.0,300.0,2809.8,RFR,,,False,0,Carrier 1416491,Shipper 1103,True,True,True,9/22/2017 20:00,9/27/2017 17:00,False,False,False,False,False,False,False,False,Stockton,CA ,Stockton,CA 
59,206607081,9/15/2017 16:15,9/15/2017 16:15,9/19/2017 13:14,9/20/2017 11:00,9/25/2017 8:00,6800.0,6500.0,300.0,2809.8,RFR,,,False,0,Carrier 1416491,Shipper 1103,True,True,True,9/20/2017 20:00,9/25/2017 17:00,False,False,False,False,False,False,False,False,Stockton,CA ,Stockton,CA 
60,206559041,9/15/2017 17:14,9/15/2017 17:14,9/19/2017 12:32,9/21/2017 11:00,9/26/2017 10:00,6800.0,6500.0,300.0,2809.8,RFR,,,False,0,Carrier 1416491,Shipper 1103,True,True,True,9/21/2017 20:00,9/26/2017 17:00,False,False,False,False,False,False,False,False,Stockton,CA ,Stockton,CA 
61,206503729,9/15/2017 17:26,9/15/2017 17:26,9/19/2017 11:30,9/22/2017 11:00,9/27/2017 14:00,6800.0,6500.0,300.0,2809.8,RFR,,,False,0,Carrier 59030,Shipper 1103,True,True,True,9/22/2017 20:00,9/27/2017 17:00,False,False,False,False,False,False,False,False,Stockton,CA ,Stockton,CA 
62,206505369,9/15/2017 17:37,9/15/2017 17:37,9/19/2017 12:32,9/25/2017 11:00,9/29/2017 20:30,6800.0,6500.0,300.0,2809.8,RFR,,,False,0,Carrier 1416491,Shipper 1103,True,True,True,9/25/2017 20:00,10/2/2017 17:00,False,False,False,False,False,False,False,False,Stockton,CA ,Stockton,CA 
63,206489025,12/8/2017 18:22,12/8/2017 18:22,12/15/2017 12:19,12/15/2017 15:00,12/19/2017 9:30,6764.85,7150.0,-385.15,2847.9,RFR,,dat_in,False,2,Carrier 1367601,Shipper 1249,True,True,True,12/15/2017 18:00,12/19/2017 8:00,False,False,False,False,False,False,False,False,Fairfield,CA ,Fairfield,CA 
64,206489025,12/8/2017 18:22,12/8/2017 18:22,12/15/2017 12:19,12/15/2017 15:00,12/19/2017 9:30,6764.85,7150.0,-385.15,2847.9,RFR,,dat_in,False,2,Carrier 1367601,Shipper 1375,True,True,True,12/15/2017 18:00,12/19/2017 8:00,False,False,False,False,False,False,False,False,Fairfield,CA ,Fairfield,CA 
65,206489025,12/8/2017 18:22,12/8/2017 18:22,12/15/2017 12:19,12/15/2017 15:00,12/19/2017 9:30,6764.85,7150.0,-385.15,2847.9,RFR,,dat_in,False,2,Carrier 1367601,Shipper 1386,True,True,True,12/15/2017 18:00,12/19/2017 8:00,False,False,False,False,False,False,False,False,Fairfield,CA ,Fairfield,CA 
66,206489025,12/8/2017 18:22,12/8/2017 18:22,12/15/2017 12:19,12/15/2017 15:00,12/19/2017 9:30,6764.85,7150.0,-385.15,2847.9,RFR,,dat_in,False,2,Carrier 1367601,Shipper 1248,True,True,True,12/15/2017 18:00,12/19/2017 8:00,False,False,False,False,False,False,False,False,Fairfield,CA ,Fairfield,CA 
67,206489025,12/8/2017 18:22,12/8/2017 18:22,12/15/2017 12:19,12/15/2017 15:00,12/19/2017 9:30,6764.85,7150.0,-385.15,2847.9,RFR,,dat_in,False,2,Carrier 1367601,Shipper 1387,True,True,True,12/15/2017 18:00,12/19/2017 8:00,False,False,False,False,False,False,False,False,Fairfield,CA ,Fairfield,CA 
68,206489025,12/8/2017 18:22,12/8/2017 18:22,12/15/2017 12:19,12/15/2017 15:00,12/19/2017 9:30,6764.85,7150.0,-385.15,2847.9,RFR,,dat_in,False,2,Carrier 1367601,Shipper 1388,True,True,True,12/15/2017 18:00,12/19/2017 8:00,False,False,False,False,False,False,False,False,Fairfield,CA ,Fairfield,CA 
69,206598577,9/14/2017 15:43,9/14/2017 15:47,9/14/2017 17:42,9/15/2017 9:30,9/20/2017 12:50,6700.92,4200.0,2500.92,2476.0,DRV,,,False,0,Carrier 80460,Shipper 1644,True,True,True,9/15/2017 14:00,9/20/2017 10:00,False,False,False,False,False,False,False,False,Portland,OR ,Portland,OR 
70,206440361,11/8/2017 8:43,11/8/2017 8:44,11/9/2017 16:12,11/10/2017 23:00,11/14/2017 22:30,6640.43,6100.0,540.43,2733.2,RFR,,,False,0,Carrier 1042215,Shipper 1249,True,True,True,11/10/2017 23:00,11/14/2017 23:00,False,False,False,False,False,False,False,False,Fairfield,CA ,Fairfield,CA 
71,206440361,11/8/2017 8:43,11/8/2017 8:44,11/9/2017 16:12,11/10/2017 23:00,11/14/2017 22:30,6640.43,6100.0,540.43,2733.2,RFR,,,False,0,Carrier 1042215,Shipper 1375,True,True,True,11/10/2017 23:00,11/14/2017 23:00,False,False,False,False,False,False,False,False,Fairfield,CA ,Fairfield,CA 
72,206440361,11/8/2017 8:43,11/8/2017 8:44,11/9/2017 16:12,11/10/2017 23:00,11/14/2017 22:30,6640.43,6100.0,540.43,2733.2,RFR,,,False,0,Carrier 1042215,Shipper 1386,True,True,True,11/10/2017 23:00,11/14/2017 23:00,False,False,False,False,False,False,False,False,Fairfield,CA ,Fairfield,CA 
73,206440361,11/8/2017 8:43,11/8/2017 8:44,11/9/2017 16:12,11/10/2017 23:00,11/14/2017 22:30,6640.43,6100.0,540.43,2733.2,RFR,,,False,0,Carrier 1042215,Shipper 1248,True,True,True,11/10/2017 23:00,11/14/2017 23:00,False,False,False,False,False,False,False,False,Fairfield,CA ,Fairfield,CA 
74,206440361,11/8/2017 8:43,11/8/2017 8:44,11/9/2017 16:12,11/10/2017 23:00,11/14/2017 22:30,6640.43,6100.0,540.43,2733.2,RFR,,,False,0,Carrier 1042215,Shipper 1387,True,True,True,11/10/2017 23:00,11/14/2017 23:00,False,False,False,False,False,False,False,False,Fairfield,CA ,Fairfield,CA 
75,206440361,11/8/2017 8:43,11/8/2017 8:44,11/9/2017 16:12,11/10/2017 23:00,11/14/2017 22:30,6640.43,6100.0,540.43,2733.2,RFR,,,False,0,Carrier 1042215,Shipper 1388,True,True,True,11/10/2017 23:00,11/14/2017 23:00,False,False,False,False,False,False,False,False,Fairfield,CA ,Fairfield,CA 
76,206430633,12/1/2017 16:42,12/1/2017 16:42,12/7/2017 9:06,12/8/2017 17:00,12/9/2017 11:00,6624.25,6200.0,424.25,2476.0,DRV,,,False,1,Carrier 704679,Shipper 1249,True,True,True,12/8/2017 17:00,12/12/2017 11:00,False,False,False,False,False,False,False,False,Los Angeles,CA ,Los Angeles,CA 
77,206430633,12/1/2017 16:42,12/1/2017 16:42,12/7/2017 9:06,12/8/2017 17:00,12/9/2017 11:00,6624.25,6200.0,424.25,2476.0,DRV,,,False,1,Carrier 704679,Shipper 1375,True,True,True,12/8/2017 17:00,12/12/2017 11:00,False,False,False,False,False,False,False,False,Los Angeles,CA ,Los Angeles,CA 
78,206430633,12/1/2017 16:42,12/1/2017 16:42,12/7/2017 9:06,12/8/2017 17:00,12/9/2017 11:00,6624.25,6200.0,424.25,2476.0,DRV,,,False,1,Carrier 704679,Shipper 1386,True,True,True,12/8/2017 17:00,12/12/2017 11:00,False,False,False,False,False,False,False,False,Los Angeles,CA ,Los Angeles,CA 
79,206430633,12/1/2017 16:42,12/1/2017 16:42,12/7/2017 9:06,12/8/2017 17:00,12/9/2017 11:00,6624.25,6200.0,424.25,2476.0,DRV,,,False,1,Carrier 704679,Shipper 1248,True,True,True,12/8/2017 17:00,12/12/2017 11:00,False,False,False,False,False,False,False,False,Los Angeles,CA ,Los Angeles,CA 
80,206430633,12/1/2017 16:42,12/1/2017 16:42,12/7/2017 9:06,12/8/2017 17:00,12/9/2017 11:00,6624.25,6200.0,424.25,2476.0,DRV,,,False,1,Carrier 704679,Shipper 1387,True,True,True,12/8/2017 17:00,12/12/2017 11:00,False,False,False,False,False,False,False,False,Los Angeles,CA ,Los Angeles,CA 
81,206430633,12/1/2017 16:42,12/1/2017 16:42,12/7/2017 9:06,12/8/2017 17:00,12/9/2017 11:00,6624.25,6200.0,424.25,2476.0,DRV,,,False,1,Carrier 704679,Shipper 1388,True,True,True,12/8/2017 17:00,12/12/2017 11:00,False,False,False,False,False,False,False,False,Los Angeles,CA ,Los Angeles,CA 
82,206643721,12/26/2017 13:00,12/26/2017 13:06,12/26/2017 14:50,12/28/2017 11:00,1/2/2018 10:40,6600.0,6100.0,500.0,2536.2,DRV,,carrier_capacity,False,0,Carrier 93448,Shipper 585,True,True,True,12/28/2017 15:00,1/2/2018 10:00,False,False,False,False,False,False,False,False,Compton,CA ,Compton,CA 
83,206468337,11/7/2017 15:48,11/7/2017 15:48,11/8/2017 12:57,11/9/2017 17:00,11/13/2017 14:30,6600.0,6400.0,200.0,2509.6,DRV,,,False,0,Carrier 778733,Shipper 585,True,True,True,11/9/2017 17:00,11/13/2017 14:00,False,False,False,False,False,False,False,False,Santa Ana,CA ,Santa Ana,CA 
84,206621505,1/20/2017 14:17,1/20/2017 14:17,1/26/2017 14:35,1/27/2017 11:30,2/1/2017 11:30,6534.84,6200.0,334.84,2999.9,RFR,,,False,2,Carrier 8835,Shipper 832,True,True,True,1/27/2017 20:30,2/1/2017 10:00,False,False,False,False,False,False,False,False,Yakima,WA ,Yakima,WA 
85,206644553,11/27/2017 18:19,11/27/2017 18:20,11/28/2017 16:53,11/30/2017 9:00,12/4/2017 12:15,6500.0,6000.0,500.0,2536.2,DRV,,,False,0,Carrier 93448,Shipper 585,True,True,True,11/30/2017 15:00,12/4/2017 10:00,False,False,False,False,False,False,False,False,Compton,CA ,Compton,CA 
86,206704433,12/13/2017 13:07,12/13/2017 13:07,12/21/2017 9:59,12/26/2017 9:00,1/2/2018 11:00,6500.0,5500.0,1000.0,2249.8,DRV,,,False,0,Carrier 93448,Shipper 585,True,False,False,12/26/2017 15:00,1/2/2018 8:00,False,False,False,False,False,False,False,False,Compton,CA ,Compton,CA 
87,206524009,11/28/2017 13:06,11/28/2017 13:06,11/30/2017 11:22,12/1/2017 19:00,12/5/2017 11:45,6500.0,6400.0,100.0,2509.6,DRV,,,False,0,Carrier 93448,Shipper 585,True,True,True,12/1/2017 19:00,12/5/2017 10:00,False,False,False,False,False,False,False,False,Santa Ana,CA ,Santa Ana,CA 
88,206544441,6/6/2017 12:58,6/6/2017 12:59,6/7/2017 9:12,6/7/2017 19:00,6/12/2017 10:00,6492.29,6475.0,17.29,2564.7,RFR,,,False,0,Carrier 91007,Shipper 727,True,True,True,6/7/2017 21:00,6/12/2017 14:00,False,False,False,False,False,False,False,False,Shafter,CA ,Shafter,CA 
89,206544441,6/6/2017 12:58,6/6/2017 12:59,6/7/2017 9:12,6/7/2017 19:00,6/12/2017 10:00,6492.29,6475.0,17.29,2564.7,RFR,,,False,0,Carrier 91007,Shipper 1855,True,True,True,6/7/2017 21:00,6/12/2017 14:00,False,False,False,False,False,False,False,False,Shafter,CA ,Shafter,CA 
90,206544137,2/3/2017 13:59,2/3/2017 13:59,2/3/2017 18:28,2/6/2017 19:00,2/11/2017 18:08,6423.17,5800.0,623.17,3012.1,RFR,,,False,0,Carrier 1009479,Shipper 832,True,True,True,2/6/2017 19:00,2/11/2017 10:00,False,False,False,False,False,False,False,False,Selah,WA ,Selah,WA 
91,206587353,10/16/2017 8:52,10/16/2017 8:52,10/16/2017 14:53,10/16/2017 12:00,10/20/2017 12:00,6394.6,6400.0,-5.4,2550.4,DRV,,,False,1,Carrier 1233002,Shipper 585,False,True,True,10/16/2017 16:00,10/20/2017 8:00,False,False,False,False,False,False,False,False,Santa Ana,CA ,Santa Ana,CA 
92,206627225,12/19/2017 8:49,12/19/2017 8:49,12/20/2017 16:26,12/21/2017 16:00,12/26/2017 12:59,6392.49,6000.0,392.49,1607.7,DRV,,carrier_capacity,False,0,Carrier 690828,Shipper 1644,True,True,True,12/21/2017 23:00,12/26/2017 14:00,False,False,False,False,False,False,False,False,Trenton,MO ,Trenton,MO 
93,206693897,9/27/2017 9:43,9/27/2017 9:43,9/28/2017 9:45,10/2/2017 16:00,10/6/2017 15:30,6390.52,6000.0,390.52,3021.8,DRV,,,False,0,Carrier 16359,Shipper 832,True,False,False,10/2/2017 16:00,10/6/2017 7:30,False,False,False,False,False,False,False,False,La Pine,OR ,La Pine,OR 
94,206529409,10/27/2017 18:03,10/27/2017 18:03,11/10/2017 11:03,11/13/2017 10:00,11/17/2017 10:00,6375.0,6350.0,25.0,2417.5,RFR,,,False,0,Carrier 1333777,Shipper 1298,True,True,True,11/13/2017 21:00,11/17/2017 17:00,False,False,False,False,False,False,False,False,Saint Anthony,ID ,Saint Anthony,ID 
95,206542441,12/19/2017 8:44,12/19/2017 8:44,12/19/2017 14:40,12/19/2017 17:00,12/21/2017 10:35,6344.19,6000.0,344.19,1607.7,DRV,,,False,0,Carrier 690828,Shipper 1644,True,True,True,12/19/2017 23:00,12/22/2017 17:00,False,False,False,False,False,False,False,False,Trenton,MO ,Trenton,MO 
96,206585241,10/17/2017 11:08,10/17/2017 11:08,10/18/2017 8:31,10/20/2017 20:00,10/25/2017 10:00,6325.0,6075.0,250.0,2509.6,RFR,,,False,0,Carrier 91007,Shipper 585,False,True,True,10/20/2017 20:00,10/25/2017 8:00,False,False,False,False,False,False,False,False,Santa Ana,CA ,Santa Ana,CA 
97,206461417,11/2/2017 18:12,11/2/2017 18:12,11/3/2017 16:01,11/3/2017 18:00,11/9/2017 1:30,6294.64,6100.0,194.64,2733.2,RFR,,,False,0,Carrier 1042215,Shipper 1249,True,True,True,11/3/2017 18:00,11/8/2017 23:00,False,False,False,False,False,False,False,False,Fairfield,CA ,Fairfield,CA 
98,206461417,11/2/2017 18:12,11/2/2017 18:12,11/3/2017 16:01,11/3/2017 18:00,11/9/2017 1:30,6294.64,6100.0,194.64,2733.2,RFR,,,False,0,Carrier 1042215,Shipper 1375,True,True,True,11/3/2017 18:00,11/8/2017 23:00,False,False,False,False,False,False,False,False,Fairfield,CA ,Fairfield,CA 
99,206461417,11/2/2017 18:12,11/2/2017 18:12,11/3/2017 16:01,11/3/2017 18:00,11/9/2017 1:30,6294.64,6100.0,194.64,2733.2,RFR,,,False,0,Carrier 1042215,Shipper 1386,True,True,True,11/3/2017 18:00,11/8/2017 23:00,False,False,False,False,False,False,False,False,Fairfield,CA ,Fairfield,CA 
100,206461417,11/2/2017 18:12,11/2/2017 18:12,11/3/2017 16:01,11/3/2017 18:00,11/9/2017 1:30,6294.64,6100.0,194.64,2733.2,RFR,,,False,0,Carrier 1042215,Shipper 1248,True,True,True,11/3/2017 18:00,11/8/2017 23:00,False,False,False,False,False,False,False,False,Fairfield,CA ,Fairfield,CA 
101,206461417,11/2/2017 18:12,11/2/2017 18:12,11/3/2017 16:01,11/3/2017 18:00,11/9/2017 1:30,6294.64,6100.0,194.64,2733.2,RFR,,,False,0,Carrier 1042215,Shipper 1387,True,True,True,11/3/2017 18:00,11/8/2017 23:00,False,False,False,False,False,False,False,False,Fairfield,CA ,Fairfield,CA 
102,206461417,11/2/2017 18:12,11/2/2017 18:12,11/3/2017 16:01,11/3/2017 18:00,11/9/2017 1:30,6294.64,6100.0,194.64,2733.2,RFR,,,False,0,Carrier 1042215,Shipper 1388,True,True,True,11/3/2017 18:00,11/8/2017 23:00,False,False,False,False,False,False,False,False,Fairfield,CA ,Fairfield,CA 
103,206653145,9/14/2017 17:50,9/14/2017 17:50,9/15/2017 10:27,9/15/2017 10:00,9/17/2017 12:30,6292.79,3600.0,2692.79,1168.0,DRV,,,False,0,Carrier 74163,Shipper 1249,True,True,True,9/15/2017 17:00,9/17/2017 23:00,False,False,False,False,False,False,False,False,Merrimack,NH ,Merrimack,NH 
104,206653145,9/14/2017 17:50,9/14/2017 17:50,9/15/2017 10:27,9/15/2017 10:00,9/17/2017 12:30,6292.79,3600.0,2692.79,1168.0,DRV,,,False,0,Carrier 74163,Shipper 1375,True,True,True,9/15/2017 17:00,9/17/2017 23:00,False,False,False,False,False,False,False,False,Merrimack,NH ,Merrimack,NH 
105,206653145,9/14/2017 17:50,9/14/2017 17:50,9/15/2017 10:27,9/15/2017 10:00,9/17/2017 12:30,6292.79,3600.0,2692.79,1168.0,DRV,,,False,0,Carrier 74163,Shipper 1386,True,True,True,9/15/2017 17:00,9/17/2017 23:00,False,False,False,False,False,False,False,False,Merrimack,NH ,Merrimack,NH 
106,206653145,9/14/2017 17:50,9/14/2017 17:50,9/15/2017 10:27,9/15/2017 10:00,9/17/2017 12:30,6292.79,3600.0,2692.79,1168.0,DRV,,,False,0,Carrier 74163,Shipper 1248,True,True,True,9/15/2017 17:00,9/17/2017 23:00,False,False,False,False,False,False,False,False,Merrimack,NH ,Merrimack,NH 
107,206653145,9/14/2017 17:50,9/14/2017 17:50,9/15/2017 10:27,9/15/2017 10:00,9/17/2017 12:30,6292.79,3600.0,2692.79,1168.0,DRV,,,False,0,Carrier 74163,Shipper 1387,True,True,True,9/15/2017 17:00,9/17/2017 23:00,False,False,False,False,False,False,False,False,Merrimack,NH ,Merrimack,NH 
108,206653145,9/14/2017 17:50,9/14/2017 17:50,9/15/2017 10:27,9/15/2017 10:00,9/17/2017 12:30,6292.79,3600.0,2692.79,1168.0,DRV,,,False,0,Carrier 74163,Shipper 1388,True,True,True,9/15/2017 17:00,9/17/2017 23:00,False,False,False,False,False,False,False,False,Merrimack,NH ,Merrimack,NH 
109,206549993,11/29/2017 16:26,11/29/2017 16:26,11/30/2017 16:15,12/1/2017 18:00,12/6/2017 14:00,6285.08,6500.0,-214.92,2785.5,DRV,,source_list,False,0,Carrier 1492505,Shipper 1249,True,True,True,12/1/2017 18:00,12/6/2017 8:00,False,False,False,False,False,False,False,False,Los Angeles,CA ,Los Angeles,CA 
110,206549993,11/29/2017 16:26,11/29/2017 16:26,11/30/2017 16:15,12/1/2017 18:00,12/6/2017 14:00,6285.08,6500.0,-214.92,2785.5,DRV,,source_list,False,0,Carrier 1492505,Shipper 1375,True,True,True,12/1/2017 18:00,12/6/2017 8:00,False,False,False,False,False,False,False,False,Los Angeles,CA ,Los Angeles,CA 
111,206549993,11/29/2017 16:26,11/29/2017 16:26,11/30/2017 16:15,12/1/2017 18:00,12/6/2017 14:00,6285.08,6500.0,-214.92,2785.5,DRV,,source_list,False,0,Carrier 1492505,Shipper 1386,True,True,True,12/1/2017 18:00,12/6/2017 8:00,False,False,False,False,False,False,False,False,Los Angeles,CA ,Los Angeles,CA 
112,206549993,11/29/2017 16:26,11/29/2017 16:26,11/30/2017 16:15,12/1/2017 18:00,12/6/2017 14:00,6285.08,6500.0,-214.92,2785.5,DRV,,source_list,False,0,Carrier 1492505,Shipper 1248,True,True,True,12/1/2017 18:00,12/6/2017 8:00,False,False,False,False,False,False,False,False,Los Angeles,CA ,Los Angeles,CA 
113,206549993,11/29/2017 16:26,11/29/2017 16:26,11/30/2017 16:15,12/1/2017 18:00,12/6/2017 14:00,6285.08,6500.0,-214.92,2785.5,DRV,,source_list,False,0,Carrier 1492505,Shipper 1387,True,True,True,12/1/2017 18:00,12/6/2017 8:00,False,False,False,False,False,False,False,False,Los Angeles,CA ,Los Angeles,CA 
114,206549993,11/29/2017 16:26,11/29/2017 16:26,11/30/2017 16:15,12/1/2017 18:00,12/6/2017 14:00,6285.08,6500.0,-214.92,2785.5,DRV,,source_list,False,0,Carrier 1492505,Shipper 1388,True,True,True,12/1/2017 18:00,12/6/2017 8:00,False,False,False,False,False,False,False,False,Los Angeles,CA ,Los Angeles,CA 
115,206430361,10/25/2017 11:26,10/25/2017 11:27,10/25/2017 17:43,10/27/2017 12:00,10/31/2017 11:15,6250.0,6000.0,250.0,2509.6,RFR,,,False,0,Carrier 9000,Shipper 585,True,True,True,10/27/2017 12:00,10/31/2017 10:00,False,False,False,False,False,False,False,False,Santa Ana,CA ,Santa Ana,CA 
116,206559049,10/5/2017 11:02,10/5/2017 11:02,10/5/2017 14:23,10/9/2017 20:00,10/13/2017 12:00,6250.0,6000.0,250.0,2509.6,RFR,,,False,0,Carrier 1416491,Shipper 585,True,True,True,10/9/2017 20:00,10/13/2017 11:00,False,False,False,False,False,False,False,False,Santa Ana,CA ,Santa Ana,CA 
117,206468329,10/27/2017 12:19,10/27/2017 12:19,11/6/2017 10:28,11/6/2017 10:00,11/7/2017 9:00,6225.0,8050.0,-1825.0,2417.5,RFR,,,False,0,Carrier 1633527,Shipper 1298,True,True,True,11/6/2017 19:00,11/8/2017 17:00,False,False,False,False,False,False,False,False,Saint Anthony,ID ,Saint Anthony,ID 
118,206518161,10/27/2017 12:00,10/27/2017 12:00,11/3/2017 12:04,11/3/2017 12:00,11/7/2017 16:00,6225.0,7300.0,-1075.0,2417.5,RFR,,,False,0,Carrier 1361792,Shipper 1298,True,True,True,11/3/2017 23:00,11/7/2017 17:00,False,False,False,False,False,False,False,False,Saint Anthony,ID ,Saint Anthony,ID 
119,206622417,10/27/2017 18:01,10/27/2017 18:01,11/6/2017 10:38,11/6/2017 10:00,11/9/2017 9:00,6225.0,6750.0,-525.0,2417.5,RFR,,,False,0,Carrier 722913,Shipper 1298,True,True,True,11/6/2017 19:00,11/9/2017 17:00,False,False,False,False,False,False,False,False,Saint Anthony,ID ,Saint Anthony,ID 
120,206581849,1/27/2017 14:13,1/27/2017 14:13,1/30/2017 9:47,1/30/2017 11:30,2/6/2017 15:15,6213.47,6200.0,13.47,3049.4,RFR,,,False,0,Carrier 1693551,Shipper 832,True,False,False,1/30/2017 20:00,2/5/2017 5:00,False,False,False,False,False,False,False,False,Bingen,WA ,Bingen,WA 
121,206476089,12/1/2017 16:40,12/1/2017 16:40,12/4/2017 16:25,12/8/2017 15:00,12/14/2017 15:00,6145.84,6200.0,-54.16,2558.1,DRV,,,False,0,Carrier 704679,Shipper 1249,True,True,True,12/8/2017 15:00,12/14/2017 14:30,False,False,False,False,False,False,False,False,Los Angeles,CA ,Los Angeles,CA 
122,206476089,12/1/2017 16:40,12/1/2017 16:40,12/4/2017 16:25,12/8/2017 15:00,12/14/2017 15:00,6145.84,6200.0,-54.16,2558.1,DRV,,,False,0,Carrier 704679,Shipper 1375,True,True,True,12/8/2017 15:00,12/14/2017 14:30,False,False,False,False,False,False,False,False,Los Angeles,CA ,Los Angeles,CA 
123,206476089,12/1/2017 16:40,12/1/2017 16:40,12/4/2017 16:25,12/8/2017 15:00,12/14/2017 15:00,6145.84,6200.0,-54.16,2558.1,DRV,,,False,0,Carrier 704679,Shipper 1386,True,True,True,12/8/2017 15:00,12/14/2017 14:30,False,False,False,False,False,False,False,False,Los Angeles,CA ,Los Angeles,CA 
124,206476089,12/1/2017 16:40,12/1/2017 16:40,12/4/2017 16:25,12/8/2017 15:00,12/14/2017 15:00,6145.84,6200.0,-54.16,2558.1,DRV,,,False,0,Carrier 704679,Shipper 1248,True,True,True,12/8/2017 15:00,12/14/2017 14:30,False,False,False,False,False,False,False,False,Los Angeles,CA ,Los Angeles,CA 
125,206476089,12/1/2017 16:40,12/1/2017 16:40,12/4/2017 16:25,12/8/2017 15:00,12/14/2017 15:00,6145.84,6200.0,-54.16,2558.1,DRV,,,False,0,Carrier 704679,Shipper 1387,True,True,True,12/8/2017 15:00,12/14/2017 14:30,False,False,False,False,False,False,False,False,Los Angeles,CA ,Los Angeles,CA 
126,206476089,12/1/2017 16:40,12/1/2017 16:40,12/4/2017 16:25,12/8/2017 15:00,12/14/2017 15:00,6145.84,6200.0,-54.16,2558.1,DRV,,,False,0,Carrier 704679,Shipper 1388,True,True,True,12/8/2017 15:00,12/14/2017 14:30,False,False,False,False,False,False,False,False,Los Angeles,CA ,Los Angeles,CA 
127,206427689,2/10/2017 13:05,2/10/2017 13:05,2/13/2017 12:01,2/13/2017 15:00,2/18/2017 14:30,6140.72,5450.0,690.72,3007.5,RFR,,,False,0,Carrier 1693568,Shipper 832,False,False,False,2/13/2017 17:00,2/18/2017 8:00,False,False,False,False,False,False,False,False,Wapato,WA ,Wapato,WA 
128,206608233,10/5/2017 13:46,10/5/2017 13:46,10/6/2017 9:59,10/6/2017 16:00,10/10/2017 10:45,6136.81,5629.5,507.31,2695.4,DRV,,,False,0,Carrier 34632,Shipper 1644,True,True,True,10/6/2017 16:00,10/10/2017 7:30,False,False,False,False,False,False,False,False,Forest City,NC ,Forest City,NC 
129,206533913,3/10/2017 15:00,3/10/2017 15:00,3/13/2017 16:35,3/13/2017 17:00,3/18/2017 11:30,6089.94,6000.0,89.94,3022.9,RFR,,,False,1,Carrier 102826,Shipper 832,True,False,False,3/13/2017 17:00,3/18/2017 8:00,False,False,False,False,False,False,False,False,Moxee,WA ,Moxee,WA 
130,206432425,12/8/2017 16:08,12/8/2017 16:08,12/11/2017 10:21,12/11/2017 10:00,12/19/2017 13:32,6068.79,5800.0,268.79,2386.2,DRV,,carrier_capacity,False,1,Carrier 89123,Shipper 1644,True,True,True,12/11/2017 18:00,12/15/2017 11:00,False,False,False,False,False,False,False,False,Brownsville,TX ,Brownsville,TX 
131,206607737,11/2/2017 18:08,11/2/2017 18:08,11/6/2017 15:40,11/4/2017 22:00,11/9/2017 8:20,6038.33,6300.0,-261.67,2847.9,DRV,,,False,3,Carrier 1262311,Shipper 1249,True,True,True,11/4/2017 22:00,11/9/2017 4:00,False,False,False,False,False,False,False,False,Fairfield,CA ,Fairfield,CA 
132,206607737,11/2/2017 18:08,11/2/2017 18:08,11/6/2017 15:40,11/4/2017 22:00,11/9/2017 8:20,6038.33,6300.0,-261.67,2847.9,DRV,,,False,3,Carrier 1262311,Shipper 1375,True,True,True,11/4/2017 22:00,11/9/2017 4:00,False,False,False,False,False,False,False,False,Fairfield,CA ,Fairfield,CA 
133,206607737,11/2/2017 18:08,11/2/2017 18:08,11/6/2017 15:40,11/4/2017 22:00,11/9/2017 8:20,6038.33,6300.0,-261.67,2847.9,DRV,,,False,3,Carrier 1262311,Shipper 1386,True,True,True,11/4/2017 22:00,11/9/2017 4:00,False,False,False,False,False,False,False,False,Fairfield,CA ,Fairfield,CA 
134,206607737,11/2/2017 18:08,11/2/2017 18:08,11/6/2017 15:40,11/4/2017 22:00,11/9/2017 8:20,6038.33,6300.0,-261.67,2847.9,DRV,,,False,3,Carrier 1262311,Shipper 1248,True,True,True,11/4/2017 22:00,11/9/2017 4:00,False,False,False,False,False,False,False,False,Fairfield,CA ,Fairfield,CA 
135,206607737,11/2/2017 18:08,11/2/2017 18:08,11/6/2017 15:40,11/4/2017 22:00,11/9/2017 8:20,6038.33,6300.0,-261.67,2847.9,DRV,,,False,3,Carrier 1262311,Shipper 1387,True,True,True,11/4/2017 22:00,11/9/2017 4:00,False,False,False,False,False,False,False,False,Fairfield,CA ,Fairfield,CA 
136,206607737,11/2/2017 18:08,11/2/2017 18:08,11/6/2017 15:40,11/4/2017 22:00,11/9/2017 8:20,6038.33,6300.0,-261.67,2847.9,DRV,,,False,3,Carrier 1262311,Shipper 1388,True,True,True,11/4/2017 22:00,11/9/2017 4:00,False,False,False,False,False,False,False,False,Fairfield,CA ,Fairfield,CA 
137,206532121,12/1/2017 20:23,12/1/2017 20:23,12/2/2017 10:34,12/2/2017 17:00,12/4/2017 12:00,5994.56,5800.0,194.56,1376.5,DRV,,,False,0,Carrier 1033481,Shipper 1644,True,True,True,12/2/2017 17:00,12/4/2017 10:00,False,False,False,False,False,False,False,False,Del Rio,TX ,Del Rio,TX 
138,206677161,12/6/2017 17:40,12/6/2017 17:40,12/7/2017 7:45,12/7/2017 21:00,12/8/2017 22:07,5994.56,3000.0,2994.56,1376.5,DRV,,,True,0,Carrier 19121,Shipper 1644,True,True,True,12/7/2017 21:00,12/9/2017 7:00,False,False,False,False,False,False,False,False,Del Rio,TX ,Del Rio,TX 
139,206431201,11/6/2017 8:56,11/6/2017 8:56,11/8/2017 12:21,11/8/2017 14:30,11/10/2017 10:00,5984.31,2774.0,3210.31,1445.9,DRV,,,False,1,Carrier 1693534,Shipper 1644,True,True,True,11/8/2017 14:30,11/9/2017 21:00,False,False,False,False,False,False,False,False,North Charleston,SC ,North Charleston,SC 
140,206554737,11/6/2017 8:48,11/6/2017 8:48,11/6/2017 9:50,11/6/2017 14:30,11/8/2017 3:00,5955.26,2500.0,3455.26,1445.9,DRV,,,True,0,Carrier 1687657,Shipper 1644,True,True,True,11/6/2017 14:30,11/7/2017 21:00,False,False,False,False,False,False,False,False,North Charleston,SC ,North Charleston,SC 
141,206510761,11/6/2017 8:51,11/6/2017 8:51,11/6/2017 9:50,11/7/2017 14:30,11/9/2017 3:00,5955.26,2500.0,3455.26,1445.9,DRV,,,True,0,Carrier 1687657,Shipper 1644,True,True,True,11/7/2017 14:30,11/8/2017 21:00,False,False,False,False,False,False,False,False,North Charleston,SC ,North Charleston,SC 
142,206571257,12/4/2017 17:04,12/4/2017 17:04,12/5/2017 10:54,12/6/2017 16:00,12/10/2017 21:30,5933.23,5400.0,533.23,2012.4,RFR,,source_list,False,0,Carrier 1042215,Shipper 1249,True,False,True,12/6/2017 16:00,12/10/2017 12:00,False,False,False,False,False,False,False,False,Fairfield,CA ,Fairfield,CA 
143,206571257,12/4/2017 17:04,12/4/2017 17:04,12/5/2017 10:54,12/6/2017 16:00,12/10/2017 21:30,5933.23,5400.0,533.23,2012.4,RFR,,source_list,False,0,Carrier 1042215,Shipper 1375,True,False,True,12/6/2017 16:00,12/10/2017 12:00,False,False,False,False,False,False,False,False,Fairfield,CA ,Fairfield,CA 
144,206571257,12/4/2017 17:04,12/4/2017 17:04,12/5/2017 10:54,12/6/2017 16:00,12/10/2017 21:30,5933.23,5400.0,533.23,2012.4,RFR,,source_list,False,0,Carrier 1042215,Shipper 1386,True,False,True,12/6/2017 16:00,12/10/2017 12:00,False,False,False,False,False,False,False,False,Fairfield,CA ,Fairfield,CA 
145,206571257,12/4/2017 17:04,12/4/2017 17:04,12/5/2017 10:54,12/6/2017 16:00,12/10/2017 21:30,5933.23,5400.0,533.23,2012.4,RFR,,source_list,False,0,Carrier 1042215,Shipper 1248,True,False,True,12/6/2017 16:00,12/10/2017 12:00,False,False,False,False,False,False,False,False,Fairfield,CA ,Fairfield,CA 
146,206571257,12/4/2017 17:04,12/4/2017 17:04,12/5/2017 10:54,12/6/2017 16:00,12/10/2017 21:30,5933.23,5400.0,533.23,2012.4,RFR,,source_list,False,0,Carrier 1042215,Shipper 1387,True,False,True,12/6/2017 16:00,12/10/2017 12:00,False,False,False,False,False,False,False,False,Fairfield,CA ,Fairfield,CA 
147,206571257,12/4/2017 17:04,12/4/2017 17:04,12/5/2017 10:54,12/6/2017 16:00,12/10/2017 21:30,5933.23,5400.0,533.23,2012.4,RFR,,source_list,False,0,Carrier 1042215,Shipper 1388,True,False,True,12/6/2017 16:00,12/10/2017 12:00,False,False,False,False,False,False,False,False,Fairfield,CA ,Fairfield,CA 
148,206431929,4/20/2017 15:47,4/20/2017 15:47,4/21/2017 9:40,4/21/2017 9:00,4/26/2017 15:25,5838.0,5600.0,238.0,2768.6,RFR,4.0,,False,0,Carrier 1016288,Shipper 618,True,True,True,4/21/2017 20:30,4/26/2017 15:00,False,False,False,False,False,False,False,False,Vernon,CA ,Vernon,CA 
149,206477073,11/14/2017 18:31,11/14/2017 18:31,11/17/2017 8:35,11/18/2017 21:00,11/22/2017 12:00,5797.01,6000.0,-202.99,2863.1,DRV,,,False,0,Carrier 1695676,Shipper 1644,True,True,True,11/18/2017 21:00,11/22/2017 11:00,False,False,False,False,False,False,False,False,Maxton,NC ,Maxton,NC 
150,206514753,11/27/2017 14:31,11/27/2017 14:31,11/28/2017 13:53,11/28/2017 15:30,12/1/2017 14:55,5785.93,5400.0,385.93,2777.3,DRV,,,False,0,Carrier 99500,Shipper 1644,True,True,True,11/28/2017 15:30,12/3/2017 14:00,False,False,False,False,False,False,False,False,Concord,NC ,Concord,NC 
151,206425585,10/27/2017 15:47,10/27/2017 15:49,10/30/2017 16:42,10/30/2017 11:00,11/3/2017 10:30,5750.0,6000.0,-250.0,2525.4,DRV,,,False,0,Carrier 1350192,Shipper 585,True,True,True,10/30/2017 18:00,11/3/2017 10:00,False,False,False,False,False,False,False,False,La Palma,CA ,La Palma,CA 
152,206591449,3/31/2017 16:25,3/31/2017 16:25,4/3/2017 12:31,4/3/2017 18:30,4/9/2017 11:00,5730.71,5800.0,-69.29,3001.7,RFR,,,False,0,Carrier 1403814,Shipper 832,True,False,False,4/3/2017 18:30,4/8/2017 5:00,False,False,False,False,False,False,False,False,Yakima,WA ,Yakima,WA 
153,206759465,9/28/2017 14:08,9/28/2017 14:08,9/30/2017 9:15,9/30/2017 11:00,10/3/2017 12:20,5700.0,6800.0,-1100.0,2509.6,DRV,,,False,1,Carrier 1085448,Shipper 585,True,True,True,9/30/2017 14:00,10/3/2017 11:00,False,False,False,False,False,False,False,False,Santa Ana,CA ,Santa Ana,CA 
154,206550025,10/11/2017 16:45,10/11/2017 16:45,10/13/2017 12:17,10/13/2017 16:00,10/16/2017 10:00,5691.51,5800.0,-108.49,2695.4,DRV,,,False,0,Carrier 1641256,Shipper 1644,True,True,True,10/13/2017 16:00,10/17/2017 2:00,False,False,False,False,False,False,False,False,Forest City,NC ,Forest City,NC 
155,206565873,9/14/2017 12:20,9/14/2017 12:21,9/21/2017 16:38,9/15/2017 14:00,9/20/2017 16:00,5650.0,2800.0,2850.0,2509.6,DRV,,,False,2,Carrier 1086560,Shipper 585,True,True,True,9/15/2017 15:00,9/20/2017 13:00,False,False,False,False,False,False,False,False,Santa Ana,CA ,Santa Ana,CA 
156,206628457,9/7/2017 18:07,9/7/2017 18:07,9/7/2017 18:25,9/8/2017 19:00,9/13/2017 12:00,5650.0,5400.0,250.0,2511.6,DRV,,,False,0,Carrier 86164,Shipper 585,True,False,False,9/8/2017 19:00,9/12/2017 9:00,False,False,False,False,False,False,False,False,La Palma,CA ,La Palma,CA 
157,206505209,9/7/2017 18:01,9/7/2017 18:01,9/7/2017 18:25,9/8/2017 19:30,9/15/2017 11:00,5650.0,5400.0,250.0,2511.6,DRV,,,False,0,Carrier 86164,Shipper 585,True,False,False,9/8/2017 19:30,9/12/2017 9:00,False,False,False,False,False,False,False,False,La Palma,CA ,La Palma,CA 
158,206488977,9/7/2017 18:03,9/7/2017 18:03,9/7/2017 18:25,9/8/2017 20:00,9/13/2017 12:00,5650.0,5400.0,250.0,2511.6,DRV,,,False,0,Carrier 86164,Shipper 585,True,True,True,9/8/2017 20:00,9/13/2017 16:00,False,False,False,False,False,False,False,False,La Palma,CA ,La Palma,CA 
159,206426465,11/1/2017 10:03,11/1/2017 10:03,11/2/2017 9:08,11/2/2017 15:00,11/7/2017 13:00,5622.25,5000.0,622.25,2591.7,DRV,,,False,0,Carrier 1058714,Shipper 1644,True,True,True,11/2/2017 15:00,11/7/2017 11:00,False,False,False,False,False,False,False,False,Lakewood,NY ,Lakewood,NY 
160,206485529,12/26/2017 15:05,12/26/2017 15:05,12/27/2017 8:07,12/29/2017 15:00,1/3/2018 12:55,5600.48,4000.0,1600.48,2487.3,DRV,,,True,0,Carrier 102563,Shipper 1644,True,True,True,12/29/2017 15:00,1/3/2018 15:00,False,False,False,False,False,False,False,False,Morganton,NC ,Morganton,NC 
161,206477081,11/29/2017 8:03,11/29/2017 8:03,11/29/2017 14:56,11/29/2017 13:00,12/2/2017 10:00,5600.0,6000.0,-400.0,2362.4,DRV,,,False,0,Carrier 1695549,Shipper 1644,True,False,False,11/29/2017 18:00,12/1/2017 16:00,False,False,False,False,False,False,False,False,Brighton,MI ,Brighton,MI 
162,206550057,10/27/2017 12:54,10/27/2017 12:54,10/30/2017 9:26,10/30/2017 15:00,11/2/2017 13:32,5556.65,5200.0,356.65,2695.4,DRV,,,False,0,Carrier 101341,Shipper 1644,True,True,True,10/30/2017 15:00,11/2/2017 12:00,False,False,False,False,False,False,False,False,Forest City,NC ,Forest City,NC 
163,206561489,12/12/2017 12:52,12/12/2017 12:52,12/12/2017 15:18,12/12/2017 18:00,12/18/2017 16:30,5544.53,5400.0,144.53,2591.7,DRV,,,False,0,Carrier 951426,Shipper 1644,True,False,False,12/12/2017 18:00,12/17/2017 21:00,False,False,False,False,False,False,False,False,Lakewood,NY ,Lakewood,NY 
164,206492825,12/1/2017 16:37,12/1/2017 16:37,12/7/2017 10:53,12/8/2017 16:00,12/11/2017 10:00,5520.24,5320.0,200.24,2034.2,DRV,,dat_out,False,2,Carrier 1241778,Shipper 1249,False,True,False,12/8/2017 16:00,12/12/2017 15:00,False,False,False,False,False,False,False,False,Los Angeles,CA ,Los Angeles,CA 
165,206492825,12/1/2017 16:37,12/1/2017 16:37,12/7/2017 10:53,12/8/2017 16:00,12/11/2017 10:00,5520.24,5320.0,200.24,2034.2,DRV,,dat_out,False,2,Carrier 1241778,Shipper 1375,False,True,False,12/8/2017 16:00,12/12/2017 15:00,False,False,False,False,False,False,False,False,Los Angeles,CA ,Los Angeles,CA 
166,206492825,12/1/2017 16:37,12/1/2017 16:37,12/7/2017 10:53,12/8/2017 16:00,12/11/2017 10:00,5520.24,5320.0,200.24,2034.2,DRV,,dat_out,False,2,Carrier 1241778,Shipper 1386,False,True,False,12/8/2017 16:00,12/12/2017 15:00,False,False,False,False,False,False,False,False,Los Angeles,CA ,Los Angeles,CA 
167,206492825,12/1/2017 16:37,12/1/2017 16:37,12/7/2017 10:53,12/8/2017 16:00,12/11/2017 10:00,5520.24,5320.0,200.24,2034.2,DRV,,dat_out,False,2,Carrier 1241778,Shipper 1248,False,True,False,12/8/2017 16:00,12/12/2017 15:00,False,False,False,False,False,False,False,False,Los Angeles,CA ,Los Angeles,CA 
168,206492825,12/1/2017 16:37,12/1/2017 16:37,12/7/2017 10:53,12/8/2017 16:00,12/11/2017 10:00,5520.24,5320.0,200.24,2034.2,DRV,,dat_out,False,2,Carrier 1241778,Shipper 1387,False,True,False,12/8/2017 16:00,12/12/2017 15:00,False,False,False,False,False,False,False,False,Los Angeles,CA ,Los Angeles,CA 
169,206492825,12/1/2017 16:37,12/1/2017 16:37,12/7/2017 10:53,12/8/2017 16:00,12/11/2017 10:00,5520.24,5320.0,200.24,2034.2,DRV,,dat_out,False,2,Carrier 1241778,Shipper 1388,False,True,False,12/8/2017 16:00,12/12/2017 15:00,False,False,False,False,False,False,False,False,Los Angeles,CA ,Los Angeles,CA 
170,206484913,9/21/2017 10:40,9/21/2017 10:41,9/21/2017 11:28,9/21/2017 16:00,9/25/2017 12:00,5500.0,5300.0,200.0,2509.6,DRV,,,False,0,Carrier 1215243,Shipper 585,True,True,True,9/21/2017 16:00,9/25/2017 10:00,False,False,False,False,False,False,False,False,Santa Ana,CA ,Santa Ana,CA 
171,206620481,10/7/2017 9:56,10/7/2017 9:56,10/12/2017 12:09,10/13/2017 15:00,10/18/2017 13:10,5467.01,5650.0,-182.99,2591.7,DRV,,,True,0,Carrier 1229009,Shipper 1644,True,True,True,10/13/2017 15:00,10/18/2017 12:00,False,False,False,False,False,False,False,False,Lakewood,NY ,Lakewood,NY 
172,206606625,10/23/2017 14:04,10/23/2017 14:04,10/25/2017 17:10,10/26/2017 15:00,11/1/2017 11:45,5466.8,5600.0,-133.2,0.0,DRV,,,False,0,Carrier 1241928,Shipper 1644,True,True,True,10/26/2017 15:00,11/1/2017 9:00,False,False,False,False,False,False,False,False,Lakewood,NY ,Lakewood,NY 
173,206571881,11/22/2017 15:37,11/22/2017 15:37,11/24/2017 9:46,11/27/2017 12:00,11/30/2017 16:00,5418.3,4500.0,918.3,2278.0,DRV,,,False,0,Carrier 1058714,Shipper 1644,True,True,True,11/27/2017 12:00,11/30/2017 20:00,False,False,False,False,False,False,False,False,Decatur,IN ,Decatur,IN 
174,206481001,10/23/2017 5:44,10/23/2017 5:44,10/23/2017 15:24,10/24/2017 12:00,10/28/2017 13:00,5409.36,4800.0,609.36,2455.1,DRV,,,False,0,Carrier 1046543,Shipper 1644,True,True,True,10/24/2017 13:00,10/28/2017 11:00,False,False,False,False,False,False,False,False,Chillicothe,OH ,Chillicothe,OH 
175,206512025,2/3/2017 14:48,2/3/2017 14:48,2/3/2017 15:02,2/3/2017 15:00,2/6/2017 10:00,5400.0,5150.0,250.0,2797.2,RFR,,,False,0,Carrier 101432,Shipper 866,True,True,True,2/3/2017 17:00,2/12/2017 8:00,False,False,False,False,False,False,False,False,Commerce,CA ,Commerce,CA 
176,206701857,9/28/2017 16:07,9/28/2017 16:07,10/4/2017 13:35,10/5/2017 13:00,10/9/2017 15:30,5350.0,5150.0,200.0,2509.6,DRV,,,False,1,Carrier 93448,Shipper 585,True,True,True,10/5/2017 13:00,10/10/2017 9:00,False,False,False,False,False,False,False,False,Santa Ana,CA ,Santa Ana,CA 
177,206432241,8/28/2017 14:44,8/28/2017 14:44,8/28/2017 14:50,8/28/2017 18:00,8/31/2017 10:00,5350.0,5000.0,350.0,2521.3,DRV,,,False,0,Carrier 1044630,Shipper 585,True,True,True,8/28/2017 18:00,8/31/2017 9:00,False,False,False,False,False,False,False,False,Compton,CA ,Compton,CA 
178,206722193,11/20/2017 8:05,11/20/2017 8:06,11/21/2017 12:54,11/22/2017 15:00,11/24/2017 22:30,5348.89,3900.0,1448.89,1461.7,DRV,,,False,0,Carrier 1072372,Shipper 1644,True,True,True,11/22/2017 15:00,11/24/2017 14:00,False,False,False,False,False,False,False,False,Ontario,CA ,Ontario,CA 
179,206600361,9/7/2017 10:40,9/7/2017 10:40,9/11/2017 10:54,9/11/2017 16:00,9/15/2017 2:00,5337.76,5250.0,87.76,2718.4,DRV,,,False,0,Carrier 1046323,Shipper 1249,True,True,True,9/11/2017 16:00,9/15/2017 2:55,False,False,False,False,False,False,False,False,Rochester,NY ,Rochester,NY 
180,206600361,9/7/2017 10:40,9/7/2017 10:40,9/11/2017 10:54,9/11/2017 16:00,9/15/2017 2:00,5337.76,5250.0,87.76,2718.4,DRV,,,False,0,Carrier 1046323,Shipper 1375,True,True,True,9/11/2017 16:00,9/15/2017 2:55,False,False,False,False,False,False,False,False,Rochester,NY ,Rochester,NY 
181,206600361,9/7/2017 10:40,9/7/2017 10:40,9/11/2017 10:54,9/11/2017 16:00,9/15/2017 2:00,5337.76,5250.0,87.76,2718.4,DRV,,,False,0,Carrier 1046323,Shipper 1386,True,True,True,9/11/2017 16:00,9/15/2017 2:55,False,False,False,False,False,False,False,False,Rochester,NY ,Rochester,NY 
182,206600361,9/7/2017 10:40,9/7/2017 10:40,9/11/2017 10:54,9/11/2017 16:00,9/15/2017 2:00,5337.76,5250.0,87.76,2718.4,DRV,,,False,0,Carrier 1046323,Shipper 1248,True,True,True,9/11/2017 16:00,9/15/2017 2:55,False,False,False,False,False,False,False,False,Rochester,NY ,Rochester,NY 
183,206600361,9/7/2017 10:40,9/7/2017 10:40,9/11/2017 10:54,9/11/2017 16:00,9/15/2017 2:00,5337.76,5250.0,87.76,2718.4,DRV,,,False,0,Carrier 1046323,Shipper 1387,True,True,True,9/11/2017 16:00,9/15/2017 2:55,False,False,False,False,False,False,False,False,Rochester,NY ,Rochester,NY 
184,206600361,9/7/2017 10:40,9/7/2017 10:40,9/11/2017 10:54,9/11/2017 16:00,9/15/2017 2:00,5337.76,5250.0,87.76,2718.4,DRV,,,False,0,Carrier 1046323,Shipper 1388,True,True,True,9/11/2017 16:00,9/15/2017 2:55,False,False,False,False,False,False,False,False,Rochester,NY ,Rochester,NY 
185,206429729,12/5/2017 16:25,12/5/2017 16:25,12/5/2017 18:01,12/11/2017 19:00,12/18/2017 17:00,5319.58,3900.0,1419.58,2266.3,DRV,,,False,0,Carrier 389721,Shipper 1249,True,True,True,12/11/2017 19:00,12/18/2017 12:00,False,False,False,False,False,False,False,False,Los Angeles,CA ,Los Angeles,CA 
186,206429729,12/5/2017 16:25,12/5/2017 16:25,12/5/2017 18:01,12/11/2017 19:00,12/18/2017 17:00,5319.58,3900.0,1419.58,2266.3,DRV,,,False,0,Carrier 389721,Shipper 1375,True,True,True,12/11/2017 19:00,12/18/2017 12:00,False,False,False,False,False,False,False,False,Los Angeles,CA ,Los Angeles,CA 
187,206429729,12/5/2017 16:25,12/5/2017 16:25,12/5/2017 18:01,12/11/2017 19:00,12/18/2017 17:00,5319.58,3900.0,1419.58,2266.3,DRV,,,False,0,Carrier 389721,Shipper 1386,True,True,True,12/11/2017 19:00,12/18/2017 12:00,False,False,False,False,False,False,False,False,Los Angeles,CA ,Los Angeles,CA 
188,206429729,12/5/2017 16:25,12/5/2017 16:25,12/5/2017 18:01,12/11/2017 19:00,12/18/2017 17:00,5319.58,3900.0,1419.58,2266.3,DRV,,,False,0,Carrier 389721,Shipper 1248,True,True,True,12/11/2017 19:00,12/18/2017 12:00,False,False,False,False,False,False,False,False,Los Angeles,CA ,Los Angeles,CA 
189,206429729,12/5/2017 16:25,12/5/2017 16:25,12/5/2017 18:01,12/11/2017 19:00,12/18/2017 17:00,5319.58,3900.0,1419.58,2266.3,DRV,,,False,0,Carrier 389721,Shipper 1387,True,True,True,12/11/2017 19:00,12/18/2017 12:00,False,False,False,False,False,False,False,False,Los Angeles,CA ,Los Angeles,CA 
190,206429729,12/5/2017 16:25,12/5/2017 16:25,12/5/2017 18:01,12/11/2017 19:00,12/18/2017 17:00,5319.58,3900.0,1419.58,2266.3,DRV,,,False,0,Carrier 389721,Shipper 1388,True,True,True,12/11/2017 19:00,12/18/2017 12:00,False,False,False,False,False,False,False,False,Los Angeles,CA ,Los Angeles,CA 
191,206540361,12/12/2017 16:26,12/12/2017 16:26,12/13/2017 12:19,12/13/2017 17:00,12/16/2017 11:37,5272.33,6000.0,-727.67,2193.5,DRV,,dat_out,False,0,Carrier 57804,Shipper 1249,True,True,True,12/13/2017 17:00,12/17/2017 23:55,False,False,False,False,False,False,False,False,Los Angeles,CA ,Los Angeles,CA 
192,206540361,12/12/2017 16:26,12/12/2017 16:26,12/13/2017 12:19,12/13/2017 17:00,12/16/2017 11:37,5272.33,6000.0,-727.67,2193.5,DRV,,dat_out,False,0,Carrier 57804,Shipper 1375,True,True,True,12/13/2017 17:00,12/17/2017 23:55,False,False,False,False,False,False,False,False,Los Angeles,CA ,Los Angeles,CA 
193,206540361,12/12/2017 16:26,12/12/2017 16:26,12/13/2017 12:19,12/13/2017 17:00,12/16/2017 11:37,5272.33,6000.0,-727.67,2193.5,DRV,,dat_out,False,0,Carrier 57804,Shipper 1386,True,True,True,12/13/2017 17:00,12/17/2017 23:55,False,False,False,False,False,False,False,False,Los Angeles,CA ,Los Angeles,CA 
194,206540361,12/12/2017 16:26,12/12/2017 16:26,12/13/2017 12:19,12/13/2017 17:00,12/16/2017 11:37,5272.33,6000.0,-727.67,2193.5,DRV,,dat_out,False,0,Carrier 57804,Shipper 1248,True,True,True,12/13/2017 17:00,12/17/2017 23:55,False,False,False,False,False,False,False,False,Los Angeles,CA ,Los Angeles,CA 
195,206540361,12/12/2017 16:26,12/12/2017 16:26,12/13/2017 12:19,12/13/2017 17:00,12/16/2017 11:37,5272.33,6000.0,-727.67,2193.5,DRV,,dat_out,False,0,Carrier 57804,Shipper 1387,True,True,True,12/13/2017 17:00,12/17/2017 23:55,False,False,False,False,False,False,False,False,Los Angeles,CA ,Los Angeles,CA 
196,206540361,12/12/2017 16:26,12/12/2017 16:26,12/13/2017 12:19,12/13/2017 17:00,12/16/2017 11:37,5272.33,6000.0,-727.67,2193.5,DRV,,dat_out,False,0,Carrier 57804,Shipper 1388,True,True,True,12/13/2017 17:00,12/17/2017 23:55,False,False,False,False,False,False,False,False,Los Angeles,CA ,Los Angeles,CA 
197,206560001,11/15/2017 15:59,11/15/2017 15:59,12/8/2017 12:27,12/8/2017 18:00,12/12/2017 9:41,5271.0,5321.0,-50.0,1973.4,RFR,,,False,1,Carrier 971923,Shipper 1044,True,True,True,12/8/2017 18:00,12/12/2017 9:00,False,False,False,False,False,False,False,False,Oxnard,CA ,Oxnard,CA 
198,206505521,12/1/2017 17:01,12/1/2017 17:01,12/4/2017 8:58,12/4/2017 14:00,12/11/2017 11:00,5229.59,5200.0,29.59,2777.3,DRV,,,False,0,Carrier 41201,Shipper 1644,True,True,True,12/4/2017 14:00,12/9/2017 6:00,False,False,False,False,False,False,False,False,Concord,NC ,Concord,NC 
199,206505353,3/24/2017 16:05,3/24/2017 16:08,3/29/2017 14:17,3/30/2017 11:00,4/4/2017 13:00,5168.56,5000.0,168.56,3139.0,RFR,4.0,,False,0,Carrier 1054825,Shipper 832,True,True,True,3/31/2017 0:00,4/4/2017 9:30,False,False,False,False,False,False,False,False,Fresno,CA ,Fresno,CA 
200,206664073,4/4/2017 17:28,4/4/2017 17:28,4/4/2017 20:31,4/4/2017 23:00,4/9/2017 12:00,5168.54,6300.0,-1131.46,2699.5,RFR,,,False,1,Carrier 65584,Shipper 832,True,False,False,4/5/2017 2:55,4/8/2017 13:00,False,False,False,False,False,False,False,False,Kingman,AZ ,Kingman,AZ 
201,206703833,3/31/2017 16:10,3/31/2017 16:10,4/5/2017 16:05,4/6/2017 11:00,4/11/2017 9:30,5149.18,5700.0,-550.82,3069.0,RFR,4.0,,False,0,Carrier 87075,Shipper 832,True,True,True,4/6/2017 18:00,4/11/2017 5:00,False,False,False,False,False,False,False,False,Delano,CA ,Delano,CA 
202,206667625,12/8/2017 8:42,12/8/2017 8:42,12/8/2017 11:10,12/8/2017 14:00,12/13/2017 9:00,5118.33,5300.0,-181.67,2777.3,DRV,,,False,0,Carrier 50251,Shipper 1644,True,True,True,12/8/2017 14:00,12/13/2017 12:00,False,False,False,False,False,False,False,False,Concord,NC ,Concord,NC 
203,206566521,10/30/2017 8:44,10/30/2017 8:45,10/30/2017 10:15,10/30/2017 16:00,11/4/2017 13:00,5113.44,5050.0,63.44,2847.7,DRV,,,False,0,Carrier 1066083,Shipper 1644,True,True,True,10/30/2017 16:00,11/4/2017 16:00,False,False,False,False,False,False,False,False,Newark,DE ,Newark,DE 
204,206440377,12/20/2017 12:03,12/20/2017 12:03,12/20/2017 12:23,12/20/2017 13:00,12/21/2017 16:10,5095.71,3200.0,1895.71,734.1,DRV,,dat_out,False,0,Carrier 104935,Shipper 1644,True,True,True,12/20/2017 16:00,12/21/2017 15:00,False,False,False,False,False,False,False,False,Wood Dale,IL ,Wood Dale,IL 
205,206476177,12/13/2017 17:25,12/13/2017 17:25,12/15/2017 14:11,12/17/2017 13:00,12/20/2017 3:43,5091.5,4960.0,131.5,1805.9,RFR,,dat_out,False,0,Carrier 101147,Shipper 1249,False,True,False,12/17/2017 13:00,12/20/2017 23:55,False,False,False,False,False,False,False,False,Fort Collins,CO ,Fort Collins,CO 
206,206476177,12/13/2017 17:25,12/13/2017 17:25,12/15/2017 14:11,12/17/2017 13:00,12/20/2017 3:43,5091.5,4960.0,131.5,1805.9,RFR,,dat_out,False,0,Carrier 101147,Shipper 1375,False,True,False,12/17/2017 13:00,12/20/2017 23:55,False,False,False,False,False,False,False,False,Fort Collins,CO ,Fort Collins,CO 
207,206476177,12/13/2017 17:25,12/13/2017 17:25,12/15/2017 14:11,12/17/2017 13:00,12/20/2017 3:43,5091.5,4960.0,131.5,1805.9,RFR,,dat_out,False,0,Carrier 101147,Shipper 1386,False,True,False,12/17/2017 13:00,12/20/2017 23:55,False,False,False,False,False,False,False,False,Fort Collins,CO ,Fort Collins,CO 
208,206476177,12/13/2017 17:25,12/13/2017 17:25,12/15/2017 14:11,12/17/2017 13:00,12/20/2017 3:43,5091.5,4960.0,131.5,1805.9,RFR,,dat_out,False,0,Carrier 101147,Shipper 1248,False,True,False,12/17/2017 13:00,12/20/2017 23:55,False,False,False,False,False,False,False,False,Fort Collins,CO ,Fort Collins,CO 
209,206476177,12/13/2017 17:25,12/13/2017 17:25,12/15/2017 14:11,12/17/2017 13:00,12/20/2017 3:43,5091.5,4960.0,131.5,1805.9,RFR,,dat_out,False,0,Carrier 101147,Shipper 1387,False,True,False,12/17/2017 13:00,12/20/2017 23:55,False,False,False,False,False,False,False,False,Fort Collins,CO ,Fort Collins,CO 
210,206476177,12/13/2017 17:25,12/13/2017 17:25,12/15/2017 14:11,12/17/2017 13:00,12/20/2017 3:43,5091.5,4960.0,131.5,1805.9,RFR,,dat_out,False,0,Carrier 101147,Shipper 1388,False,True,False,12/17/2017 13:00,12/20/2017 23:55,False,False,False,False,False,False,False,False,Fort Collins,CO ,Fort Collins,CO 
211,206563153,12/8/2017 13:06,12/8/2017 13:06,12/8/2017 14:26,12/9/2017 13:00,12/12/2017 14:45,5085.99,4500.0,585.99,2683.5,DRV,,dat_in,False,0,Carrier 166414,Shipper 1644,True,True,True,12/9/2017 13:00,12/13/2017 12:00,False,False,False,False,False,False,False,False,North Charleston,SC ,North Charleston,SC 
212,206502529,7/25/2017 16:14,7/25/2017 16:14,7/28/2017 11:15,7/28/2017 17:00,8/2/2017 11:30,5042.57,5650.0,-607.43,3049.9,DRV,,,False,0,Carrier 1468866,Shipper 1249,True,True,True,7/28/2017 17:00,8/2/2017 8:15,False,False,False,False,False,False,False,False,Fairfield,CA ,Fairfield,CA 
213,206502529,7/25/2017 16:14,7/25/2017 16:14,7/28/2017 11:15,7/28/2017 17:00,8/2/2017 11:30,5042.57,5650.0,-607.43,3049.9,DRV,,,False,0,Carrier 1468866,Shipper 1375,True,True,True,7/28/2017 17:00,8/2/2017 8:15,False,False,False,False,False,False,False,False,Fairfield,CA ,Fairfield,CA 
214,206502529,7/25/2017 16:14,7/25/2017 16:14,7/28/2017 11:15,7/28/2017 17:00,8/2/2017 11:30,5042.57,5650.0,-607.43,3049.9,DRV,,,False,0,Carrier 1468866,Shipper 1386,True,True,True,7/28/2017 17:00,8/2/2017 8:15,False,False,False,False,False,False,False,False,Fairfield,CA ,Fairfield,CA 
215,206502529,7/25/2017 16:14,7/25/2017 16:14,7/28/2017 11:15,7/28/2017 17:00,8/2/2017 11:30,5042.57,5650.0,-607.43,3049.9,DRV,,,False,0,Carrier 1468866,Shipper 1248,True,True,True,7/28/2017 17:00,8/2/2017 8:15,False,False,False,False,False,False,False,False,Fairfield,CA ,Fairfield,CA 
216,206502529,7/25/2017 16:14,7/25/2017 16:14,7/28/2017 11:15,7/28/2017 17:00,8/2/2017 11:30,5042.57,5650.0,-607.43,3049.9,DRV,,,False,0,Carrier 1468866,Shipper 1387,True,True,True,7/28/2017 17:00,8/2/2017 8:15,False,False,False,False,False,False,False,False,Fairfield,CA ,Fairfield,CA 
217,206502529,7/25/2017 16:14,7/25/2017 16:14,7/28/2017 11:15,7/28/2017 17:00,8/2/2017 11:30,5042.57,5650.0,-607.43,3049.9,DRV,,,False,0,Carrier 1468866,Shipper 1388,True,True,True,7/28/2017 17:00,8/2/2017 8:15,False,False,False,False,False,False,False,False,Fairfield,CA ,Fairfield,CA 
218,206707281,11/6/2017 17:00,11/6/2017 17:00,11/7/2017 11:50,11/9/2017 0:00,11/12/2017 20:43,5003.14,4975.0,28.14,2012.4,RFR,,,False,0,Carrier 591477,Shipper 1249,True,True,True,11/9/2017 0:00,11/12/2017 19:00,False,False,False,False,False,False,False,False,Fairfield,CA ,Fairfield,CA 
219,206707281,11/6/2017 17:00,11/6/2017 17:00,11/7/2017 11:50,11/9/2017 0:00,11/12/2017 20:43,5003.14,4975.0,28.14,2012.4,RFR,,,False,0,Carrier 591477,Shipper 1375,True,True,True,11/9/2017 0:00,11/12/2017 19:00,False,False,False,False,False,False,False,False,Fairfield,CA ,Fairfield,CA 
220,206707281,11/6/2017 17:00,11/6/2017 17:00,11/7/2017 11:50,11/9/2017 0:00,11/12/2017 20:43,5003.14,4975.0,28.14,2012.4,RFR,,,False,0,Carrier 591477,Shipper 1386,True,True,True,11/9/2017 0:00,11/12/2017 19:00,False,False,False,False,False,False,False,False,Fairfield,CA ,Fairfield,CA 
221,206707281,11/6/2017 17:00,11/6/2017 17:00,11/7/2017 11:50,11/9/2017 0:00,11/12/2017 20:43,5003.14,4975.0,28.14,2012.4,RFR,,,False,0,Carrier 591477,Shipper 1248,True,True,True,11/9/2017 0:00,11/12/2017 19:00,False,False,False,False,False,False,False,False,Fairfield,CA ,Fairfield,CA 
222,206707281,11/6/2017 17:00,11/6/2017 17:00,11/7/2017 11:50,11/9/2017 0:00,11/12/2017 20:43,5003.14,4975.0,28.14,2012.4,RFR,,,False,0,Carrier 591477,Shipper 1387,True,True,True,11/9/2017 0:00,11/12/2017 19:00,False,False,False,False,False,False,False,False,Fairfield,CA ,Fairfield,CA 
223,206707281,11/6/2017 17:00,11/6/2017 17:00,11/7/2017 11:50,11/9/2017 0:00,11/12/2017 20:43,5003.14,4975.0,28.14,2012.4,RFR,,,False,0,Carrier 591477,Shipper 1388,True,True,True,11/9/2017 0:00,11/12/2017 19:00,False,False,False,False,False,False,False,False,Fairfield,CA ,Fairfield,CA 
224,206572081,9/1/2017 11:16,9/1/2017 11:16,9/15/2017 15:42,9/15/2017 15:00,9/20/2017 9:10,4980.0,5000.0,-20.0,2655.4,DRV,,,False,3,Carrier 1243230,Shipper 585,True,True,True,9/15/2017 19:00,9/20/2017 8:00,False,False,False,False,False,False,False,False,Santa Ana,CA ,Santa Ana,CA 
225,206740353,11/27/2017 16:29,11/27/2017 16:29,11/28/2017 15:40,11/29/2017 15:00,12/1/2017 10:12,4977.17,4100.0,877.17,1346.6,DRV,,,False,0,Carrier 1052955,Shipper 1249,True,True,True,11/29/2017 15:00,12/1/2017 13:00,False,False,False,False,False,False,False,False,Fairfield,CA ,Fairfield,CA 
226,206740353,11/27/2017 16:29,11/27/2017 16:29,11/28/2017 15:40,11/29/2017 15:00,12/1/2017 10:12,4977.17,4100.0,877.17,1346.6,DRV,,,False,0,Carrier 1052955,Shipper 1375,True,True,True,11/29/2017 15:00,12/1/2017 13:00,False,False,False,False,False,False,False,False,Fairfield,CA ,Fairfield,CA 
227,206740353,11/27/2017 16:29,11/27/2017 16:29,11/28/2017 15:40,11/29/2017 15:00,12/1/2017 10:12,4977.17,4100.0,877.17,1346.6,DRV,,,False,0,Carrier 1052955,Shipper 1386,True,True,True,11/29/2017 15:00,12/1/2017 13:00,False,False,False,False,False,False,False,False,Fairfield,CA ,Fairfield,CA 
228,206740353,11/27/2017 16:29,11/27/2017 16:29,11/28/2017 15:40,11/29/2017 15:00,12/1/2017 10:12,4977.17,4100.0,877.17,1346.6,DRV,,,False,0,Carrier 1052955,Shipper 1248,True,True,True,11/29/2017 15:00,12/1/2017 13:00,False,False,False,False,False,False,False,False,Fairfield,CA ,Fairfield,CA 
229,206740353,11/27/2017 16:29,11/27/2017 16:29,11/28/2017 15:40,11/29/2017 15:00,12/1/2017 10:12,4977.17,4100.0,877.17,1346.6,DRV,,,False,0,Carrier 1052955,Shipper 1387,True,True,True,11/29/2017 15:00,12/1/2017 13:00,False,False,False,False,False,False,False,False,Fairfield,CA ,Fairfield,CA 
230,206740353,11/27/2017 16:29,11/27/2017 16:29,11/28/2017 15:40,11/29/2017 15:00,12/1/2017 10:12,4977.17,4100.0,877.17,1346.6,DRV,,,False,0,Carrier 1052955,Shipper 1388,True,True,True,11/29/2017 15:00,12/1/2017 13:00,False,False,False,False,False,False,False,False,Fairfield,CA ,Fairfield,CA 
231,206775153,11/10/2017 9:32,11/10/2017 9:32,11/10/2017 12:00,11/10/2017 16:00,11/14/2017 14:00,4972.42,4600.0,372.42,2561.3,DRV,,,False,0,Carrier 1018566,Shipper 1644,True,True,True,11/10/2017 16:00,11/14/2017 17:00,False,False,False,False,False,False,False,False,Salisbury,NC ,Salisbury,NC 
232,206734153,11/14/2017 17:22,11/14/2017 17:22,11/15/2017 15:03,11/16/2017 14:00,11/22/2017 18:00,4961.01,4400.0,561.01,2480.9,DRV,,,False,0,Carrier 1058714,Shipper 1644,True,True,True,11/16/2017 14:00,11/22/2017 15:00,False,False,False,False,False,False,False,False,Mogadore,OH ,Mogadore,OH 
233,206562921,12/14/2017 15:44,12/14/2017 15:44,12/15/2017 8:05,12/15/2017 12:00,12/18/2017 15:30,4953.31,4200.0,753.31,2487.3,DRV,,,False,0,Carrier 1695775,Shipper 1644,True,True,True,12/15/2017 12:00,12/18/2017 14:00,False,False,False,False,False,False,False,False,Morganton,NC ,Morganton,NC 
234,206652161,12/8/2017 8:27,12/8/2017 8:27,12/12/2017 8:53,12/12/2017 12:00,12/14/2017 20:30,4953.31,4500.0,453.31,2487.3,DRV,,,False,0,Carrier 1695684,Shipper 1644,True,True,True,12/12/2017 12:00,12/14/2017 19:00,False,False,False,False,False,False,False,False,Morganton,NC ,Morganton,NC 
235,206501257,8/29/2017 16:09,8/29/2017 16:10,8/29/2017 17:50,8/31/2017 18:00,9/5/2017 11:15,4950.0,4700.0,250.0,2509.6,DRV,,,False,0,Carrier 1215243,Shipper 585,True,True,True,8/31/2017 18:00,9/5/2017 10:00,False,False,False,False,False,False,False,False,Santa Ana,CA ,Santa Ana,CA 
236,206632905,11/20/2017 8:29,11/20/2017 8:29,11/28/2017 10:54,11/28/2017 6:00,11/29/2017 18:25,4946.9,3000.0,1946.9,1330.9,DRV,,,False,1,Carrier 1168345,Shipper 1644,True,True,True,11/28/2017 12:00,11/30/2017 0:55,False,False,False,False,False,False,False,False,Indianapolis,IN ,Indianapolis,IN 
237,206728129,11/20/2017 9:53,11/20/2017 9:53,11/21/2017 10:24,11/22/2017 14:00,11/24/2017 13:30,4946.9,2400.0,2546.9,1330.9,DRV,,,False,0,Carrier 1462792,Shipper 1644,True,True,True,11/22/2017 14:00,11/24/2017 16:00,False,False,False,False,False,False,False,False,Indianapolis,IN ,Indianapolis,IN 
238,206640849,9/27/2017 11:01,9/27/2017 11:01,9/27/2017 11:34,9/27/2017 13:00,9/29/2017 2:30,4924.0,4574.0,350.0,873.8,RFR,,,False,0,Carrier 326118,Shipper 585,True,True,True,9/27/2017 16:00,9/29/2017 0:55,False,False,False,False,False,False,False,False,Sioux City,IA ,Sioux City,IA 
239,206477097,12/20/2017 15:12,12/20/2017 15:13,12/20/2017 15:47,12/20/2017 12:00,12/26/2017 11:00,4919.0,3919.0,1000.0,2772.7,DRV,,dat_in,False,0,Carrier 1695402,Shipper 585,False,True,True,12/20/2017 17:00,12/26/2017 9:00,False,False,False,False,False,False,False,False,Plant City,FL ,Plant City,FL 
240,206437009,11/30/2017 11:28,11/30/2017 11:28,11/30/2017 13:06,11/30/2017 15:00,12/4/2017 12:00,4903.53,4700.0,203.53,2487.3,DRV,,,False,0,Carrier 12080,Shipper 1644,True,True,True,11/30/2017 15:00,12/4/2017 10:00,False,False,False,False,False,False,False,False,Morganton,NC ,Morganton,NC 
241,206569721,11/27/2017 17:34,11/27/2017 17:34,11/29/2017 11:57,11/30/2017 15:00,12/4/2017 12:00,4903.53,4800.0,103.53,0.0,DRV,,,False,0,Carrier 1025747,Shipper 1644,True,True,True,11/30/2017 15:00,12/4/2017 10:00,False,False,False,False,False,False,False,False,Morganton,NC ,Morganton,NC 
242,206484401,8/9/2017 18:09,8/9/2017 18:09,8/9/2017 18:23,8/10/2017 18:00,8/14/2017 8:00,4900.0,4700.0,200.0,2529.5,DRV,,,False,0,Carrier 1215243,Shipper 585,True,True,True,8/10/2017 20:30,8/14/2017 8:00,False,False,False,False,False,False,False,False,Compton,CA ,Compton,CA 
243,206579401,11/20/2017 13:34,11/20/2017 13:34,11/21/2017 10:58,11/22/2017 14:00,11/26/2017 12:30,4891.0,3840.0,1051.0,1750.8,DRV,,,False,0,Carrier 1491474,Shipper 1644,True,False,False,11/22/2017 14:00,11/25/2017 10:00,False,False,False,False,False,False,False,False,Lakewood,NY ,Lakewood,NY 
244,206665337,9/6/2017 16:32,9/6/2017 16:32,9/7/2017 13:16,9/8/2017 18:00,9/12/2017 12:35,4839.04,4400.0,439.04,1901.1,RFR,,,False,0,Carrier 1035146,Shipper 1249,True,False,True,9/8/2017 18:00,9/11/2017 16:00,False,False,False,False,False,False,False,False,Fort Collins,CO ,Fort Collins,CO 
245,206665337,9/6/2017 16:32,9/6/2017 16:32,9/7/2017 13:16,9/8/2017 18:00,9/12/2017 12:35,4839.04,4400.0,439.04,1901.1,RFR,,,False,0,Carrier 1035146,Shipper 1375,True,False,True,9/8/2017 18:00,9/11/2017 16:00,False,False,False,False,False,False,False,False,Fort Collins,CO ,Fort Collins,CO 
246,206665337,9/6/2017 16:32,9/6/2017 16:32,9/7/2017 13:16,9/8/2017 18:00,9/12/2017 12:35,4839.04,4400.0,439.04,1901.1,RFR,,,False,0,Carrier 1035146,Shipper 1386,True,False,True,9/8/2017 18:00,9/11/2017 16:00,False,False,False,False,False,False,False,False,Fort Collins,CO ,Fort Collins,CO 
247,206665337,9/6/2017 16:32,9/6/2017 16:32,9/7/2017 13:16,9/8/2017 18:00,9/12/2017 12:35,4839.04,4400.0,439.04,1901.1,RFR,,,False,0,Carrier 1035146,Shipper 1248,True,False,True,9/8/2017 18:00,9/11/2017 16:00,False,False,False,False,False,False,False,False,Fort Collins,CO ,Fort Collins,CO 
248,206665337,9/6/2017 16:32,9/6/2017 16:32,9/7/2017 13:16,9/8/2017 18:00,9/12/2017 12:35,4839.04,4400.0,439.04,1901.1,RFR,,,False,0,Carrier 1035146,Shipper 1387,True,False,True,9/8/2017 18:00,9/11/2017 16:00,False,False,False,False,False,False,False,False,Fort Collins,CO ,Fort Collins,CO 
249,206665337,9/6/2017 16:32,9/6/2017 16:32,9/7/2017 13:16,9/8/2017 18:00,9/12/2017 12:35,4839.04,4400.0,439.04,1901.1,RFR,,,False,0,Carrier 1035146,Shipper 1388,True,False,True,9/8/2017 18:00,9/11/2017 16:00,False,False,False,False,False,False,False,False,Fort Collins,CO ,Fort Collins,CO 
250,206499905,5/23/2017 14:41,5/23/2017 14:42,5/24/2017 12:27,5/24/2017 13:30,5/27/2017 16:00,4806.42,2855.0,1951.42,1173.8,RFR,,,False,0,Carrier 1594295,Shipper 758,False,True,True,5/24/2017 22:00,5/27/2017 13:00,False,False,False,False,False,False,False,False,Yuma,AZ ,Yuma,AZ 
251,206440697,12/4/2017 9:25,12/4/2017 9:25,12/7/2017 11:41,12/8/2017 12:00,12/12/2017 17:19,4803.96,5100.0,-296.04,2487.3,DRV,,dat_out,False,1,Carrier 1605466,Shipper 1644,True,True,True,12/8/2017 12:00,12/12/2017 17:00,False,False,False,False,False,False,False,False,Morganton,NC ,Morganton,NC 
252,206592089,9/6/2017 17:48,9/6/2017 17:48,9/6/2017 17:58,9/6/2017 18:00,9/8/2017 0:00,4800.0,4000.0,800.0,972.2,DRV,,,False,0,Carrier 1070370,Shipper 758,True,False,False,9/6/2017 19:00,9/7/2017 19:00,False,False,False,False,False,False,False,False,Missouri City,TX ,Missouri City,TX 
253,206566001,9/6/2017 17:57,9/6/2017 17:57,9/6/2017 18:12,9/6/2017 20:00,9/7/2017 19:30,4800.0,2500.0,2300.0,972.2,DRV,,,False,0,Carrier 1694857,Shipper 758,True,True,True,9/6/2017 21:00,9/7/2017 19:00,False,False,False,False,False,False,False,False,Missouri City,TX ,Missouri City,TX 
254,206516321,6/8/2017 17:21,6/8/2017 17:21,6/9/2017 10:15,6/9/2017 11:00,6/13/2017 13:00,4789.77,5050.0,-260.23,1733.0,RFR,,,False,0,Carrier 5742,Shipper 758,False,True,True,6/9/2017 16:00,6/13/2017 6:00,False,False,False,False,False,False,False,False,Gonzales,CA ,Gonzales,CA 
255,206709249,11/14/2017 9:33,11/14/2017 9:33,11/15/2017 13:02,11/15/2017 12:00,11/20/2017 10:30,4779.07,4800.0,-20.93,2487.3,DRV,,,False,0,Carrier 1695667,Shipper 1644,True,True,True,11/15/2017 20:00,11/20/2017 14:00,False,False,False,False,False,False,False,False,Morganton,NC ,Morganton,NC 
256,206530289,11/14/2017 9:44,11/14/2017 9:44,11/16/2017 10:32,11/16/2017 15:00,11/21/2017 15:00,4779.07,4500.0,279.07,2487.3,DRV,,,False,0,Carrier 1695670,Shipper 1644,True,True,True,11/16/2017 15:00,11/21/2017 10:00,False,False,False,False,False,False,False,False,Morganton,NC ,Morganton,NC 
257,206727793,11/14/2017 9:47,11/14/2017 9:47,11/17/2017 8:53,11/17/2017 15:00,11/21/2017 12:50,4779.07,4970.0,-190.93,2487.3,DRV,,,False,0,Carrier 1477927,Shipper 1644,True,True,True,11/17/2017 15:00,11/21/2017 12:00,False,False,False,False,False,False,False,False,Morganton,NC ,Morganton,NC 
258,206692713,9/12/2017 19:00,9/12/2017 19:00,9/13/2017 11:29,9/13/2017 15:00,9/16/2017 14:00,4776.01,4700.0,76.01,1274.1,RFR,,,False,0,Carrier 1375300,Shipper 758,False,True,True,9/13/2017 15:00,9/16/2017 11:00,False,False,False,False,False,False,False,False,Union Gap,WA ,Union Gap,WA 
259,206601585,12/29/2017 12:21,12/29/2017 12:21,1/5/2018 10:06,1/5/2018 12:00,1/8/2018 10:27,4754.18,5000.0,-245.82,2487.3,DRV,,dat_in,False,1,Carrier 1640346,Shipper 1644,True,True,True,1/5/2018 12:00,1/8/2018 10:00,False,False,False,False,False,False,False,False,Morganton,NC ,Morganton,NC 
260,206484985,5/1/2017 10:57,5/1/2017 10:57,5/1/2017 18:13,5/1/2017 17:00,5/5/2017 11:00,4750.0,4400.0,350.0,2760.9,DRV,3.0,,False,1,Carrier 1695240,Shipper 585,False,True,True,5/1/2017 17:00,5/5/2017 9:30,False,False,False,False,False,False,False,False,Santa Ana,CA ,Santa Ana,CA 
261,206462233,11/27/2017 10:17,11/27/2017 10:17,11/27/2017 12:59,11/27/2017 17:00,11/30/2017 18:30,4740.88,3800.0,940.88,1750.8,DRV,,,False,0,Carrier 82831,Shipper 1644,True,True,True,11/27/2017 17:00,11/30/2017 18:00,False,False,False,False,False,False,False,False,Lakewood,NY ,Lakewood,NY 
262,206527177,12/1/2017 16:33,12/1/2017 16:33,12/1/2017 17:06,12/2/2017 14:00,12/4/2017 9:55,4740.45,4430.0,310.45,1255.5,DRV,,,False,0,Carrier 1695721,Shipper 1249,True,True,True,12/2/2017 14:00,12/4/2017 10:30,False,False,False,False,False,False,False,False,St. Louis,MO ,St. Louis,MO 
263,206527177,12/1/2017 16:33,12/1/2017 16:33,12/1/2017 17:06,12/2/2017 14:00,12/4/2017 9:55,4740.45,4430.0,310.45,1255.5,DRV,,,False,0,Carrier 1695721,Shipper 1375,True,True,True,12/2/2017 14:00,12/4/2017 10:30,False,False,False,False,False,False,False,False,St. Louis,MO ,St. Louis,MO 
264,206527177,12/1/2017 16:33,12/1/2017 16:33,12/1/2017 17:06,12/2/2017 14:00,12/4/2017 9:55,4740.45,4430.0,310.45,1255.5,DRV,,,False,0,Carrier 1695721,Shipper 1386,True,True,True,12/2/2017 14:00,12/4/2017 10:30,False,False,False,False,False,False,False,False,St. Louis,MO ,St. Louis,MO 
265,206527177,12/1/2017 16:33,12/1/2017 16:33,12/1/2017 17:06,12/2/2017 14:00,12/4/2017 9:55,4740.45,4430.0,310.45,1255.5,DRV,,,False,0,Carrier 1695721,Shipper 1248,True,True,True,12/2/2017 14:00,12/4/2017 10:30,False,False,False,False,False,False,False,False,St. Louis,MO ,St. Louis,MO 
266,206527177,12/1/2017 16:33,12/1/2017 16:33,12/1/2017 17:06,12/2/2017 14:00,12/4/2017 9:55,4740.45,4430.0,310.45,1255.5,DRV,,,False,0,Carrier 1695721,Shipper 1387,True,True,True,12/2/2017 14:00,12/4/2017 10:30,False,False,False,False,False,False,False,False,St. Louis,MO ,St. Louis,MO 
267,206527177,12/1/2017 16:33,12/1/2017 16:33,12/1/2017 17:06,12/2/2017 14:00,12/4/2017 9:55,4740.45,4430.0,310.45,1255.5,DRV,,,False,0,Carrier 1695721,Shipper 1388,True,True,True,12/2/2017 14:00,12/4/2017 10:30,False,False,False,False,False,False,False,False,St. Louis,MO ,St. Louis,MO 
268,206560505,12/29/2017 17:01,12/29/2017 17:02,1/2/2018 14:05,1/2/2018 12:00,1/4/2018 13:55,4735.78,4000.0,735.78,877.2,RFR,,,False,0,Carrier 1138362,Shipper 758,True,True,True,1/2/2018 21:00,1/4/2018 11:30,False,False,False,False,False,False,False,False,Rio Rico,AZ ,Rio Rico,AZ 
269,206643657,11/15/2017 16:36,11/15/2017 16:36,11/17/2017 10:28,11/17/2017 10:00,11/20/2017 14:02,4730.32,5200.0,-469.68,2012.4,DRV,,,False,0,Carrier 795325,Shipper 1249,True,False,True,11/17/2017 18:00,11/20/2017 3:00,False,False,False,False,False,False,False,False,Fairfield,CA ,Fairfield,CA 
270,206643657,11/15/2017 16:36,11/15/2017 16:36,11/17/2017 10:28,11/17/2017 10:00,11/20/2017 14:02,4730.32,5200.0,-469.68,2012.4,DRV,,,False,0,Carrier 795325,Shipper 1375,True,False,True,11/17/2017 18:00,11/20/2017 3:00,False,False,False,False,False,False,False,False,Fairfield,CA ,Fairfield,CA 
271,206643657,11/15/2017 16:36,11/15/2017 16:36,11/17/2017 10:28,11/17/2017 10:00,11/20/2017 14:02,4730.32,5200.0,-469.68,2012.4,DRV,,,False,0,Carrier 795325,Shipper 1386,True,False,True,11/17/2017 18:00,11/20/2017 3:00,False,False,False,False,False,False,False,False,Fairfield,CA ,Fairfield,CA 
272,206643657,11/15/2017 16:36,11/15/2017 16:36,11/17/2017 10:28,11/17/2017 10:00,11/20/2017 14:02,4730.32,5200.0,-469.68,2012.4,DRV,,,False,0,Carrier 795325,Shipper 1248,True,False,True,11/17/2017 18:00,11/20/2017 3:00,False,False,False,False,False,False,False,False,Fairfield,CA ,Fairfield,CA 
273,206643657,11/15/2017 16:36,11/15/2017 16:36,11/17/2017 10:28,11/17/2017 10:00,11/20/2017 14:02,4730.32,5200.0,-469.68,2012.4,DRV,,,False,0,Carrier 795325,Shipper 1387,True,False,True,11/17/2017 18:00,11/20/2017 3:00,False,False,False,False,False,False,False,False,Fairfield,CA ,Fairfield,CA 
274,206643657,11/15/2017 16:36,11/15/2017 16:36,11/17/2017 10:28,11/17/2017 10:00,11/20/2017 14:02,4730.32,5200.0,-469.68,2012.4,DRV,,,False,0,Carrier 795325,Shipper 1388,True,False,True,11/17/2017 18:00,11/20/2017 3:00,False,False,False,False,False,False,False,False,Fairfield,CA ,Fairfield,CA 
275,206619617,12/29/2017 12:36,12/29/2017 12:36,1/5/2018 7:54,1/5/2018 12:00,1/8/2018 12:26,4725.65,5500.0,-774.35,2487.3,DRV,,,False,0,Carrier 1266319,Shipper 1644,True,True,True,1/5/2018 12:00,1/9/2018 12:00,False,False,False,False,False,False,False,False,Morganton,NC ,Morganton,NC 
276,206510897,10/18/2017 16:29,10/18/2017 16:29,10/20/2017 14:02,10/20/2017 15:00,10/27/2017 12:50,4700.0,5000.0,-300.0,3068.9,DRV,,,False,0,Carrier 1448160,Shipper 585,True,True,True,10/20/2017 17:00,10/27/2017 12:00,False,False,False,False,False,False,False,False,Plant City,FL ,Plant City,FL 
277,206553721,7/12/2017 8:25,7/12/2017 8:26,7/12/2017 12:41,7/13/2017 11:00,7/17/2017 12:25,4700.0,4700.0,0.0,2527.9,DRV,,,False,0,Carrier 1215243,Shipper 585,True,True,True,7/13/2017 15:00,7/17/2017 13:00,False,False,False,False,False,False,False,False,La Palma,CA ,La Palma,CA 
278,206472569,8/15/2017 10:46,8/15/2017 10:46,8/15/2017 11:59,8/15/2017 18:00,8/18/2017 12:00,4650.0,4400.0,250.0,2512.1,DRV,,,False,0,Carrier 78455,Shipper 585,True,True,True,8/15/2017 18:00,8/18/2017 11:00,False,False,False,False,False,False,False,False,Santa Ana,CA ,Santa Ana,CA 
279,206516377,12/12/2017 17:37,12/12/2017 17:37,12/14/2017 11:13,12/14/2017 13:00,12/18/2017 12:45,4643.07,4500.0,143.07,2331.3,DRV,,,False,0,Carrier 731927,Shipper 1644,True,True,True,12/14/2017 13:00,12/18/2017 12:00,False,False,False,False,False,False,False,False,Etowah,TN ,Etowah,TN 
280,206469689,10/10/2017 15:17,10/10/2017 15:17,10/11/2017 12:48,10/11/2017 15:00,10/16/2017 14:00,4643.0,5000.0,-357.0,2551.9,DRV,,,False,0,Carrier 1024294,Shipper 1644,False,True,True,10/11/2017 15:00,10/16/2017 12:00,False,False,False,False,False,False,False,False,Erie,PA ,Erie,PA 
281,206696793,2/23/2017 15:06,2/23/2017 15:06,3/2/2017 16:24,3/2/2017 17:00,3/6/2017 13:30,4615.6,4600.0,15.6,2803.3,DRV,,,False,2,Carrier 1060870,Shipper 585,False,True,True,3/2/2017 17:00,3/6/2017 12:00,False,False,False,False,False,False,False,False,Pittston,PA ,Pittston,PA 
282,206589713,6/8/2017 13:42,6/8/2017 13:42,6/8/2017 15:53,6/9/2017 11:00,6/12/2017 10:30,4600.0,4400.0,200.0,2521.3,DRV,,,False,0,Carrier 93448,Shipper 585,True,True,True,6/9/2017 19:00,6/12/2017 10:00,False,False,False,False,False,False,False,False,Compton,CA ,Compton,CA 
283,206423585,12/6/2017 12:40,12/6/2017 12:40,12/12/2017 14:09,12/12/2017 13:00,12/14/2017 10:35,4600.0,4000.0,600.0,1153.7,DRV,,,False,0,Carrier 1044520,Shipper 585,True,True,True,12/12/2017 16:00,12/14/2017 10:00,False,False,False,False,False,False,False,False,Crete,IL ,Crete,IL 
284,206754777,7/6/2017 13:37,7/6/2017 13:37,7/7/2017 14:40,7/12/2017 7:30,7/14/2017 14:00,4600.0,3700.0,900.0,2119.4,RFR,,,False,0,Carrier 14950,Shipper 585,True,True,True,7/12/2017 7:30,7/14/2017 13:30,False,False,False,False,False,False,False,False,Pittsburgh,PA ,Pittsburgh,PA 
285,206626593,9/27/2017 12:03,9/27/2017 12:03,9/28/2017 9:39,9/29/2017 8:00,10/2/2017 6:00,4600.0,4100.0,500.0,1196.9,DRV,,,False,0,Carrier 31074,Shipper 585,True,True,True,9/29/2017 14:30,10/2/2017 8:00,False,False,False,False,False,False,False,False,Hauppauge,NY ,Hauppauge,NY 
286,206530297,11/20/2017 7:47,11/20/2017 7:47,11/20/2017 14:27,11/21/2017 12:00,11/24/2017 16:00,4598.92,3260.0,1338.92,1542.2,DRV,,,False,0,Carrier 1695650,Shipper 1644,True,False,False,11/21/2017 12:00,11/24/2017 9:00,False,False,False,False,False,False,False,False,Bowling Green,OH ,Bowling Green,OH 
287,206528697,12/12/2017 17:36,12/12/2017 17:36,12/14/2017 11:07,12/14/2017 12:00,12/18/2017 11:30,4593.07,4200.0,393.07,2331.3,DRV,,,False,0,Carrier 1044237,Shipper 1644,False,True,True,12/14/2017 12:00,12/18/2017 10:00,False,False,False,False,False,False,False,False,Etowah,TN ,Etowah,TN 
288,206424625,10/11/2017 8:54,10/11/2017 8:54,10/12/2017 14:29,10/12/2017 17:00,10/15/2017 23:00,4586.4,4600.0,-13.6,2353.6,DRV,,,False,1,Carrier 1020435,Shipper 1644,True,True,True,10/12/2017 18:00,10/17/2017 2:55,False,False,False,False,False,False,False,False,Toledo,OH ,Toledo,OH 
289,206484297,8/31/2017 11:31,8/31/2017 11:31,9/18/2017 15:18,9/19/2017 13:30,9/22/2017 22:00,4584.0,5234.0,-650.0,1536.5,RFR,,,False,0,Carrier 1218604,Shipper 585,True,True,True,9/19/2017 13:30,9/22/2017 21:00,False,False,False,False,False,False,False,False,Sioux City,IA ,Sioux City,IA 
290,206432321,11/15/2017 12:40,11/15/2017 12:40,11/16/2017 10:04,11/16/2017 14:00,11/21/2017 20:00,4565.36,4500.0,65.36,2683.5,DRV,,,False,0,Carrier 72909,Shipper 1644,True,False,False,11/16/2017 14:00,11/21/2017 17:00,False,False,False,False,False,False,False,False,North Charleston,SC ,North Charleston,SC 
291,206640961,5/1/2017 11:12,5/1/2017 11:12,5/1/2017 17:21,5/1/2017 18:00,5/5/2017 13:15,4550.0,4200.0,350.0,2608.2,DRV,3.0,,False,1,Carrier 1283148,Shipper 585,True,True,True,5/1/2017 18:00,5/5/2017 11:30,False,False,False,False,False,False,False,False,Santa Ana,CA ,Santa Ana,CA 
292,206600025,8/21/2017 12:56,8/21/2017 12:56,8/22/2017 11:48,8/22/2017 18:00,8/25/2017 13:00,4550.0,4500.0,50.0,2509.8,DRV,,,False,1,Carrier 1215243,Shipper 585,True,True,True,8/22/2017 18:00,8/25/2017 10:00,False,False,False,False,False,False,False,False,Santa Ana,CA ,Santa Ana,CA 
293,206667201,11/8/2017 12:12,11/8/2017 12:12,11/9/2017 8:42,11/9/2017 14:00,11/13/2017 13:00,4526.41,4100.0,426.41,2331.3,DRV,,,False,0,Carrier 1298496,Shipper 1644,True,True,True,11/9/2017 14:00,11/13/2017 14:00,False,False,False,False,False,False,False,False,Etowah,TN ,Etowah,TN 
294,206649025,11/7/2017 16:20,11/7/2017 16:21,11/9/2017 12:17,11/9/2017 10:00,11/12/2017 16:30,4525.75,4500.0,25.75,1805.9,RFR,,,False,3,Carrier 1695646,Shipper 1249,True,True,True,11/9/2017 19:00,11/11/2017 23:00,False,False,False,False,False,False,False,False,Fort Collins,CO ,Fort Collins,CO 
295,206649025,11/7/2017 16:20,11/7/2017 16:21,11/9/2017 12:17,11/9/2017 10:00,11/12/2017 16:30,4525.75,4500.0,25.75,1805.9,RFR,,,False,3,Carrier 1695646,Shipper 1375,True,True,True,11/9/2017 19:00,11/11/2017 23:00,False,False,False,False,False,False,False,False,Fort Collins,CO ,Fort Collins,CO 
296,206649025,11/7/2017 16:20,11/7/2017 16:21,11/9/2017 12:17,11/9/2017 10:00,11/12/2017 16:30,4525.75,4500.0,25.75,1805.9,RFR,,,False,3,Carrier 1695646,Shipper 1386,True,True,True,11/9/2017 19:00,11/11/2017 23:00,False,False,False,False,False,False,False,False,Fort Collins,CO ,Fort Collins,CO 
297,206649025,11/7/2017 16:20,11/7/2017 16:21,11/9/2017 12:17,11/9/2017 10:00,11/12/2017 16:30,4525.75,4500.0,25.75,1805.9,RFR,,,False,3,Carrier 1695646,Shipper 1248,True,True,True,11/9/2017 19:00,11/11/2017 23:00,False,False,False,False,False,False,False,False,Fort Collins,CO ,Fort Collins,CO 
298,206649025,11/7/2017 16:20,11/7/2017 16:21,11/9/2017 12:17,11/9/2017 10:00,11/12/2017 16:30,4525.75,4500.0,25.75,1805.9,RFR,,,False,3,Carrier 1695646,Shipper 1387,True,True,True,11/9/2017 19:00,11/11/2017 23:00,False,False,False,False,False,False,False,False,Fort Collins,CO ,Fort Collins,CO 
299,206649025,11/7/2017 16:20,11/7/2017 16:21,11/9/2017 12:17,11/9/2017 10:00,11/12/2017 16:30,4525.75,4500.0,25.75,1805.9,RFR,,,False,3,Carrier 1695646,Shipper 1388,True,True,True,11/9/2017 19:00,11/11/2017 23:00,False,False,False,False,False,False,False,False,Fort Collins,CO ,Fort Collins,CO 
300,206641161,8/29/2017 15:42,8/29/2017 15:42,8/30/2017 13:16,9/5/2017 17:00,9/12/2017 8:00,4525.0,4200.0,325.0,2509.6,DRV,,,False,0,Carrier 93448,Shipper 585,True,False,False,9/5/2017 17:00,9/11/2017 8:00,False,False,False,False,False,False,False,False,Santa Ana,CA ,Santa Ana,CA 
301,206464945,9/15/2017 12:14,9/15/2017 12:14,9/15/2017 12:24,9/15/2017 13:00,9/18/2017 15:00,4525.0,4130.0,395.0,1102.8,DRV,,,False,0,Carrier 357773,Shipper 585,True,True,True,9/15/2017 16:00,9/18/2017 10:00,False,False,False,False,False,False,False,False,Beecher,IL ,Beecher,IL 
302,206516969,6/8/2017 17:34,6/8/2017 17:35,6/9/2017 11:57,6/9/2017 11:00,6/13/2017 16:20,4522.63,4600.0,-77.37,1635.0,RFR,,,False,0,Carrier 104138,Shipper 758,True,True,True,6/9/2017 17:00,6/13/2017 10:00,False,False,False,False,False,False,False,False,Gonzales,CA ,Gonzales,CA 
303,206438137,11/14/2017 9:40,11/14/2017 9:40,11/16/2017 11:22,11/16/2017 14:00,11/20/2017 13:50,4511.65,4700.0,-188.35,2683.5,DRV,,,False,0,Carrier 1285422,Shipper 1644,True,True,True,11/16/2017 14:00,11/20/2017 12:00,False,False,False,False,False,False,False,False,North Charleston,SC ,North Charleston,SC 
304,206664113,11/14/2017 9:36,11/14/2017 9:36,11/16/2017 13:03,11/16/2017 14:00,11/20/2017 12:00,4511.65,4500.0,11.65,2683.5,DRV,,,False,0,Carrier 129474,Shipper 1644,True,True,True,11/16/2017 16:00,11/20/2017 10:00,False,False,False,False,False,False,False,False,North Charleston,SC ,North Charleston,SC 
305,206501793,10/13/2017 13:24,10/13/2017 13:24,10/19/2017 15:19,10/20/2017 16:00,10/24/2017 15:15,4507.23,4700.0,-192.77,2487.3,DRV,,,True,0,Carrier 1229009,Shipper 1644,True,True,True,10/20/2017 16:00,10/24/2017 12:00,False,False,False,False,False,False,False,False,Morganton,NC ,Morganton,NC 
306,206641129,6/21/2017 9:48,6/21/2017 9:49,6/21/2017 15:42,6/23/2017 19:00,6/26/2017 23:00,4500.0,4400.0,100.0,2509.6,DRV,,,False,0,Carrier 93448,Shipper 585,True,True,True,6/23/2017 19:00,6/26/2017 10:00,False,False,False,False,False,False,False,False,Santa Ana,CA ,Santa Ana,CA 
307,206703921,2/2/2017 18:03,2/2/2017 18:04,2/3/2017 16:02,2/6/2017 18:00,2/10/2017 10:30,4500.0,4200.0,300.0,2656.1,DRV,3.0,,False,0,Carrier 93448,Shipper 585,False,True,True,2/3/2017 20:00,2/10/2017 10:00,False,False,False,False,False,False,False,False,Santa Ana,CA ,Santa Ana,CA 
308,206498665,6/23/2017 7:56,6/23/2017 7:56,6/23/2017 8:59,6/23/2017 13:00,6/26/2017 18:00,4500.0,4400.0,100.0,2521.3,DRV,,,False,0,Carrier 93448,Shipper 585,True,False,False,6/23/2017 18:00,6/26/2017 8:00,False,False,False,False,False,False,False,False,Compton,CA ,Compton,CA 
309,206556745,11/6/2017 15:48,11/6/2017 15:48,11/6/2017 18:17,11/7/2017 19:30,11/10/2017 18:00,4485.55,4050.0,435.55,2100.7,DRV,,,False,0,Carrier 738,Shipper 758,False,True,True,11/7/2017 20:00,11/10/2017 14:00,False,False,False,False,False,False,False,False,Tracy,CA ,Tracy,CA 
310,206687577,11/13/2017 15:39,11/13/2017 15:39,11/17/2017 11:40,11/17/2017 18:00,11/20/2017 12:30,4481.04,5120.0,-638.96,1657.7,RFR,,,False,1,Carrier 77854,Shipper 758,True,True,True,11/17/2017 18:00,11/20/2017 6:00,False,False,False,False,False,False,False,False,Lodi,CA ,Lodi,CA 
311,206587825,10/27/2017 17:34,10/27/2017 17:34,10/31/2017 11:23,10/31/2017 9:00,11/3/2017 11:00,4480.0,4680.0,-200.0,1595.4,DRV,,,False,0,Carrier 102819,Shipper 585,True,True,True,10/31/2017 22:00,11/3/2017 9:00,False,False,False,False,False,False,False,False,Brooklyn Park,MN ,Brooklyn Park,MN 
312,206423593,12/18/2017 18:22,12/18/2017 18:22,12/19/2017 9:46,12/19/2017 23:00,12/22/2017 19:00,4478.8,5000.0,-521.2,2461.1,DRV,,,False,0,Carrier 1241642,Shipper 1249,True,True,True,12/19/2017 23:00,12/23/2017 17:00,False,False,False,False,False,False,False,False,Newark,NJ ,Newark,NJ 
313,206423593,12/18/2017 18:22,12/18/2017 18:22,12/19/2017 9:46,12/19/2017 23:00,12/22/2017 19:00,4478.8,5000.0,-521.2,2461.1,DRV,,,False,0,Carrier 1241642,Shipper 1375,True,True,True,12/19/2017 23:00,12/23/2017 17:00,False,False,False,False,False,False,False,False,Newark,NJ ,Newark,NJ 
314,206423593,12/18/2017 18:22,12/18/2017 18:22,12/19/2017 9:46,12/19/2017 23:00,12/22/2017 19:00,4478.8,5000.0,-521.2,2461.1,DRV,,,False,0,Carrier 1241642,Shipper 1386,True,True,True,12/19/2017 23:00,12/23/2017 17:00,False,False,False,False,False,False,False,False,Newark,NJ ,Newark,NJ 
315,206423593,12/18/2017 18:22,12/18/2017 18:22,12/19/2017 9:46,12/19/2017 23:00,12/22/2017 19:00,4478.8,5000.0,-521.2,2461.1,DRV,,,False,0,Carrier 1241642,Shipper 1248,True,True,True,12/19/2017 23:00,12/23/2017 17:00,False,False,False,False,False,False,False,False,Newark,NJ ,Newark,NJ 
316,206423593,12/18/2017 18:22,12/18/2017 18:22,12/19/2017 9:46,12/19/2017 23:00,12/22/2017 19:00,4478.8,5000.0,-521.2,2461.1,DRV,,,False,0,Carrier 1241642,Shipper 1387,True,True,True,12/19/2017 23:00,12/23/2017 17:00,False,False,False,False,False,False,False,False,Newark,NJ ,Newark,NJ 
317,206423593,12/18/2017 18:22,12/18/2017 18:22,12/19/2017 9:46,12/19/2017 23:00,12/22/2017 19:00,4478.8,5000.0,-521.2,2461.1,DRV,,,False,0,Carrier 1241642,Shipper 1388,True,True,True,12/19/2017 23:00,12/23/2017 17:00,False,False,False,False,False,False,False,False,Newark,NJ ,Newark,NJ 
318,206460529,9/27/2017 15:34,9/27/2017 15:34,9/29/2017 11:33,9/29/2017 13:00,10/2/2017 17:41,4467.03,4200.0,267.03,1355.3,RFR,,,False,0,Carrier 77438,Shipper 758,True,False,False,9/29/2017 15:00,10/2/2017 10:30,False,False,False,False,False,False,False,False,Portland,OR ,Portland,OR 
319,206516993,10/25/2017 12:08,10/25/2017 12:08,10/26/2017 17:02,10/27/2017 15:00,10/30/2017 15:30,4455.49,4300.0,155.49,2487.3,DRV,,,False,0,Carrier 27323,Shipper 1644,True,True,True,10/27/2017 15:00,10/30/2017 15:00,False,False,False,False,False,False,False,False,Morganton,NC ,Morganton,NC 
320,206435769,10/25/2017 12:00,10/25/2017 12:01,10/26/2017 11:30,10/26/2017 15:00,10/31/2017 12:00,4455.49,4600.0,-144.51,2487.3,DRV,,,False,0,Carrier 623469,Shipper 1644,True,True,True,10/26/2017 15:00,10/31/2017 12:00,False,False,False,False,False,False,False,False,Morganton,NC ,Morganton,NC 
321,206523737,11/18/2017 8:56,11/18/2017 8:56,11/20/2017 8:34,11/20/2017 15:00,11/28/2017 11:00,4445.11,3500.0,945.11,1542.2,DRV,,,False,0,Carrier 1695650,Shipper 1644,True,True,True,11/20/2017 15:00,11/22/2017 17:00,False,False,False,False,False,False,False,False,Bowling Green,OH ,Bowling Green,OH 
322,206601985,11/9/2017 17:10,11/9/2017 17:10,11/13/2017 14:42,11/14/2017 14:00,11/17/2017 11:52,4421.97,4540.0,-118.03,2461.1,DRV,,,False,0,Carrier 1527372,Shipper 1249,True,True,True,11/14/2017 14:00,11/17/2017 19:00,False,False,False,False,False,False,False,False,Newark,NJ ,Newark,NJ 
323,206601985,11/9/2017 17:10,11/9/2017 17:10,11/13/2017 14:42,11/14/2017 14:00,11/17/2017 11:52,4421.97,4540.0,-118.03,2461.1,DRV,,,False,0,Carrier 1527372,Shipper 1375,True,True,True,11/14/2017 14:00,11/17/2017 19:00,False,False,False,False,False,False,False,False,Newark,NJ ,Newark,NJ 
324,206601985,11/9/2017 17:10,11/9/2017 17:10,11/13/2017 14:42,11/14/2017 14:00,11/17/2017 11:52,4421.97,4540.0,-118.03,2461.1,DRV,,,False,0,Carrier 1527372,Shipper 1386,True,True,True,11/14/2017 14:00,11/17/2017 19:00,False,False,False,False,False,False,False,False,Newark,NJ ,Newark,NJ 
325,206601985,11/9/2017 17:10,11/9/2017 17:10,11/13/2017 14:42,11/14/2017 14:00,11/17/2017 11:52,4421.97,4540.0,-118.03,2461.1,DRV,,,False,0,Carrier 1527372,Shipper 1248,True,True,True,11/14/2017 14:00,11/17/2017 19:00,False,False,False,False,False,False,False,False,Newark,NJ ,Newark,NJ 
326,206601985,11/9/2017 17:10,11/9/2017 17:10,11/13/2017 14:42,11/14/2017 14:00,11/17/2017 11:52,4421.97,4540.0,-118.03,2461.1,DRV,,,False,0,Carrier 1527372,Shipper 1387,True,True,True,11/14/2017 14:00,11/17/2017 19:00,False,False,False,False,False,False,False,False,Newark,NJ ,Newark,NJ 
327,206601985,11/9/2017 17:10,11/9/2017 17:10,11/13/2017 14:42,11/14/2017 14:00,11/17/2017 11:52,4421.97,4540.0,-118.03,2461.1,DRV,,,False,0,Carrier 1527372,Shipper 1388,True,True,True,11/14/2017 14:00,11/17/2017 19:00,False,False,False,False,False,False,False,False,Newark,NJ ,Newark,NJ 
328,206542969,9/1/2017 16:32,9/1/2017 16:32,9/7/2017 9:21,9/7/2017 8:00,9/11/2017 13:15,4420.0,3600.0,820.0,1741.1,DRV,,,False,0,Carrier 6214,Shipper 1249,True,True,True,9/7/2017 15:00,9/11/2017 8:00,False,False,False,False,False,False,False,False,Little Falls,NY ,Little Falls,NY 
329,206542969,9/1/2017 16:32,9/1/2017 16:32,9/7/2017 9:21,9/7/2017 8:00,9/11/2017 13:15,4420.0,3600.0,820.0,1741.1,DRV,,,False,0,Carrier 6214,Shipper 1375,True,True,True,9/7/2017 15:00,9/11/2017 8:00,False,False,False,False,False,False,False,False,Little Falls,NY ,Little Falls,NY 
330,206542969,9/1/2017 16:32,9/1/2017 16:32,9/7/2017 9:21,9/7/2017 8:00,9/11/2017 13:15,4420.0,3600.0,820.0,1741.1,DRV,,,False,0,Carrier 6214,Shipper 1386,True,True,True,9/7/2017 15:00,9/11/2017 8:00,False,False,False,False,False,False,False,False,Little Falls,NY ,Little Falls,NY 
331,206542969,9/1/2017 16:32,9/1/2017 16:32,9/7/2017 9:21,9/7/2017 8:00,9/11/2017 13:15,4420.0,3600.0,820.0,1741.1,DRV,,,False,0,Carrier 6214,Shipper 1248,True,True,True,9/7/2017 15:00,9/11/2017 8:00,False,False,False,False,False,False,False,False,Little Falls,NY ,Little Falls,NY 
332,206542969,9/1/2017 16:32,9/1/2017 16:32,9/7/2017 9:21,9/7/2017 8:00,9/11/2017 13:15,4420.0,3600.0,820.0,1741.1,DRV,,,False,0,Carrier 6214,Shipper 1387,True,True,True,9/7/2017 15:00,9/11/2017 8:00,False,False,False,False,False,False,False,False,Little Falls,NY ,Little Falls,NY 
333,206542969,9/1/2017 16:32,9/1/2017 16:32,9/7/2017 9:21,9/7/2017 8:00,9/11/2017 13:15,4420.0,3600.0,820.0,1741.1,DRV,,,False,0,Carrier 6214,Shipper 1388,True,True,True,9/7/2017 15:00,9/11/2017 8:00,False,False,False,False,False,False,False,False,Little Falls,NY ,Little Falls,NY 
334,206605649,11/8/2017 14:34,11/8/2017 14:34,11/9/2017 8:58,11/9/2017 13:00,11/16/2017 14:00,4417.99,2800.0,1617.99,536.4,DRV,,,False,0,Carrier 1695644,Shipper 1644,True,True,True,11/9/2017 13:00,11/10/2017 12:00,False,False,False,False,False,False,False,False,Decatur,IN ,Decatur,IN 
335,206512769,8/25/2017 10:57,8/25/2017 10:59,8/25/2017 13:30,8/28/2017 12:00,8/31/2017 13:30,4403.15,4000.0,403.15,2331.2,DRV,,,False,0,Carrier 1555174,Shipper 1644,True,True,True,8/28/2017 13:00,9/1/2017 9:00,False,False,False,False,False,False,False,False,Portland,OR ,Portland,OR 
336,206489905,8/28/2017 12:53,8/28/2017 12:53,8/29/2017 12:45,8/31/2017 15:00,9/6/2017 11:00,4400.0,4100.0,300.0,2521.3,DRV,,,False,0,Carrier 93448,Shipper 585,True,True,True,8/31/2017 20:00,9/6/2017 8:00,False,False,False,False,False,False,False,False,Compton,CA ,Compton,CA 
337,206608585,6/5/2017 15:40,6/5/2017 15:40,6/7/2017 12:20,6/8/2017 18:00,6/12/2017 17:25,4388.8,4200.0,188.8,2348.3,RFR,,,False,0,Carrier 1215458,Shipper 758,True,True,True,6/8/2017 18:00,6/12/2017 13:00,False,False,False,False,False,False,False,False,Houston,TX ,Houston,TX 
338,206588713,5/10/2017 10:53,5/10/2017 10:54,5/10/2017 15:45,5/11/2017 15:00,5/15/2017 16:55,4388.0,4100.0,288.0,2538.7,DRV,,,False,0,Carrier 93448,Shipper 585,True,True,True,5/11/2017 15:00,5/16/2017 13:00,False,False,False,False,False,False,False,False,Compton,CA ,Compton,CA 
339,206677145,11/30/2017 13:43,11/30/2017 13:43,12/1/2017 10:19,12/1/2017 14:00,12/5/2017 9:55,4385.93,3000.0,1385.93,1376.5,DRV,,dat_out,True,0,Carrier 19121,Shipper 1644,True,True,True,12/1/2017 14:00,12/3/2017 18:00,False,False,False,False,False,False,False,False,Del Rio,TX ,Del Rio,TX 
340,206496489,12/11/2017 14:35,12/11/2017 14:35,12/11/2017 16:03,12/13/2017 22:00,12/18/2017 8:00,4385.93,3000.0,1385.93,1376.5,DRV,,,True,0,Carrier 19121,Shipper 1644,True,False,False,12/13/2017 22:00,12/16/2017 6:00,False,False,False,False,False,False,False,False,Del Rio,TX ,Del Rio,TX 
341,206589401,7/14/2017 16:25,7/14/2017 16:27,7/17/2017 9:08,7/17/2017 16:00,7/21/2017 10:30,4380.0,4200.0,180.0,2509.6,DRV,,,False,0,Carrier 93448,Shipper 585,True,True,True,7/17/2017 16:00,7/21/2017 9:00,False,False,False,False,False,False,False,False,Santa Ana,CA ,Santa Ana,CA 
342,206486345,11/14/2017 9:29,11/14/2017 9:29,11/17/2017 7:45,11/17/2017 11:00,11/20/2017 12:00,4363.09,4400.0,-36.91,2331.3,DRV,,,False,0,Carrier 1452983,Shipper 1644,False,True,True,11/17/2017 11:00,11/21/2017 10:00,False,False,False,False,False,False,False,False,Etowah,TN ,Etowah,TN 
343,206579833,10/12/2017 16:48,10/12/2017 16:48,10/13/2017 10:47,10/14/2017 15:00,10/16/2017 11:00,4355.85,4200.0,155.85,1225.2,DRV,,,False,0,Carrier 1015803,Shipper 1249,True,True,True,10/14/2017 15:00,10/16/2017 15:00,False,False,False,False,False,False,False,False,Los Angeles,CA ,Los Angeles,CA 
344,206579833,10/12/2017 16:48,10/12/2017 16:48,10/13/2017 10:47,10/14/2017 15:00,10/16/2017 11:00,4355.85,4200.0,155.85,1225.2,DRV,,,False,0,Carrier 1015803,Shipper 1375,True,True,True,10/14/2017 15:00,10/16/2017 15:00,False,False,False,False,False,False,False,False,Los Angeles,CA ,Los Angeles,CA 
345,206579833,10/12/2017 16:48,10/12/2017 16:48,10/13/2017 10:47,10/14/2017 15:00,10/16/2017 11:00,4355.85,4200.0,155.85,1225.2,DRV,,,False,0,Carrier 1015803,Shipper 1386,True,True,True,10/14/2017 15:00,10/16/2017 15:00,False,False,False,False,False,False,False,False,Los Angeles,CA ,Los Angeles,CA 
346,206579833,10/12/2017 16:48,10/12/2017 16:48,10/13/2017 10:47,10/14/2017 15:00,10/16/2017 11:00,4355.85,4200.0,155.85,1225.2,DRV,,,False,0,Carrier 1015803,Shipper 1248,True,True,True,10/14/2017 15:00,10/16/2017 15:00,False,False,False,False,False,False,False,False,Los Angeles,CA ,Los Angeles,CA 
347,206579833,10/12/2017 16:48,10/12/2017 16:48,10/13/2017 10:47,10/14/2017 15:00,10/16/2017 11:00,4355.85,4200.0,155.85,1225.2,DRV,,,False,0,Carrier 1015803,Shipper 1387,True,True,True,10/14/2017 15:00,10/16/2017 15:00,False,False,False,False,False,False,False,False,Los Angeles,CA ,Los Angeles,CA 
348,206579833,10/12/2017 16:48,10/12/2017 16:48,10/13/2017 10:47,10/14/2017 15:00,10/16/2017 11:00,4355.85,4200.0,155.85,1225.2,DRV,,,False,0,Carrier 1015803,Shipper 1388,True,True,True,10/14/2017 15:00,10/16/2017 15:00,False,False,False,False,False,False,False,False,Los Angeles,CA ,Los Angeles,CA 
349,206589745,11/10/2017 13:59,11/10/2017 13:59,11/10/2017 15:07,11/11/2017 18:00,11/14/2017 14:40,4335.43,4000.0,335.43,933.9,RFR,,,False,0,Carrier 2777,Shipper 758,False,True,True,11/11/2017 18:00,11/13/2017 10:30,False,False,False,False,False,False,False,False,Lewisville,ID ,Lewisville,ID 
350,206628329,10/17/2017 18:10,10/17/2017 18:10,10/19/2017 16:43,10/20/2017 14:00,10/24/2017 13:00,4329.52,4500.0,-170.48,2082.3,DRV,,,False,0,Carrier 997050,Shipper 1644,True,True,True,10/20/2017 14:00,10/24/2017 10:00,False,False,False,False,False,False,False,False,Montpelier,OH ,Montpelier,OH 
351,206667601,10/17/2017 18:08,10/17/2017 18:08,10/19/2017 11:40,10/19/2017 16:00,10/23/2017 12:20,4329.52,4375.0,-45.48,2082.3,DRV,,,False,0,Carrier 13049,Shipper 1644,True,True,True,10/19/2017 16:00,10/23/2017 12:00,False,False,False,False,False,False,False,False,Montpelier,OH ,Montpelier,OH 
352,206775177,11/27/2017 17:51,11/27/2017 17:51,11/28/2017 11:12,11/28/2017 15:00,12/1/2017 11:00,4324.9,4100.0,224.9,0.0,DRV,,,False,0,Carrier 1237001,Shipper 1644,True,True,True,11/28/2017 15:00,12/1/2017 12:00,False,False,False,False,False,False,False,False,Paragould,AR ,Paragould,AR 
353,206432105,12/29/2017 12:28,12/29/2017 12:28,1/2/2018 8:58,1/2/2018 16:00,1/5/2018 16:30,4306.75,3850.0,456.75,1827.5,DRV,,dat_in,False,0,Carrier 107932,Shipper 758,True,True,True,1/2/2018 16:00,1/5/2018 18:00,False,False,False,False,False,False,False,False,Ottawa,KS ,Ottawa,KS 
354,206642001,1/17/2017 14:06,1/17/2017 14:06,1/19/2017 16:18,1/20/2017 11:00,1/23/2017 9:30,4300.0,4100.0,200.0,2536.2,DRV,,,False,0,Carrier 93448,Shipper 585,True,True,True,1/20/2017 20:00,1/23/2017 9:00,False,False,False,False,False,False,False,False,Compton,CA ,Compton,CA 
355,206539273,10/23/2017 13:07,10/23/2017 13:07,10/26/2017 8:29,10/26/2017 10:00,10/31/2017 15:00,4293.05,4000.0,293.05,2331.3,DRV,,,False,0,Carrier 1005425,Shipper 1644,True,True,True,10/26/2017 13:00,10/31/2017 14:00,False,False,False,False,False,False,False,False,Etowah,TN ,Etowah,TN 
356,206491305,5/17/2017 11:39,5/17/2017 11:39,5/23/2017 18:33,5/18/2017 19:00,5/26/2017 17:50,4291.0,5300.0,-1009.0,2772.1,DRV,2.0,,False,3,Carrier 81967,Shipper 585,False,True,True,5/18/2017 19:00,5/26/2017 11:00,False,False,False,False,False,False,False,False,Carson,CA ,Carson,CA 
357,206551313,5/17/2017 11:45,5/17/2017 11:45,5/19/2017 10:01,5/19/2017 17:00,5/24/2017 7:40,4291.0,4500.0,-209.0,2772.1,DRV,3.0,,False,1,Carrier 1014943,Shipper 585,True,True,True,5/19/2017 17:00,5/24/2017 6:45,False,False,False,False,False,False,False,False,Carson,CA ,Carson,CA 
358,206507017,5/17/2017 11:47,5/17/2017 11:48,5/23/2017 16:38,5/19/2017 17:00,5/26/2017 6:55,4291.0,4500.0,-209.0,2772.1,DRV,,,False,1,Carrier 99659,Shipper 585,False,False,False,5/19/2017 17:00,5/26/2017 5:30,False,False,False,False,False,False,False,False,Carson,CA ,Carson,CA 
359,206561481,11/27/2017 17:39,11/27/2017 17:39,11/30/2017 12:21,11/30/2017 15:00,12/4/2017 16:00,4269.76,4200.0,69.76,0.0,DRV,,,False,1,Carrier 1695713,Shipper 1644,False,False,False,11/30/2017 15:00,12/4/2017 12:00,False,False,False,False,False,False,False,False,Etowah,TN ,Etowah,TN 
360,206501265,9/14/2017 18:05,9/14/2017 18:05,9/15/2017 10:06,9/15/2017 20:00,9/18/2017 9:50,4263.66,3875.0,388.66,1754.5,RFR,,,False,0,Carrier 1615835,Shipper 758,True,True,True,9/15/2017 20:00,9/18/2017 7:00,False,False,False,False,False,False,False,False,Selah,WA ,Selah,WA 
361,206645185,4/19/2017 14:19,4/19/2017 14:19,4/19/2017 18:29,4/20/2017 11:00,4/26/2017 11:00,4260.0,4210.0,50.0,2549.1,DRV,4.0,,False,0,Carrier 93448,Shipper 585,False,True,True,4/20/2017 11:00,4/26/2017 10:00,False,False,False,False,False,False,False,False,Los Angeles,CA ,Los Angeles,CA 
362,206590937,5/15/2017 15:43,5/15/2017 15:43,5/16/2017 11:59,5/16/2017 13:00,5/19/2017 10:30,4260.0,4160.0,100.0,2549.1,DRV,3.0,,False,0,Carrier 93448,Shipper 585,False,True,True,5/16/2017 13:00,5/19/2017 10:00,False,False,False,False,False,False,False,False,Los Angeles,CA ,Los Angeles,CA 
363,206512585,4/11/2017 14:16,4/11/2017 14:17,4/13/2017 13:53,4/13/2017 13:00,4/17/2017 14:30,4260.0,4100.0,160.0,2549.1,DRV,2.0,,False,0,Carrier 1215447,Shipper 585,False,False,False,4/13/2017 17:00,4/17/2017 10:00,False,False,False,False,False,False,False,False,Los Angeles,CA ,Los Angeles,CA 
364,206689881,9/6/2017 10:32,9/6/2017 10:32,9/8/2017 10:35,9/8/2017 11:00,9/12/2017 11:00,4250.0,4700.0,-450.0,2895.4,RFR,,,False,0,Carrier 975211,Shipper 1590,True,True,True,9/8/2017 18:00,9/13/2017 19:30,False,False,False,False,False,False,False,False,Vineland,NJ ,Vineland,NJ 
365,206440409,7/31/2017 14:53,7/31/2017 14:53,8/9/2017 10:59,8/10/2017 9:00,8/14/2017 13:10,4250.0,4150.0,100.0,2879.3,RFR,,,False,0,Carrier 1215377,Shipper 1590,True,True,True,8/10/2017 17:00,8/14/2017 19:30,False,False,False,False,False,False,False,False,Vineland,NJ ,Vineland,NJ 
366,206617689,5/1/2017 16:09,5/1/2017 16:09,5/2/2017 18:42,5/2/2017 11:00,5/4/2017 17:00,4250.0,4200.0,50.0,2510.3,DRV,,,False,1,Carrier 1330853,Shipper 585,True,True,True,5/2/2017 20:00,5/5/2017 12:00,False,False,False,False,False,False,False,False,La Palma,CA ,La Palma,CA 
367,206587337,7/20/2017 13:35,7/20/2017 13:35,7/24/2017 12:04,7/24/2017 19:00,7/27/2017 20:00,4244.53,4254.0,-9.47,1973.4,RFR,,,False,0,Carrier 92055,Shipper 1044,True,False,False,7/24/2017 19:00,7/27/2017 10:00,False,False,False,False,False,False,False,False,Oxnard,CA ,Oxnard,CA 
368,206481377,9/27/2017 17:18,9/27/2017 17:18,9/28/2017 10:28,9/29/2017 14:30,10/1/2017 10:30,4212.54,3000.0,1212.54,797.1,DRV,,,False,0,Carrier 31074,Shipper 1249,True,True,True,9/29/2017 14:30,10/2/2017 23:00,False,False,False,False,False,False,False,False,Carlisle,PA ,Carlisle,PA 
369,206481377,9/27/2017 17:18,9/27/2017 17:18,9/28/2017 10:28,9/29/2017 14:30,10/1/2017 10:30,4212.54,3000.0,1212.54,797.1,DRV,,,False,0,Carrier 31074,Shipper 1375,True,True,True,9/29/2017 14:30,10/2/2017 23:00,False,False,False,False,False,False,False,False,Carlisle,PA ,Carlisle,PA 
370,206481377,9/27/2017 17:18,9/27/2017 17:18,9/28/2017 10:28,9/29/2017 14:30,10/1/2017 10:30,4212.54,3000.0,1212.54,797.1,DRV,,,False,0,Carrier 31074,Shipper 1386,True,True,True,9/29/2017 14:30,10/2/2017 23:00,False,False,False,False,False,False,False,False,Carlisle,PA ,Carlisle,PA 
371,206481377,9/27/2017 17:18,9/27/2017 17:18,9/28/2017 10:28,9/29/2017 14:30,10/1/2017 10:30,4212.54,3000.0,1212.54,797.1,DRV,,,False,0,Carrier 31074,Shipper 1248,True,True,True,9/29/2017 14:30,10/2/2017 23:00,False,False,False,False,False,False,False,False,Carlisle,PA ,Carlisle,PA 
372,206481377,9/27/2017 17:18,9/27/2017 17:18,9/28/2017 10:28,9/29/2017 14:30,10/1/2017 10:30,4212.54,3000.0,1212.54,797.1,DRV,,,False,0,Carrier 31074,Shipper 1387,True,True,True,9/29/2017 14:30,10/2/2017 23:00,False,False,False,False,False,False,False,False,Carlisle,PA ,Carlisle,PA 
373,206481377,9/27/2017 17:18,9/27/2017 17:18,9/28/2017 10:28,9/29/2017 14:30,10/1/2017 10:30,4212.54,3000.0,1212.54,797.1,DRV,,,False,0,Carrier 31074,Shipper 1388,True,True,True,9/29/2017 14:30,10/2/2017 23:00,False,False,False,False,False,False,False,False,Carlisle,PA ,Carlisle,PA 
374,206705793,4/4/2017 10:11,4/4/2017 10:11,4/10/2017 9:07,4/10/2017 8:00,4/17/2017 12:00,4209.0,4259.0,-50.0,3055.1,DRV,2.0,,False,0,Carrier 76519,Shipper 585,True,True,True,4/10/2017 16:00,4/18/2017 8:00,False,False,False,False,False,False,False,False,Plant City,FL ,Plant City,FL 
375,206610193,11/7/2017 14:44,11/7/2017 14:46,11/11/2017 16:04,11/13/2017 15:00,11/17/2017 14:00,4200.0,4500.0,-300.0,2629.6,RFR,,,False,1,Carrier 1695657,Shipper 1044,True,True,True,11/13/2017 15:00,11/17/2017 10:00,False,False,False,False,False,False,False,False,Franklin,IN ,Franklin,IN 
376,206522409,4/11/2017 11:57,4/11/2017 11:58,4/12/2017 14:56,4/17/2017 17:00,4/20/2017 9:30,4200.0,4000.0,200.0,2509.6,DRV,4.0,,False,0,Carrier 93448,Shipper 585,True,True,True,4/17/2017 17:00,4/20/2017 8:00,False,False,False,False,False,False,False,False,Santa Ana,CA ,Santa Ana,CA 
377,206485273,1/16/2017 8:45,1/16/2017 8:45,1/16/2017 11:33,1/17/2017 13:00,1/20/2017 12:10,4200.0,4000.0,200.0,2509.6,DRV,,,False,0,Carrier 93448,Shipper 585,True,False,False,1/17/2017 13:00,1/20/2017 10:00,False,False,False,False,False,False,False,False,Santa Ana,CA ,Santa Ana,CA 
378,206475777,11/8/2017 18:15,11/8/2017 18:16,11/16/2017 16:58,11/16/2017 18:00,11/19/2017 13:37,4191.1,5200.0,-1008.9,1657.7,RFR,,,False,1,Carrier 859631,Shipper 758,False,True,True,11/16/2017 18:00,11/19/2017 9:00,False,False,False,False,False,False,False,False,Lodi,CA ,Lodi,CA 
379,206748617,7/27/2017 8:25,7/27/2017 8:25,7/27/2017 9:12,7/27/2017 19:00,8/3/2017 9:20,4190.0,4100.0,90.0,2509.6,DRV,,,False,0,Carrier 93448,Shipper 585,True,True,True,7/27/2017 19:00,8/3/2017 8:00,False,False,False,False,False,False,False,False,Santa Ana,CA ,Santa Ana,CA 
380,206548113,7/25/2017 13:29,7/25/2017 13:29,7/25/2017 16:38,7/27/2017 19:00,7/31/2017 9:30,4190.0,4190.0,0.0,2509.6,DRV,,,False,0,Carrier 93448,Shipper 585,True,True,True,7/27/2017 19:00,7/31/2017 9:00,False,False,False,False,False,False,False,False,Santa Ana,CA ,Santa Ana,CA 
381,206521793,10/6/2017 8:35,10/6/2017 8:35,10/6/2017 11:43,10/6/2017 7:00,10/9/2017 16:30,4167.52,4050.0,117.52,988.9,DRV,,,False,0,Carrier 1695548,Shipper 758,True,True,True,10/6/2017 15:00,10/9/2017 15:00,False,False,False,False,False,False,False,False,Poynette,WI ,Poynette,WI 
382,206643729,12/29/2017 16:37,12/29/2017 16:37,1/2/2018 11:43,1/2/2018 10:00,1/4/2018 14:45,4157.72,4000.0,157.72,857.1,RFR,,,False,0,Carrier 1694422,Shipper 758,True,True,True,1/3/2018 0:00,1/4/2018 11:00,False,False,False,False,False,False,False,False,Santa Maria,CA ,Santa Maria,CA 
383,206432177,11/15/2017 11:18,11/15/2017 11:18,11/20/2017 15:42,11/20/2017 18:00,11/22/2017 12:15,4156.13,5000.0,-843.87,1096.5,RFR,,,False,0,Carrier 617685,Shipper 758,False,True,True,11/20/2017 19:00,11/22/2017 10:30,False,False,False,False,False,False,False,False,Prescott,WA ,Prescott,WA 
384,206508625,9/20/2017 17:14,9/20/2017 17:14,9/22/2017 14:21,9/23/2017 14:00,9/26/2017 14:00,4133.18,4200.0,-66.82,1766.9,RFR,,,False,0,Carrier 109416,Shipper 1249,True,True,True,9/23/2017 14:00,9/26/2017 11:00,False,False,False,False,False,False,False,False,Fort Collins,CO ,Fort Collins,CO 
385,206508625,9/20/2017 17:14,9/20/2017 17:14,9/22/2017 14:21,9/23/2017 14:00,9/26/2017 14:00,4133.18,4200.0,-66.82,1766.9,RFR,,,False,0,Carrier 109416,Shipper 1375,True,True,True,9/23/2017 14:00,9/26/2017 11:00,False,False,False,False,False,False,False,False,Fort Collins,CO ,Fort Collins,CO 
386,206508625,9/20/2017 17:14,9/20/2017 17:14,9/22/2017 14:21,9/23/2017 14:00,9/26/2017 14:00,4133.18,4200.0,-66.82,1766.9,RFR,,,False,0,Carrier 109416,Shipper 1386,True,True,True,9/23/2017 14:00,9/26/2017 11:00,False,False,False,False,False,False,False,False,Fort Collins,CO ,Fort Collins,CO 
387,206508625,9/20/2017 17:14,9/20/2017 17:14,9/22/2017 14:21,9/23/2017 14:00,9/26/2017 14:00,4133.18,4200.0,-66.82,1766.9,RFR,,,False,0,Carrier 109416,Shipper 1248,True,True,True,9/23/2017 14:00,9/26/2017 11:00,False,False,False,False,False,False,False,False,Fort Collins,CO ,Fort Collins,CO 
388,206508625,9/20/2017 17:14,9/20/2017 17:14,9/22/2017 14:21,9/23/2017 14:00,9/26/2017 14:00,4133.18,4200.0,-66.82,1766.9,RFR,,,False,0,Carrier 109416,Shipper 1387,True,True,True,9/23/2017 14:00,9/26/2017 11:00,False,False,False,False,False,False,False,False,Fort Collins,CO ,Fort Collins,CO 
389,206508625,9/20/2017 17:14,9/20/2017 17:14,9/22/2017 14:21,9/23/2017 14:00,9/26/2017 14:00,4133.18,4200.0,-66.82,1766.9,RFR,,,False,0,Carrier 109416,Shipper 1388,True,True,True,9/23/2017 14:00,9/26/2017 11:00,False,False,False,False,False,False,False,False,Fort Collins,CO ,Fort Collins,CO 
390,206590993,11/21/2017 16:17,11/21/2017 16:17,11/22/2017 16:13,11/22/2017 18:00,11/25/2017 18:00,4133.13,3000.0,1133.13,1618.4,DRV,,,False,2,Carrier 1045524,Shipper 1644,True,True,True,11/22/2017 18:00,11/25/2017 12:00,False,False,False,False,False,False,False,False,Brighton,MI ,Brighton,MI 
391,206695489,12/29/2017 11:48,12/29/2017 11:48,1/2/2018 11:02,1/2/2018 15:00,1/4/2018 11:36,4128.26,2500.0,1628.26,682.8,DRV,,,False,1,Carrier 1055986,Shipper 1644,True,True,True,1/2/2018 16:00,1/4/2018 8:30,False,False,False,False,False,False,False,False,Toledo,OH ,Toledo,OH 
392,206484993,5/17/2017 11:51,5/17/2017 11:51,5/19/2017 11:21,5/18/2017 19:00,5/23/2017 10:50,4125.0,4500.0,-375.0,2619.4,DRV,3.0,,False,2,Carrier 1666034,Shipper 585,False,True,True,5/18/2017 19:00,5/23/2017 8:00,False,False,False,False,False,False,False,False,Carson,CA ,Carson,CA 
393,206476753,11/21/2017 12:43,11/21/2017 12:43,11/21/2017 16:07,11/22/2017 15:00,11/26/2017 12:00,4124.98,3350.0,774.98,1277.4,DRV,,,False,0,Carrier 1401261,Shipper 1644,True,True,True,11/22/2017 15:00,11/26/2017 0:00,False,False,False,False,False,False,False,False,Piedmont,SC ,Piedmont,SC 
394,206532057,9/14/2017 17:14,9/14/2017 17:14,9/15/2017 16:46,9/15/2017 18:00,9/19/2017 11:45,4118.26,4400.0,-281.74,1903.4,DRV,,,False,0,Carrier 1695513,Shipper 1249,True,True,True,9/15/2017 18:00,9/19/2017 13:00,False,False,False,False,False,False,False,False,Baldwinsville,NY ,Baldwinsville,NY 
395,206532057,9/14/2017 17:14,9/14/2017 17:14,9/15/2017 16:46,9/15/2017 18:00,9/19/2017 11:45,4118.26,4400.0,-281.74,1903.4,DRV,,,False,0,Carrier 1695513,Shipper 1375,True,True,True,9/15/2017 18:00,9/19/2017 13:00,False,False,False,False,False,False,False,False,Baldwinsville,NY ,Baldwinsville,NY 
396,206532057,9/14/2017 17:14,9/14/2017 17:14,9/15/2017 16:46,9/15/2017 18:00,9/19/2017 11:45,4118.26,4400.0,-281.74,1903.4,DRV,,,False,0,Carrier 1695513,Shipper 1386,True,True,True,9/15/2017 18:00,9/19/2017 13:00,False,False,False,False,False,False,False,False,Baldwinsville,NY ,Baldwinsville,NY 
397,206532057,9/14/2017 17:14,9/14/2017 17:14,9/15/2017 16:46,9/15/2017 18:00,9/19/2017 11:45,4118.26,4400.0,-281.74,1903.4,DRV,,,False,0,Carrier 1695513,Shipper 1248,True,True,True,9/15/2017 18:00,9/19/2017 13:00,False,False,False,False,False,False,False,False,Baldwinsville,NY ,Baldwinsville,NY 
398,206532057,9/14/2017 17:14,9/14/2017 17:14,9/15/2017 16:46,9/15/2017 18:00,9/19/2017 11:45,4118.26,4400.0,-281.74,1903.4,DRV,,,False,0,Carrier 1695513,Shipper 1387,True,True,True,9/15/2017 18:00,9/19/2017 13:00,False,False,False,False,False,False,False,False,Baldwinsville,NY ,Baldwinsville,NY 
399,206532057,9/14/2017 17:14,9/14/2017 17:14,9/15/2017 16:46,9/15/2017 18:00,9/19/2017 11:45,4118.26,4400.0,-281.74,1903.4,DRV,,,False,0,Carrier 1695513,Shipper 1388,True,True,True,9/15/2017 18:00,9/19/2017 13:00,False,False,False,False,False,False,False,False,Baldwinsville,NY ,Baldwinsville,NY 
400,206586825,12/1/2017 16:15,12/1/2017 16:15,12/4/2017 10:12,12/4/2017 7:00,12/6/2017 10:00,4114.33,3100.0,1014.33,897.0,DRV,,dat_in,False,0,Carrier 84317,Shipper 1249,True,True,True,12/4/2017 22:00,12/6/2017 10:00,False,False,False,False,False,False,False,False,Sapulpa,OK ,Sapulpa,OK 
401,206586825,12/1/2017 16:15,12/1/2017 16:15,12/4/2017 10:12,12/4/2017 7:00,12/6/2017 10:00,4114.33,3100.0,1014.33,897.0,DRV,,dat_in,False,0,Carrier 84317,Shipper 1375,True,True,True,12/4/2017 22:00,12/6/2017 10:00,False,False,False,False,False,False,False,False,Sapulpa,OK ,Sapulpa,OK 
402,206586825,12/1/2017 16:15,12/1/2017 16:15,12/4/2017 10:12,12/4/2017 7:00,12/6/2017 10:00,4114.33,3100.0,1014.33,897.0,DRV,,dat_in,False,0,Carrier 84317,Shipper 1386,True,True,True,12/4/2017 22:00,12/6/2017 10:00,False,False,False,False,False,False,False,False,Sapulpa,OK ,Sapulpa,OK 
403,206586825,12/1/2017 16:15,12/1/2017 16:15,12/4/2017 10:12,12/4/2017 7:00,12/6/2017 10:00,4114.33,3100.0,1014.33,897.0,DRV,,dat_in,False,0,Carrier 84317,Shipper 1248,True,True,True,12/4/2017 22:00,12/6/2017 10:00,False,False,False,False,False,False,False,False,Sapulpa,OK ,Sapulpa,OK 
404,206586825,12/1/2017 16:15,12/1/2017 16:15,12/4/2017 10:12,12/4/2017 7:00,12/6/2017 10:00,4114.33,3100.0,1014.33,897.0,DRV,,dat_in,False,0,Carrier 84317,Shipper 1387,True,True,True,12/4/2017 22:00,12/6/2017 10:00,False,False,False,False,False,False,False,False,Sapulpa,OK ,Sapulpa,OK 
405,206586825,12/1/2017 16:15,12/1/2017 16:15,12/4/2017 10:12,12/4/2017 7:00,12/6/2017 10:00,4114.33,3100.0,1014.33,897.0,DRV,,dat_in,False,0,Carrier 84317,Shipper 1388,True,True,True,12/4/2017 22:00,12/6/2017 10:00,False,False,False,False,False,False,False,False,Sapulpa,OK ,Sapulpa,OK 
406,206653193,11/28/2017 16:25,11/28/2017 16:26,11/28/2017 17:08,11/29/2017 12:00,11/30/2017 10:25,4103.48,1540.0,2563.48,390.6,DRV,,,True,0,Carrier 69267,Shipper 1644,True,True,True,11/29/2017 12:00,11/30/2017 11:00,False,False,False,False,False,False,False,False,Rossville,GA ,Rossville,GA 
407,206640657,2/16/2017 12:23,2/16/2017 12:23,2/16/2017 12:58,2/16/2017 11:00,2/20/2017 11:30,4100.0,3800.0,300.0,2521.3,DRV,,,False,0,Carrier 93448,Shipper 585,True,True,True,2/16/2017 21:00,2/20/2017 10:00,False,False,False,False,False,False,False,False,Compton,CA ,Compton,CA 
408,206425481,9/20/2017 17:14,9/20/2017 17:14,9/25/2017 9:23,9/25/2017 10:00,9/28/2017 3:00,4094.5,4400.0,-305.5,1805.9,RFR,,,False,0,Carrier 1569931,Shipper 1249,True,True,True,9/25/2017 11:00,9/27/2017 23:55,False,False,False,False,False,False,False,False,Fort Collins,CO ,Fort Collins,CO 
409,206425481,9/20/2017 17:14,9/20/2017 17:14,9/25/2017 9:23,9/25/2017 10:00,9/28/2017 3:00,4094.5,4400.0,-305.5,1805.9,RFR,,,False,0,Carrier 1569931,Shipper 1375,True,True,True,9/25/2017 11:00,9/27/2017 23:55,False,False,False,False,False,False,False,False,Fort Collins,CO ,Fort Collins,CO 
410,206425481,9/20/2017 17:14,9/20/2017 17:14,9/25/2017 9:23,9/25/2017 10:00,9/28/2017 3:00,4094.5,4400.0,-305.5,1805.9,RFR,,,False,0,Carrier 1569931,Shipper 1386,True,True,True,9/25/2017 11:00,9/27/2017 23:55,False,False,False,False,False,False,False,False,Fort Collins,CO ,Fort Collins,CO 
411,206425481,9/20/2017 17:14,9/20/2017 17:14,9/25/2017 9:23,9/25/2017 10:00,9/28/2017 3:00,4094.5,4400.0,-305.5,1805.9,RFR,,,False,0,Carrier 1569931,Shipper 1248,True,True,True,9/25/2017 11:00,9/27/2017 23:55,False,False,False,False,False,False,False,False,Fort Collins,CO ,Fort Collins,CO 
412,206425481,9/20/2017 17:14,9/20/2017 17:14,9/25/2017 9:23,9/25/2017 10:00,9/28/2017 3:00,4094.5,4400.0,-305.5,1805.9,RFR,,,False,0,Carrier 1569931,Shipper 1387,True,True,True,9/25/2017 11:00,9/27/2017 23:55,False,False,False,False,False,False,False,False,Fort Collins,CO ,Fort Collins,CO 
413,206425481,9/20/2017 17:14,9/20/2017 17:14,9/25/2017 9:23,9/25/2017 10:00,9/28/2017 3:00,4094.5,4400.0,-305.5,1805.9,RFR,,,False,0,Carrier 1569931,Shipper 1388,True,True,True,9/25/2017 11:00,9/27/2017 23:55,False,False,False,False,False,False,False,False,Fort Collins,CO ,Fort Collins,CO 
414,206503745,11/20/2017 8:36,11/20/2017 8:37,11/21/2017 12:54,11/22/2017 13:00,11/24/2017 18:45,4090.17,3900.0,190.17,1461.7,DRV,,,False,0,Carrier 1072372,Shipper 1644,True,True,True,11/22/2017 13:00,11/24/2017 15:00,False,False,False,False,False,False,False,False,Ontario,CA ,Ontario,CA 
415,206491201,10/12/2017 12:37,10/12/2017 12:37,10/18/2017 9:11,10/19/2017 14:00,10/23/2017 13:00,4083.1,3846.0,237.1,2331.3,DRV,,,True,0,Carrier 1229009,Shipper 1644,True,True,True,10/19/2017 14:00,10/23/2017 12:00,False,False,False,False,False,False,False,False,Etowah,TN ,Etowah,TN 
416,206551225,11/20/2017 9:06,11/20/2017 9:06,11/21/2017 8:42,11/21/2017 14:00,11/23/2017 15:30,4082.17,1600.0,2482.17,1025.2,DRV,,,False,0,Carrier 1573290,Shipper 1644,True,True,True,11/21/2017 14:00,11/23/2017 11:00,False,False,False,False,False,False,False,False,Trenton,MO ,Trenton,MO 
417,206548105,7/11/2017 11:17,7/11/2017 11:17,7/12/2017 10:51,7/13/2017 17:00,7/17/2017 17:00,4080.0,3740.0,340.0,2219.9,DRV,,,False,0,Carrier 93448,Shipper 585,True,True,True,7/13/2017 23:00,7/17/2017 9:00,False,False,False,False,False,False,False,False,Carson,CA ,Carson,CA 
418,206428745,11/27/2017 15:36,11/27/2017 15:36,11/30/2017 10:50,12/1/2017 14:00,12/4/2017 13:15,4076.11,4000.0,76.11,1750.8,DRV,,,False,0,Carrier 1239822,Shipper 1644,True,True,True,12/1/2017 14:00,12/4/2017 10:00,False,False,False,False,False,False,False,False,Lakewood,NY ,Lakewood,NY 
419,206428761,12/18/2017 13:24,12/18/2017 13:24,12/18/2017 17:07,12/18/2017 15:00,12/19/2017 20:05,4075.0,5000.0,-925.0,814.2,DRV,,dat_out,False,1,Carrier 972055,Shipper 832,True,False,False,12/18/2017 19:00,12/19/2017 11:00,False,False,False,False,False,False,False,False,Fostoria,OH ,Fostoria,OH 
420,206652113,9/27/2017 16:27,9/27/2017 16:27,9/29/2017 8:21,9/29/2017 17:00,10/2/2017 16:45,4069.92,4000.0,69.92,1086.8,DRV,,,False,0,Carrier 113604,Shipper 1249,True,True,True,9/29/2017 17:00,10/2/2017 13:00,False,False,False,False,False,False,False,False,St. Louis,MO ,St. Louis,MO 
421,206652113,9/27/2017 16:27,9/27/2017 16:27,9/29/2017 8:21,9/29/2017 17:00,10/2/2017 16:45,4069.92,4000.0,69.92,1086.8,DRV,,,False,0,Carrier 113604,Shipper 1375,True,True,True,9/29/2017 17:00,10/2/2017 13:00,False,False,False,False,False,False,False,False,St. Louis,MO ,St. Louis,MO 
422,206652113,9/27/2017 16:27,9/27/2017 16:27,9/29/2017 8:21,9/29/2017 17:00,10/2/2017 16:45,4069.92,4000.0,69.92,1086.8,DRV,,,False,0,Carrier 113604,Shipper 1386,True,True,True,9/29/2017 17:00,10/2/2017 13:00,False,False,False,False,False,False,False,False,St. Louis,MO ,St. Louis,MO 
423,206652113,9/27/2017 16:27,9/27/2017 16:27,9/29/2017 8:21,9/29/2017 17:00,10/2/2017 16:45,4069.92,4000.0,69.92,1086.8,DRV,,,False,0,Carrier 113604,Shipper 1248,True,True,True,9/29/2017 17:00,10/2/2017 13:00,False,False,False,False,False,False,False,False,St. Louis,MO ,St. Louis,MO 
424,206652113,9/27/2017 16:27,9/27/2017 16:27,9/29/2017 8:21,9/29/2017 17:00,10/2/2017 16:45,4069.92,4000.0,69.92,1086.8,DRV,,,False,0,Carrier 113604,Shipper 1387,True,True,True,9/29/2017 17:00,10/2/2017 13:00,False,False,False,False,False,False,False,False,St. Louis,MO ,St. Louis,MO 
425,206652113,9/27/2017 16:27,9/27/2017 16:27,9/29/2017 8:21,9/29/2017 17:00,10/2/2017 16:45,4069.92,4000.0,69.92,1086.8,DRV,,,False,0,Carrier 113604,Shipper 1388,True,True,True,9/29/2017 17:00,10/2/2017 13:00,False,False,False,False,False,False,False,False,St. Louis,MO ,St. Louis,MO 
426,206534001,11/6/2017 18:20,11/6/2017 18:20,11/7/2017 9:36,11/7/2017 12:00,11/9/2017 15:00,4058.61,4000.0,58.61,1750.8,DRV,,,False,0,Carrier 31780,Shipper 1644,True,True,True,11/7/2017 12:00,11/9/2017 12:00,False,False,False,False,False,False,False,False,Lakewood,NY ,Lakewood,NY 
427,206542169,5/31/2017 13:27,5/31/2017 13:27,5/31/2017 18:40,5/31/2017 19:00,6/1/2017 10:00,4047.0,3500.0,547.0,267.6,RFR,,,False,0,Carrier 1592494,Shipper 1249,True,True,True,5/31/2017 19:00,6/1/2017 15:00,False,False,False,False,False,False,False,False,Baldwinsville,NY ,Baldwinsville,NY 
428,206542169,5/31/2017 13:27,5/31/2017 13:27,5/31/2017 18:40,5/31/2017 19:00,6/1/2017 10:00,4047.0,3500.0,547.0,267.6,RFR,,,False,0,Carrier 1592494,Shipper 1375,True,True,True,5/31/2017 19:00,6/1/2017 15:00,False,False,False,False,False,False,False,False,Baldwinsville,NY ,Baldwinsville,NY 
429,206542169,5/31/2017 13:27,5/31/2017 13:27,5/31/2017 18:40,5/31/2017 19:00,6/1/2017 10:00,4047.0,3500.0,547.0,267.6,RFR,,,False,0,Carrier 1592494,Shipper 1386,True,True,True,5/31/2017 19:00,6/1/2017 15:00,False,False,False,False,False,False,False,False,Baldwinsville,NY ,Baldwinsville,NY 
430,206542169,5/31/2017 13:27,5/31/2017 13:27,5/31/2017 18:40,5/31/2017 19:00,6/1/2017 10:00,4047.0,3500.0,547.0,267.6,RFR,,,False,0,Carrier 1592494,Shipper 1248,True,True,True,5/31/2017 19:00,6/1/2017 15:00,False,False,False,False,False,False,False,False,Baldwinsville,NY ,Baldwinsville,NY 
431,206542169,5/31/2017 13:27,5/31/2017 13:27,5/31/2017 18:40,5/31/2017 19:00,6/1/2017 10:00,4047.0,3500.0,547.0,267.6,RFR,,,False,0,Carrier 1592494,Shipper 1387,True,True,True,5/31/2017 19:00,6/1/2017 15:00,False,False,False,False,False,False,False,False,Baldwinsville,NY ,Baldwinsville,NY 
432,206542169,5/31/2017 13:27,5/31/2017 13:27,5/31/2017 18:40,5/31/2017 19:00,6/1/2017 10:00,4047.0,3500.0,547.0,267.6,RFR,,,False,0,Carrier 1592494,Shipper 1388,True,True,True,5/31/2017 19:00,6/1/2017 15:00,False,False,False,False,False,False,False,False,Baldwinsville,NY ,Baldwinsville,NY 
433,206490585,11/14/2017 17:17,11/14/2017 17:17,11/15/2017 16:06,11/17/2017 14:00,11/18/2017 14:45,4046.47,1124.0,2922.47,522.2,DRV,,,True,0,Carrier 19121,Shipper 1644,True,True,True,11/17/2017 14:00,11/18/2017 9:00,False,False,False,False,False,False,False,False,Topton,PA ,Topton,PA 
434,206427841,11/21/2017 8:44,11/21/2017 8:44,11/21/2017 15:45,11/22/2017 17:00,11/24/2017 7:00,4040.15,4300.0,-259.85,1478.7,DRV,,,False,0,Carrier 1262311,Shipper 1644,True,True,True,11/22/2017 17:00,11/24/2017 10:00,False,False,False,False,False,False,False,False,Dublin,VA ,Dublin,VA 
435,206522625,9/20/2017 17:09,9/20/2017 17:09,9/22/2017 12:25,9/23/2017 16:00,9/25/2017 13:24,4015.32,3800.0,215.32,960.6,RFR,,,False,0,Carrier 1589458,Shipper 1249,True,True,True,9/23/2017 16:00,9/25/2017 11:30,False,False,False,False,False,False,False,False,Fort Collins,CO ,Fort Collins,CO 
436,206522625,9/20/2017 17:09,9/20/2017 17:09,9/22/2017 12:25,9/23/2017 16:00,9/25/2017 13:24,4015.32,3800.0,215.32,960.6,RFR,,,False,0,Carrier 1589458,Shipper 1375,True,True,True,9/23/2017 16:00,9/25/2017 11:30,False,False,False,False,False,False,False,False,Fort Collins,CO ,Fort Collins,CO 
437,206522625,9/20/2017 17:09,9/20/2017 17:09,9/22/2017 12:25,9/23/2017 16:00,9/25/2017 13:24,4015.32,3800.0,215.32,960.6,RFR,,,False,0,Carrier 1589458,Shipper 1386,True,True,True,9/23/2017 16:00,9/25/2017 11:30,False,False,False,False,False,False,False,False,Fort Collins,CO ,Fort Collins,CO 
438,206522625,9/20/2017 17:09,9/20/2017 17:09,9/22/2017 12:25,9/23/2017 16:00,9/25/2017 13:24,4015.32,3800.0,215.32,960.6,RFR,,,False,0,Carrier 1589458,Shipper 1248,True,True,True,9/23/2017 16:00,9/25/2017 11:30,False,False,False,False,False,False,False,False,Fort Collins,CO ,Fort Collins,CO 
439,206522625,9/20/2017 17:09,9/20/2017 17:09,9/22/2017 12:25,9/23/2017 16:00,9/25/2017 13:24,4015.32,3800.0,215.32,960.6,RFR,,,False,0,Carrier 1589458,Shipper 1387,True,True,True,9/23/2017 16:00,9/25/2017 11:30,False,False,False,False,False,False,False,False,Fort Collins,CO ,Fort Collins,CO 
440,206522625,9/20/2017 17:09,9/20/2017 17:09,9/22/2017 12:25,9/23/2017 16:00,9/25/2017 13:24,4015.32,3800.0,215.32,960.6,RFR,,,False,0,Carrier 1589458,Shipper 1388,True,True,True,9/23/2017 16:00,9/25/2017 11:30,False,False,False,False,False,False,False,False,Fort Collins,CO ,Fort Collins,CO 
441,206708729,7/20/2017 15:43,7/20/2017 15:43,7/26/2017 13:08,7/27/2017 8:00,8/1/2017 13:00,4000.0,3960.0,40.0,2799.1,DRV,,,False,1,Carrier 1102170,Shipper 1184,True,True,True,7/27/2017 12:00,8/2/2017 11:00,False,False,False,False,False,False,False,False,Burlington,NC ,Burlington,NC 
442,206703937,3/1/2017 17:50,3/1/2017 17:50,3/3/2017 11:03,3/3/2017 19:00,3/6/2017 11:00,4000.0,3800.0,200.0,2509.6,DRV,,,False,0,Carrier 93448,Shipper 585,True,True,True,3/3/2017 19:00,3/6/2017 9:00,False,False,False,False,False,False,False,False,Santa Ana,CA ,Santa Ana,CA 
443,206587801,8/21/2017 15:55,8/21/2017 15:55,8/21/2017 16:11,8/21/2017 18:00,8/25/2017 8:30,4000.0,3700.0,300.0,2190.7,DRV,,,False,0,Carrier 93448,Shipper 585,True,True,True,8/21/2017 20:00,8/25/2017 8:30,False,False,False,False,False,False,False,False,Compton,CA ,Compton,CA 
444,206512297,2/7/2017 15:21,2/7/2017 15:21,2/8/2017 15:32,2/10/2017 12:00,2/14/2017 11:30,4000.0,3800.0,200.0,2547.4,DRV,2.0,,False,0,Carrier 93448,Shipper 585,True,True,True,2/10/2017 12:00,2/14/2017 10:00,False,False,False,False,False,False,False,False,Santa Ana,CA ,Santa Ana,CA 
445,206587729,2/24/2017 10:22,2/24/2017 10:22,2/24/2017 14:58,2/27/2017 12:00,3/2/2017 15:00,4000.0,3800.0,200.0,2547.4,DRV,4.0,,False,0,Carrier 93448,Shipper 585,False,True,True,2/27/2017 12:00,3/3/2017 10:00,False,False,False,False,False,False,False,False,Santa Ana,CA ,Santa Ana,CA 
446,206428609,9/15/2017 16:42,9/15/2017 16:42,10/5/2017 11:32,10/14/2017 23:00,10/17/2017 15:00,4000.0,3100.0,900.0,1147.0,DRV,,,False,0,Carrier 1215454,Shipper 585,True,True,True,10/14/2017 23:00,10/17/2017 13:00,False,False,False,False,False,False,False,False,Santa Ana,CA ,Santa Ana,CA 
447,206476145,10/9/2017 14:30,10/9/2017 14:30,10/19/2017 11:19,10/19/2017 17:00,10/23/2017 11:30,4000.0,3500.0,500.0,2007.3,DRV,,,False,0,Carrier 369761,Shipper 585,True,True,True,10/19/2017 19:00,10/23/2017 9:30,False,False,False,False,False,False,False,False,Compton,CA ,Compton,CA 
448,206430593,9/15/2017 16:31,9/15/2017 16:31,9/15/2017 17:26,9/20/2017 19:00,9/22/2017 13:45,4000.0,3200.0,800.0,1147.0,DRV,,,False,0,Carrier 72416,Shipper 585,True,True,True,9/20/2017 19:00,9/22/2017 13:00,False,False,False,False,False,False,False,False,Santa Ana,CA ,Santa Ana,CA 
449,206547209,3/8/2017 9:19,3/8/2017 9:20,3/9/2017 10:39,3/10/2017 13:00,3/14/2017 10:00,3990.0,3800.0,190.0,2509.6,DRV,,,False,0,Carrier 93448,Shipper 585,True,True,True,3/10/2017 13:00,3/14/2017 8:00,False,False,False,False,False,False,False,False,Santa Ana,CA ,Santa Ana,CA 
450,206506321,3/8/2017 9:17,3/8/2017 9:17,3/8/2017 18:12,3/9/2017 18:30,3/13/2017 11:00,3990.0,3800.0,190.0,2509.6,DRV,,,False,0,Carrier 93448,Shipper 585,True,True,True,3/9/2017 18:30,3/13/2017 10:30,False,False,False,False,False,False,False,False,Santa Ana,CA ,Santa Ana,CA 
451,206544825,11/8/2017 9:46,11/8/2017 9:46,11/9/2017 18:19,11/10/2017 15:00,11/13/2017 11:00,3986.45,3800.0,186.45,1880.2,DRV,,,False,1,Carrier 1071033,Shipper 1644,True,True,True,11/10/2017 15:00,11/13/2017 9:00,False,False,False,False,False,False,False,False,Brownsville,TX ,Brownsville,TX 
452,206528433,4/10/2017 16:57,4/10/2017 16:57,4/10/2017 18:01,4/11/2017 14:00,4/14/2017 13:00,3971.51,4250.0,-278.49,2047.6,DRV,4.0,,False,0,Carrier 114413,Shipper 1249,True,True,True,4/11/2017 14:00,4/14/2017 7:00,False,False,False,False,False,False,False,False,St. Louis,MO ,St. Louis,MO 
453,206528433,4/10/2017 16:57,4/10/2017 16:57,4/10/2017 18:01,4/11/2017 14:00,4/14/2017 13:00,3971.51,4250.0,-278.49,2047.6,DRV,4.0,,False,0,Carrier 114413,Shipper 1375,True,True,True,4/11/2017 14:00,4/14/2017 7:00,False,False,False,False,False,False,False,False,St. Louis,MO ,St. Louis,MO 
454,206528433,4/10/2017 16:57,4/10/2017 16:57,4/10/2017 18:01,4/11/2017 14:00,4/14/2017 13:00,3971.51,4250.0,-278.49,2047.6,DRV,4.0,,False,0,Carrier 114413,Shipper 1386,True,True,True,4/11/2017 14:00,4/14/2017 7:00,False,False,False,False,False,False,False,False,St. Louis,MO ,St. Louis,MO 
455,206528433,4/10/2017 16:57,4/10/2017 16:57,4/10/2017 18:01,4/11/2017 14:00,4/14/2017 13:00,3971.51,4250.0,-278.49,2047.6,DRV,4.0,,False,0,Carrier 114413,Shipper 1248,True,True,True,4/11/2017 14:00,4/14/2017 7:00,False,False,False,False,False,False,False,False,St. Louis,MO ,St. Louis,MO 
456,206528433,4/10/2017 16:57,4/10/2017 16:57,4/10/2017 18:01,4/11/2017 14:00,4/14/2017 13:00,3971.51,4250.0,-278.49,2047.6,DRV,4.0,,False,0,Carrier 114413,Shipper 1387,True,True,True,4/11/2017 14:00,4/14/2017 7:00,False,False,False,False,False,False,False,False,St. Louis,MO ,St. Louis,MO 
457,206528433,4/10/2017 16:57,4/10/2017 16:57,4/10/2017 18:01,4/11/2017 14:00,4/14/2017 13:00,3971.51,4250.0,-278.49,2047.6,DRV,4.0,,False,0,Carrier 114413,Shipper 1388,True,True,True,4/11/2017 14:00,4/14/2017 7:00,False,False,False,False,False,False,False,False,St. Louis,MO ,St. Louis,MO 
458,206571825,6/20/2017 17:44,6/20/2017 17:44,6/21/2017 15:40,6/21/2017 13:00,6/24/2017 12:40,3955.67,4200.0,-244.33,1602.4,RFR,,,False,1,Carrier 1244511,Shipper 758,False,True,True,6/21/2017 22:00,6/24/2017 11:00,False,False,False,False,False,False,False,False,Nogales,AZ ,Nogales,AZ 
459,206468985,8/4/2017 16:22,8/4/2017 16:22,8/8/2017 12:49,8/8/2017 13:00,8/11/2017 15:40,3953.1,3800.0,153.1,1620.4,DRV,,,False,0,Carrier 1058232,Shipper 1249,False,True,False,8/8/2017 13:00,8/11/2017 15:00,False,False,False,False,False,False,False,False,St. Louis,MO ,St. Louis,MO 
460,206468985,8/4/2017 16:22,8/4/2017 16:22,8/8/2017 12:49,8/8/2017 13:00,8/11/2017 15:40,3953.1,3800.0,153.1,1620.4,DRV,,,False,0,Carrier 1058232,Shipper 1375,False,True,False,8/8/2017 13:00,8/11/2017 15:00,False,False,False,False,False,False,False,False,St. Louis,MO ,St. Louis,MO 
461,206468985,8/4/2017 16:22,8/4/2017 16:22,8/8/2017 12:49,8/8/2017 13:00,8/11/2017 15:40,3953.1,3800.0,153.1,1620.4,DRV,,,False,0,Carrier 1058232,Shipper 1386,False,True,False,8/8/2017 13:00,8/11/2017 15:00,False,False,False,False,False,False,False,False,St. Louis,MO ,St. Louis,MO 
462,206468985,8/4/2017 16:22,8/4/2017 16:22,8/8/2017 12:49,8/8/2017 13:00,8/11/2017 15:40,3953.1,3800.0,153.1,1620.4,DRV,,,False,0,Carrier 1058232,Shipper 1248,False,True,False,8/8/2017 13:00,8/11/2017 15:00,False,False,False,False,False,False,False,False,St. Louis,MO ,St. Louis,MO 
463,206468985,8/4/2017 16:22,8/4/2017 16:22,8/8/2017 12:49,8/8/2017 13:00,8/11/2017 15:40,3953.1,3800.0,153.1,1620.4,DRV,,,False,0,Carrier 1058232,Shipper 1387,False,True,False,8/8/2017 13:00,8/11/2017 15:00,False,False,False,False,False,False,False,False,St. Louis,MO ,St. Louis,MO 
464,206468985,8/4/2017 16:22,8/4/2017 16:22,8/8/2017 12:49,8/8/2017 13:00,8/11/2017 15:40,3953.1,3800.0,153.1,1620.4,DRV,,,False,0,Carrier 1058232,Shipper 1388,False,True,False,8/8/2017 13:00,8/11/2017 15:00,False,False,False,False,False,False,False,False,St. Louis,MO ,St. Louis,MO 
465,206701793,2/27/2017 10:01,2/27/2017 10:01,2/27/2017 12:39,2/27/2017 9:00,3/3/2017 10:51,3950.0,3800.0,150.0,2521.3,DRV,,,False,0,Carrier 93448,Shipper 585,True,True,True,2/27/2017 20:00,3/3/2017 10:00,False,False,False,False,False,False,False,False,Compton,CA ,Compton,CA 
466,206552825,11/20/2017 8:40,11/20/2017 8:40,11/21/2017 11:03,11/22/2017 20:00,11/27/2017 12:45,3945.9,2400.0,1545.9,1319.8,DRV,,,False,1,Carrier 1035111,Shipper 1644,True,False,False,11/22/2017 20:00,11/24/2017 12:00,False,False,False,False,False,False,False,False,Canton,NC ,Canton,NC 
467,206626681,10/17/2017 16:18,10/17/2017 16:18,10/18/2017 10:24,10/18/2017 14:00,10/20/2017 11:30,3921.48,3800.0,121.48,1197.7,DRV,,,False,0,Carrier 516466,Shipper 1249,True,True,True,10/18/2017 14:00,10/20/2017 11:00,False,False,False,False,False,False,False,False,St. Louis,MO ,St. Louis,MO 
468,206626681,10/17/2017 16:18,10/17/2017 16:18,10/18/2017 10:24,10/18/2017 14:00,10/20/2017 11:30,3921.48,3800.0,121.48,1197.7,DRV,,,False,0,Carrier 516466,Shipper 1375,True,True,True,10/18/2017 14:00,10/20/2017 11:00,False,False,False,False,False,False,False,False,St. Louis,MO ,St. Louis,MO 
469,206626681,10/17/2017 16:18,10/17/2017 16:18,10/18/2017 10:24,10/18/2017 14:00,10/20/2017 11:30,3921.48,3800.0,121.48,1197.7,DRV,,,False,0,Carrier 516466,Shipper 1386,True,True,True,10/18/2017 14:00,10/20/2017 11:00,False,False,False,False,False,False,False,False,St. Louis,MO ,St. Louis,MO 
470,206626681,10/17/2017 16:18,10/17/2017 16:18,10/18/2017 10:24,10/18/2017 14:00,10/20/2017 11:30,3921.48,3800.0,121.48,1197.7,DRV,,,False,0,Carrier 516466,Shipper 1248,True,True,True,10/18/2017 14:00,10/20/2017 11:00,False,False,False,False,False,False,False,False,St. Louis,MO ,St. Louis,MO 
471,206626681,10/17/2017 16:18,10/17/2017 16:18,10/18/2017 10:24,10/18/2017 14:00,10/20/2017 11:30,3921.48,3800.0,121.48,1197.7,DRV,,,False,0,Carrier 516466,Shipper 1387,True,True,True,10/18/2017 14:00,10/20/2017 11:00,False,False,False,False,False,False,False,False,St. Louis,MO ,St. Louis,MO 
472,206626681,10/17/2017 16:18,10/17/2017 16:18,10/18/2017 10:24,10/18/2017 14:00,10/20/2017 11:30,3921.48,3800.0,121.48,1197.7,DRV,,,False,0,Carrier 516466,Shipper 1388,True,True,True,10/18/2017 14:00,10/20/2017 11:00,False,False,False,False,False,False,False,False,St. Louis,MO ,St. Louis,MO 
473,206529369,8/15/2017 16:17,8/15/2017 16:17,8/21/2017 8:26,8/21/2017 16:00,8/25/2017 5:15,3919.2,3500.0,419.2,1681.7,RFR,,,False,0,Carrier 114297,Shipper 1044,True,True,True,8/21/2017 16:00,8/25/2017 5:00,False,False,False,False,False,False,False,False,Eagan,MN ,Eagan,MN 
474,206662417,8/17/2017 10:02,8/17/2017 10:02,8/18/2017 9:00,8/21/2017 14:30,8/25/2017 13:30,3909.3,3283.0,626.3,2074.2,RFR,,,False,1,Carrier 945244,Shipper 758,True,True,True,8/21/2017 14:30,8/25/2017 7:00,False,False,False,False,False,False,False,False,Geneva,IL ,Geneva,IL 
475,206728121,10/10/2017 18:47,10/10/2017 18:47,10/12/2017 9:51,10/12/2017 16:00,10/16/2017 16:00,3904.0,3304.0,600.0,2772.7,DRV,,,False,0,Carrier 102897,Shipper 585,True,True,True,10/12/2017 17:00,10/16/2017 12:00,False,False,False,False,False,False,False,False,Plant City,FL ,Plant City,FL 
476,206522393,3/28/2017 11:57,3/28/2017 11:58,3/29/2017 14:42,3/30/2017 16:00,4/5/2017 10:00,3900.0,3800.0,100.0,2509.6,DRV,,,False,0,Carrier 93448,Shipper 585,True,False,False,3/30/2017 16:00,4/5/2017 7:00,False,False,False,False,False,False,False,False,Santa Ana,CA ,Santa Ana,CA 
477,206427081,9/20/2017 17:26,9/20/2017 17:26,9/21/2017 9:40,9/22/2017 20:00,9/24/2017 21:30,3899.28,3300.0,599.28,919.9,DRV,,,False,0,Carrier 31074,Shipper 1249,True,True,True,9/22/2017 20:00,9/24/2017 23:00,False,False,False,False,False,False,False,False,Newark,NJ ,Newark,NJ 
478,206427081,9/20/2017 17:26,9/20/2017 17:26,9/21/2017 9:40,9/22/2017 20:00,9/24/2017 21:30,3899.28,3300.0,599.28,919.9,DRV,,,False,0,Carrier 31074,Shipper 1375,True,True,True,9/22/2017 20:00,9/24/2017 23:00,False,False,False,False,False,False,False,False,Newark,NJ ,Newark,NJ 
479,206427081,9/20/2017 17:26,9/20/2017 17:26,9/21/2017 9:40,9/22/2017 20:00,9/24/2017 21:30,3899.28,3300.0,599.28,919.9,DRV,,,False,0,Carrier 31074,Shipper 1386,True,True,True,9/22/2017 20:00,9/24/2017 23:00,False,False,False,False,False,False,False,False,Newark,NJ ,Newark,NJ 
480,206427081,9/20/2017 17:26,9/20/2017 17:26,9/21/2017 9:40,9/22/2017 20:00,9/24/2017 21:30,3899.28,3300.0,599.28,919.9,DRV,,,False,0,Carrier 31074,Shipper 1248,True,True,True,9/22/2017 20:00,9/24/2017 23:00,False,False,False,False,False,False,False,False,Newark,NJ ,Newark,NJ 
481,206427081,9/20/2017 17:26,9/20/2017 17:26,9/21/2017 9:40,9/22/2017 20:00,9/24/2017 21:30,3899.28,3300.0,599.28,919.9,DRV,,,False,0,Carrier 31074,Shipper 1387,True,True,True,9/22/2017 20:00,9/24/2017 23:00,False,False,False,False,False,False,False,False,Newark,NJ ,Newark,NJ 
482,206427081,9/20/2017 17:26,9/20/2017 17:26,9/21/2017 9:40,9/22/2017 20:00,9/24/2017 21:30,3899.28,3300.0,599.28,919.9,DRV,,,False,0,Carrier 31074,Shipper 1388,True,True,True,9/22/2017 20:00,9/24/2017 23:00,False,False,False,False,False,False,False,False,Newark,NJ ,Newark,NJ 
483,206641169,9/13/2017 11:05,9/13/2017 11:05,9/13/2017 15:53,9/14/2017 10:00,9/18/2017 14:24,3885.82,2800.0,1085.82,2114.1,DRV,,,False,0,Carrier 765902,Shipper 1644,True,True,True,9/14/2017 14:00,9/18/2017 9:30,False,False,False,False,False,False,False,False,Portland,OR ,Portland,OR 
484,206438145,11/20/2017 8:00,11/20/2017 8:00,11/20/2017 17:25,11/21/2017 20:00,11/23/2017 14:00,3879.92,2400.0,1479.92,1319.8,DRV,,,False,0,Carrier 1035111,Shipper 1644,True,True,True,11/21/2017 20:00,11/23/2017 13:00,False,False,False,False,False,False,False,False,Canton,NC ,Canton,NC 
485,206657289,11/6/2017 10:30,11/6/2017 10:30,11/8/2017 13:15,11/9/2017 14:30,11/10/2017 22:15,3878.18,2500.0,1378.18,1445.9,DRV,,,True,0,Carrier 1687657,Shipper 1644,True,True,True,11/9/2017 14:30,11/10/2017 21:00,False,False,False,False,False,False,False,False,North Charleston,SC ,North Charleston,SC 
486,206602889,10/20/2017 13:40,10/20/2017 13:40,10/23/2017 10:51,10/28/2017 14:30,10/30/2017 3:35,3878.18,2500.0,1378.18,1445.9,DRV,,,True,0,Carrier 1687657,Shipper 1644,True,False,False,10/28/2017 14:30,10/29/2017 22:30,False,False,False,False,False,False,False,False,North Charleston,SC ,North Charleston,SC 
487,206712873,11/6/2017 10:42,11/6/2017 10:42,11/9/2017 12:27,11/12/2017 13:00,11/14/2017 0:55,3878.18,2500.0,1378.18,1445.9,DRV,,,True,0,Carrier 1687657,Shipper 1644,True,True,True,11/12/2017 13:00,11/13/2017 22:00,False,False,False,False,False,False,False,False,North Charleston,SC ,North Charleston,SC 
488,206554729,10/30/2017 9:55,10/30/2017 9:55,10/31/2017 9:47,11/1/2017 14:00,11/2/2017 23:55,3878.18,2500.0,1378.18,1445.9,DRV,,,True,0,Carrier 1687657,Shipper 1644,True,True,True,11/1/2017 14:00,11/2/2017 20:30,False,False,False,False,False,False,False,False,North Charleston,SC ,North Charleston,SC 
489,206553769,10/30/2017 10:28,10/30/2017 10:28,11/1/2017 12:27,11/4/2017 14:30,11/6/2017 15:30,3878.18,2500.0,1378.18,1445.9,DRV,,,True,0,Carrier 1687657,Shipper 1644,True,True,True,11/4/2017 14:30,11/5/2017 21:00,False,False,False,False,False,False,False,False,North Charleston,SC ,North Charleston,SC 
490,206554713,10/20/2017 13:13,10/20/2017 13:13,10/20/2017 16:39,10/23/2017 14:30,10/24/2017 17:45,3878.18,2500.0,1378.18,1445.9,DRV,,,True,0,Carrier 1687657,Shipper 1644,True,True,True,10/23/2017 14:30,10/24/2017 22:30,False,False,False,False,False,False,False,False,North Charleston,SC ,North Charleston,SC 
491,206478473,10/20/2017 13:27,10/20/2017 13:27,10/20/2017 16:41,10/26/2017 14:30,10/28/2017 3:30,3878.18,2500.0,1378.18,1445.9,DRV,,,True,0,Carrier 1687657,Shipper 1644,True,True,True,10/26/2017 14:30,10/27/2017 22:30,False,False,False,False,False,False,False,False,North Charleston,SC ,North Charleston,SC 
492,206551481,10/20/2017 13:30,10/20/2017 13:30,10/20/2017 16:41,10/27/2017 14:30,10/28/2017 23:40,3878.18,2500.0,1378.18,1445.9,DRV,,,True,0,Carrier 1687657,Shipper 1644,True,True,True,10/27/2017 14:30,10/28/2017 22:30,False,False,False,False,False,False,False,False,North Charleston,SC ,North Charleston,SC 
493,206527153,10/30/2017 9:52,10/30/2017 9:52,10/31/2017 11:40,10/31/2017 14:00,11/2/2017 11:11,3878.18,2950.0,928.18,1445.9,DRV,,,False,1,Carrier 1693836,Shipper 1644,True,True,True,10/31/2017 14:00,11/2/2017 9:00,False,False,False,False,False,False,False,False,North Charleston,SC ,North Charleston,SC 
494,206658033,10/20/2017 13:22,10/20/2017 13:22,10/20/2017 16:40,10/25/2017 14:30,10/26/2017 18:30,3877.01,2500.0,1377.01,1445.9,DRV,,,True,0,Carrier 1687657,Shipper 1644,True,True,True,10/25/2017 14:30,10/26/2017 22:30,False,False,False,False,False,False,False,False,North Charleston,SC ,North Charleston,SC 
495,206591097,4/11/2017 9:42,4/11/2017 9:42,4/12/2017 14:01,4/13/2017 15:00,4/17/2017 9:30,3875.0,3800.0,75.0,2509.6,DRV,4.0,,False,0,Carrier 93448,Shipper 585,True,True,True,4/13/2017 15:00,4/17/2017 8:00,False,False,False,False,False,False,False,False,Santa Ana,CA ,Santa Ana,CA 
496,206703953,4/11/2017 9:47,4/11/2017 9:47,4/12/2017 14:15,4/13/2017 17:00,4/17/2017 10:20,3875.0,3800.0,75.0,2509.6,DRV,4.0,,False,0,Carrier 93448,Shipper 585,True,True,True,4/13/2017 17:00,4/17/2017 9:00,False,False,False,False,False,False,False,False,Santa Ana,CA ,Santa Ana,CA 
497,206423017,7/19/2017 16:23,7/19/2017 16:23,7/20/2017 10:41,7/21/2017 20:00,7/25/2017 2:00,3873.78,4000.0,-126.22,2480.9,DRV,,,False,0,Carrier 999732,Shipper 1249,True,True,True,7/21/2017 20:00,7/25/2017 12:00,False,False,False,False,False,False,False,False,Fairfield,CA ,Fairfield,CA 
498,206423017,7/19/2017 16:23,7/19/2017 16:23,7/20/2017 10:41,7/21/2017 20:00,7/25/2017 2:00,3873.78,4000.0,-126.22,2480.9,DRV,,,False,0,Carrier 999732,Shipper 1375,True,True,True,7/21/2017 20:00,7/25/2017 12:00,False,False,False,False,False,False,False,False,Fairfield,CA ,Fairfield,CA 
499,206423017,7/19/2017 16:23,7/19/2017 16:23,7/20/2017 10:41,7/21/2017 20:00,7/25/2017 2:00,3873.78,4000.0,-126.22,2480.9,DRV,,,False,0,Carrier 999732,Shipper 1386,True,True,True,7/21/2017 20:00,7/25/2017 12:00,False,False,False,False,False,False,False,False,Fairfield,CA ,Fairfield,CA 
500,206423017,7/19/2017 16:23,7/19/2017 16:23,7/20/2017 10:41,7/21/2017 20:00,7/25/2017 2:00,3873.78,4000.0,-126.22,2480.9,DRV,,,False,0,Carrier 999732,Shipper 1248,True,True,True,7/21/2017 20:00,7/25/2017 12:00,False,False,False,False,False,False,False,False,Fairfield,CA ,Fairfield,CA 
501,206423017,7/19/2017 16:23,7/19/2017 16:23,7/20/2017 10:41,7/21/2017 20:00,7/25/2017 2:00,3873.78,4000.0,-126.22,2480.9,DRV,,,False,0,Carrier 999732,Shipper 1387,True,True,True,7/21/2017 20:00,7/25/2017 12:00,False,False,False,False,False,False,False,False,Fairfield,CA ,Fairfield,CA 
502,206423017,7/19/2017 16:23,7/19/2017 16:23,7/20/2017 10:41,7/21/2017 20:00,7/25/2017 2:00,3873.78,4000.0,-126.22,2480.9,DRV,,,False,0,Carrier 999732,Shipper 1388,True,True,True,7/21/2017 20:00,7/25/2017 12:00,False,False,False,False,False,False,False,False,Fairfield,CA ,Fairfield,CA 
503,206441113,10/11/2017 16:23,10/11/2017 16:23,10/12/2017 13:57,10/13/2017 8:00,10/16/2017 14:00,3873.11,4000.0,-126.89,2331.3,DRV,,,False,0,Carrier 1695411,Shipper 1644,True,True,True,10/13/2017 9:00,10/16/2017 12:00,False,False,False,False,False,False,False,False,Etowah,TN ,Etowah,TN 
504,206478489,10/30/2017 10:15,10/30/2017 10:15,11/1/2017 12:27,11/3/2017 14:30,11/4/2017 23:00,3872.67,2500.0,1372.67,1445.9,DRV,,,True,0,Carrier 1687657,Shipper 1644,True,True,True,11/3/2017 14:30,11/4/2017 21:00,False,False,False,False,False,False,False,False,North Charleston,SC ,North Charleston,SC 
505,206480985,9/15/2017 17:01,9/15/2017 17:01,9/19/2017 15:58,9/19/2017 18:00,9/22/2017 12:00,3866.78,3800.0,66.78,1595.2,RFR,,,False,1,Carrier 93256,Shipper 1249,True,True,True,9/19/2017 18:00,9/22/2017 10:00,False,False,False,False,False,False,False,False,Los Angeles,CA ,Los Angeles,CA 
506,206480985,9/15/2017 17:01,9/15/2017 17:01,9/19/2017 15:58,9/19/2017 18:00,9/22/2017 12:00,3866.78,3800.0,66.78,1595.2,RFR,,,False,1,Carrier 93256,Shipper 1375,True,True,True,9/19/2017 18:00,9/22/2017 10:00,False,False,False,False,False,False,False,False,Los Angeles,CA ,Los Angeles,CA 
507,206480985,9/15/2017 17:01,9/15/2017 17:01,9/19/2017 15:58,9/19/2017 18:00,9/22/2017 12:00,3866.78,3800.0,66.78,1595.2,RFR,,,False,1,Carrier 93256,Shipper 1386,True,True,True,9/19/2017 18:00,9/22/2017 10:00,False,False,False,False,False,False,False,False,Los Angeles,CA ,Los Angeles,CA 
508,206480985,9/15/2017 17:01,9/15/2017 17:01,9/19/2017 15:58,9/19/2017 18:00,9/22/2017 12:00,3866.78,3800.0,66.78,1595.2,RFR,,,False,1,Carrier 93256,Shipper 1248,True,True,True,9/19/2017 18:00,9/22/2017 10:00,False,False,False,False,False,False,False,False,Los Angeles,CA ,Los Angeles,CA 
509,206480985,9/15/2017 17:01,9/15/2017 17:01,9/19/2017 15:58,9/19/2017 18:00,9/22/2017 12:00,3866.78,3800.0,66.78,1595.2,RFR,,,False,1,Carrier 93256,Shipper 1387,True,True,True,9/19/2017 18:00,9/22/2017 10:00,False,False,False,False,False,False,False,False,Los Angeles,CA ,Los Angeles,CA 
510,206480985,9/15/2017 17:01,9/15/2017 17:01,9/19/2017 15:58,9/19/2017 18:00,9/22/2017 12:00,3866.78,3800.0,66.78,1595.2,RFR,,,False,1,Carrier 93256,Shipper 1388,True,True,True,9/19/2017 18:00,9/22/2017 10:00,False,False,False,False,False,False,False,False,Los Angeles,CA ,Los Angeles,CA 
511,206550513,10/5/2017 16:10,10/5/2017 16:10,10/8/2017 14:51,10/8/2017 11:00,10/13/2017 12:10,3864.48,5622.0,-1757.52,2682.3,RFR,,,False,0,Carrier 69585,Shipper 832,True,True,True,10/8/2017 19:00,10/13/2017 9:30,False,False,False,False,False,False,False,False,Maricopa,AZ ,Maricopa,AZ 
512,206584361,9/6/2017 15:05,9/6/2017 15:05,9/7/2017 9:41,9/8/2017 21:00,9/10/2017 23:30,3860.62,3000.0,860.62,970.6,DRV,,,False,0,Carrier 1051624,Shipper 758,True,True,True,9/8/2017 21:00,9/10/2017 22:30,False,False,False,False,False,False,False,False,Janesville,WI ,Janesville,WI 
513,206428721,8/18/2017 16:17,8/18/2017 16:17,8/24/2017 9:12,8/25/2017 14:00,8/28/2017 13:30,3859.8,3700.0,159.8,1736.5,RFR,,,False,0,Carrier 1240834,Shipper 1249,True,True,True,8/25/2017 14:00,8/28/2017 8:00,False,False,False,False,False,False,False,False,Fort Collins,CO ,Fort Collins,CO 
514,206428721,8/18/2017 16:17,8/18/2017 16:17,8/24/2017 9:12,8/25/2017 14:00,8/28/2017 13:30,3859.8,3700.0,159.8,1736.5,RFR,,,False,0,Carrier 1240834,Shipper 1375,True,True,True,8/25/2017 14:00,8/28/2017 8:00,False,False,False,False,False,False,False,False,Fort Collins,CO ,Fort Collins,CO 
515,206428721,8/18/2017 16:17,8/18/2017 16:17,8/24/2017 9:12,8/25/2017 14:00,8/28/2017 13:30,3859.8,3700.0,159.8,1736.5,RFR,,,False,0,Carrier 1240834,Shipper 1386,True,True,True,8/25/2017 14:00,8/28/2017 8:00,False,False,False,False,False,False,False,False,Fort Collins,CO ,Fort Collins,CO 
516,206428721,8/18/2017 16:17,8/18/2017 16:17,8/24/2017 9:12,8/25/2017 14:00,8/28/2017 13:30,3859.8,3700.0,159.8,1736.5,RFR,,,False,0,Carrier 1240834,Shipper 1248,True,True,True,8/25/2017 14:00,8/28/2017 8:00,False,False,False,False,False,False,False,False,Fort Collins,CO ,Fort Collins,CO 
517,206428721,8/18/2017 16:17,8/18/2017 16:17,8/24/2017 9:12,8/25/2017 14:00,8/28/2017 13:30,3859.8,3700.0,159.8,1736.5,RFR,,,False,0,Carrier 1240834,Shipper 1387,True,True,True,8/25/2017 14:00,8/28/2017 8:00,False,False,False,False,False,False,False,False,Fort Collins,CO ,Fort Collins,CO 
518,206428721,8/18/2017 16:17,8/18/2017 16:17,8/24/2017 9:12,8/25/2017 14:00,8/28/2017 13:30,3859.8,3700.0,159.8,1736.5,RFR,,,False,0,Carrier 1240834,Shipper 1388,True,True,True,8/25/2017 14:00,8/28/2017 8:00,False,False,False,False,False,False,False,False,Fort Collins,CO ,Fort Collins,CO 
519,206435761,8/15/2017 16:10,8/15/2017 16:10,8/18/2017 10:53,8/21/2017 15:00,8/25/2017 10:50,3849.48,3660.0,189.48,2017.7,RFR,,,False,0,Carrier 92055,Shipper 1044,True,True,True,8/21/2017 15:00,8/25/2017 9:00,False,False,False,False,False,False,False,False,Eagan,MN ,Eagan,MN 
520,206641513,9/25/2017 16:27,9/25/2017 16:28,9/26/2017 11:19,9/27/2017 20:00,9/29/2017 13:26,3835.15,3500.0,335.15,925.0,DRV,,,False,0,Carrier 89123,Shipper 1249,True,True,True,9/27/2017 20:00,9/29/2017 9:00,False,False,False,False,False,False,False,False,St. Louis,MO ,St. Louis,MO 
521,206641513,9/25/2017 16:27,9/25/2017 16:28,9/26/2017 11:19,9/27/2017 20:00,9/29/2017 13:26,3835.15,3500.0,335.15,925.0,DRV,,,False,0,Carrier 89123,Shipper 1375,True,True,True,9/27/2017 20:00,9/29/2017 9:00,False,False,False,False,False,False,False,False,St. Louis,MO ,St. Louis,MO 
522,206641513,9/25/2017 16:27,9/25/2017 16:28,9/26/2017 11:19,9/27/2017 20:00,9/29/2017 13:26,3835.15,3500.0,335.15,925.0,DRV,,,False,0,Carrier 89123,Shipper 1386,True,True,True,9/27/2017 20:00,9/29/2017 9:00,False,False,False,False,False,False,False,False,St. Louis,MO ,St. Louis,MO 
523,206641513,9/25/2017 16:27,9/25/2017 16:28,9/26/2017 11:19,9/27/2017 20:00,9/29/2017 13:26,3835.15,3500.0,335.15,925.0,DRV,,,False,0,Carrier 89123,Shipper 1248,True,True,True,9/27/2017 20:00,9/29/2017 9:00,False,False,False,False,False,False,False,False,St. Louis,MO ,St. Louis,MO 
524,206641513,9/25/2017 16:27,9/25/2017 16:28,9/26/2017 11:19,9/27/2017 20:00,9/29/2017 13:26,3835.15,3500.0,335.15,925.0,DRV,,,False,0,Carrier 89123,Shipper 1387,True,True,True,9/27/2017 20:00,9/29/2017 9:00,False,False,False,False,False,False,False,False,St. Louis,MO ,St. Louis,MO 
525,206641513,9/25/2017 16:27,9/25/2017 16:28,9/26/2017 11:19,9/27/2017 20:00,9/29/2017 13:26,3835.15,3500.0,335.15,925.0,DRV,,,False,0,Carrier 89123,Shipper 1388,True,True,True,9/27/2017 20:00,9/29/2017 9:00,False,False,False,False,False,False,False,False,St. Louis,MO ,St. Louis,MO 
526,206508521,8/18/2017 16:14,8/18/2017 16:14,8/21/2017 16:56,8/22/2017 17:00,8/25/2017 16:15,3831.97,3790.0,41.97,1805.9,RFR,,,False,1,Carrier 77017,Shipper 1249,True,True,True,8/22/2017 17:00,8/25/2017 12:00,False,False,False,False,False,False,False,False,Fort Collins,CO ,Fort Collins,CO 
527,206508521,8/18/2017 16:14,8/18/2017 16:14,8/21/2017 16:56,8/22/2017 17:00,8/25/2017 16:15,3831.97,3790.0,41.97,1805.9,RFR,,,False,1,Carrier 77017,Shipper 1375,True,True,True,8/22/2017 17:00,8/25/2017 12:00,False,False,False,False,False,False,False,False,Fort Collins,CO ,Fort Collins,CO 
528,206508521,8/18/2017 16:14,8/18/2017 16:14,8/21/2017 16:56,8/22/2017 17:00,8/25/2017 16:15,3831.97,3790.0,41.97,1805.9,RFR,,,False,1,Carrier 77017,Shipper 1386,True,True,True,8/22/2017 17:00,8/25/2017 12:00,False,False,False,False,False,False,False,False,Fort Collins,CO ,Fort Collins,CO 
529,206508521,8/18/2017 16:14,8/18/2017 16:14,8/21/2017 16:56,8/22/2017 17:00,8/25/2017 16:15,3831.97,3790.0,41.97,1805.9,RFR,,,False,1,Carrier 77017,Shipper 1248,True,True,True,8/22/2017 17:00,8/25/2017 12:00,False,False,False,False,False,False,False,False,Fort Collins,CO ,Fort Collins,CO 
530,206508521,8/18/2017 16:14,8/18/2017 16:14,8/21/2017 16:56,8/22/2017 17:00,8/25/2017 16:15,3831.97,3790.0,41.97,1805.9,RFR,,,False,1,Carrier 77017,Shipper 1387,True,True,True,8/22/2017 17:00,8/25/2017 12:00,False,False,False,False,False,False,False,False,Fort Collins,CO ,Fort Collins,CO 
531,206508521,8/18/2017 16:14,8/18/2017 16:14,8/21/2017 16:56,8/22/2017 17:00,8/25/2017 16:15,3831.97,3790.0,41.97,1805.9,RFR,,,False,1,Carrier 77017,Shipper 1388,True,True,True,8/22/2017 17:00,8/25/2017 12:00,False,False,False,False,False,False,False,False,Fort Collins,CO ,Fort Collins,CO 
532,206658401,11/9/2017 8:49,11/9/2017 8:49,11/9/2017 12:11,11/10/2017 10:00,11/13/2017 13:00,3831.12,3400.0,431.12,1877.6,DRV,,,False,0,Carrier 738,Shipper 1644,True,True,True,11/10/2017 10:00,11/13/2017 12:00,False,False,False,False,False,False,False,False,Batavia,IL ,Batavia,IL 
533,206534993,7/11/2017 11:14,7/11/2017 11:15,7/12/2017 8:11,7/13/2017 17:00,7/17/2017 12:00,3830.0,3540.0,290.0,2219.9,DRV,,,False,0,Carrier 93448,Shipper 585,True,True,True,7/13/2017 17:00,7/17/2017 9:00,False,False,False,False,False,False,False,False,Carson,CA ,Carson,CA 
534,206776129,11/21/2017 12:38,11/21/2017 12:38,11/21/2017 14:08,11/22/2017 14:00,11/25/2017 10:00,3816.44,3400.0,416.44,1277.4,DRV,,,False,0,Carrier 1398391,Shipper 1644,True,True,True,11/22/2017 14:00,11/26/2017 0:00,False,False,False,False,False,False,False,False,Piedmont,SC ,Piedmont,SC 
535,206488585,3/28/2017 17:26,3/28/2017 17:26,3/30/2017 10:25,3/31/2017 9:00,4/3/2017 8:30,3811.51,3800.0,11.51,1473.9,RFR,4.0,,False,0,Carrier 1544941,Shipper 1268,True,True,True,3/31/2017 18:00,4/3/2017 16:00,False,False,False,False,False,False,False,False,Williams,MN ,Williams,MN 
536,206476737,10/18/2017 15:18,10/18/2017 15:19,10/25/2017 14:57,10/26/2017 15:00,10/28/2017 11:53,3807.47,3700.0,107.47,1172.0,DRV,,,False,1,Carrier 1030902,Shipper 758,True,False,False,10/26/2017 17:00,10/28/2017 11:00,False,False,False,False,False,False,False,False,La Pine,OR ,La Pine,OR 
537,206550817,9/26/2017 15:20,9/26/2017 15:20,9/26/2017 15:33,9/26/2017 16:00,9/27/2017 13:30,3800.0,3500.0,300.0,739.6,DRV,,,False,0,Carrier 1270403,Shipper 585,True,True,True,9/26/2017 18:00,9/27/2017 13:00,False,False,False,False,False,False,False,False,Dickson,TN ,Dickson,TN 
538,206695481,12/13/2017 9:44,12/13/2017 9:44,12/14/2017 18:15,12/15/2017 9:00,12/18/2017 12:31,3800.0,3600.0,200.0,2016.1,DRV,,,False,1,Carrier 1005528,Shipper 585,True,True,True,12/15/2017 12:00,12/18/2017 12:00,False,False,False,False,False,False,False,False,Crete,IL ,Crete,IL 
539,206525425,12/7/2017 11:45,12/7/2017 11:45,12/12/2017 9:19,12/12/2017 13:00,12/14/2017 15:14,3800.0,3600.0,200.0,2016.1,DRV,,,False,0,Carrier 1005528,Shipper 585,True,True,True,12/12/2017 16:00,12/14/2017 15:00,False,False,False,False,False,False,False,False,Crete,IL ,Crete,IL 
540,206695473,12/8/2017 16:42,12/8/2017 16:42,12/11/2017 10:40,12/11/2017 15:00,12/14/2017 3:10,3782.33,3910.0,-127.67,1805.9,DRV,,dat_in,False,0,Carrier 944110,Shipper 1249,True,True,True,12/11/2017 15:00,12/14/2017 23:55,False,False,False,False,False,False,False,False,Fort Collins,CO ,Fort Collins,CO 
541,206695473,12/8/2017 16:42,12/8/2017 16:42,12/11/2017 10:40,12/11/2017 15:00,12/14/2017 3:10,3782.33,3910.0,-127.67,1805.9,DRV,,dat_in,False,0,Carrier 944110,Shipper 1375,True,True,True,12/11/2017 15:00,12/14/2017 23:55,False,False,False,False,False,False,False,False,Fort Collins,CO ,Fort Collins,CO 
542,206695473,12/8/2017 16:42,12/8/2017 16:42,12/11/2017 10:40,12/11/2017 15:00,12/14/2017 3:10,3782.33,3910.0,-127.67,1805.9,DRV,,dat_in,False,0,Carrier 944110,Shipper 1386,True,True,True,12/11/2017 15:00,12/14/2017 23:55,False,False,False,False,False,False,False,False,Fort Collins,CO ,Fort Collins,CO 
543,206695473,12/8/2017 16:42,12/8/2017 16:42,12/11/2017 10:40,12/11/2017 15:00,12/14/2017 3:10,3782.33,3910.0,-127.67,1805.9,DRV,,dat_in,False,0,Carrier 944110,Shipper 1248,True,True,True,12/11/2017 15:00,12/14/2017 23:55,False,False,False,False,False,False,False,False,Fort Collins,CO ,Fort Collins,CO 
544,206695473,12/8/2017 16:42,12/8/2017 16:42,12/11/2017 10:40,12/11/2017 15:00,12/14/2017 3:10,3782.33,3910.0,-127.67,1805.9,DRV,,dat_in,False,0,Carrier 944110,Shipper 1387,True,True,True,12/11/2017 15:00,12/14/2017 23:55,False,False,False,False,False,False,False,False,Fort Collins,CO ,Fort Collins,CO 
545,206695473,12/8/2017 16:42,12/8/2017 16:42,12/11/2017 10:40,12/11/2017 15:00,12/14/2017 3:10,3782.33,3910.0,-127.67,1805.9,DRV,,dat_in,False,0,Carrier 944110,Shipper 1388,True,True,True,12/11/2017 15:00,12/14/2017 23:55,False,False,False,False,False,False,False,False,Fort Collins,CO ,Fort Collins,CO 
546,206485449,9/15/2017 16:20,9/15/2017 16:20,9/18/2017 9:23,9/19/2017 21:00,9/21/2017 8:25,3781.98,3290.0,491.98,1121.7,DRV,,,False,0,Carrier 57804,Shipper 1249,True,True,True,9/19/2017 21:00,9/21/2017 14:00,False,False,False,False,False,False,False,False,Newark,NJ ,Newark,NJ 
547,206485449,9/15/2017 16:20,9/15/2017 16:20,9/18/2017 9:23,9/19/2017 21:00,9/21/2017 8:25,3781.98,3290.0,491.98,1121.7,DRV,,,False,0,Carrier 57804,Shipper 1375,True,True,True,9/19/2017 21:00,9/21/2017 14:00,False,False,False,False,False,False,False,False,Newark,NJ ,Newark,NJ 
548,206485449,9/15/2017 16:20,9/15/2017 16:20,9/18/2017 9:23,9/19/2017 21:00,9/21/2017 8:25,3781.98,3290.0,491.98,1121.7,DRV,,,False,0,Carrier 57804,Shipper 1386,True,True,True,9/19/2017 21:00,9/21/2017 14:00,False,False,False,False,False,False,False,False,Newark,NJ ,Newark,NJ 
549,206485449,9/15/2017 16:20,9/15/2017 16:20,9/18/2017 9:23,9/19/2017 21:00,9/21/2017 8:25,3781.98,3290.0,491.98,1121.7,DRV,,,False,0,Carrier 57804,Shipper 1248,True,True,True,9/19/2017 21:00,9/21/2017 14:00,False,False,False,False,False,False,False,False,Newark,NJ ,Newark,NJ 
550,206485449,9/15/2017 16:20,9/15/2017 16:20,9/18/2017 9:23,9/19/2017 21:00,9/21/2017 8:25,3781.98,3290.0,491.98,1121.7,DRV,,,False,0,Carrier 57804,Shipper 1387,True,True,True,9/19/2017 21:00,9/21/2017 14:00,False,False,False,False,False,False,False,False,Newark,NJ ,Newark,NJ 
551,206485449,9/15/2017 16:20,9/15/2017 16:20,9/18/2017 9:23,9/19/2017 21:00,9/21/2017 8:25,3781.98,3290.0,491.98,1121.7,DRV,,,False,0,Carrier 57804,Shipper 1388,True,True,True,9/19/2017 21:00,9/21/2017 14:00,False,False,False,False,False,False,False,False,Newark,NJ ,Newark,NJ 
552,206446641,4/3/2017 16:56,4/3/2017 16:56,4/4/2017 14:46,4/5/2017 14:00,4/10/2017 9:45,3780.16,3000.0,780.16,2361.4,DRV,4.0,,False,0,Carrier 1532346,Shipper 758,True,True,True,4/5/2017 14:00,4/10/2017 8:00,False,False,False,False,False,False,False,False,Tracy,CA ,Tracy,CA 
553,206563145,10/18/2017 17:34,10/18/2017 17:34,10/19/2017 18:17,10/20/2017 15:00,10/23/2017 12:50,3780.0,3200.0,580.0,2515.9,RFR,,,False,1,Carrier 80128,Shipper 585,True,True,True,10/20/2017 17:00,10/23/2017 11:00,False,False,False,False,False,False,False,False,Plant City,FL ,Plant City,FL 
554,206492513,9/26/2017 16:52,9/26/2017 16:52,9/27/2017 15:30,9/29/2017 15:00,10/2/2017 9:49,3779.69,3500.0,279.69,994.8,DRV,,,False,0,Carrier 31074,Shipper 1249,True,True,True,9/29/2017 15:00,10/2/2017 8:45,False,False,False,False,False,False,False,False,Williamsburg,VA ,Williamsburg,VA 
555,206492513,9/26/2017 16:52,9/26/2017 16:52,9/27/2017 15:30,9/29/2017 15:00,10/2/2017 9:49,3779.69,3500.0,279.69,994.8,DRV,,,False,0,Carrier 31074,Shipper 1375,True,True,True,9/29/2017 15:00,10/2/2017 8:45,False,False,False,False,False,False,False,False,Williamsburg,VA ,Williamsburg,VA 
556,206492513,9/26/2017 16:52,9/26/2017 16:52,9/27/2017 15:30,9/29/2017 15:00,10/2/2017 9:49,3779.69,3500.0,279.69,994.8,DRV,,,False,0,Carrier 31074,Shipper 1386,True,True,True,9/29/2017 15:00,10/2/2017 8:45,False,False,False,False,False,False,False,False,Williamsburg,VA ,Williamsburg,VA 
557,206492513,9/26/2017 16:52,9/26/2017 16:52,9/27/2017 15:30,9/29/2017 15:00,10/2/2017 9:49,3779.69,3500.0,279.69,994.8,DRV,,,False,0,Carrier 31074,Shipper 1248,True,True,True,9/29/2017 15:00,10/2/2017 8:45,False,False,False,False,False,False,False,False,Williamsburg,VA ,Williamsburg,VA 
558,206492513,9/26/2017 16:52,9/26/2017 16:52,9/27/2017 15:30,9/29/2017 15:00,10/2/2017 9:49,3779.69,3500.0,279.69,994.8,DRV,,,False,0,Carrier 31074,Shipper 1387,True,True,True,9/29/2017 15:00,10/2/2017 8:45,False,False,False,False,False,False,False,False,Williamsburg,VA ,Williamsburg,VA 
559,206492513,9/26/2017 16:52,9/26/2017 16:52,9/27/2017 15:30,9/29/2017 15:00,10/2/2017 9:49,3779.69,3500.0,279.69,994.8,DRV,,,False,0,Carrier 31074,Shipper 1388,True,True,True,9/29/2017 15:00,10/2/2017 8:45,False,False,False,False,False,False,False,False,Williamsburg,VA ,Williamsburg,VA 
560,206596793,10/13/2017 9:24,10/13/2017 9:24,10/17/2017 10:10,10/17/2017 15:00,10/19/2017 20:30,3776.5,2400.0,1376.5,1445.9,DRV,,,False,0,Carrier 105736,Shipper 1644,True,True,True,10/17/2017 15:00,10/18/2017 17:00,False,False,False,False,False,False,False,False,North Charleston,SC ,North Charleston,SC 
561,206586681,10/13/2017 9:21,10/13/2017 9:21,10/15/2017 16:49,10/16/2017 11:30,10/17/2017 17:40,3776.5,2500.0,1276.5,1445.9,DRV,,,True,0,Carrier 98311,Shipper 1644,True,True,True,10/16/2017 13:30,10/17/2017 17:00,False,False,False,False,False,False,False,False,North Charleston,SC ,North Charleston,SC 
562,206451697,10/13/2017 9:29,10/13/2017 9:29,10/16/2017 14:10,10/18/2017 15:00,10/19/2017 22:30,3776.5,2500.0,1276.5,1445.9,DRV,,,True,0,Carrier 98311,Shipper 1644,True,False,False,10/18/2017 15:00,10/19/2017 17:00,False,False,False,False,False,False,False,False,North Charleston,SC ,North Charleston,SC 
563,206596329,11/9/2017 16:41,11/9/2017 16:41,11/11/2017 10:55,11/12/2017 17:00,11/14/2017 11:00,3770.25,3500.0,270.25,1024.6,RFR,,,False,0,Carrier 10861,Shipper 1249,True,True,True,11/12/2017 17:00,11/14/2017 12:00,False,False,False,False,False,False,False,False,Aurora,CO ,Aurora,CO 
564,206596329,11/9/2017 16:41,11/9/2017 16:41,11/11/2017 10:55,11/12/2017 17:00,11/14/2017 11:00,3770.25,3500.0,270.25,1024.6,RFR,,,False,0,Carrier 10861,Shipper 1375,True,True,True,11/12/2017 17:00,11/14/2017 12:00,False,False,False,False,False,False,False,False,Aurora,CO ,Aurora,CO 
565,206596329,11/9/2017 16:41,11/9/2017 16:41,11/11/2017 10:55,11/12/2017 17:00,11/14/2017 11:00,3770.25,3500.0,270.25,1024.6,RFR,,,False,0,Carrier 10861,Shipper 1386,True,True,True,11/12/2017 17:00,11/14/2017 12:00,False,False,False,False,False,False,False,False,Aurora,CO ,Aurora,CO 
566,206596329,11/9/2017 16:41,11/9/2017 16:41,11/11/2017 10:55,11/12/2017 17:00,11/14/2017 11:00,3770.25,3500.0,270.25,1024.6,RFR,,,False,0,Carrier 10861,Shipper 1248,True,True,True,11/12/2017 17:00,11/14/2017 12:00,False,False,False,False,False,False,False,False,Aurora,CO ,Aurora,CO 
567,206596329,11/9/2017 16:41,11/9/2017 16:41,11/11/2017 10:55,11/12/2017 17:00,11/14/2017 11:00,3770.25,3500.0,270.25,1024.6,RFR,,,False,0,Carrier 10861,Shipper 1387,True,True,True,11/12/2017 17:00,11/14/2017 12:00,False,False,False,False,False,False,False,False,Aurora,CO ,Aurora,CO 
568,206596329,11/9/2017 16:41,11/9/2017 16:41,11/11/2017 10:55,11/12/2017 17:00,11/14/2017 11:00,3770.25,3500.0,270.25,1024.6,RFR,,,False,0,Carrier 10861,Shipper 1388,True,True,True,11/12/2017 17:00,11/14/2017 12:00,False,False,False,False,False,False,False,False,Aurora,CO ,Aurora,CO 
569,206528193,8/31/2017 11:10,8/31/2017 11:10,9/6/2017 12:28,9/6/2017 15:30,9/8/2017 20:00,3770.0,4400.0,-630.0,1334.1,RFR,,,False,0,Carrier 1218604,Shipper 585,True,True,True,9/6/2017 15:30,9/21/2017 13:00,False,False,False,False,False,False,False,False,Sioux City,IA ,Sioux City,IA 
570,206748649,12/27/2017 17:00,12/27/2017 17:00,12/29/2017 14:03,12/30/2017 12:00,1/2/2018 15:30,3769.56,5800.0,-2030.44,940.0,RFR,,,False,0,Carrier 1004831,Shipper 758,True,True,True,12/30/2017 17:00,1/2/2018 13:45,False,False,False,False,False,False,False,False,Rio Rico,AZ ,Rio Rico,AZ 
571,206526465,10/13/2017 9:34,10/13/2017 9:34,10/16/2017 13:59,10/19/2017 15:00,10/21/2017 9:40,3761.98,2500.0,1261.98,1445.9,DRV,,,True,0,Carrier 98311,Shipper 1644,True,False,False,10/19/2017 15:00,10/20/2017 21:00,False,False,False,False,False,False,False,False,North Charleston,SC ,North Charleston,SC 
572,206544409,10/13/2017 9:37,10/13/2017 9:37,10/16/2017 14:01,10/20/2017 15:00,10/22/2017 12:00,3761.98,2500.0,1261.98,1445.9,DRV,,,True,0,Carrier 98311,Shipper 1644,True,True,True,10/20/2017 15:00,10/23/2017 9:00,False,False,False,False,False,False,False,False,North Charleston,SC ,North Charleston,SC 
573,206578849,1/11/2017 11:23,1/11/2017 11:23,1/11/2017 11:29,1/10/2017 3:00,1/11/2017 6:00,3760.0,2945.9,814.1,140.0,RFR,,,False,0,Carrier 968589,Shipper 758,,,,1/11/2017 2:00,1/11/2017 5:00,False,False,False,False,False,False,False,False,Portland,OR ,Portland,OR 
574,206533993,10/30/2017 16:20,10/30/2017 16:20,11/2/2017 15:50,11/2/2017 17:00,11/5/2017 13:50,3759.82,5500.0,-1740.18,1845.3,DRV,,,False,0,Carrier 1319512,Shipper 1249,True,True,True,11/3/2017 0:00,11/5/2017 12:00,False,False,False,False,False,False,False,False,Los Angeles,CA ,Los Angeles,CA 
575,206533993,10/30/2017 16:20,10/30/2017 16:20,11/2/2017 15:50,11/2/2017 17:00,11/5/2017 13:50,3759.82,5500.0,-1740.18,1845.3,DRV,,,False,0,Carrier 1319512,Shipper 1375,True,True,True,11/3/2017 0:00,11/5/2017 12:00,False,False,False,False,False,False,False,False,Los Angeles,CA ,Los Angeles,CA 
576,206533993,10/30/2017 16:20,10/30/2017 16:20,11/2/2017 15:50,11/2/2017 17:00,11/5/2017 13:50,3759.82,5500.0,-1740.18,1845.3,DRV,,,False,0,Carrier 1319512,Shipper 1386,True,True,True,11/3/2017 0:00,11/5/2017 12:00,False,False,False,False,False,False,False,False,Los Angeles,CA ,Los Angeles,CA 
577,206533993,10/30/2017 16:20,10/30/2017 16:20,11/2/2017 15:50,11/2/2017 17:00,11/5/2017 13:50,3759.82,5500.0,-1740.18,1845.3,DRV,,,False,0,Carrier 1319512,Shipper 1248,True,True,True,11/3/2017 0:00,11/5/2017 12:00,False,False,False,False,False,False,False,False,Los Angeles,CA ,Los Angeles,CA 
578,206533993,10/30/2017 16:20,10/30/2017 16:20,11/2/2017 15:50,11/2/2017 17:00,11/5/2017 13:50,3759.82,5500.0,-1740.18,1845.3,DRV,,,False,0,Carrier 1319512,Shipper 1387,True,True,True,11/3/2017 0:00,11/5/2017 12:00,False,False,False,False,False,False,False,False,Los Angeles,CA ,Los Angeles,CA 
579,206533993,10/30/2017 16:20,10/30/2017 16:20,11/2/2017 15:50,11/2/2017 17:00,11/5/2017 13:50,3759.82,5500.0,-1740.18,1845.3,DRV,,,False,0,Carrier 1319512,Shipper 1388,True,True,True,11/3/2017 0:00,11/5/2017 12:00,False,False,False,False,False,False,False,False,Los Angeles,CA ,Los Angeles,CA 
580,206774993,4/13/2017 18:02,4/13/2017 18:02,4/17/2017 14:50,4/18/2017 14:00,4/20/2017 14:24,3754.57,3300.0,454.57,2361.4,DRV,,,False,0,Carrier 81373,Shipper 758,True,True,True,4/18/2017 14:00,4/20/2017 13:00,False,False,False,False,False,False,False,False,Tracy,CA ,Tracy,CA 
581,206572137,12/22/2017 11:31,12/22/2017 11:31,12/26/2017 13:33,12/27/2017 13:00,12/28/2017 14:40,3753.88,3000.0,753.88,726.8,DRV,,carrier_capacity,True,0,Carrier 19121,Shipper 1644,True,True,True,12/27/2017 13:00,12/29/2017 4:00,False,False,False,False,False,False,False,False,Lockport,IL ,Lockport,IL 
582,206427017,10/30/2017 16:24,10/30/2017 16:24,11/1/2017 14:44,11/1/2017 19:00,11/3/2017 9:20,3744.38,3700.0,44.38,1255.5,DRV,,,False,1,Carrier 76966,Shipper 1249,True,True,True,11/1/2017 19:00,11/3/2017 11:00,False,False,False,False,False,False,False,False,St. Louis,MO ,St. Louis,MO 
583,206427017,10/30/2017 16:24,10/30/2017 16:24,11/1/2017 14:44,11/1/2017 19:00,11/3/2017 9:20,3744.38,3700.0,44.38,1255.5,DRV,,,False,1,Carrier 76966,Shipper 1375,True,True,True,11/1/2017 19:00,11/3/2017 11:00,False,False,False,False,False,False,False,False,St. Louis,MO ,St. Louis,MO 
584,206427017,10/30/2017 16:24,10/30/2017 16:24,11/1/2017 14:44,11/1/2017 19:00,11/3/2017 9:20,3744.38,3700.0,44.38,1255.5,DRV,,,False,1,Carrier 76966,Shipper 1386,True,True,True,11/1/2017 19:00,11/3/2017 11:00,False,False,False,False,False,False,False,False,St. Louis,MO ,St. Louis,MO 
585,206427017,10/30/2017 16:24,10/30/2017 16:24,11/1/2017 14:44,11/1/2017 19:00,11/3/2017 9:20,3744.38,3700.0,44.38,1255.5,DRV,,,False,1,Carrier 76966,Shipper 1248,True,True,True,11/1/2017 19:00,11/3/2017 11:00,False,False,False,False,False,False,False,False,St. Louis,MO ,St. Louis,MO 
586,206427017,10/30/2017 16:24,10/30/2017 16:24,11/1/2017 14:44,11/1/2017 19:00,11/3/2017 9:20,3744.38,3700.0,44.38,1255.5,DRV,,,False,1,Carrier 76966,Shipper 1387,True,True,True,11/1/2017 19:00,11/3/2017 11:00,False,False,False,False,False,False,False,False,St. Louis,MO ,St. Louis,MO 
587,206427017,10/30/2017 16:24,10/30/2017 16:24,11/1/2017 14:44,11/1/2017 19:00,11/3/2017 9:20,3744.38,3700.0,44.38,1255.5,DRV,,,False,1,Carrier 76966,Shipper 1388,True,True,True,11/1/2017 19:00,11/3/2017 11:00,False,False,False,False,False,False,False,False,St. Louis,MO ,St. Louis,MO 
588,206664553,10/13/2017 9:40,10/13/2017 9:40,10/21/2017 15:34,10/21/2017 15:00,10/23/2017 11:30,3742.55,3800.0,-57.45,1445.9,DRV,,,False,1,Carrier 731927,Shipper 1644,False,False,False,10/21/2017 15:00,10/22/2017 15:00,False,False,False,False,False,False,False,False,North Charleston,SC ,North Charleston,SC 
589,206464297,4/7/2017 16:32,4/7/2017 16:32,4/10/2017 13:19,4/10/2017 13:00,4/13/2017 22:00,3733.48,4200.0,-466.52,2558.0,DRV,,,False,0,Carrier 1695179,Shipper 1249,False,True,False,4/10/2017 13:00,4/13/2017 19:00,False,False,False,False,False,False,False,False,Cartersville,GA ,Cartersville,GA 
590,206464297,4/7/2017 16:32,4/7/2017 16:32,4/10/2017 13:19,4/10/2017 13:00,4/13/2017 22:00,3733.48,4200.0,-466.52,2558.0,DRV,,,False,0,Carrier 1695179,Shipper 1375,False,True,False,4/10/2017 13:00,4/13/2017 19:00,False,False,False,False,False,False,False,False,Cartersville,GA ,Cartersville,GA 
591,206464297,4/7/2017 16:32,4/7/2017 16:32,4/10/2017 13:19,4/10/2017 13:00,4/13/2017 22:00,3733.48,4200.0,-466.52,2558.0,DRV,,,False,0,Carrier 1695179,Shipper 1386,False,True,False,4/10/2017 13:00,4/13/2017 19:00,False,False,False,False,False,False,False,False,Cartersville,GA ,Cartersville,GA 
592,206464297,4/7/2017 16:32,4/7/2017 16:32,4/10/2017 13:19,4/10/2017 13:00,4/13/2017 22:00,3733.48,4200.0,-466.52,2558.0,DRV,,,False,0,Carrier 1695179,Shipper 1248,False,True,False,4/10/2017 13:00,4/13/2017 19:00,False,False,False,False,False,False,False,False,Cartersville,GA ,Cartersville,GA 
593,206464297,4/7/2017 16:32,4/7/2017 16:32,4/10/2017 13:19,4/10/2017 13:00,4/13/2017 22:00,3733.48,4200.0,-466.52,2558.0,DRV,,,False,0,Carrier 1695179,Shipper 1387,False,True,False,4/10/2017 13:00,4/13/2017 19:00,False,False,False,False,False,False,False,False,Cartersville,GA ,Cartersville,GA 
594,206464297,4/7/2017 16:32,4/7/2017 16:32,4/10/2017 13:19,4/10/2017 13:00,4/13/2017 22:00,3733.48,4200.0,-466.52,2558.0,DRV,,,False,0,Carrier 1695179,Shipper 1388,False,True,False,4/10/2017 13:00,4/13/2017 19:00,False,False,False,False,False,False,False,False,Cartersville,GA ,Cartersville,GA 
595,206430617,11/16/2017 16:24,11/16/2017 16:24,11/27/2017 11:50,11/27/2017 16:00,11/30/2017 10:15,3714.17,4260.0,-545.83,1346.6,DRV,,,False,0,Carrier 1695678,Shipper 1249,True,True,True,11/27/2017 16:00,11/30/2017 13:00,False,False,False,False,False,False,False,False,Fairfield,CA ,Fairfield,CA 
596,206430617,11/16/2017 16:24,11/16/2017 16:24,11/27/2017 11:50,11/27/2017 16:00,11/30/2017 10:15,3714.17,4260.0,-545.83,1346.6,DRV,,,False,0,Carrier 1695678,Shipper 1375,True,True,True,11/27/2017 16:00,11/30/2017 13:00,False,False,False,False,False,False,False,False,Fairfield,CA ,Fairfield,CA 
597,206430617,11/16/2017 16:24,11/16/2017 16:24,11/27/2017 11:50,11/27/2017 16:00,11/30/2017 10:15,3714.17,4260.0,-545.83,1346.6,DRV,,,False,0,Carrier 1695678,Shipper 1386,True,True,True,11/27/2017 16:00,11/30/2017 13:00,False,False,False,False,False,False,False,False,Fairfield,CA ,Fairfield,CA 
598,206430617,11/16/2017 16:24,11/16/2017 16:24,11/27/2017 11:50,11/27/2017 16:00,11/30/2017 10:15,3714.17,4260.0,-545.83,1346.6,DRV,,,False,0,Carrier 1695678,Shipper 1248,True,True,True,11/27/2017 16:00,11/30/2017 13:00,False,False,False,False,False,False,False,False,Fairfield,CA ,Fairfield,CA 
599,206430617,11/16/2017 16:24,11/16/2017 16:24,11/27/2017 11:50,11/27/2017 16:00,11/30/2017 10:15,3714.17,4260.0,-545.83,1346.6,DRV,,,False,0,Carrier 1695678,Shipper 1387,True,True,True,11/27/2017 16:00,11/30/2017 13:00,False,False,False,False,False,False,False,False,Fairfield,CA ,Fairfield,CA 
600,206430617,11/16/2017 16:24,11/16/2017 16:24,11/27/2017 11:50,11/27/2017 16:00,11/30/2017 10:15,3714.17,4260.0,-545.83,1346.6,DRV,,,False,0,Carrier 1695678,Shipper 1388,True,True,True,11/27/2017 16:00,11/30/2017 13:00,False,False,False,False,False,False,False,False,Fairfield,CA ,Fairfield,CA 
601,206515761,9/6/2017 16:43,9/6/2017 16:43,9/15/2017 16:56,9/17/2017 20:00,9/20/2017 16:45,3701.5,3150.0,551.5,1805.9,DRV,,,False,1,Carrier 31074,Shipper 1249,True,True,True,9/17/2017 20:00,9/20/2017 23:00,False,False,False,False,False,False,False,False,Fort Collins,CO ,Fort Collins,CO 
602,206515761,9/6/2017 16:43,9/6/2017 16:43,9/15/2017 16:56,9/17/2017 20:00,9/20/2017 16:45,3701.5,3150.0,551.5,1805.9,DRV,,,False,1,Carrier 31074,Shipper 1375,True,True,True,9/17/2017 20:00,9/20/2017 23:00,False,False,False,False,False,False,False,False,Fort Collins,CO ,Fort Collins,CO 
603,206515761,9/6/2017 16:43,9/6/2017 16:43,9/15/2017 16:56,9/17/2017 20:00,9/20/2017 16:45,3701.5,3150.0,551.5,1805.9,DRV,,,False,1,Carrier 31074,Shipper 1386,True,True,True,9/17/2017 20:00,9/20/2017 23:00,False,False,False,False,False,False,False,False,Fort Collins,CO ,Fort Collins,CO 
604,206515761,9/6/2017 16:43,9/6/2017 16:43,9/15/2017 16:56,9/17/2017 20:00,9/20/2017 16:45,3701.5,3150.0,551.5,1805.9,DRV,,,False,1,Carrier 31074,Shipper 1248,True,True,True,9/17/2017 20:00,9/20/2017 23:00,False,False,False,False,False,False,False,False,Fort Collins,CO ,Fort Collins,CO 
605,206515761,9/6/2017 16:43,9/6/2017 16:43,9/15/2017 16:56,9/17/2017 20:00,9/20/2017 16:45,3701.5,3150.0,551.5,1805.9,DRV,,,False,1,Carrier 31074,Shipper 1387,True,True,True,9/17/2017 20:00,9/20/2017 23:00,False,False,False,False,False,False,False,False,Fort Collins,CO ,Fort Collins,CO 
606,206515761,9/6/2017 16:43,9/6/2017 16:43,9/15/2017 16:56,9/17/2017 20:00,9/20/2017 16:45,3701.5,3150.0,551.5,1805.9,DRV,,,False,1,Carrier 31074,Shipper 1388,True,True,True,9/17/2017 20:00,9/20/2017 23:00,False,False,False,False,False,False,False,False,Fort Collins,CO ,Fort Collins,CO 
607,206440393,6/28/2017 15:18,6/28/2017 15:18,6/28/2017 15:30,6/28/2017 16:00,6/30/2017 11:00,3700.0,3650.0,50.0,1120.7,DRV,,,False,0,Carrier 1035008,Shipper 1511,True,True,True,6/28/2017 22:00,6/30/2017 9:00,False,False,False,False,False,False,False,False,Jacksonville,AL ,Jacksonville,AL 
608,206553569,4/19/2017 14:02,4/19/2017 14:02,4/20/2017 9:34,4/20/2017 15:00,4/24/2017 9:00,3700.0,3200.0,500.0,1188.1,RFR,,,False,1,Carrier 1695194,Shipper 585,True,True,True,4/20/2017 15:00,4/24/2017 8:00,False,False,False,False,False,False,False,False,Sioux City,IA ,Sioux City,IA 
609,206537505,7/6/2017 14:13,7/6/2017 14:13,7/13/2017 10:39,7/14/2017 8:00,7/18/2017 13:20,3700.0,3200.0,500.0,1842.4,RFR,,,False,0,Carrier 1695397,Shipper 585,True,True,True,7/14/2017 15:00,7/18/2017 12:00,False,False,False,False,False,False,False,False,Pittsburgh,PA ,Pittsburgh,PA 
610,206546753,11/6/2017 17:29,11/6/2017 17:29,11/7/2017 14:59,11/8/2017 8:00,11/9/2017 23:25,3698.67,2360.0,1338.67,622.9,DRV,,,False,0,Carrier 1662448,Shipper 1249,True,True,True,11/8/2017 15:30,11/9/2017 15:00,False,False,False,False,False,False,False,False,Holiday City,OH ,Holiday City,OH 
611,206546753,11/6/2017 17:29,11/6/2017 17:29,11/7/2017 14:59,11/8/2017 8:00,11/9/2017 23:25,3698.67,2360.0,1338.67,622.9,DRV,,,False,0,Carrier 1662448,Shipper 1375,True,True,True,11/8/2017 15:30,11/9/2017 15:00,False,False,False,False,False,False,False,False,Holiday City,OH ,Holiday City,OH 
612,206546753,11/6/2017 17:29,11/6/2017 17:29,11/7/2017 14:59,11/8/2017 8:00,11/9/2017 23:25,3698.67,2360.0,1338.67,622.9,DRV,,,False,0,Carrier 1662448,Shipper 1386,True,True,True,11/8/2017 15:30,11/9/2017 15:00,False,False,False,False,False,False,False,False,Holiday City,OH ,Holiday City,OH 
613,206546753,11/6/2017 17:29,11/6/2017 17:29,11/7/2017 14:59,11/8/2017 8:00,11/9/2017 23:25,3698.67,2360.0,1338.67,622.9,DRV,,,False,0,Carrier 1662448,Shipper 1248,True,True,True,11/8/2017 15:30,11/9/2017 15:00,False,False,False,False,False,False,False,False,Holiday City,OH ,Holiday City,OH 
614,206546753,11/6/2017 17:29,11/6/2017 17:29,11/7/2017 14:59,11/8/2017 8:00,11/9/2017 23:25,3698.67,2360.0,1338.67,622.9,DRV,,,False,0,Carrier 1662448,Shipper 1387,True,True,True,11/8/2017 15:30,11/9/2017 15:00,False,False,False,False,False,False,False,False,Holiday City,OH ,Holiday City,OH 
615,206546753,11/6/2017 17:29,11/6/2017 17:29,11/7/2017 14:59,11/8/2017 8:00,11/9/2017 23:25,3698.67,2360.0,1338.67,622.9,DRV,,,False,0,Carrier 1662448,Shipper 1388,True,True,True,11/8/2017 15:30,11/9/2017 15:00,False,False,False,False,False,False,False,False,Holiday City,OH ,Holiday City,OH 
616,206659545,11/27/2017 16:25,11/27/2017 16:25,11/28/2017 8:45,12/2/2017 14:30,12/3/2017 20:30,3689.37,2500.0,1189.37,1445.9,DRV,,,True,0,Carrier 1687657,Shipper 1644,True,True,True,12/2/2017 14:30,12/3/2017 20:30,False,False,False,False,False,False,False,False,North Charleston,SC ,North Charleston,SC 
617,206619441,11/9/2017 8:54,11/9/2017 8:54,11/9/2017 13:08,11/9/2017 17:00,11/10/2017 21:40,3686.26,3300.0,386.26,1478.7,DRV,,,False,0,Carrier 1658310,Shipper 1644,True,True,True,11/9/2017 17:00,11/10/2017 22:30,False,False,False,False,False,False,False,False,Dublin,VA ,Dublin,VA 
618,206573745,6/6/2017 17:44,6/6/2017 17:44,6/8/2017 10:32,6/8/2017 23:00,6/12/2017 12:55,3684.29,3500.0,184.29,2361.9,DRV,,,False,0,Carrier 1027499,Shipper 1249,True,True,True,6/8/2017 23:00,6/12/2017 20:00,False,False,False,False,False,False,False,False,Baldwinsville,NY ,Baldwinsville,NY 
619,206573745,6/6/2017 17:44,6/6/2017 17:44,6/8/2017 10:32,6/8/2017 23:00,6/12/2017 12:55,3684.29,3500.0,184.29,2361.9,DRV,,,False,0,Carrier 1027499,Shipper 1375,True,True,True,6/8/2017 23:00,6/12/2017 20:00,False,False,False,False,False,False,False,False,Baldwinsville,NY ,Baldwinsville,NY 
620,206573745,6/6/2017 17:44,6/6/2017 17:44,6/8/2017 10:32,6/8/2017 23:00,6/12/2017 12:55,3684.29,3500.0,184.29,2361.9,DRV,,,False,0,Carrier 1027499,Shipper 1386,True,True,True,6/8/2017 23:00,6/12/2017 20:00,False,False,False,False,False,False,False,False,Baldwinsville,NY ,Baldwinsville,NY 
621,206573745,6/6/2017 17:44,6/6/2017 17:44,6/8/2017 10:32,6/8/2017 23:00,6/12/2017 12:55,3684.29,3500.0,184.29,2361.9,DRV,,,False,0,Carrier 1027499,Shipper 1248,True,True,True,6/8/2017 23:00,6/12/2017 20:00,False,False,False,False,False,False,False,False,Baldwinsville,NY ,Baldwinsville,NY 
622,206573745,6/6/2017 17:44,6/6/2017 17:44,6/8/2017 10:32,6/8/2017 23:00,6/12/2017 12:55,3684.29,3500.0,184.29,2361.9,DRV,,,False,0,Carrier 1027499,Shipper 1387,True,True,True,6/8/2017 23:00,6/12/2017 20:00,False,False,False,False,False,False,False,False,Baldwinsville,NY ,Baldwinsville,NY 
623,206573745,6/6/2017 17:44,6/6/2017 17:44,6/8/2017 10:32,6/8/2017 23:00,6/12/2017 12:55,3684.29,3500.0,184.29,2361.9,DRV,,,False,0,Carrier 1027499,Shipper 1388,True,True,True,6/8/2017 23:00,6/12/2017 20:00,False,False,False,False,False,False,False,False,Baldwinsville,NY ,Baldwinsville,NY 
624,206469001,9/15/2017 16:22,9/15/2017 16:22,9/18/2017 8:33,9/19/2017 12:00,9/21/2017 13:00,3677.36,2900.0,777.36,1051.0,DRV,,,False,0,Carrier 38929,Shipper 1249,True,True,True,9/19/2017 12:00,9/21/2017 13:00,False,False,False,False,False,False,False,False,Newark,NJ ,Newark,NJ 
625,206469001,9/15/2017 16:22,9/15/2017 16:22,9/18/2017 8:33,9/19/2017 12:00,9/21/2017 13:00,3677.36,2900.0,777.36,1051.0,DRV,,,False,0,Carrier 38929,Shipper 1375,True,True,True,9/19/2017 12:00,9/21/2017 13:00,False,False,False,False,False,False,False,False,Newark,NJ ,Newark,NJ 
626,206469001,9/15/2017 16:22,9/15/2017 16:22,9/18/2017 8:33,9/19/2017 12:00,9/21/2017 13:00,3677.36,2900.0,777.36,1051.0,DRV,,,False,0,Carrier 38929,Shipper 1386,True,True,True,9/19/2017 12:00,9/21/2017 13:00,False,False,False,False,False,False,False,False,Newark,NJ ,Newark,NJ 
627,206469001,9/15/2017 16:22,9/15/2017 16:22,9/18/2017 8:33,9/19/2017 12:00,9/21/2017 13:00,3677.36,2900.0,777.36,1051.0,DRV,,,False,0,Carrier 38929,Shipper 1248,True,True,True,9/19/2017 12:00,9/21/2017 13:00,False,False,False,False,False,False,False,False,Newark,NJ ,Newark,NJ 
628,206469001,9/15/2017 16:22,9/15/2017 16:22,9/18/2017 8:33,9/19/2017 12:00,9/21/2017 13:00,3677.36,2900.0,777.36,1051.0,DRV,,,False,0,Carrier 38929,Shipper 1387,True,True,True,9/19/2017 12:00,9/21/2017 13:00,False,False,False,False,False,False,False,False,Newark,NJ ,Newark,NJ 
629,206469001,9/15/2017 16:22,9/15/2017 16:22,9/18/2017 8:33,9/19/2017 12:00,9/21/2017 13:00,3677.36,2900.0,777.36,1051.0,DRV,,,False,0,Carrier 38929,Shipper 1388,True,True,True,9/19/2017 12:00,9/21/2017 13:00,False,False,False,False,False,False,False,False,Newark,NJ ,Newark,NJ 
630,206501401,9/28/2017 16:18,9/28/2017 16:18,9/29/2017 8:24,9/29/2017 18:00,10/2/2017 10:00,3673.66,3500.0,173.66,1189.0,DRV,,,False,0,Carrier 1215313,Shipper 1249,True,True,True,9/29/2017 18:00,10/2/2017 14:00,False,False,False,False,False,False,False,False,Newark,NJ ,Newark,NJ 
631,206501401,9/28/2017 16:18,9/28/2017 16:18,9/29/2017 8:24,9/29/2017 18:00,10/2/2017 10:00,3673.66,3500.0,173.66,1189.0,DRV,,,False,0,Carrier 1215313,Shipper 1375,True,True,True,9/29/2017 18:00,10/2/2017 14:00,False,False,False,False,False,False,False,False,Newark,NJ ,Newark,NJ 
632,206501401,9/28/2017 16:18,9/28/2017 16:18,9/29/2017 8:24,9/29/2017 18:00,10/2/2017 10:00,3673.66,3500.0,173.66,1189.0,DRV,,,False,0,Carrier 1215313,Shipper 1386,True,True,True,9/29/2017 18:00,10/2/2017 14:00,False,False,False,False,False,False,False,False,Newark,NJ ,Newark,NJ 
633,206501401,9/28/2017 16:18,9/28/2017 16:18,9/29/2017 8:24,9/29/2017 18:00,10/2/2017 10:00,3673.66,3500.0,173.66,1189.0,DRV,,,False,0,Carrier 1215313,Shipper 1248,True,True,True,9/29/2017 18:00,10/2/2017 14:00,False,False,False,False,False,False,False,False,Newark,NJ ,Newark,NJ 
634,206501401,9/28/2017 16:18,9/28/2017 16:18,9/29/2017 8:24,9/29/2017 18:00,10/2/2017 10:00,3673.66,3500.0,173.66,1189.0,DRV,,,False,0,Carrier 1215313,Shipper 1387,True,True,True,9/29/2017 18:00,10/2/2017 14:00,False,False,False,False,False,False,False,False,Newark,NJ ,Newark,NJ 
635,206501401,9/28/2017 16:18,9/28/2017 16:18,9/29/2017 8:24,9/29/2017 18:00,10/2/2017 10:00,3673.66,3500.0,173.66,1189.0,DRV,,,False,0,Carrier 1215313,Shipper 1388,True,True,True,9/29/2017 18:00,10/2/2017 14:00,False,False,False,False,False,False,False,False,Newark,NJ ,Newark,NJ 
636,206499025,11/28/2017 16:23,11/28/2017 16:23,11/30/2017 15:15,11/30/2017 14:00,12/4/2017 14:00,3673.49,4500.0,-826.51,972.4,DRV,,,False,0,Carrier 1254378,Shipper 1644,True,True,True,12/1/2017 0:55,12/2/2017 17:00,False,False,False,False,False,False,False,False,Trenton,MO ,Trenton,MO 
637,206690305,8/23/2017 16:23,8/23/2017 16:24,8/25/2017 16:35,8/25/2017 20:00,8/29/2017 13:30,3664.93,4000.0,-335.07,2065.9,DRV,,,False,0,Carrier 604804,Shipper 1249,True,True,True,8/25/2017 20:00,8/30/2017 9:00,False,False,False,False,False,False,False,False,St. Louis,MO ,St. Louis,MO 
638,206690305,8/23/2017 16:23,8/23/2017 16:24,8/25/2017 16:35,8/25/2017 20:00,8/29/2017 13:30,3664.93,4000.0,-335.07,2065.9,DRV,,,False,0,Carrier 604804,Shipper 1375,True,True,True,8/25/2017 20:00,8/30/2017 9:00,False,False,False,False,False,False,False,False,St. Louis,MO ,St. Louis,MO 
639,206690305,8/23/2017 16:23,8/23/2017 16:24,8/25/2017 16:35,8/25/2017 20:00,8/29/2017 13:30,3664.93,4000.0,-335.07,2065.9,DRV,,,False,0,Carrier 604804,Shipper 1386,True,True,True,8/25/2017 20:00,8/30/2017 9:00,False,False,False,False,False,False,False,False,St. Louis,MO ,St. Louis,MO 
640,206690305,8/23/2017 16:23,8/23/2017 16:24,8/25/2017 16:35,8/25/2017 20:00,8/29/2017 13:30,3664.93,4000.0,-335.07,2065.9,DRV,,,False,0,Carrier 604804,Shipper 1248,True,True,True,8/25/2017 20:00,8/30/2017 9:00,False,False,False,False,False,False,False,False,St. Louis,MO ,St. Louis,MO 
641,206690305,8/23/2017 16:23,8/23/2017 16:24,8/25/2017 16:35,8/25/2017 20:00,8/29/2017 13:30,3664.93,4000.0,-335.07,2065.9,DRV,,,False,0,Carrier 604804,Shipper 1387,True,True,True,8/25/2017 20:00,8/30/2017 9:00,False,False,False,False,False,False,False,False,St. Louis,MO ,St. Louis,MO 
642,206690305,8/23/2017 16:23,8/23/2017 16:24,8/25/2017 16:35,8/25/2017 20:00,8/29/2017 13:30,3664.93,4000.0,-335.07,2065.9,DRV,,,False,0,Carrier 604804,Shipper 1388,True,True,True,8/25/2017 20:00,8/30/2017 9:00,False,False,False,False,False,False,False,False,St. Louis,MO ,St. Louis,MO 
643,206434297,12/21/2017 11:46,12/21/2017 11:46,12/21/2017 13:24,12/23/2017 13:00,12/26/2017 22:15,3657.89,3300.0,357.89,585.1,DRV,,carrier_capacity,False,0,Carrier 613932,Shipper 1644,True,True,True,12/23/2017 13:00,12/26/2017 22:00,False,False,False,False,False,False,False,False,Florence,KY ,Florence,KY 
644,206666809,12/21/2017 11:41,12/21/2017 11:41,12/21/2017 13:58,12/22/2017 13:30,12/26/2017 10:15,3657.89,3000.0,657.89,585.1,DRV,,,False,0,Carrier 1492355,Shipper 1644,True,True,True,12/22/2017 13:30,12/26/2017 9:00,False,False,False,False,False,False,False,False,Florence,KY ,Florence,KY 
645,206502833,5/26/2017 13:42,5/26/2017 13:44,5/26/2017 17:09,5/29/2017 14:00,5/30/2017 11:00,3654.62,2500.0,1154.62,364.6,DRV,,,False,1,Carrier 1695284,Shipper 1249,True,True,True,5/29/2017 14:00,5/30/2017 17:30,False,False,False,False,False,False,False,False,Fort Collins,CO ,Fort Collins,CO 
646,206502833,5/26/2017 13:42,5/26/2017 13:44,5/26/2017 17:09,5/29/2017 14:00,5/30/2017 11:00,3654.62,2500.0,1154.62,364.6,DRV,,,False,1,Carrier 1695284,Shipper 1375,True,True,True,5/29/2017 14:00,5/30/2017 17:30,False,False,False,False,False,False,False,False,Fort Collins,CO ,Fort Collins,CO 
647,206502833,5/26/2017 13:42,5/26/2017 13:44,5/26/2017 17:09,5/29/2017 14:00,5/30/2017 11:00,3654.62,2500.0,1154.62,364.6,DRV,,,False,1,Carrier 1695284,Shipper 1386,True,True,True,5/29/2017 14:00,5/30/2017 17:30,False,False,False,False,False,False,False,False,Fort Collins,CO ,Fort Collins,CO 
648,206557673,5/26/2017 13:49,5/26/2017 13:49,5/26/2017 15:46,5/29/2017 16:00,5/30/2017 12:00,3654.62,2500.0,1154.62,364.6,DRV,,,False,0,Carrier 1539525,Shipper 1249,True,True,True,5/29/2017 16:00,5/30/2017 17:30,False,False,False,False,False,False,False,False,Fort Collins,CO ,Fort Collins,CO 
649,206502833,5/26/2017 13:42,5/26/2017 13:44,5/26/2017 17:09,5/29/2017 14:00,5/30/2017 11:00,3654.62,2500.0,1154.62,364.6,DRV,,,False,1,Carrier 1695284,Shipper 1248,True,True,True,5/29/2017 14:00,5/30/2017 17:30,False,False,False,False,False,False,False,False,Fort Collins,CO ,Fort Collins,CO 
650,206502833,5/26/2017 13:42,5/26/2017 13:44,5/26/2017 17:09,5/29/2017 14:00,5/30/2017 11:00,3654.62,2500.0,1154.62,364.6,DRV,,,False,1,Carrier 1695284,Shipper 1387,True,True,True,5/29/2017 14:00,5/30/2017 17:30,False,False,False,False,False,False,False,False,Fort Collins,CO ,Fort Collins,CO 
651,206557673,5/26/2017 13:49,5/26/2017 13:49,5/26/2017 15:46,5/29/2017 16:00,5/30/2017 12:00,3654.62,2500.0,1154.62,364.6,DRV,,,False,0,Carrier 1539525,Shipper 1375,True,True,True,5/29/2017 16:00,5/30/2017 17:30,False,False,False,False,False,False,False,False,Fort Collins,CO ,Fort Collins,CO 
652,206502833,5/26/2017 13:42,5/26/2017 13:44,5/26/2017 17:09,5/29/2017 14:00,5/30/2017 11:00,3654.62,2500.0,1154.62,364.6,DRV,,,False,1,Carrier 1695284,Shipper 1388,True,True,True,5/29/2017 14:00,5/30/2017 17:30,False,False,False,False,False,False,False,False,Fort Collins,CO ,Fort Collins,CO 
653,206557673,5/26/2017 13:49,5/26/2017 13:49,5/26/2017 15:46,5/29/2017 16:00,5/30/2017 12:00,3654.62,2500.0,1154.62,364.6,DRV,,,False,0,Carrier 1539525,Shipper 1386,True,True,True,5/29/2017 16:00,5/30/2017 17:30,False,False,False,False,False,False,False,False,Fort Collins,CO ,Fort Collins,CO 
654,206557673,5/26/2017 13:49,5/26/2017 13:49,5/26/2017 15:46,5/29/2017 16:00,5/30/2017 12:00,3654.62,2500.0,1154.62,364.6,DRV,,,False,0,Carrier 1539525,Shipper 1248,True,True,True,5/29/2017 16:00,5/30/2017 17:30,False,False,False,False,False,False,False,False,Fort Collins,CO ,Fort Collins,CO 
655,206557673,5/26/2017 13:49,5/26/2017 13:49,5/26/2017 15:46,5/29/2017 16:00,5/30/2017 12:00,3654.62,2500.0,1154.62,364.6,DRV,,,False,0,Carrier 1539525,Shipper 1387,True,True,True,5/29/2017 16:00,5/30/2017 17:30,False,False,False,False,False,False,False,False,Fort Collins,CO ,Fort Collins,CO 
656,206557673,5/26/2017 13:49,5/26/2017 13:49,5/26/2017 15:46,5/29/2017 16:00,5/30/2017 12:00,3654.62,2500.0,1154.62,364.6,DRV,,,False,0,Carrier 1539525,Shipper 1388,True,True,True,5/29/2017 16:00,5/30/2017 17:30,False,False,False,False,False,False,False,False,Fort Collins,CO ,Fort Collins,CO 
657,206540017,11/10/2017 16:40,11/10/2017 16:40,11/15/2017 15:22,11/17/2017 15:00,11/19/2017 10:00,3650.0,3700.0,-50.0,1080.8,DRV,,,False,0,Carrier 970759,Shipper 585,True,True,True,11/17/2017 15:00,11/20/2017 16:00,False,False,False,False,False,False,False,False,Bolingbrook,IL ,Bolingbrook,IL 
658,206490593,12/4/2017 17:11,12/4/2017 17:12,12/6/2017 14:01,12/6/2017 16:00,12/8/2017 10:50,3648.04,3500.0,148.04,1153.4,DRV,,dat_in,False,0,Carrier 1695741,Shipper 1249,True,True,True,12/6/2017 16:00,12/8/2017 15:00,False,False,False,False,False,False,False,False,St. Louis,MO ,St. Louis,MO 
659,206490593,12/4/2017 17:11,12/4/2017 17:12,12/6/2017 14:01,12/6/2017 16:00,12/8/2017 10:50,3648.04,3500.0,148.04,1153.4,DRV,,dat_in,False,0,Carrier 1695741,Shipper 1375,True,True,True,12/6/2017 16:00,12/8/2017 15:00,False,False,False,False,False,False,False,False,St. Louis,MO ,St. Louis,MO 
660,206490593,12/4/2017 17:11,12/4/2017 17:12,12/6/2017 14:01,12/6/2017 16:00,12/8/2017 10:50,3648.04,3500.0,148.04,1153.4,DRV,,dat_in,False,0,Carrier 1695741,Shipper 1386,True,True,True,12/6/2017 16:00,12/8/2017 15:00,False,False,False,False,False,False,False,False,St. Louis,MO ,St. Louis,MO 
661,206490593,12/4/2017 17:11,12/4/2017 17:12,12/6/2017 14:01,12/6/2017 16:00,12/8/2017 10:50,3648.04,3500.0,148.04,1153.4,DRV,,dat_in,False,0,Carrier 1695741,Shipper 1248,True,True,True,12/6/2017 16:00,12/8/2017 15:00,False,False,False,False,False,False,False,False,St. Louis,MO ,St. Louis,MO 
662,206490593,12/4/2017 17:11,12/4/2017 17:12,12/6/2017 14:01,12/6/2017 16:00,12/8/2017 10:50,3648.04,3500.0,148.04,1153.4,DRV,,dat_in,False,0,Carrier 1695741,Shipper 1387,True,True,True,12/6/2017 16:00,12/8/2017 15:00,False,False,False,False,False,False,False,False,St. Louis,MO ,St. Louis,MO 
663,206490593,12/4/2017 17:11,12/4/2017 17:12,12/6/2017 14:01,12/6/2017 16:00,12/8/2017 10:50,3648.04,3500.0,148.04,1153.4,DRV,,dat_in,False,0,Carrier 1695741,Shipper 1388,True,True,True,12/6/2017 16:00,12/8/2017 15:00,False,False,False,False,False,False,False,False,St. Louis,MO ,St. Louis,MO 
664,206432577,10/27/2017 13:52,10/27/2017 13:52,10/30/2017 8:38,10/30/2017 7:00,11/1/2017 13:00,3646.95,3000.0,646.95,918.5,DRV,,,False,0,Carrier 1480516,Shipper 758,True,True,True,10/30/2017 19:00,11/1/2017 11:00,False,False,False,False,False,False,False,False,Minneapolis,MN ,Minneapolis,MN 
665,206665745,12/5/2017 10:04,12/5/2017 10:04,12/7/2017 15:46,12/8/2017 7:00,12/11/2017 7:58,3644.46,3000.0,644.46,964.8,DRV,,,False,0,Carrier 1070607,Shipper 1644,True,True,True,12/8/2017 14:00,12/10/2017 13:30,False,False,False,False,False,False,False,False,Trenton,MO ,Trenton,MO 
666,206424801,11/6/2017 16:34,11/6/2017 16:34,11/9/2017 10:18,11/10/2017 13:00,11/13/2017 15:00,3639.01,3500.0,139.01,1702.2,RFR,,,False,0,Carrier 1034065,Shipper 1249,True,True,True,11/10/2017 13:00,11/13/2017 12:00,False,False,False,False,False,False,False,False,Williamsburg,VA ,Williamsburg,VA 
667,206424801,11/6/2017 16:34,11/6/2017 16:34,11/9/2017 10:18,11/10/2017 13:00,11/13/2017 15:00,3639.01,3500.0,139.01,1702.2,RFR,,,False,0,Carrier 1034065,Shipper 1375,True,True,True,11/10/2017 13:00,11/13/2017 12:00,False,False,False,False,False,False,False,False,Williamsburg,VA ,Williamsburg,VA 
668,206424801,11/6/2017 16:34,11/6/2017 16:34,11/9/2017 10:18,11/10/2017 13:00,11/13/2017 15:00,3639.01,3500.0,139.01,1702.2,RFR,,,False,0,Carrier 1034065,Shipper 1386,True,True,True,11/10/2017 13:00,11/13/2017 12:00,False,False,False,False,False,False,False,False,Williamsburg,VA ,Williamsburg,VA 
669,206424801,11/6/2017 16:34,11/6/2017 16:34,11/9/2017 10:18,11/10/2017 13:00,11/13/2017 15:00,3639.01,3500.0,139.01,1702.2,RFR,,,False,0,Carrier 1034065,Shipper 1248,True,True,True,11/10/2017 13:00,11/13/2017 12:00,False,False,False,False,False,False,False,False,Williamsburg,VA ,Williamsburg,VA 
670,206424801,11/6/2017 16:34,11/6/2017 16:34,11/9/2017 10:18,11/10/2017 13:00,11/13/2017 15:00,3639.01,3500.0,139.01,1702.2,RFR,,,False,0,Carrier 1034065,Shipper 1387,True,True,True,11/10/2017 13:00,11/13/2017 12:00,False,False,False,False,False,False,False,False,Williamsburg,VA ,Williamsburg,VA 
671,206424801,11/6/2017 16:34,11/6/2017 16:34,11/9/2017 10:18,11/10/2017 13:00,11/13/2017 15:00,3639.01,3500.0,139.01,1702.2,RFR,,,False,0,Carrier 1034065,Shipper 1388,True,True,True,11/10/2017 13:00,11/13/2017 12:00,False,False,False,False,False,False,False,False,Williamsburg,VA ,Williamsburg,VA 
672,206422601,8/23/2017 16:20,8/23/2017 16:20,8/25/2017 9:50,8/25/2017 14:00,8/29/2017 12:47,3632.22,3788.0,-155.78,1983.1,DRV,,,False,0,Carrier 1695470,Shipper 1249,True,True,True,8/25/2017 14:00,8/29/2017 16:00,False,False,False,False,False,False,False,False,Baldwinsville,NY ,Baldwinsville,NY 
673,206422601,8/23/2017 16:20,8/23/2017 16:20,8/25/2017 9:50,8/25/2017 14:00,8/29/2017 12:47,3632.22,3788.0,-155.78,1983.1,DRV,,,False,0,Carrier 1695470,Shipper 1375,True,True,True,8/25/2017 14:00,8/29/2017 16:00,False,False,False,False,False,False,False,False,Baldwinsville,NY ,Baldwinsville,NY 
674,206422601,8/23/2017 16:20,8/23/2017 16:20,8/25/2017 9:50,8/25/2017 14:00,8/29/2017 12:47,3632.22,3788.0,-155.78,1983.1,DRV,,,False,0,Carrier 1695470,Shipper 1386,True,True,True,8/25/2017 14:00,8/29/2017 16:00,False,False,False,False,False,False,False,False,Baldwinsville,NY ,Baldwinsville,NY 
675,206422601,8/23/2017 16:20,8/23/2017 16:20,8/25/2017 9:50,8/25/2017 14:00,8/29/2017 12:47,3632.22,3788.0,-155.78,1983.1,DRV,,,False,0,Carrier 1695470,Shipper 1248,True,True,True,8/25/2017 14:00,8/29/2017 16:00,False,False,False,False,False,False,False,False,Baldwinsville,NY ,Baldwinsville,NY 
676,206422601,8/23/2017 16:20,8/23/2017 16:20,8/25/2017 9:50,8/25/2017 14:00,8/29/2017 12:47,3632.22,3788.0,-155.78,1983.1,DRV,,,False,0,Carrier 1695470,Shipper 1387,True,True,True,8/25/2017 14:00,8/29/2017 16:00,False,False,False,False,False,False,False,False,Baldwinsville,NY ,Baldwinsville,NY 
677,206422601,8/23/2017 16:20,8/23/2017 16:20,8/25/2017 9:50,8/25/2017 14:00,8/29/2017 12:47,3632.22,3788.0,-155.78,1983.1,DRV,,,False,0,Carrier 1695470,Shipper 1388,True,True,True,8/25/2017 14:00,8/29/2017 16:00,False,False,False,False,False,False,False,False,Baldwinsville,NY ,Baldwinsville,NY 
678,206669025,11/1/2017 8:35,11/1/2017 8:35,11/2/2017 16:02,11/3/2017 15:00,11/6/2017 16:00,3627.14,3600.0,27.14,1702.2,RFR,,,False,0,Carrier 56364,Shipper 1249,True,True,True,11/3/2017 15:00,11/6/2017 15:00,False,False,False,False,False,False,False,False,Williamsburg,VA ,Williamsburg,VA 
679,206669025,11/1/2017 8:35,11/1/2017 8:35,11/2/2017 16:02,11/3/2017 15:00,11/6/2017 16:00,3627.14,3600.0,27.14,1702.2,RFR,,,False,0,Carrier 56364,Shipper 1375,True,True,True,11/3/2017 15:00,11/6/2017 15:00,False,False,False,False,False,False,False,False,Williamsburg,VA ,Williamsburg,VA 
680,206669025,11/1/2017 8:35,11/1/2017 8:35,11/2/2017 16:02,11/3/2017 15:00,11/6/2017 16:00,3627.14,3600.0,27.14,1702.2,RFR,,,False,0,Carrier 56364,Shipper 1386,True,True,True,11/3/2017 15:00,11/6/2017 15:00,False,False,False,False,False,False,False,False,Williamsburg,VA ,Williamsburg,VA 
681,206669025,11/1/2017 8:35,11/1/2017 8:35,11/2/2017 16:02,11/3/2017 15:00,11/6/2017 16:00,3627.14,3600.0,27.14,1702.2,RFR,,,False,0,Carrier 56364,Shipper 1248,True,True,True,11/3/2017 15:00,11/6/2017 15:00,False,False,False,False,False,False,False,False,Williamsburg,VA ,Williamsburg,VA 
682,206669025,11/1/2017 8:35,11/1/2017 8:35,11/2/2017 16:02,11/3/2017 15:00,11/6/2017 16:00,3627.14,3600.0,27.14,1702.2,RFR,,,False,0,Carrier 56364,Shipper 1387,True,True,True,11/3/2017 15:00,11/6/2017 15:00,False,False,False,False,False,False,False,False,Williamsburg,VA ,Williamsburg,VA 
683,206669025,11/1/2017 8:35,11/1/2017 8:35,11/2/2017 16:02,11/3/2017 15:00,11/6/2017 16:00,3627.14,3600.0,27.14,1702.2,RFR,,,False,0,Carrier 56364,Shipper 1388,True,True,True,11/3/2017 15:00,11/6/2017 15:00,False,False,False,False,False,False,False,False,Williamsburg,VA ,Williamsburg,VA 
684,206544393,9/26/2017 16:39,9/26/2017 16:39,9/29/2017 9:53,9/29/2017 13:00,10/2/2017 8:12,3625.82,3500.0,125.82,878.6,DRV,,,False,0,Carrier 14448,Shipper 1249,True,True,True,9/29/2017 17:00,10/2/2017 8:00,False,False,False,False,False,False,False,False,St. Louis,MO ,St. Louis,MO 
685,206544393,9/26/2017 16:39,9/26/2017 16:39,9/29/2017 9:53,9/29/2017 13:00,10/2/2017 8:12,3625.82,3500.0,125.82,878.6,DRV,,,False,0,Carrier 14448,Shipper 1375,True,True,True,9/29/2017 17:00,10/2/2017 8:00,False,False,False,False,False,False,False,False,St. Louis,MO ,St. Louis,MO 
686,206544393,9/26/2017 16:39,9/26/2017 16:39,9/29/2017 9:53,9/29/2017 13:00,10/2/2017 8:12,3625.82,3500.0,125.82,878.6,DRV,,,False,0,Carrier 14448,Shipper 1386,True,True,True,9/29/2017 17:00,10/2/2017 8:00,False,False,False,False,False,False,False,False,St. Louis,MO ,St. Louis,MO 
687,206544393,9/26/2017 16:39,9/26/2017 16:39,9/29/2017 9:53,9/29/2017 13:00,10/2/2017 8:12,3625.82,3500.0,125.82,878.6,DRV,,,False,0,Carrier 14448,Shipper 1248,True,True,True,9/29/2017 17:00,10/2/2017 8:00,False,False,False,False,False,False,False,False,St. Louis,MO ,St. Louis,MO 
688,206544393,9/26/2017 16:39,9/26/2017 16:39,9/29/2017 9:53,9/29/2017 13:00,10/2/2017 8:12,3625.82,3500.0,125.82,878.6,DRV,,,False,0,Carrier 14448,Shipper 1387,True,True,True,9/29/2017 17:00,10/2/2017 8:00,False,False,False,False,False,False,False,False,St. Louis,MO ,St. Louis,MO 
689,206544393,9/26/2017 16:39,9/26/2017 16:39,9/29/2017 9:53,9/29/2017 13:00,10/2/2017 8:12,3625.82,3500.0,125.82,878.6,DRV,,,False,0,Carrier 14448,Shipper 1388,True,True,True,9/29/2017 17:00,10/2/2017 8:00,False,False,False,False,False,False,False,False,St. Louis,MO ,St. Louis,MO 
690,206432169,9/18/2017 18:07,9/18/2017 18:07,9/19/2017 9:03,9/19/2017 8:00,9/21/2017 8:00,3622.68,2700.0,922.68,739.3,DRV,,,False,0,Carrier 1034393,Shipper 1249,True,True,True,9/19/2017 18:00,9/21/2017 23:00,False,False,False,False,False,False,False,False,Pleasant Prairie,WI ,Pleasant Prairie,WI 
691,206432169,9/18/2017 18:07,9/18/2017 18:07,9/19/2017 9:03,9/19/2017 8:00,9/21/2017 8:00,3622.68,2700.0,922.68,739.3,DRV,,,False,0,Carrier 1034393,Shipper 1375,True,True,True,9/19/2017 18:00,9/21/2017 23:00,False,False,False,False,False,False,False,False,Pleasant Prairie,WI ,Pleasant Prairie,WI 
692,206432169,9/18/2017 18:07,9/18/2017 18:07,9/19/2017 9:03,9/19/2017 8:00,9/21/2017 8:00,3622.68,2700.0,922.68,739.3,DRV,,,False,0,Carrier 1034393,Shipper 1386,True,True,True,9/19/2017 18:00,9/21/2017 23:00,False,False,False,False,False,False,False,False,Pleasant Prairie,WI ,Pleasant Prairie,WI 
693,206432169,9/18/2017 18:07,9/18/2017 18:07,9/19/2017 9:03,9/19/2017 8:00,9/21/2017 8:00,3622.68,2700.0,922.68,739.3,DRV,,,False,0,Carrier 1034393,Shipper 1248,True,True,True,9/19/2017 18:00,9/21/2017 23:00,False,False,False,False,False,False,False,False,Pleasant Prairie,WI ,Pleasant Prairie,WI 
694,206432169,9/18/2017 18:07,9/18/2017 18:07,9/19/2017 9:03,9/19/2017 8:00,9/21/2017 8:00,3622.68,2700.0,922.68,739.3,DRV,,,False,0,Carrier 1034393,Shipper 1387,True,True,True,9/19/2017 18:00,9/21/2017 23:00,False,False,False,False,False,False,False,False,Pleasant Prairie,WI ,Pleasant Prairie,WI 
695,206432169,9/18/2017 18:07,9/18/2017 18:07,9/19/2017 9:03,9/19/2017 8:00,9/21/2017 8:00,3622.68,2700.0,922.68,739.3,DRV,,,False,0,Carrier 1034393,Shipper 1388,True,True,True,9/19/2017 18:00,9/21/2017 23:00,False,False,False,False,False,False,False,False,Pleasant Prairie,WI ,Pleasant Prairie,WI 
696,206732721,12/26/2017 15:38,12/26/2017 15:38,12/26/2017 15:53,12/27/2017 16:00,1/3/2018 10:05,3615.84,2569.0,1046.84,734.1,DRV,,carrier_capacity,True,0,Carrier 19121,Shipper 1644,True,True,True,12/27/2017 16:00,1/3/2018 7:00,False,False,False,False,False,False,False,False,Wood Dale,IL ,Wood Dale,IL 
697,206495225,11/9/2017 9:22,11/9/2017 9:22,11/10/2017 17:10,11/11/2017 14:30,11/14/2017 10:00,3615.03,3790.0,-174.97,1154.2,RFR,,,False,0,Carrier 372346,Shipper 758,True,True,True,11/11/2017 14:30,11/14/2017 8:00,False,False,False,False,False,False,False,False,Quincy,WA ,Quincy,WA 
698,206430601,10/20/2017 17:03,10/20/2017 17:03,10/22/2017 19:22,10/23/2017 15:00,10/26/2017 12:58,3609.14,3350.0,259.14,1702.2,RFR,,,False,0,Carrier 1009479,Shipper 1249,True,True,True,10/23/2017 15:00,10/26/2017 10:00,False,False,False,False,False,False,False,False,Williamsburg,VA ,Williamsburg,VA 
699,206430601,10/20/2017 17:03,10/20/2017 17:03,10/22/2017 19:22,10/23/2017 15:00,10/26/2017 12:58,3609.14,3350.0,259.14,1702.2,RFR,,,False,0,Carrier 1009479,Shipper 1375,True,True,True,10/23/2017 15:00,10/26/2017 10:00,False,False,False,False,False,False,False,False,Williamsburg,VA ,Williamsburg,VA 
700,206430601,10/20/2017 17:03,10/20/2017 17:03,10/22/2017 19:22,10/23/2017 15:00,10/26/2017 12:58,3609.14,3350.0,259.14,1702.2,RFR,,,False,0,Carrier 1009479,Shipper 1386,True,True,True,10/23/2017 15:00,10/26/2017 10:00,False,False,False,False,False,False,False,False,Williamsburg,VA ,Williamsburg,VA 
701,206430601,10/20/2017 17:03,10/20/2017 17:03,10/22/2017 19:22,10/23/2017 15:00,10/26/2017 12:58,3609.14,3350.0,259.14,1702.2,RFR,,,False,0,Carrier 1009479,Shipper 1248,True,True,True,10/23/2017 15:00,10/26/2017 10:00,False,False,False,False,False,False,False,False,Williamsburg,VA ,Williamsburg,VA 
702,206430601,10/20/2017 17:03,10/20/2017 17:03,10/22/2017 19:22,10/23/2017 15:00,10/26/2017 12:58,3609.14,3350.0,259.14,1702.2,RFR,,,False,0,Carrier 1009479,Shipper 1387,True,True,True,10/23/2017 15:00,10/26/2017 10:00,False,False,False,False,False,False,False,False,Williamsburg,VA ,Williamsburg,VA 
703,206430601,10/20/2017 17:03,10/20/2017 17:03,10/22/2017 19:22,10/23/2017 15:00,10/26/2017 12:58,3609.14,3350.0,259.14,1702.2,RFR,,,False,0,Carrier 1009479,Shipper 1388,True,True,True,10/23/2017 15:00,10/26/2017 10:00,False,False,False,False,False,False,False,False,Williamsburg,VA ,Williamsburg,VA 
704,206528233,11/3/2017 16:26,11/3/2017 16:26,11/3/2017 19:15,11/7/2017 16:00,11/9/2017 8:00,3603.77,3500.0,103.77,1014.2,DRV,,,False,0,Carrier 1694438,Shipper 1249,True,True,True,11/7/2017 16:00,11/9/2017 12:00,False,False,False,False,False,False,False,False,St. Louis,MO ,St. Louis,MO 
705,206528233,11/3/2017 16:26,11/3/2017 16:26,11/3/2017 19:15,11/7/2017 16:00,11/9/2017 8:00,3603.77,3500.0,103.77,1014.2,DRV,,,False,0,Carrier 1694438,Shipper 1375,True,True,True,11/7/2017 16:00,11/9/2017 12:00,False,False,False,False,False,False,False,False,St. Louis,MO ,St. Louis,MO 
706,206528233,11/3/2017 16:26,11/3/2017 16:26,11/3/2017 19:15,11/7/2017 16:00,11/9/2017 8:00,3603.77,3500.0,103.77,1014.2,DRV,,,False,0,Carrier 1694438,Shipper 1386,True,True,True,11/7/2017 16:00,11/9/2017 12:00,False,False,False,False,False,False,False,False,St. Louis,MO ,St. Louis,MO 
707,206528233,11/3/2017 16:26,11/3/2017 16:26,11/3/2017 19:15,11/7/2017 16:00,11/9/2017 8:00,3603.77,3500.0,103.77,1014.2,DRV,,,False,0,Carrier 1694438,Shipper 1248,True,True,True,11/7/2017 16:00,11/9/2017 12:00,False,False,False,False,False,False,False,False,St. Louis,MO ,St. Louis,MO 
708,206528233,11/3/2017 16:26,11/3/2017 16:26,11/3/2017 19:15,11/7/2017 16:00,11/9/2017 8:00,3603.77,3500.0,103.77,1014.2,DRV,,,False,0,Carrier 1694438,Shipper 1387,True,True,True,11/7/2017 16:00,11/9/2017 12:00,False,False,False,False,False,False,False,False,St. Louis,MO ,St. Louis,MO 
709,206528233,11/3/2017 16:26,11/3/2017 16:26,11/3/2017 19:15,11/7/2017 16:00,11/9/2017 8:00,3603.77,3500.0,103.77,1014.2,DRV,,,False,0,Carrier 1694438,Shipper 1388,True,True,True,11/7/2017 16:00,11/9/2017 12:00,False,False,False,False,False,False,False,False,St. Louis,MO ,St. Louis,MO 
710,206646985,11/20/2017 7:57,11/20/2017 7:58,11/21/2017 13:15,11/22/2017 15:00,11/27/2017 18:45,3602.78,2800.0,802.78,1319.8,DRV,,,False,1,Carrier 1485718,Shipper 1644,True,True,True,11/22/2017 15:00,11/25/2017 12:00,False,False,False,False,False,False,False,False,Canton,NC ,Canton,NC 
711,206446673,11/20/2017 8:46,11/20/2017 8:46,11/20/2017 10:44,11/20/2017 20:00,11/22/2017 17:12,3602.78,2500.0,1102.78,1319.8,DRV,,,False,0,Carrier 1006852,Shipper 1644,True,True,True,11/20/2017 20:00,11/22/2017 11:00,False,False,False,False,False,False,False,False,Canton,NC ,Canton,NC 
712,206549697,10/20/2017 16:57,10/20/2017 16:57,10/23/2017 9:01,10/23/2017 14:00,10/25/2017 11:29,3602.5,3500.0,102.5,1024.6,RFR,,,False,0,Carrier 1695596,Shipper 1249,True,True,True,10/23/2017 14:00,10/25/2017 11:30,False,False,False,False,False,False,False,False,Aurora,CO ,Aurora,CO 
713,206549697,10/20/2017 16:57,10/20/2017 16:57,10/23/2017 9:01,10/23/2017 14:00,10/25/2017 11:29,3602.5,3500.0,102.5,1024.6,RFR,,,False,0,Carrier 1695596,Shipper 1375,True,True,True,10/23/2017 14:00,10/25/2017 11:30,False,False,False,False,False,False,False,False,Aurora,CO ,Aurora,CO 
714,206549697,10/20/2017 16:57,10/20/2017 16:57,10/23/2017 9:01,10/23/2017 14:00,10/25/2017 11:29,3602.5,3500.0,102.5,1024.6,RFR,,,False,0,Carrier 1695596,Shipper 1386,True,True,True,10/23/2017 14:00,10/25/2017 11:30,False,False,False,False,False,False,False,False,Aurora,CO ,Aurora,CO 
715,206549697,10/20/2017 16:57,10/20/2017 16:57,10/23/2017 9:01,10/23/2017 14:00,10/25/2017 11:29,3602.5,3500.0,102.5,1024.6,RFR,,,False,0,Carrier 1695596,Shipper 1248,True,True,True,10/23/2017 14:00,10/25/2017 11:30,False,False,False,False,False,False,False,False,Aurora,CO ,Aurora,CO 
716,206549697,10/20/2017 16:57,10/20/2017 16:57,10/23/2017 9:01,10/23/2017 14:00,10/25/2017 11:29,3602.5,3500.0,102.5,1024.6,RFR,,,False,0,Carrier 1695596,Shipper 1387,True,True,True,10/23/2017 14:00,10/25/2017 11:30,False,False,False,False,False,False,False,False,Aurora,CO ,Aurora,CO 
717,206549697,10/20/2017 16:57,10/20/2017 16:57,10/23/2017 9:01,10/23/2017 14:00,10/25/2017 11:29,3602.5,3500.0,102.5,1024.6,RFR,,,False,0,Carrier 1695596,Shipper 1388,True,True,True,10/23/2017 14:00,10/25/2017 11:30,False,False,False,False,False,False,False,False,Aurora,CO ,Aurora,CO 
718,206592737,5/23/2017 13:43,5/23/2017 13:43,5/23/2017 13:58,5/23/2017 17:30,5/26/2017 13:00,3600.0,3100.0,500.0,2520.5,DRV,,,False,0,Carrier 1341672,Shipper 585,True,True,True,5/23/2017 18:00,5/26/2017 19:00,False,False,False,False,False,False,False,False,Plant City,FL ,Plant City,FL 
719,206475825,11/21/2017 18:52,11/21/2017 18:52,11/24/2017 12:13,11/26/2017 22:00,11/28/2017 16:30,3589.58,3200.0,389.58,1319.8,DRV,,,False,0,Carrier 1695697,Shipper 1644,True,True,True,11/26/2017 22:00,11/29/2017 9:00,False,False,False,False,False,False,False,False,Canton,NC ,Canton,NC 
720,206518121,11/21/2017 16:39,11/21/2017 16:39,11/24/2017 11:23,11/26/2017 15:00,11/28/2017 17:00,3589.58,3400.0,189.58,1319.8,DRV,,,False,0,Carrier 84317,Shipper 1644,True,True,True,11/26/2017 15:00,11/28/2017 16:00,False,False,False,False,False,False,False,False,Canton,NC ,Canton,NC 
721,206508649,11/20/2017 13:20,11/20/2017 13:21,11/21/2017 13:34,11/22/2017 13:00,11/24/2017 14:00,3587.68,3000.0,587.68,1445.9,DRV,,,False,1,Carrier 1295438,Shipper 1644,True,True,True,11/22/2017 13:00,11/23/2017 21:00,False,False,False,False,False,False,False,False,North Charleston,SC ,North Charleston,SC 
722,206560497,12/18/2017 19:03,12/18/2017 19:03,12/19/2017 17:22,12/20/2017 14:00,12/27/2017 12:00,3583.79,3500.0,83.79,1448.1,DRV,,dat_out,False,0,Carrier 472163,Shipper 1249,True,True,True,12/20/2017 14:00,12/29/2017 12:00,False,False,False,False,False,False,False,False,Fort Collins,CO ,Fort Collins,CO 
723,206560497,12/18/2017 19:03,12/18/2017 19:03,12/19/2017 17:22,12/20/2017 14:00,12/27/2017 12:00,3583.79,3500.0,83.79,1448.1,DRV,,dat_out,False,0,Carrier 472163,Shipper 1375,True,True,True,12/20/2017 14:00,12/29/2017 12:00,False,False,False,False,False,False,False,False,Fort Collins,CO ,Fort Collins,CO 
724,206560497,12/18/2017 19:03,12/18/2017 19:03,12/19/2017 17:22,12/20/2017 14:00,12/27/2017 12:00,3583.79,3500.0,83.79,1448.1,DRV,,dat_out,False,0,Carrier 472163,Shipper 1386,True,True,True,12/20/2017 14:00,12/29/2017 12:00,False,False,False,False,False,False,False,False,Fort Collins,CO ,Fort Collins,CO 
725,206560497,12/18/2017 19:03,12/18/2017 19:03,12/19/2017 17:22,12/20/2017 14:00,12/27/2017 12:00,3583.79,3500.0,83.79,1448.1,DRV,,dat_out,False,0,Carrier 472163,Shipper 1248,True,True,True,12/20/2017 14:00,12/29/2017 12:00,False,False,False,False,False,False,False,False,Fort Collins,CO ,Fort Collins,CO 
726,206560497,12/18/2017 19:03,12/18/2017 19:03,12/19/2017 17:22,12/20/2017 14:00,12/27/2017 12:00,3583.79,3500.0,83.79,1448.1,DRV,,dat_out,False,0,Carrier 472163,Shipper 1387,True,True,True,12/20/2017 14:00,12/29/2017 12:00,False,False,False,False,False,False,False,False,Fort Collins,CO ,Fort Collins,CO 
727,206560497,12/18/2017 19:03,12/18/2017 19:03,12/19/2017 17:22,12/20/2017 14:00,12/27/2017 12:00,3583.79,3500.0,83.79,1448.1,DRV,,dat_out,False,0,Carrier 472163,Shipper 1388,True,True,True,12/20/2017 14:00,12/29/2017 12:00,False,False,False,False,False,False,False,False,Fort Collins,CO ,Fort Collins,CO 
728,206540329,11/6/2017 13:57,11/6/2017 13:58,11/8/2017 10:02,11/9/2017 13:00,11/11/2017 14:45,3582.86,3068.0,514.86,1174.2,DRV,,,False,0,Carrier 93468,Shipper 758,True,False,False,11/9/2017 18:00,11/11/2017 8:00,False,False,False,False,False,False,False,False,La Pine,OR ,La Pine,OR 
729,206592745,5/30/2017 16:34,5/30/2017 16:34,5/31/2017 20:34,5/31/2017 20:00,6/2/2017 13:00,3580.29,3500.0,80.29,943.0,RFR,,,False,0,Carrier 1050090,Shipper 1249,False,True,False,5/31/2017 20:00,6/2/2017 13:00,False,False,False,False,False,False,False,False,Jacksonville,FL ,Jacksonville,FL 
730,206592745,5/30/2017 16:34,5/30/2017 16:34,5/31/2017 20:34,5/31/2017 20:00,6/2/2017 13:00,3580.29,3500.0,80.29,943.0,RFR,,,False,0,Carrier 1050090,Shipper 1375,False,True,False,5/31/2017 20:00,6/2/2017 13:00,False,False,False,False,False,False,False,False,Jacksonville,FL ,Jacksonville,FL 
731,206592745,5/30/2017 16:34,5/30/2017 16:34,5/31/2017 20:34,5/31/2017 20:00,6/2/2017 13:00,3580.29,3500.0,80.29,943.0,RFR,,,False,0,Carrier 1050090,Shipper 1386,False,True,False,5/31/2017 20:00,6/2/2017 13:00,False,False,False,False,False,False,False,False,Jacksonville,FL ,Jacksonville,FL 
732,206592745,5/30/2017 16:34,5/30/2017 16:34,5/31/2017 20:34,5/31/2017 20:00,6/2/2017 13:00,3580.29,3500.0,80.29,943.0,RFR,,,False,0,Carrier 1050090,Shipper 1248,False,True,False,5/31/2017 20:00,6/2/2017 13:00,False,False,False,False,False,False,False,False,Jacksonville,FL ,Jacksonville,FL 
733,206592745,5/30/2017 16:34,5/30/2017 16:34,5/31/2017 20:34,5/31/2017 20:00,6/2/2017 13:00,3580.29,3500.0,80.29,943.0,RFR,,,False,0,Carrier 1050090,Shipper 1387,False,True,False,5/31/2017 20:00,6/2/2017 13:00,False,False,False,False,False,False,False,False,Jacksonville,FL ,Jacksonville,FL 
734,206592745,5/30/2017 16:34,5/30/2017 16:34,5/31/2017 20:34,5/31/2017 20:00,6/2/2017 13:00,3580.29,3500.0,80.29,943.0,RFR,,,False,0,Carrier 1050090,Shipper 1388,False,True,False,5/31/2017 20:00,6/2/2017 13:00,False,False,False,False,False,False,False,False,Jacksonville,FL ,Jacksonville,FL 
735,206530121,4/3/2017 16:27,4/3/2017 16:28,4/5/2017 10:02,4/7/2017 16:00,4/10/2017 15:15,3579.71,3600.0,-20.29,1782.5,RFR,2.0,,False,0,Carrier 1174609,Shipper 1249,True,True,True,4/7/2017 16:00,4/10/2017 12:00,False,False,False,False,False,False,False,False,Fort Collins,CO ,Fort Collins,CO 
736,206530121,4/3/2017 16:27,4/3/2017 16:28,4/5/2017 10:02,4/7/2017 16:00,4/10/2017 15:15,3579.71,3600.0,-20.29,1782.5,RFR,2.0,,False,0,Carrier 1174609,Shipper 1375,True,True,True,4/7/2017 16:00,4/10/2017 12:00,False,False,False,False,False,False,False,False,Fort Collins,CO ,Fort Collins,CO 
737,206530121,4/3/2017 16:27,4/3/2017 16:28,4/5/2017 10:02,4/7/2017 16:00,4/10/2017 15:15,3579.71,3600.0,-20.29,1782.5,RFR,2.0,,False,0,Carrier 1174609,Shipper 1386,True,True,True,4/7/2017 16:00,4/10/2017 12:00,False,False,False,False,False,False,False,False,Fort Collins,CO ,Fort Collins,CO 
738,206530121,4/3/2017 16:27,4/3/2017 16:28,4/5/2017 10:02,4/7/2017 16:00,4/10/2017 15:15,3579.71,3600.0,-20.29,1782.5,RFR,2.0,,False,0,Carrier 1174609,Shipper 1248,True,True,True,4/7/2017 16:00,4/10/2017 12:00,False,False,False,False,False,False,False,False,Fort Collins,CO ,Fort Collins,CO 
739,206530121,4/3/2017 16:27,4/3/2017 16:28,4/5/2017 10:02,4/7/2017 16:00,4/10/2017 15:15,3579.71,3600.0,-20.29,1782.5,RFR,2.0,,False,0,Carrier 1174609,Shipper 1387,True,True,True,4/7/2017 16:00,4/10/2017 12:00,False,False,False,False,False,False,False,False,Fort Collins,CO ,Fort Collins,CO 
740,206530121,4/3/2017 16:27,4/3/2017 16:28,4/5/2017 10:02,4/7/2017 16:00,4/10/2017 15:15,3579.71,3600.0,-20.29,1782.5,RFR,2.0,,False,0,Carrier 1174609,Shipper 1388,True,True,True,4/7/2017 16:00,4/10/2017 12:00,False,False,False,False,False,False,False,False,Fort Collins,CO ,Fort Collins,CO 
741,206544193,11/14/2017 18:23,11/14/2017 18:23,11/16/2017 12:36,11/16/2017 9:00,11/21/2017 14:00,3566.14,3550.0,16.14,536.4,DRV,,,False,0,Carrier 30549,Shipper 1644,True,True,True,11/16/2017 15:00,11/17/2017 9:00,False,False,False,False,False,False,False,False,Decatur,IN ,Decatur,IN 
742,206571681,5/3/2017 16:27,5/3/2017 16:29,5/5/2017 17:33,5/6/2017 15:00,5/9/2017 14:30,3555.51,4000.0,-444.49,1745.7,RFR,,,False,0,Carrier 1034065,Shipper 1249,True,True,True,5/6/2017 16:00,5/9/2017 9:00,False,False,False,False,False,False,False,False,Jacksonville,FL ,Jacksonville,FL 
743,206571681,5/3/2017 16:27,5/3/2017 16:29,5/5/2017 17:33,5/6/2017 15:00,5/9/2017 14:30,3555.51,4000.0,-444.49,1745.7,RFR,,,False,0,Carrier 1034065,Shipper 1375,True,True,True,5/6/2017 16:00,5/9/2017 9:00,False,False,False,False,False,False,False,False,Jacksonville,FL ,Jacksonville,FL 
744,206571681,5/3/2017 16:27,5/3/2017 16:29,5/5/2017 17:33,5/6/2017 15:00,5/9/2017 14:30,3555.51,4000.0,-444.49,1745.7,RFR,,,False,0,Carrier 1034065,Shipper 1386,True,True,True,5/6/2017 16:00,5/9/2017 9:00,False,False,False,False,False,False,False,False,Jacksonville,FL ,Jacksonville,FL 
745,206571681,5/3/2017 16:27,5/3/2017 16:29,5/5/2017 17:33,5/6/2017 15:00,5/9/2017 14:30,3555.51,4000.0,-444.49,1745.7,RFR,,,False,0,Carrier 1034065,Shipper 1248,True,True,True,5/6/2017 16:00,5/9/2017 9:00,False,False,False,False,False,False,False,False,Jacksonville,FL ,Jacksonville,FL 
746,206571681,5/3/2017 16:27,5/3/2017 16:29,5/5/2017 17:33,5/6/2017 15:00,5/9/2017 14:30,3555.51,4000.0,-444.49,1745.7,RFR,,,False,0,Carrier 1034065,Shipper 1387,True,True,True,5/6/2017 16:00,5/9/2017 9:00,False,False,False,False,False,False,False,False,Jacksonville,FL ,Jacksonville,FL 
747,206571681,5/3/2017 16:27,5/3/2017 16:29,5/5/2017 17:33,5/6/2017 15:00,5/9/2017 14:30,3555.51,4000.0,-444.49,1745.7,RFR,,,False,0,Carrier 1034065,Shipper 1388,True,True,True,5/6/2017 16:00,5/9/2017 9:00,False,False,False,False,False,False,False,False,Jacksonville,FL ,Jacksonville,FL 
748,206553065,5/25/2017 15:20,5/25/2017 15:20,5/26/2017 14:34,5/26/2017 16:00,5/30/2017 13:00,3551.48,3500.0,51.48,1669.4,DRV,,,False,1,Carrier 1681657,Shipper 1249,True,True,True,5/26/2017 16:00,5/30/2017 14:00,False,False,False,False,False,False,False,False,Los Angeles,CA ,Los Angeles,CA 
749,206553065,5/25/2017 15:20,5/25/2017 15:20,5/26/2017 14:34,5/26/2017 16:00,5/30/2017 13:00,3551.48,3500.0,51.48,1669.4,DRV,,,False,1,Carrier 1681657,Shipper 1375,True,True,True,5/26/2017 16:00,5/30/2017 14:00,False,False,False,False,False,False,False,False,Los Angeles,CA ,Los Angeles,CA 
750,206553065,5/25/2017 15:20,5/25/2017 15:20,5/26/2017 14:34,5/26/2017 16:00,5/30/2017 13:00,3551.48,3500.0,51.48,1669.4,DRV,,,False,1,Carrier 1681657,Shipper 1386,True,True,True,5/26/2017 16:00,5/30/2017 14:00,False,False,False,False,False,False,False,False,Los Angeles,CA ,Los Angeles,CA 
751,206553065,5/25/2017 15:20,5/25/2017 15:20,5/26/2017 14:34,5/26/2017 16:00,5/30/2017 13:00,3551.48,3500.0,51.48,1669.4,DRV,,,False,1,Carrier 1681657,Shipper 1248,True,True,True,5/26/2017 16:00,5/30/2017 14:00,False,False,False,False,False,False,False,False,Los Angeles,CA ,Los Angeles,CA 
752,206553065,5/25/2017 15:20,5/25/2017 15:20,5/26/2017 14:34,5/26/2017 16:00,5/30/2017 13:00,3551.48,3500.0,51.48,1669.4,DRV,,,False,1,Carrier 1681657,Shipper 1387,True,True,True,5/26/2017 16:00,5/30/2017 14:00,False,False,False,False,False,False,False,False,Los Angeles,CA ,Los Angeles,CA 
753,206553065,5/25/2017 15:20,5/25/2017 15:20,5/26/2017 14:34,5/26/2017 16:00,5/30/2017 13:00,3551.48,3500.0,51.48,1669.4,DRV,,,False,1,Carrier 1681657,Shipper 1388,True,True,True,5/26/2017 16:00,5/30/2017 14:00,False,False,False,False,False,False,False,False,Los Angeles,CA ,Los Angeles,CA 
754,206546977,12/28/2017 19:08,12/28/2017 19:08,12/29/2017 9:00,12/29/2017 12:00,1/3/2018 17:00,3550.0,3300.0,250.0,2023.4,DRV,,,False,0,Carrier 1243837,Shipper 585,True,True,True,12/29/2017 15:00,1/3/2018 16:00,False,False,False,False,False,False,False,False,Beecher,IL ,Beecher,IL 
755,206533977,9/7/2017 18:33,9/7/2017 18:33,9/7/2017 18:45,9/8/2017 10:00,9/12/2017 10:15,3550.0,3000.0,550.0,2523.4,DRV,,,False,0,Carrier 1552174,Shipper 585,True,True,True,9/8/2017 11:00,9/12/2017 11:00,False,False,False,False,False,False,False,False,Plant City,FL ,Plant City,FL 
756,206648081,1/11/2017 11:00,1/11/2017 11:00,1/11/2017 13:42,1/10/2017 3:00,1/11/2017 13:00,3540.0,1809.4,1730.6,140.0,RFR,,,False,0,Carrier 1331325,Shipper 758,,,,1/11/2017 2:00,1/12/2017 2:00,False,False,False,False,False,False,False,False,Portland,OR ,Portland,OR 
757,206704425,10/27/2017 17:14,10/27/2017 17:14,10/31/2017 10:52,10/31/2017 13:00,11/2/2017 8:20,3523.78,3600.0,-76.22,1014.2,DRV,,,False,0,Carrier 1695627,Shipper 1249,True,True,True,10/31/2017 13:00,11/2/2017 14:00,False,False,False,False,False,False,False,False,St. Louis,MO ,St. Louis,MO 
758,206704425,10/27/2017 17:14,10/27/2017 17:14,10/31/2017 10:52,10/31/2017 13:00,11/2/2017 8:20,3523.78,3600.0,-76.22,1014.2,DRV,,,False,0,Carrier 1695627,Shipper 1375,True,True,True,10/31/2017 13:00,11/2/2017 14:00,False,False,False,False,False,False,False,False,St. Louis,MO ,St. Louis,MO 
759,206704425,10/27/2017 17:14,10/27/2017 17:14,10/31/2017 10:52,10/31/2017 13:00,11/2/2017 8:20,3523.78,3600.0,-76.22,1014.2,DRV,,,False,0,Carrier 1695627,Shipper 1386,True,True,True,10/31/2017 13:00,11/2/2017 14:00,False,False,False,False,False,False,False,False,St. Louis,MO ,St. Louis,MO 
760,206704425,10/27/2017 17:14,10/27/2017 17:14,10/31/2017 10:52,10/31/2017 13:00,11/2/2017 8:20,3523.78,3600.0,-76.22,1014.2,DRV,,,False,0,Carrier 1695627,Shipper 1248,True,True,True,10/31/2017 13:00,11/2/2017 14:00,False,False,False,False,False,False,False,False,St. Louis,MO ,St. Louis,MO 
761,206704425,10/27/2017 17:14,10/27/2017 17:14,10/31/2017 10:52,10/31/2017 13:00,11/2/2017 8:20,3523.78,3600.0,-76.22,1014.2,DRV,,,False,0,Carrier 1695627,Shipper 1387,True,True,True,10/31/2017 13:00,11/2/2017 14:00,False,False,False,False,False,False,False,False,St. Louis,MO ,St. Louis,MO 
762,206704425,10/27/2017 17:14,10/27/2017 17:14,10/31/2017 10:52,10/31/2017 13:00,11/2/2017 8:20,3523.78,3600.0,-76.22,1014.2,DRV,,,False,0,Carrier 1695627,Shipper 1388,True,True,True,10/31/2017 13:00,11/2/2017 14:00,False,False,False,False,False,False,False,False,St. Louis,MO ,St. Louis,MO 
763,206501801,11/20/2017 15:26,11/20/2017 15:26,11/27/2017 15:12,11/28/2017 14:00,11/30/2017 8:00,3516.32,3500.0,16.32,0.0,DRV,,,False,0,Carrier 1459577,Shipper 1644,True,True,True,11/28/2017 14:00,11/30/2017 7:00,False,False,False,False,False,False,False,False,Batavia,IL ,Batavia,IL 
764,206467945,8/24/2017 16:19,8/24/2017 16:19,8/25/2017 9:09,8/26/2017 14:00,8/28/2017 13:40,3502.79,3500.0,2.79,1142.8,DRV,,,False,0,Carrier 368,Shipper 1249,True,True,True,8/26/2017 14:00,8/28/2017 14:00,False,False,False,False,False,False,False,False,St. Louis,MO ,St. Louis,MO 
765,206467945,8/24/2017 16:19,8/24/2017 16:19,8/25/2017 9:09,8/26/2017 14:00,8/28/2017 13:40,3502.79,3500.0,2.79,1142.8,DRV,,,False,0,Carrier 368,Shipper 1375,True,True,True,8/26/2017 14:00,8/28/2017 14:00,False,False,False,False,False,False,False,False,St. Louis,MO ,St. Louis,MO 
766,206467945,8/24/2017 16:19,8/24/2017 16:19,8/25/2017 9:09,8/26/2017 14:00,8/28/2017 13:40,3502.79,3500.0,2.79,1142.8,DRV,,,False,0,Carrier 368,Shipper 1386,True,True,True,8/26/2017 14:00,8/28/2017 14:00,False,False,False,False,False,False,False,False,St. Louis,MO ,St. Louis,MO 
767,206467945,8/24/2017 16:19,8/24/2017 16:19,8/25/2017 9:09,8/26/2017 14:00,8/28/2017 13:40,3502.79,3500.0,2.79,1142.8,DRV,,,False,0,Carrier 368,Shipper 1248,True,True,True,8/26/2017 14:00,8/28/2017 14:00,False,False,False,False,False,False,False,False,St. Louis,MO ,St. Louis,MO 
768,206467945,8/24/2017 16:19,8/24/2017 16:19,8/25/2017 9:09,8/26/2017 14:00,8/28/2017 13:40,3502.79,3500.0,2.79,1142.8,DRV,,,False,0,Carrier 368,Shipper 1387,True,True,True,8/26/2017 14:00,8/28/2017 14:00,False,False,False,False,False,False,False,False,St. Louis,MO ,St. Louis,MO 
769,206467945,8/24/2017 16:19,8/24/2017 16:19,8/25/2017 9:09,8/26/2017 14:00,8/28/2017 13:40,3502.79,3500.0,2.79,1142.8,DRV,,,False,0,Carrier 368,Shipper 1388,True,True,True,8/26/2017 14:00,8/28/2017 14:00,False,False,False,False,False,False,False,False,St. Louis,MO ,St. Louis,MO 
770,206541993,6/29/2017 16:57,6/29/2017 16:57,6/29/2017 17:06,6/30/2017 12:00,7/3/2017 9:00,3500.0,3300.0,200.0,1136.0,DRV,,,False,0,Carrier 1074770,Shipper 585,True,True,True,6/30/2017 12:00,7/3/2017 11:00,False,False,False,False,False,False,False,False,Plant City,FL ,Plant City,FL 
771,206775081,8/30/2017 12:58,8/30/2017 12:58,8/30/2017 15:29,8/31/2017 17:00,9/5/2017 8:40,3500.0,2100.0,1400.0,1158.8,DRV,,,False,0,Carrier 1160771,Shipper 585,True,True,True,8/31/2017 18:00,9/5/2017 9:00,False,False,False,False,False,False,False,False,Plant City,FL ,Plant City,FL 
772,206585209,7/6/2017 14:08,7/6/2017 14:08,7/13/2017 15:06,7/14/2017 8:00,7/17/2017 18:15,3500.0,3300.0,200.0,2399.4,RFR,,,False,3,Carrier 1086564,Shipper 585,False,True,True,7/14/2017 8:00,7/17/2017 14:15,False,False,False,False,False,False,False,False,Pittsburgh,PA ,Pittsburgh,PA 
773,206652657,11/21/2017 12:48,11/21/2017 12:48,11/21/2017 15:40,11/25/2017 8:00,11/27/2017 15:10,3497.34,3400.0,97.34,1277.4,DRV,,,False,0,Carrier 1160771,Shipper 1644,True,True,True,11/25/2017 8:00,11/27/2017 11:00,False,False,False,False,False,False,False,False,Piedmont,SC ,Piedmont,SC 
774,206501529,10/10/2017 17:45,10/10/2017 17:46,10/11/2017 11:44,10/11/2017 9:00,10/13/2017 13:30,3489.0,3489.0,0.0,1358.4,DRV,,,False,0,Carrier 607649,Shipper 585,True,False,False,10/11/2017 14:00,10/13/2017 9:30,False,False,False,False,False,False,False,False,Plant City,FL ,Plant City,FL 
775,206548145,9/12/2017 18:03,9/12/2017 18:03,9/13/2017 13:56,9/13/2017 12:00,9/14/2017 23:00,3474.31,3400.0,74.31,970.6,DRV,,,False,1,Carrier 51333,Shipper 758,True,True,True,9/13/2017 18:00,9/14/2017 23:00,False,False,False,False,False,False,False,False,Janesville,WI ,Janesville,WI 
776,206726993,9/8/2017 13:50,9/8/2017 13:50,9/11/2017 16:13,9/12/2017 17:00,9/14/2017 23:50,3474.31,2800.0,674.31,970.6,DRV,,,False,0,Carrier 31074,Shipper 758,True,False,False,9/12/2017 17:00,9/14/2017 23:30,False,False,False,False,False,False,False,False,Janesville,WI ,Janesville,WI 
777,206514137,9/8/2017 13:40,9/8/2017 13:40,9/11/2017 8:08,9/12/2017 17:00,9/14/2017 23:30,3474.31,2800.0,674.31,970.6,DRV,,,False,0,Carrier 31074,Shipper 758,True,True,True,9/12/2017 17:00,9/14/2017 22:30,False,False,False,False,False,False,False,False,Janesville,WI ,Janesville,WI 
778,206624049,10/6/2017 9:45,10/6/2017 9:45,10/9/2017 7:17,10/15/2017 15:00,10/17/2017 20:00,3464.47,3000.0,464.47,1174.2,DRV,,,False,0,Carrier 31074,Shipper 758,True,False,False,10/15/2017 17:00,10/17/2017 10:00,False,False,False,False,False,False,False,False,La Pine,OR ,La Pine,OR 
779,206510873,3/1/2017 15:41,3/1/2017 15:41,3/2/2017 14:03,3/3/2017 14:00,3/6/2017 8:00,3460.0,3200.0,260.0,1805.9,RFR,,,False,0,Carrier 792680,Shipper 1298,True,True,True,3/3/2017 17:00,3/6/2017 16:00,False,False,False,False,False,False,False,False,Downey,ID ,Downey,ID 
780,206526401,3/1/2017 12:35,3/1/2017 12:35,3/2/2017 15:36,3/3/2017 14:00,3/6/2017 9:00,3460.0,3200.0,260.0,1805.9,RFR,3.0,,False,0,Carrier 1297336,Shipper 1298,True,True,True,3/3/2017 17:00,3/6/2017 16:00,False,False,False,False,False,False,False,False,Downey,ID ,Downey,ID 
781,206651977,2/27/2017 13:40,2/27/2017 13:40,3/2/2017 18:35,3/3/2017 15:00,3/6/2017 14:30,3450.0,3200.0,250.0,2018.6,RFR,,,False,0,Carrier 28523,Shipper 585,True,True,True,3/3/2017 15:00,3/6/2017 13:00,False,False,False,False,False,False,False,False,Watertown,WI ,Watertown,WI 
782,206500457,9/20/2017 17:34,9/20/2017 17:34,9/21/2017 11:06,9/22/2017 14:00,9/24/2017 1:00,3448.4,3300.0,148.4,919.9,DRV,,,False,0,Carrier 1695348,Shipper 1249,True,True,True,9/22/2017 14:00,9/24/2017 23:00,False,False,False,False,False,False,False,False,Newark,NJ ,Newark,NJ 
783,206500457,9/20/2017 17:34,9/20/2017 17:34,9/21/2017 11:06,9/22/2017 14:00,9/24/2017 1:00,3448.4,3300.0,148.4,919.9,DRV,,,False,0,Carrier 1695348,Shipper 1375,True,True,True,9/22/2017 14:00,9/24/2017 23:00,False,False,False,False,False,False,False,False,Newark,NJ ,Newark,NJ 
784,206500457,9/20/2017 17:34,9/20/2017 17:34,9/21/2017 11:06,9/22/2017 14:00,9/24/2017 1:00,3448.4,3300.0,148.4,919.9,DRV,,,False,0,Carrier 1695348,Shipper 1386,True,True,True,9/22/2017 14:00,9/24/2017 23:00,False,False,False,False,False,False,False,False,Newark,NJ ,Newark,NJ 
785,206500457,9/20/2017 17:34,9/20/2017 17:34,9/21/2017 11:06,9/22/2017 14:00,9/24/2017 1:00,3448.4,3300.0,148.4,919.9,DRV,,,False,0,Carrier 1695348,Shipper 1248,True,True,True,9/22/2017 14:00,9/24/2017 23:00,False,False,False,False,False,False,False,False,Newark,NJ ,Newark,NJ 
786,206500457,9/20/2017 17:34,9/20/2017 17:34,9/21/2017 11:06,9/22/2017 14:00,9/24/2017 1:00,3448.4,3300.0,148.4,919.9,DRV,,,False,0,Carrier 1695348,Shipper 1387,True,True,True,9/22/2017 14:00,9/24/2017 23:00,False,False,False,False,False,False,False,False,Newark,NJ ,Newark,NJ 
787,206500457,9/20/2017 17:34,9/20/2017 17:34,9/21/2017 11:06,9/22/2017 14:00,9/24/2017 1:00,3448.4,3300.0,148.4,919.9,DRV,,,False,0,Carrier 1695348,Shipper 1388,True,True,True,9/22/2017 14:00,9/24/2017 23:00,False,False,False,False,False,False,False,False,Newark,NJ ,Newark,NJ 
788,206592153,11/24/2017 9:15,11/24/2017 9:15,11/28/2017 12:38,11/29/2017 13:00,12/1/2017 16:00,3434.76,3500.0,-65.24,1461.7,DRV,,,False,0,Carrier 27691,Shipper 1644,True,True,True,11/29/2017 13:00,12/1/2017 13:00,False,False,False,False,False,False,False,False,Ontario,CA ,Ontario,CA 
789,206634969,9/27/2017 15:30,9/27/2017 15:30,9/27/2017 16:13,9/27/2017 17:00,9/29/2017 23:30,3425.7,2439.0,986.7,1319.6,DRV,,,False,0,Carrier 1068231,Shipper 585,True,True,True,9/27/2017 18:30,9/30/2017 0:00,False,False,False,False,False,False,False,False,Plant City,FL ,Plant City,FL 
790,206625241,12/4/2017 15:16,12/4/2017 15:16,12/4/2017 15:54,12/5/2017 15:00,12/7/2017 18:00,3423.5,3000.0,423.5,1376.5,DRV,,carrier_capacity,True,0,Carrier 19121,Shipper 1644,True,True,True,12/5/2017 15:00,12/8/2017 6:00,False,False,False,False,False,False,False,False,Del Rio,TX ,Del Rio,TX 
791,206643673,11/20/2017 15:31,11/20/2017 15:31,11/27/2017 8:49,11/27/2017 18:00,11/29/2017 14:30,3416.13,3400.0,16.13,0.0,DRV,,,False,0,Carrier 4997,Shipper 1644,True,True,True,11/27/2017 18:00,11/29/2017 12:30,False,False,False,False,False,False,False,False,Batavia,IL ,Batavia,IL 
792,206727001,9/18/2017 14:29,9/18/2017 14:29,10/5/2017 11:18,10/5/2017 8:00,10/9/2017 14:00,3409.0,3309.0,100.0,2772.7,DRV,,,False,3,Carrier 102897,Shipper 585,True,True,True,10/5/2017 14:00,10/9/2017 14:00,False,False,False,False,False,False,False,False,Plant City,FL ,Plant City,FL 
793,206548833,11/22/2017 8:28,11/22/2017 8:28,11/24/2017 10:15,11/25/2017 22:00,11/28/2017 18:00,3404.82,3500.0,-95.18,1319.8,DRV,,,False,0,Carrier 1246409,Shipper 1644,True,False,False,11/25/2017 22:00,11/28/2017 9:00,False,False,False,False,False,False,False,False,Canton,NC ,Canton,NC 
794,206545009,11/7/2017 14:13,11/7/2017 14:13,11/13/2017 14:54,11/16/2017 8:00,11/20/2017 14:00,3400.0,3000.0,400.0,2518.5,DRV,,,False,1,Carrier 1341672,Shipper 585,True,True,True,11/16/2017 17:00,11/20/2017 20:00,False,False,False,False,False,False,False,False,Plant City,FL ,Plant City,FL 
795,206704025,9/20/2017 17:42,9/20/2017 17:42,9/22/2017 11:44,9/23/2017 13:00,9/25/2017 13:12,3395.6,3500.0,-104.4,1039.2,DRV,,,False,1,Carrier 89123,Shipper 1249,True,True,True,9/23/2017 13:00,9/25/2017 15:00,False,False,False,False,False,False,False,False,St. Louis,MO ,St. Louis,MO 
796,206704025,9/20/2017 17:42,9/20/2017 17:42,9/22/2017 11:44,9/23/2017 13:00,9/25/2017 13:12,3395.6,3500.0,-104.4,1039.2,DRV,,,False,1,Carrier 89123,Shipper 1375,True,True,True,9/23/2017 13:00,9/25/2017 15:00,False,False,False,False,False,False,False,False,St. Louis,MO ,St. Louis,MO 
797,206704025,9/20/2017 17:42,9/20/2017 17:42,9/22/2017 11:44,9/23/2017 13:00,9/25/2017 13:12,3395.6,3500.0,-104.4,1039.2,DRV,,,False,1,Carrier 89123,Shipper 1386,True,True,True,9/23/2017 13:00,9/25/2017 15:00,False,False,False,False,False,False,False,False,St. Louis,MO ,St. Louis,MO 
798,206704025,9/20/2017 17:42,9/20/2017 17:42,9/22/2017 11:44,9/23/2017 13:00,9/25/2017 13:12,3395.6,3500.0,-104.4,1039.2,DRV,,,False,1,Carrier 89123,Shipper 1248,True,True,True,9/23/2017 13:00,9/25/2017 15:00,False,False,False,False,False,False,False,False,St. Louis,MO ,St. Louis,MO 
799,206704025,9/20/2017 17:42,9/20/2017 17:42,9/22/2017 11:44,9/23/2017 13:00,9/25/2017 13:12,3395.6,3500.0,-104.4,1039.2,DRV,,,False,1,Carrier 89123,Shipper 1387,True,True,True,9/23/2017 13:00,9/25/2017 15:00,False,False,False,False,False,False,False,False,St. Louis,MO ,St. Louis,MO 
800,206704025,9/20/2017 17:42,9/20/2017 17:42,9/22/2017 11:44,9/23/2017 13:00,9/25/2017 13:12,3395.6,3500.0,-104.4,1039.2,DRV,,,False,1,Carrier 89123,Shipper 1388,True,True,True,9/23/2017 13:00,9/25/2017 15:00,False,False,False,False,False,False,False,False,St. Louis,MO ,St. Louis,MO 
801,206594457,5/25/2017 15:47,5/25/2017 15:47,5/26/2017 11:29,5/26/2017 13:00,5/31/2017 15:45,3395.06,2800.0,595.06,681.2,RFR,,,False,0,Carrier 1536952,Shipper 1249,True,False,True,5/26/2017 13:00,5/30/2017 17:00,False,False,False,False,False,False,False,False,Granite City,IL ,Granite City,IL 
802,206594457,5/25/2017 15:47,5/25/2017 15:47,5/26/2017 11:29,5/26/2017 13:00,5/31/2017 15:45,3395.06,2800.0,595.06,681.2,RFR,,,False,0,Carrier 1536952,Shipper 1375,True,False,True,5/26/2017 13:00,5/30/2017 17:00,False,False,False,False,False,False,False,False,Granite City,IL ,Granite City,IL 
803,206594457,5/25/2017 15:47,5/25/2017 15:47,5/26/2017 11:29,5/26/2017 13:00,5/31/2017 15:45,3395.06,2800.0,595.06,681.2,RFR,,,False,0,Carrier 1536952,Shipper 1386,True,False,True,5/26/2017 13:00,5/30/2017 17:00,False,False,False,False,False,False,False,False,Granite City,IL ,Granite City,IL 
804,206594457,5/25/2017 15:47,5/25/2017 15:47,5/26/2017 11:29,5/26/2017 13:00,5/31/2017 15:45,3395.06,2800.0,595.06,681.2,RFR,,,False,0,Carrier 1536952,Shipper 1248,True,False,True,5/26/2017 13:00,5/30/2017 17:00,False,False,False,False,False,False,False,False,Granite City,IL ,Granite City,IL 
805,206594457,5/25/2017 15:47,5/25/2017 15:47,5/26/2017 11:29,5/26/2017 13:00,5/31/2017 15:45,3395.06,2800.0,595.06,681.2,RFR,,,False,0,Carrier 1536952,Shipper 1387,True,False,True,5/26/2017 13:00,5/30/2017 17:00,False,False,False,False,False,False,False,False,Granite City,IL ,Granite City,IL 
806,206594457,5/25/2017 15:47,5/25/2017 15:47,5/26/2017 11:29,5/26/2017 13:00,5/31/2017 15:45,3395.06,2800.0,595.06,681.2,RFR,,,False,0,Carrier 1536952,Shipper 1388,True,False,True,5/26/2017 13:00,5/30/2017 17:00,False,False,False,False,False,False,False,False,Granite City,IL ,Granite City,IL 
807,206577289,5/22/2017 13:19,5/22/2017 13:19,5/22/2017 15:17,5/22/2017 22:00,5/24/2017 14:58,3391.35,3000.0,391.35,1348.3,DRV,4.0,,False,0,Carrier 43490,Shipper 1249,True,True,True,5/22/2017 22:00,5/24/2017 18:00,False,False,False,False,False,False,False,False,Cartersville,GA ,Cartersville,GA 
808,206577289,5/22/2017 13:19,5/22/2017 13:19,5/22/2017 15:17,5/22/2017 22:00,5/24/2017 14:58,3391.35,3000.0,391.35,1348.3,DRV,4.0,,False,0,Carrier 43490,Shipper 1375,True,True,True,5/22/2017 22:00,5/24/2017 18:00,False,False,False,False,False,False,False,False,Cartersville,GA ,Cartersville,GA 
809,206577289,5/22/2017 13:19,5/22/2017 13:19,5/22/2017 15:17,5/22/2017 22:00,5/24/2017 14:58,3391.35,3000.0,391.35,1348.3,DRV,4.0,,False,0,Carrier 43490,Shipper 1386,True,True,True,5/22/2017 22:00,5/24/2017 18:00,False,False,False,False,False,False,False,False,Cartersville,GA ,Cartersville,GA 
810,206577289,5/22/2017 13:19,5/22/2017 13:19,5/22/2017 15:17,5/22/2017 22:00,5/24/2017 14:58,3391.35,3000.0,391.35,1348.3,DRV,4.0,,False,0,Carrier 43490,Shipper 1248,True,True,True,5/22/2017 22:00,5/24/2017 18:00,False,False,False,False,False,False,False,False,Cartersville,GA ,Cartersville,GA 
811,206577289,5/22/2017 13:19,5/22/2017 13:19,5/22/2017 15:17,5/22/2017 22:00,5/24/2017 14:58,3391.35,3000.0,391.35,1348.3,DRV,4.0,,False,0,Carrier 43490,Shipper 1387,True,True,True,5/22/2017 22:00,5/24/2017 18:00,False,False,False,False,False,False,False,False,Cartersville,GA ,Cartersville,GA 
812,206577289,5/22/2017 13:19,5/22/2017 13:19,5/22/2017 15:17,5/22/2017 22:00,5/24/2017 14:58,3391.35,3000.0,391.35,1348.3,DRV,4.0,,False,0,Carrier 43490,Shipper 1388,True,True,True,5/22/2017 22:00,5/24/2017 18:00,False,False,False,False,False,False,False,False,Cartersville,GA ,Cartersville,GA 
813,206558465,9/25/2017 16:40,9/25/2017 16:40,9/28/2017 14:51,9/28/2017 13:00,9/29/2017 14:00,3387.88,3900.0,-512.12,1080.5,DRV,,,False,0,Carrier 1288568,Shipper 1249,False,True,False,9/28/2017 13:00,9/30/2017 11:00,False,False,False,False,False,False,False,False,Newark,NJ ,Newark,NJ 
814,206558465,9/25/2017 16:40,9/25/2017 16:40,9/28/2017 14:51,9/28/2017 13:00,9/29/2017 14:00,3387.88,3900.0,-512.12,1080.5,DRV,,,False,0,Carrier 1288568,Shipper 1375,False,True,False,9/28/2017 13:00,9/30/2017 11:00,False,False,False,False,False,False,False,False,Newark,NJ ,Newark,NJ 
815,206558465,9/25/2017 16:40,9/25/2017 16:40,9/28/2017 14:51,9/28/2017 13:00,9/29/2017 14:00,3387.88,3900.0,-512.12,1080.5,DRV,,,False,0,Carrier 1288568,Shipper 1386,False,True,False,9/28/2017 13:00,9/30/2017 11:00,False,False,False,False,False,False,False,False,Newark,NJ ,Newark,NJ 
816,206558465,9/25/2017 16:40,9/25/2017 16:40,9/28/2017 14:51,9/28/2017 13:00,9/29/2017 14:00,3387.88,3900.0,-512.12,1080.5,DRV,,,False,0,Carrier 1288568,Shipper 1248,False,True,False,9/28/2017 13:00,9/30/2017 11:00,False,False,False,False,False,False,False,False,Newark,NJ ,Newark,NJ 
817,206558465,9/25/2017 16:40,9/25/2017 16:40,9/28/2017 14:51,9/28/2017 13:00,9/29/2017 14:00,3387.88,3900.0,-512.12,1080.5,DRV,,,False,0,Carrier 1288568,Shipper 1387,False,True,False,9/28/2017 13:00,9/30/2017 11:00,False,False,False,False,False,False,False,False,Newark,NJ ,Newark,NJ 
818,206558465,9/25/2017 16:40,9/25/2017 16:40,9/28/2017 14:51,9/28/2017 13:00,9/29/2017 14:00,3387.88,3900.0,-512.12,1080.5,DRV,,,False,0,Carrier 1288568,Shipper 1388,False,True,False,9/28/2017 13:00,9/30/2017 11:00,False,False,False,False,False,False,False,False,Newark,NJ ,Newark,NJ 
819,206587401,11/27/2017 15:50,11/27/2017 15:50,11/28/2017 12:37,11/29/2017 21:00,12/1/2017 16:00,3376.29,3500.0,-123.71,1461.7,DRV,,,False,0,Carrier 27691,Shipper 1644,True,True,True,11/29/2017 21:00,12/1/2017 13:00,False,False,False,False,False,False,False,False,Ontario,CA ,Ontario,CA 
820,206498721,8/23/2017 13:35,8/23/2017 13:35,9/6/2017 12:28,9/8/2017 13:00,9/12/2017 9:50,3375.0,2500.0,875.0,1438.6,DRV,,,False,0,Carrier 94142,Shipper 585,True,True,True,9/8/2017 17:00,9/12/2017 11:00,False,False,False,False,False,False,False,False,Plant City,FL ,Plant City,FL 
821,206492505,8/4/2017 16:34,8/4/2017 16:34,8/4/2017 17:43,8/7/2017 21:00,8/10/2017 12:10,3374.24,3362.28,11.96,1217.7,DRV,,,False,0,Carrier 1416869,Shipper 1249,True,True,True,8/7/2017 21:00,8/10/2017 14:00,False,False,False,False,False,False,False,False,Los Angeles,CA ,Los Angeles,CA 
822,206492505,8/4/2017 16:34,8/4/2017 16:34,8/4/2017 17:43,8/7/2017 21:00,8/10/2017 12:10,3374.24,3362.28,11.96,1217.7,DRV,,,False,0,Carrier 1416869,Shipper 1375,True,True,True,8/7/2017 21:00,8/10/2017 14:00,False,False,False,False,False,False,False,False,Los Angeles,CA ,Los Angeles,CA 
823,206492505,8/4/2017 16:34,8/4/2017 16:34,8/4/2017 17:43,8/7/2017 21:00,8/10/2017 12:10,3374.24,3362.28,11.96,1217.7,DRV,,,False,0,Carrier 1416869,Shipper 1386,True,True,True,8/7/2017 21:00,8/10/2017 14:00,False,False,False,False,False,False,False,False,Los Angeles,CA ,Los Angeles,CA 
824,206492505,8/4/2017 16:34,8/4/2017 16:34,8/4/2017 17:43,8/7/2017 21:00,8/10/2017 12:10,3374.24,3362.28,11.96,1217.7,DRV,,,False,0,Carrier 1416869,Shipper 1248,True,True,True,8/7/2017 21:00,8/10/2017 14:00,False,False,False,False,False,False,False,False,Los Angeles,CA ,Los Angeles,CA 
825,206492505,8/4/2017 16:34,8/4/2017 16:34,8/4/2017 17:43,8/7/2017 21:00,8/10/2017 12:10,3374.24,3362.28,11.96,1217.7,DRV,,,False,0,Carrier 1416869,Shipper 1387,True,True,True,8/7/2017 21:00,8/10/2017 14:00,False,False,False,False,False,False,False,False,Los Angeles,CA ,Los Angeles,CA 
826,206492505,8/4/2017 16:34,8/4/2017 16:34,8/4/2017 17:43,8/7/2017 21:00,8/10/2017 12:10,3374.24,3362.28,11.96,1217.7,DRV,,,False,0,Carrier 1416869,Shipper 1388,True,True,True,8/7/2017 21:00,8/10/2017 14:00,False,False,False,False,False,False,False,False,Los Angeles,CA ,Los Angeles,CA 
827,206649817,9/14/2017 17:42,9/14/2017 17:42,9/15/2017 7:58,9/16/2017 13:00,9/18/2017 11:35,3351.6,3200.0,151.6,1039.2,DRV,,,False,0,Carrier 1485718,Shipper 1249,True,True,True,9/16/2017 13:00,9/18/2017 15:00,False,False,False,False,False,False,False,False,St. Louis,MO ,St. Louis,MO 
828,206649817,9/14/2017 17:42,9/14/2017 17:42,9/15/2017 7:58,9/16/2017 13:00,9/18/2017 11:35,3351.6,3200.0,151.6,1039.2,DRV,,,False,0,Carrier 1485718,Shipper 1375,True,True,True,9/16/2017 13:00,9/18/2017 15:00,False,False,False,False,False,False,False,False,St. Louis,MO ,St. Louis,MO 
829,206649817,9/14/2017 17:42,9/14/2017 17:42,9/15/2017 7:58,9/16/2017 13:00,9/18/2017 11:35,3351.6,3200.0,151.6,1039.2,DRV,,,False,0,Carrier 1485718,Shipper 1386,True,True,True,9/16/2017 13:00,9/18/2017 15:00,False,False,False,False,False,False,False,False,St. Louis,MO ,St. Louis,MO 
830,206649817,9/14/2017 17:42,9/14/2017 17:42,9/15/2017 7:58,9/16/2017 13:00,9/18/2017 11:35,3351.6,3200.0,151.6,1039.2,DRV,,,False,0,Carrier 1485718,Shipper 1248,True,True,True,9/16/2017 13:00,9/18/2017 15:00,False,False,False,False,False,False,False,False,St. Louis,MO ,St. Louis,MO 
831,206649817,9/14/2017 17:42,9/14/2017 17:42,9/15/2017 7:58,9/16/2017 13:00,9/18/2017 11:35,3351.6,3200.0,151.6,1039.2,DRV,,,False,0,Carrier 1485718,Shipper 1387,True,True,True,9/16/2017 13:00,9/18/2017 15:00,False,False,False,False,False,False,False,False,St. Louis,MO ,St. Louis,MO 
832,206649817,9/14/2017 17:42,9/14/2017 17:42,9/15/2017 7:58,9/16/2017 13:00,9/18/2017 11:35,3351.6,3200.0,151.6,1039.2,DRV,,,False,0,Carrier 1485718,Shipper 1388,True,True,True,9/16/2017 13:00,9/18/2017 15:00,False,False,False,False,False,False,False,False,St. Louis,MO ,St. Louis,MO 
833,206435721,4/17/2017 13:39,4/17/2017 13:39,4/17/2017 15:48,4/18/2017 8:00,4/20/2017 16:00,3350.0,3200.0,150.0,2520.5,DRV,3.0,,False,1,Carrier 1341672,Shipper 585,True,True,True,4/18/2017 16:00,4/20/2017 19:00,False,False,False,False,False,False,False,False,Plant City,FL ,Plant City,FL 
834,206776049,3/9/2017 12:26,3/9/2017 12:26,3/9/2017 12:56,3/10/2017 10:00,3/13/2017 8:00,3335.0,3037.5,297.5,1821.5,RFR,,,False,0,Carrier 1280576,Shipper 715,True,True,True,3/10/2017 14:00,3/14/2017 7:00,False,False,False,False,False,False,False,False,Monte Vista,CO ,Monte Vista,CO 
835,206565265,11/16/2017 12:48,11/16/2017 12:49,11/17/2017 10:38,11/17/2017 17:00,11/19/2017 9:45,3332.39,3000.0,332.39,1478.7,DRV,,,False,0,Carrier 40847,Shipper 1644,True,True,True,11/17/2017 17:00,11/19/2017 0:30,False,False,False,False,False,False,False,False,Dublin,VA ,Dublin,VA 
836,206493985,10/9/2017 12:08,10/9/2017 12:08,10/11/2017 10:41,10/12/2017 20:00,10/14/2017 8:00,3323.55,1285.0,2038.55,526.0,DRV,,,False,0,Carrier 1356448,Shipper 758,True,True,True,10/12/2017 20:00,10/13/2017 23:00,False,False,False,False,False,False,False,False,Henderson,NV ,Henderson,NV 
837,206485401,7/25/2017 14:54,7/25/2017 14:54,7/27/2017 15:06,7/27/2017 16:00,7/31/2017 12:00,3323.13,3500.0,-176.87,2515.8,DRV,,,False,0,Carrier 98357,Shipper 973,True,True,True,7/27/2017 17:00,7/31/2017 20:00,False,False,False,False,False,False,False,False,Georgetown,SC ,Georgetown,SC 
838,206523841,12/13/2017 17:23,12/13/2017 17:23,12/14/2017 10:33,12/15/2017 16:00,12/18/2017 9:56,3322.64,3400.0,-77.36,1317.9,DRV,,,False,0,Carrier 115788,Shipper 1249,True,True,True,12/15/2017 16:00,12/18/2017 15:30,False,False,False,False,False,False,False,False,Houston,TX ,Houston,TX 
839,206523841,12/13/2017 17:23,12/13/2017 17:23,12/14/2017 10:33,12/15/2017 16:00,12/18/2017 9:56,3322.64,3400.0,-77.36,1317.9,DRV,,,False,0,Carrier 115788,Shipper 1375,True,True,True,12/15/2017 16:00,12/18/2017 15:30,False,False,False,False,False,False,False,False,Houston,TX ,Houston,TX 
840,206523841,12/13/2017 17:23,12/13/2017 17:23,12/14/2017 10:33,12/15/2017 16:00,12/18/2017 9:56,3322.64,3400.0,-77.36,1317.9,DRV,,,False,0,Carrier 115788,Shipper 1386,True,True,True,12/15/2017 16:00,12/18/2017 15:30,False,False,False,False,False,False,False,False,Houston,TX ,Houston,TX 
841,206523841,12/13/2017 17:23,12/13/2017 17:23,12/14/2017 10:33,12/15/2017 16:00,12/18/2017 9:56,3322.64,3400.0,-77.36,1317.9,DRV,,,False,0,Carrier 115788,Shipper 1248,True,True,True,12/15/2017 16:00,12/18/2017 15:30,False,False,False,False,False,False,False,False,Houston,TX ,Houston,TX 
842,206523841,12/13/2017 17:23,12/13/2017 17:23,12/14/2017 10:33,12/15/2017 16:00,12/18/2017 9:56,3322.64,3400.0,-77.36,1317.9,DRV,,,False,0,Carrier 115788,Shipper 1387,True,True,True,12/15/2017 16:00,12/18/2017 15:30,False,False,False,False,False,False,False,False,Houston,TX ,Houston,TX 
843,206523841,12/13/2017 17:23,12/13/2017 17:23,12/14/2017 10:33,12/15/2017 16:00,12/18/2017 9:56,3322.64,3400.0,-77.36,1317.9,DRV,,,False,0,Carrier 115788,Shipper 1388,True,True,True,12/15/2017 16:00,12/18/2017 15:30,False,False,False,False,False,False,False,False,Houston,TX ,Houston,TX 
844,206428489,11/21/2017 11:17,11/21/2017 11:17,11/27/2017 10:01,11/27/2017 9:00,11/29/2017 12:30,3317.87,2500.0,817.87,690.7,RFR,,,False,0,Carrier 1695703,Shipper 758,True,True,True,11/27/2017 19:00,11/29/2017 10:30,False,False,False,False,False,False,False,False,Monte Vista,CO ,Monte Vista,CO 
845,206522113,8/4/2017 10:43,8/4/2017 10:43,8/4/2017 13:17,8/7/2017 11:00,8/10/2017 9:00,3300.0,3600.0,-300.0,2219.9,DRV,,,False,0,Carrier 93448,Shipper 585,,,,8/7/2017 11:00,8/10/2017 12:30,False,False,False,False,False,False,False,False,Carson,CA ,Carson,CA 
846,206427241,8/11/2017 10:48,8/11/2017 10:49,8/11/2017 17:10,8/14/2017 17:00,8/17/2017 14:00,3300.0,3200.0,100.0,2203.0,DRV,,,False,0,Carrier 113782,Shipper 585,True,False,False,8/14/2017 17:00,8/17/2017 9:15,False,False,False,False,False,False,False,False,Santa Ana,CA ,Santa Ana,CA 
847,206512657,10/12/2017 16:32,10/12/2017 16:33,10/16/2017 8:59,10/16/2017 12:00,10/19/2017 13:20,3300.0,3000.0,300.0,2547.7,DRV,,,False,0,Carrier 1341672,Shipper 585,False,True,True,10/16/2017 12:00,10/19/2017 13:00,False,False,False,False,False,False,False,False,Lakeland,FL ,Lakeland,FL 
848,206544665,7/14/2017 11:06,7/14/2017 11:07,7/14/2017 13:36,7/14/2017 13:00,7/18/2017 10:00,3300.0,2900.0,400.0,2527.8,DRV,,,False,0,Carrier 866391,Shipper 585,True,True,True,7/14/2017 17:00,7/18/2017 20:00,False,False,False,False,False,False,False,False,Tampa,FL ,Tampa,FL 
849,206491065,8/9/2017 11:45,8/9/2017 11:45,8/9/2017 11:53,8/9/2017 12:00,8/11/2017 9:57,3300.0,2950.0,350.0,1102.8,DRV,,,False,0,Carrier 1436653,Shipper 585,True,True,True,8/9/2017 16:00,8/11/2017 8:00,False,False,False,False,False,False,False,False,Beecher,IL ,Beecher,IL 
850,206549561,8/8/2017 12:20,8/8/2017 12:20,8/8/2017 16:49,8/11/2017 9:00,8/15/2017 9:00,3300.0,3200.0,100.0,1599.3,DRV,,,False,0,Carrier 387666,Shipper 585,True,True,True,8/11/2017 17:00,8/15/2017 8:00,False,False,False,False,False,False,False,False,Brooklyn Park,MN ,Brooklyn Park,MN 
851,206540041,12/19/2017 15:29,12/19/2017 15:29,12/19/2017 15:52,12/21/2017 15:00,12/26/2017 11:00,3300.0,3000.0,300.0,2520.5,DRV,,,False,0,Carrier 1391174,Shipper 585,True,True,True,12/21/2017 16:00,12/26/2017 15:00,False,False,False,False,False,False,False,False,Plant City,FL ,Plant City,FL 
852,206732649,7/11/2017 16:55,7/11/2017 16:55,7/12/2017 14:15,7/13/2017 8:00,7/17/2017 15:00,3297.0,3180.0,117.0,2538.3,DRV,,,False,0,Carrier 173773,Shipper 585,True,True,True,7/13/2017 12:00,7/17/2017 20:00,False,False,False,False,False,False,False,False,Plant City,FL ,Plant City,FL 
853,206435313,11/6/2017 15:55,11/6/2017 15:55,11/7/2017 12:10,11/7/2017 13:00,11/9/2017 14:05,3288.6,3360.0,-71.4,1461.7,DRV,,,False,0,Carrier 1347580,Shipper 1644,True,True,True,11/7/2017 13:00,11/10/2017 12:00,False,False,False,False,False,False,False,False,Ontario,CA ,Ontario,CA 
854,206477537,10/31/2017 17:14,10/31/2017 17:14,11/1/2017 10:39,11/1/2017 15:00,11/2/2017 15:30,3283.73,3800.0,-516.27,972.4,DRV,,,False,0,Carrier 1694488,Shipper 1644,True,True,True,11/1/2017 15:00,11/2/2017 12:00,False,False,False,False,False,False,False,False,Trenton,MO ,Trenton,MO 
855,206551497,11/6/2017 18:09,11/6/2017 18:09,11/7/2017 10:07,11/7/2017 7:00,11/8/2017 3:25,3282.43,1700.0,1582.43,460.3,DRV,,,False,0,Carrier 1695637,Shipper 1249,True,True,True,11/7/2017 21:00,11/8/2017 23:00,False,False,False,False,False,False,False,False,Columbus,OH ,Columbus,OH 
856,206551497,11/6/2017 18:09,11/6/2017 18:09,11/7/2017 10:07,11/7/2017 7:00,11/8/2017 3:25,3282.43,1700.0,1582.43,460.3,DRV,,,False,0,Carrier 1695637,Shipper 1375,True,True,True,11/7/2017 21:00,11/8/2017 23:00,False,False,False,False,False,False,False,False,Columbus,OH ,Columbus,OH 
857,206551497,11/6/2017 18:09,11/6/2017 18:09,11/7/2017 10:07,11/7/2017 7:00,11/8/2017 3:25,3282.43,1700.0,1582.43,460.3,DRV,,,False,0,Carrier 1695637,Shipper 1386,True,True,True,11/7/2017 21:00,11/8/2017 23:00,False,False,False,False,False,False,False,False,Columbus,OH ,Columbus,OH 
858,206551497,11/6/2017 18:09,11/6/2017 18:09,11/7/2017 10:07,11/7/2017 7:00,11/8/2017 3:25,3282.43,1700.0,1582.43,460.3,DRV,,,False,0,Carrier 1695637,Shipper 1248,True,True,True,11/7/2017 21:00,11/8/2017 23:00,False,False,False,False,False,False,False,False,Columbus,OH ,Columbus,OH 
859,206551497,11/6/2017 18:09,11/6/2017 18:09,11/7/2017 10:07,11/7/2017 7:00,11/8/2017 3:25,3282.43,1700.0,1582.43,460.3,DRV,,,False,0,Carrier 1695637,Shipper 1387,True,True,True,11/7/2017 21:00,11/8/2017 23:00,False,False,False,False,False,False,False,False,Columbus,OH ,Columbus,OH 
860,206551497,11/6/2017 18:09,11/6/2017 18:09,11/7/2017 10:07,11/7/2017 7:00,11/8/2017 3:25,3282.43,1700.0,1582.43,460.3,DRV,,,False,0,Carrier 1695637,Shipper 1388,True,True,True,11/7/2017 21:00,11/8/2017 23:00,False,False,False,False,False,False,False,False,Columbus,OH ,Columbus,OH 
861,206436769,9/18/2017 18:00,9/18/2017 18:00,9/19/2017 9:02,9/19/2017 8:00,9/21/2017 8:00,3275.68,2700.0,575.68,739.3,DRV,,,False,0,Carrier 1034393,Shipper 1249,True,True,True,9/19/2017 18:00,9/21/2017 23:00,False,False,False,False,False,False,False,False,Pleasant Prairie,WI ,Pleasant Prairie,WI 
862,206436769,9/18/2017 18:00,9/18/2017 18:00,9/19/2017 9:02,9/19/2017 8:00,9/21/2017 8:00,3275.68,2700.0,575.68,739.3,DRV,,,False,0,Carrier 1034393,Shipper 1375,True,True,True,9/19/2017 18:00,9/21/2017 23:00,False,False,False,False,False,False,False,False,Pleasant Prairie,WI ,Pleasant Prairie,WI 
863,206436769,9/18/2017 18:00,9/18/2017 18:00,9/19/2017 9:02,9/19/2017 8:00,9/21/2017 8:00,3275.68,2700.0,575.68,739.3,DRV,,,False,0,Carrier 1034393,Shipper 1386,True,True,True,9/19/2017 18:00,9/21/2017 23:00,False,False,False,False,False,False,False,False,Pleasant Prairie,WI ,Pleasant Prairie,WI 
864,206436769,9/18/2017 18:00,9/18/2017 18:00,9/19/2017 9:02,9/19/2017 8:00,9/21/2017 8:00,3275.68,2700.0,575.68,739.3,DRV,,,False,0,Carrier 1034393,Shipper 1248,True,True,True,9/19/2017 18:00,9/21/2017 23:00,False,False,False,False,False,False,False,False,Pleasant Prairie,WI ,Pleasant Prairie,WI 
865,206436769,9/18/2017 18:00,9/18/2017 18:00,9/19/2017 9:02,9/19/2017 8:00,9/21/2017 8:00,3275.68,2700.0,575.68,739.3,DRV,,,False,0,Carrier 1034393,Shipper 1387,True,True,True,9/19/2017 18:00,9/21/2017 23:00,False,False,False,False,False,False,False,False,Pleasant Prairie,WI ,Pleasant Prairie,WI 
866,206436769,9/18/2017 18:00,9/18/2017 18:00,9/19/2017 9:02,9/19/2017 8:00,9/21/2017 8:00,3275.68,2700.0,575.68,739.3,DRV,,,False,0,Carrier 1034393,Shipper 1388,True,True,True,9/19/2017 18:00,9/21/2017 23:00,False,False,False,False,False,False,False,False,Pleasant Prairie,WI ,Pleasant Prairie,WI 
867,206556697,9/21/2017 14:26,9/21/2017 14:26,9/21/2017 14:36,9/22/2017 15:00,9/24/2017 21:00,3274.0,3074.0,200.0,624.1,RFR,,,False,0,Carrier 22382,Shipper 585,True,True,True,9/22/2017 15:00,9/24/2017 19:00,False,False,False,False,False,False,False,False,Sioux City,IA ,Sioux City,IA 
868,206545001,10/31/2017 17:28,10/31/2017 17:28,11/2/2017 11:25,11/3/2017 10:00,11/8/2017 15:50,3270.5,3240.0,30.5,1760.9,DRV,,,False,0,Carrier 2903,Shipper 1662,True,False,False,11/3/2017 18:00,11/8/2017 9:00,False,False,False,False,False,True,False,False,Las Vegas,NV ,Las Vegas,NV 
869,206434401,8/11/2017 16:07,8/11/2017 16:07,8/14/2017 9:20,8/14/2017 8:00,8/16/2017 16:30,3270.0,2900.0,370.0,2535.1,DRV,,,False,1,Carrier 1298496,Shipper 585,True,True,True,8/14/2017 16:00,8/16/2017 20:00,False,False,False,False,False,False,False,False,Plant City,FL ,Plant City,FL 
870,206515721,7/31/2017 17:04,7/31/2017 17:04,8/2/2017 10:26,8/2/2017 21:00,8/7/2017 6:30,3269.96,3675.0,-405.04,2109.1,DRV,,,False,0,Carrier 1695425,Shipper 1249,True,True,True,8/2/2017 21:00,8/7/2017 15:00,False,False,False,False,False,False,False,False,Fort Collins,CO ,Fort Collins,CO 
871,206515721,7/31/2017 17:04,7/31/2017 17:04,8/2/2017 10:26,8/2/2017 21:00,8/7/2017 6:30,3269.96,3675.0,-405.04,2109.1,DRV,,,False,0,Carrier 1695425,Shipper 1375,True,True,True,8/2/2017 21:00,8/7/2017 15:00,False,False,False,False,False,False,False,False,Fort Collins,CO ,Fort Collins,CO 
872,206515721,7/31/2017 17:04,7/31/2017 17:04,8/2/2017 10:26,8/2/2017 21:00,8/7/2017 6:30,3269.96,3675.0,-405.04,2109.1,DRV,,,False,0,Carrier 1695425,Shipper 1386,True,True,True,8/2/2017 21:00,8/7/2017 15:00,False,False,False,False,False,False,False,False,Fort Collins,CO ,Fort Collins,CO 
873,206515721,7/31/2017 17:04,7/31/2017 17:04,8/2/2017 10:26,8/2/2017 21:00,8/7/2017 6:30,3269.96,3675.0,-405.04,2109.1,DRV,,,False,0,Carrier 1695425,Shipper 1248,True,True,True,8/2/2017 21:00,8/7/2017 15:00,False,False,False,False,False,False,False,False,Fort Collins,CO ,Fort Collins,CO 
874,206515721,7/31/2017 17:04,7/31/2017 17:04,8/2/2017 10:26,8/2/2017 21:00,8/7/2017 6:30,3269.96,3675.0,-405.04,2109.1,DRV,,,False,0,Carrier 1695425,Shipper 1387,True,True,True,8/2/2017 21:00,8/7/2017 15:00,False,False,False,False,False,False,False,False,Fort Collins,CO ,Fort Collins,CO 
875,206515721,7/31/2017 17:04,7/31/2017 17:04,8/2/2017 10:26,8/2/2017 21:00,8/7/2017 6:30,3269.96,3675.0,-405.04,2109.1,DRV,,,False,0,Carrier 1695425,Shipper 1388,True,True,True,8/2/2017 21:00,8/7/2017 15:00,False,False,False,False,False,False,False,False,Fort Collins,CO ,Fort Collins,CO 
876,206556753,11/15/2017 14:55,11/15/2017 14:55,11/17/2017 11:49,11/17/2017 9:30,11/19/2017 7:00,3267.87,3000.0,267.87,690.7,RFR,,,False,0,Carrier 66390,Shipper 758,True,True,True,11/17/2017 19:00,11/19/2017 6:00,False,False,False,False,False,False,False,False,Monte Vista,CO ,Monte Vista,CO 
877,206469505,5/8/2017 15:22,5/8/2017 15:22,5/9/2017 10:07,5/9/2017 16:00,5/13/2017 10:00,3265.0,2665.0,600.0,1471.1,RFR,3.0,,False,0,Carrier 1662724,Shipper 585,True,True,True,5/9/2017 16:00,5/13/2017 8:00,False,False,False,False,False,False,False,False,Pittston,PA ,Pittston,PA 
878,206533369,7/31/2017 18:00,7/31/2017 18:00,8/2/2017 11:09,8/3/2017 17:00,8/7/2017 16:50,3256.7,1985.0,1271.7,1647.3,DRV,,,False,0,Carrier 38031,Shipper 1249,True,True,True,8/3/2017 17:00,8/7/2017 12:00,False,False,False,False,False,False,False,False,Houston,TX ,Houston,TX 
879,206533369,7/31/2017 18:00,7/31/2017 18:00,8/2/2017 11:09,8/3/2017 17:00,8/7/2017 16:50,3256.7,1985.0,1271.7,1647.3,DRV,,,False,0,Carrier 38031,Shipper 1375,True,True,True,8/3/2017 17:00,8/7/2017 12:00,False,False,False,False,False,False,False,False,Houston,TX ,Houston,TX 
880,206533369,7/31/2017 18:00,7/31/2017 18:00,8/2/2017 11:09,8/3/2017 17:00,8/7/2017 16:50,3256.7,1985.0,1271.7,1647.3,DRV,,,False,0,Carrier 38031,Shipper 1386,True,True,True,8/3/2017 17:00,8/7/2017 12:00,False,False,False,False,False,False,False,False,Houston,TX ,Houston,TX 
881,206533369,7/31/2017 18:00,7/31/2017 18:00,8/2/2017 11:09,8/3/2017 17:00,8/7/2017 16:50,3256.7,1985.0,1271.7,1647.3,DRV,,,False,0,Carrier 38031,Shipper 1248,True,True,True,8/3/2017 17:00,8/7/2017 12:00,False,False,False,False,False,False,False,False,Houston,TX ,Houston,TX 
882,206533369,7/31/2017 18:00,7/31/2017 18:00,8/2/2017 11:09,8/3/2017 17:00,8/7/2017 16:50,3256.7,1985.0,1271.7,1647.3,DRV,,,False,0,Carrier 38031,Shipper 1387,True,True,True,8/3/2017 17:00,8/7/2017 12:00,False,False,False,False,False,False,False,False,Houston,TX ,Houston,TX 
883,206533369,7/31/2017 18:00,7/31/2017 18:00,8/2/2017 11:09,8/3/2017 17:00,8/7/2017 16:50,3256.7,1985.0,1271.7,1647.3,DRV,,,False,0,Carrier 38031,Shipper 1388,True,True,True,8/3/2017 17:00,8/7/2017 12:00,False,False,False,False,False,False,False,False,Houston,TX ,Houston,TX 
884,206546729,8/31/2017 11:40,8/31/2017 11:40,9/11/2017 10:01,9/11/2017 13:30,9/13/2017 23:30,3250.0,3100.0,150.0,1019.1,RFR,,,False,0,Carrier 1695499,Shipper 585,True,True,True,9/11/2017 13:30,9/14/2017 2:00,False,False,False,False,False,False,False,False,Sioux City,IA ,Sioux City,IA 
885,206690257,1/11/2017 11:17,1/11/2017 11:17,1/11/2017 11:24,1/10/2017 3:00,1/11/2017 6:00,3244.0,2508.6,735.4,140.0,RFR,,,False,0,Carrier 968589,Shipper 758,,,,1/11/2017 2:00,1/12/2017 2:00,False,False,False,False,False,False,False,False,Portland,OR ,Portland,OR 
886,206481081,4/5/2017 11:52,4/5/2017 11:53,4/6/2017 12:44,4/6/2017 11:00,4/10/2017 9:45,3233.38,3400.0,-166.62,1833.4,DRV,4.0,,False,0,Carrier 1008272,Shipper 1404,True,True,True,4/6/2017 16:00,4/10/2017 16:00,False,False,False,False,False,False,False,False,Hamlin,TX ,Hamlin,TX 
887,206500017,9/11/2017 16:56,9/11/2017 16:56,9/12/2017 13:11,9/13/2017 10:00,9/15/2017 0:03,3229.95,1800.0,1429.95,1162.2,DRV,,,False,0,Carrier 129512,Shipper 1249,True,True,True,9/13/2017 15:00,9/16/2017 0:00,False,False,False,False,False,False,False,False,Greeley,CO ,Greeley,CO 
888,206500017,9/11/2017 16:56,9/11/2017 16:56,9/12/2017 13:11,9/13/2017 10:00,9/15/2017 0:03,3229.95,1800.0,1429.95,1162.2,DRV,,,False,0,Carrier 129512,Shipper 1375,True,True,True,9/13/2017 15:00,9/16/2017 0:00,False,False,False,False,False,False,False,False,Greeley,CO ,Greeley,CO 
889,206500017,9/11/2017 16:56,9/11/2017 16:56,9/12/2017 13:11,9/13/2017 10:00,9/15/2017 0:03,3229.95,1800.0,1429.95,1162.2,DRV,,,False,0,Carrier 129512,Shipper 1386,True,True,True,9/13/2017 15:00,9/16/2017 0:00,False,False,False,False,False,False,False,False,Greeley,CO ,Greeley,CO 
890,206500017,9/11/2017 16:56,9/11/2017 16:56,9/12/2017 13:11,9/13/2017 10:00,9/15/2017 0:03,3229.95,1800.0,1429.95,1162.2,DRV,,,False,0,Carrier 129512,Shipper 1248,True,True,True,9/13/2017 15:00,9/16/2017 0:00,False,False,False,False,False,False,False,False,Greeley,CO ,Greeley,CO 
891,206500017,9/11/2017 16:56,9/11/2017 16:56,9/12/2017 13:11,9/13/2017 10:00,9/15/2017 0:03,3229.95,1800.0,1429.95,1162.2,DRV,,,False,0,Carrier 129512,Shipper 1387,True,True,True,9/13/2017 15:00,9/16/2017 0:00,False,False,False,False,False,False,False,False,Greeley,CO ,Greeley,CO 
892,206500017,9/11/2017 16:56,9/11/2017 16:56,9/12/2017 13:11,9/13/2017 10:00,9/15/2017 0:03,3229.95,1800.0,1429.95,1162.2,DRV,,,False,0,Carrier 129512,Shipper 1388,True,True,True,9/13/2017 15:00,9/16/2017 0:00,False,False,False,False,False,False,False,False,Greeley,CO ,Greeley,CO 
893,206425305,12/11/2017 8:55,12/11/2017 8:55,12/12/2017 9:55,12/13/2017 13:00,12/14/2017 15:49,3213.53,1650.0,1563.53,614.9,DRV,,carrier_capacity,True,0,Carrier 19121,Shipper 1644,True,True,True,12/13/2017 13:00,12/14/2017 23:00,False,False,False,False,False,False,False,False,Kendallville,IN ,Kendallville,IN 
894,206440857,2/17/2017 17:48,2/17/2017 17:48,2/21/2017 9:24,2/21/2017 12:00,2/24/2017 8:00,3201.01,2440.0,761.01,1049.9,RFR,,,False,0,Carrier 1465509,Shipper 758,True,True,True,2/21/2017 14:00,2/23/2017 23:00,False,False,False,False,False,False,False,False,Gulfport,MS ,Gulfport,MS 
895,206484609,11/16/2017 16:42,11/16/2017 16:42,11/27/2017 13:10,11/28/2017 1:00,11/29/2017 12:30,3200.84,4100.0,-899.16,1346.6,DRV,,,False,0,Carrier 1599978,Shipper 1249,True,True,True,11/28/2017 1:00,11/29/2017 13:00,False,False,False,False,False,False,False,False,Fairfield,CA ,Fairfield,CA 
896,206484609,11/16/2017 16:42,11/16/2017 16:42,11/27/2017 13:10,11/28/2017 1:00,11/29/2017 12:30,3200.84,4100.0,-899.16,1346.6,DRV,,,False,0,Carrier 1599978,Shipper 1375,True,True,True,11/28/2017 1:00,11/29/2017 13:00,False,False,False,False,False,False,False,False,Fairfield,CA ,Fairfield,CA 
897,206484609,11/16/2017 16:42,11/16/2017 16:42,11/27/2017 13:10,11/28/2017 1:00,11/29/2017 12:30,3200.84,4100.0,-899.16,1346.6,DRV,,,False,0,Carrier 1599978,Shipper 1386,True,True,True,11/28/2017 1:00,11/29/2017 13:00,False,False,False,False,False,False,False,False,Fairfield,CA ,Fairfield,CA 
898,206484609,11/16/2017 16:42,11/16/2017 16:42,11/27/2017 13:10,11/28/2017 1:00,11/29/2017 12:30,3200.84,4100.0,-899.16,1346.6,DRV,,,False,0,Carrier 1599978,Shipper 1248,True,True,True,11/28/2017 1:00,11/29/2017 13:00,False,False,False,False,False,False,False,False,Fairfield,CA ,Fairfield,CA 
899,206484609,11/16/2017 16:42,11/16/2017 16:42,11/27/2017 13:10,11/28/2017 1:00,11/29/2017 12:30,3200.84,4100.0,-899.16,1346.6,DRV,,,False,0,Carrier 1599978,Shipper 1387,True,True,True,11/28/2017 1:00,11/29/2017 13:00,False,False,False,False,False,False,False,False,Fairfield,CA ,Fairfield,CA 
900,206484609,11/16/2017 16:42,11/16/2017 16:42,11/27/2017 13:10,11/28/2017 1:00,11/29/2017 12:30,3200.84,4100.0,-899.16,1346.6,DRV,,,False,0,Carrier 1599978,Shipper 1388,True,True,True,11/28/2017 1:00,11/29/2017 13:00,False,False,False,False,False,False,False,False,Fairfield,CA ,Fairfield,CA 
901,206554457,12/13/2017 13:22,12/13/2017 13:22,1/5/2018 11:24,1/5/2018 15:00,1/9/2018 15:05,3200.0,3600.0,-400.0,990.9,DRV,,source_list,False,1,Carrier 347141,Shipper 585,True,True,True,1/5/2018 15:00,1/9/2018 15:00,False,False,False,False,False,False,False,False,Compton,CA ,Compton,CA 
902,206438409,12/13/2017 13:20,12/13/2017 13:20,12/21/2017 14:31,12/27/2017 15:00,12/29/2017 13:15,3200.0,2800.0,400.0,990.9,DRV,,source_list,False,0,Carrier 347141,Shipper 585,True,True,True,12/27/2017 15:00,12/29/2017 13:00,False,False,False,False,False,False,False,False,Compton,CA ,Compton,CA 
903,206692233,6/23/2017 13:59,6/23/2017 13:59,6/26/2017 13:01,6/26/2017 19:00,6/28/2017 9:15,3200.0,3300.0,-100.0,1125.4,DRV,,,False,0,Carrier 72416,Shipper 585,True,True,True,6/26/2017 19:00,6/28/2017 15:00,False,False,False,False,False,False,False,False,Carson,CA ,Carson,CA 
904,206551825,5/16/2017 8:51,5/16/2017 8:51,5/16/2017 15:10,5/17/2017 16:00,5/19/2017 9:48,3190.0,3000.0,190.0,1188.1,RFR,,,False,0,Carrier 1431338,Shipper 585,True,True,True,5/17/2017 16:00,5/19/2017 9:00,False,False,False,False,False,False,False,False,Sioux City,IA ,Sioux City,IA 
905,206424137,5/9/2017 10:53,5/9/2017 10:53,5/9/2017 16:00,5/10/2017 16:00,5/16/2017 10:00,3190.0,3000.0,190.0,1188.1,RFR,2.0,,False,0,Carrier 1695194,Shipper 585,True,True,True,5/10/2017 16:00,5/16/2017 10:00,False,False,False,False,False,False,False,False,Sioux City,IA ,Sioux City,IA 
906,206501089,5/16/2017 8:48,5/16/2017 8:48,5/16/2017 10:57,5/16/2017 16:00,5/19/2017 15:15,3190.0,3000.0,190.0,1188.1,RFR,,,False,0,Carrier 1695194,Shipper 585,True,True,True,5/16/2017 16:00,5/19/2017 10:00,False,False,False,False,False,False,False,False,Sioux City,IA ,Sioux City,IA 
907,206650393,6/1/2017 16:43,6/1/2017 16:43,6/5/2017 10:42,6/5/2017 16:00,6/7/2017 8:00,3190.0,6200.0,-3010.0,1188.1,RFR,,,False,0,Carrier 105736,Shipper 585,True,True,True,6/5/2017 16:00,6/7/2017 8:00,False,False,False,False,False,False,False,False,Sioux City,IA ,Sioux City,IA 
908,206512809,5/23/2017 12:16,5/23/2017 12:16,5/26/2017 10:13,5/30/2017 15:00,6/1/2017 10:00,3190.0,3150.0,40.0,1188.1,RFR,,,False,0,Carrier 1034065,Shipper 585,True,True,True,5/30/2017 15:00,6/1/2017 8:00,False,False,False,False,False,False,False,False,Sioux City,IA ,Sioux City,IA 
909,206573937,5/1/2017 16:22,5/1/2017 16:22,5/2/2017 12:57,5/3/2017 16:00,5/5/2017 10:02,3190.0,3000.0,190.0,1188.1,RFR,,,False,0,Carrier 28948,Shipper 585,True,True,True,5/3/2017 16:00,5/5/2017 8:00,False,False,False,False,False,False,False,False,Sioux City,IA ,Sioux City,IA 
910,206759481,10/24/2017 17:39,10/24/2017 17:39,10/27/2017 12:50,10/27/2017 16:00,10/30/2017 18:30,3176.38,3300.0,-123.62,1787.6,DRV,,,False,0,Carrier 1335293,Shipper 1249,True,True,True,10/27/2017 16:00,10/30/2017 15:00,False,False,False,False,False,False,False,False,St. Louis,MO ,St. Louis,MO 
911,206759481,10/24/2017 17:39,10/24/2017 17:39,10/27/2017 12:50,10/27/2017 16:00,10/30/2017 18:30,3176.38,3300.0,-123.62,1787.6,DRV,,,False,0,Carrier 1335293,Shipper 1375,True,True,True,10/27/2017 16:00,10/30/2017 15:00,False,False,False,False,False,False,False,False,St. Louis,MO ,St. Louis,MO 
912,206759481,10/24/2017 17:39,10/24/2017 17:39,10/27/2017 12:50,10/27/2017 16:00,10/30/2017 18:30,3176.38,3300.0,-123.62,1787.6,DRV,,,False,0,Carrier 1335293,Shipper 1386,True,True,True,10/27/2017 16:00,10/30/2017 15:00,False,False,False,False,False,False,False,False,St. Louis,MO ,St. Louis,MO 
913,206759481,10/24/2017 17:39,10/24/2017 17:39,10/27/2017 12:50,10/27/2017 16:00,10/30/2017 18:30,3176.38,3300.0,-123.62,1787.6,DRV,,,False,0,Carrier 1335293,Shipper 1248,True,True,True,10/27/2017 16:00,10/30/2017 15:00,False,False,False,False,False,False,False,False,St. Louis,MO ,St. Louis,MO 
914,206759481,10/24/2017 17:39,10/24/2017 17:39,10/27/2017 12:50,10/27/2017 16:00,10/30/2017 18:30,3176.38,3300.0,-123.62,1787.6,DRV,,,False,0,Carrier 1335293,Shipper 1387,True,True,True,10/27/2017 16:00,10/30/2017 15:00,False,False,False,False,False,False,False,False,St. Louis,MO ,St. Louis,MO 
915,206759481,10/24/2017 17:39,10/24/2017 17:39,10/27/2017 12:50,10/27/2017 16:00,10/30/2017 18:30,3176.38,3300.0,-123.62,1787.6,DRV,,,False,0,Carrier 1335293,Shipper 1388,True,True,True,10/27/2017 16:00,10/30/2017 15:00,False,False,False,False,False,False,False,False,St. Louis,MO ,St. Louis,MO 
916,206529273,6/8/2017 15:24,6/8/2017 15:24,6/9/2017 17:03,6/9/2017 20:00,6/13/2017 20:30,3175.23,3100.0,75.23,984.2,DRV,,,False,1,Carrier 1695356,Shipper 758,False,True,True,6/9/2017 20:00,6/13/2017 17:30,False,False,False,False,False,False,False,False,Lost Hills,CA ,Lost Hills,CA 
917,206424617,9/6/2017 11:08,9/6/2017 11:08,9/6/2017 13:40,9/6/2017 16:00,9/11/2017 12:00,3175.0,3050.0,125.0,2520.5,DRV,,,False,0,Carrier 1215243,Shipper 585,True,True,True,9/6/2017 16:00,9/11/2017 12:00,False,False,False,False,False,False,False,False,Plant City,FL ,Plant City,FL 
918,206610097,10/3/2017 15:24,10/3/2017 15:25,10/12/2017 16:17,10/13/2017 10:00,10/15/2017 4:00,3171.05,2760.0,411.05,526.0,DRV,,,False,1,Carrier 1026284,Shipper 758,True,True,True,10/13/2017 10:00,10/19/2017 1:00,False,False,False,False,False,False,False,False,Henderson,NV ,Henderson,NV 
919,206529305,9/8/2017 18:50,9/8/2017 18:50,9/11/2017 14:14,9/11/2017 7:00,9/12/2017 11:00,3167.1,2600.0,567.1,547.4,DRV,,,False,0,Carrier 1017413,Shipper 1249,True,True,True,9/11/2017 21:00,9/12/2017 20:00,False,False,False,False,False,False,False,False,Erie,PA ,Erie,PA 
920,206529305,9/8/2017 18:50,9/8/2017 18:50,9/11/2017 14:14,9/11/2017 7:00,9/12/2017 11:00,3167.1,2600.0,567.1,547.4,DRV,,,False,0,Carrier 1017413,Shipper 1375,True,True,True,9/11/2017 21:00,9/12/2017 20:00,False,False,False,False,False,False,False,False,Erie,PA ,Erie,PA 
921,206529305,9/8/2017 18:50,9/8/2017 18:50,9/11/2017 14:14,9/11/2017 7:00,9/12/2017 11:00,3167.1,2600.0,567.1,547.4,DRV,,,False,0,Carrier 1017413,Shipper 1386,True,True,True,9/11/2017 21:00,9/12/2017 20:00,False,False,False,False,False,False,False,False,Erie,PA ,Erie,PA 
922,206529305,9/8/2017 18:50,9/8/2017 18:50,9/11/2017 14:14,9/11/2017 7:00,9/12/2017 11:00,3167.1,2600.0,567.1,547.4,DRV,,,False,0,Carrier 1017413,Shipper 1248,True,True,True,9/11/2017 21:00,9/12/2017 20:00,False,False,False,False,False,False,False,False,Erie,PA ,Erie,PA 
923,206529305,9/8/2017 18:50,9/8/2017 18:50,9/11/2017 14:14,9/11/2017 7:00,9/12/2017 11:00,3167.1,2600.0,567.1,547.4,DRV,,,False,0,Carrier 1017413,Shipper 1387,True,True,True,9/11/2017 21:00,9/12/2017 20:00,False,False,False,False,False,False,False,False,Erie,PA ,Erie,PA 
924,206529305,9/8/2017 18:50,9/8/2017 18:50,9/11/2017 14:14,9/11/2017 7:00,9/12/2017 11:00,3167.1,2600.0,567.1,547.4,DRV,,,False,0,Carrier 1017413,Shipper 1388,True,True,True,9/11/2017 21:00,9/12/2017 20:00,False,False,False,False,False,False,False,False,Erie,PA ,Erie,PA 
925,206586433,11/20/2017 13:29,11/20/2017 13:29,11/21/2017 8:44,11/21/2017 21:00,11/23/2017 13:45,3165.48,3500.0,-334.52,1277.4,DRV,,,False,0,Carrier 1695687,Shipper 1644,True,True,True,11/21/2017 21:00,11/23/2017 12:00,False,False,False,False,False,False,False,False,Piedmont,SC ,Piedmont,SC 
926,206709753,11/16/2017 16:27,11/16/2017 16:27,11/17/2017 15:05,11/18/2017 0:00,11/20/2017 10:30,3164.12,3600.0,-435.88,783.3,DRV,,,False,0,Carrier 105524,Shipper 1249,True,True,True,11/18/2017 0:00,11/20/2017 16:00,False,False,False,False,False,False,False,False,Fairfield,CA ,Fairfield,CA 
927,206709753,11/16/2017 16:27,11/16/2017 16:27,11/17/2017 15:05,11/18/2017 0:00,11/20/2017 10:30,3164.12,3600.0,-435.88,783.3,DRV,,,False,0,Carrier 105524,Shipper 1375,True,True,True,11/18/2017 0:00,11/20/2017 16:00,False,False,False,False,False,False,False,False,Fairfield,CA ,Fairfield,CA 
928,206709753,11/16/2017 16:27,11/16/2017 16:27,11/17/2017 15:05,11/18/2017 0:00,11/20/2017 10:30,3164.12,3600.0,-435.88,783.3,DRV,,,False,0,Carrier 105524,Shipper 1386,True,True,True,11/18/2017 0:00,11/20/2017 16:00,False,False,False,False,False,False,False,False,Fairfield,CA ,Fairfield,CA 
929,206709753,11/16/2017 16:27,11/16/2017 16:27,11/17/2017 15:05,11/18/2017 0:00,11/20/2017 10:30,3164.12,3600.0,-435.88,783.3,DRV,,,False,0,Carrier 105524,Shipper 1248,True,True,True,11/18/2017 0:00,11/20/2017 16:00,False,False,False,False,False,False,False,False,Fairfield,CA ,Fairfield,CA 
930,206709753,11/16/2017 16:27,11/16/2017 16:27,11/17/2017 15:05,11/18/2017 0:00,11/20/2017 10:30,3164.12,3600.0,-435.88,783.3,DRV,,,False,0,Carrier 105524,Shipper 1387,True,True,True,11/18/2017 0:00,11/20/2017 16:00,False,False,False,False,False,False,False,False,Fairfield,CA ,Fairfield,CA 
931,206709753,11/16/2017 16:27,11/16/2017 16:27,11/17/2017 15:05,11/18/2017 0:00,11/20/2017 10:30,3164.12,3600.0,-435.88,783.3,DRV,,,False,0,Carrier 105524,Shipper 1388,True,True,True,11/18/2017 0:00,11/20/2017 16:00,False,False,False,False,False,False,False,False,Fairfield,CA ,Fairfield,CA 
932,206727225,11/21/2017 11:11,11/21/2017 11:11,11/22/2017 12:26,11/24/2017 9:00,11/26/2017 12:30,3162.87,2625.0,537.87,690.7,RFR,,,False,0,Carrier 147833,Shipper 758,True,True,True,11/24/2017 19:00,11/26/2017 9:30,False,False,False,False,False,False,False,False,Monte Vista,CO ,Monte Vista,CO 
933,206727721,5/26/2017 18:16,5/26/2017 18:16,5/30/2017 11:42,5/30/2017 23:00,5/31/2017 13:30,3160.8,1350.0,1810.8,330.1,RFR,,,False,0,Carrier 1563442,Shipper 1249,True,True,True,5/30/2017 23:00,5/31/2017 15:00,False,False,False,False,False,False,False,False,Granite City,IL ,Granite City,IL 
934,206727721,5/26/2017 18:16,5/26/2017 18:16,5/30/2017 11:42,5/30/2017 23:00,5/31/2017 13:30,3160.8,1350.0,1810.8,330.1,RFR,,,False,0,Carrier 1563442,Shipper 1375,True,True,True,5/30/2017 23:00,5/31/2017 15:00,False,False,False,False,False,False,False,False,Granite City,IL ,Granite City,IL 
935,206727721,5/26/2017 18:16,5/26/2017 18:16,5/30/2017 11:42,5/30/2017 23:00,5/31/2017 13:30,3160.8,1350.0,1810.8,330.1,RFR,,,False,0,Carrier 1563442,Shipper 1386,True,True,True,5/30/2017 23:00,5/31/2017 15:00,False,False,False,False,False,False,False,False,Granite City,IL ,Granite City,IL 
936,206727721,5/26/2017 18:16,5/26/2017 18:16,5/30/2017 11:42,5/30/2017 23:00,5/31/2017 13:30,3160.8,1350.0,1810.8,330.1,RFR,,,False,0,Carrier 1563442,Shipper 1248,True,True,True,5/30/2017 23:00,5/31/2017 15:00,False,False,False,False,False,False,False,False,Granite City,IL ,Granite City,IL 
937,206727721,5/26/2017 18:16,5/26/2017 18:16,5/30/2017 11:42,5/30/2017 23:00,5/31/2017 13:30,3160.8,1350.0,1810.8,330.1,RFR,,,False,0,Carrier 1563442,Shipper 1387,True,True,True,5/30/2017 23:00,5/31/2017 15:00,False,False,False,False,False,False,False,False,Granite City,IL ,Granite City,IL 
938,206727721,5/26/2017 18:16,5/26/2017 18:16,5/30/2017 11:42,5/30/2017 23:00,5/31/2017 13:30,3160.8,1350.0,1810.8,330.1,RFR,,,False,0,Carrier 1563442,Shipper 1388,True,True,True,5/30/2017 23:00,5/31/2017 15:00,False,False,False,False,False,False,False,False,Granite City,IL ,Granite City,IL 
939,206579297,5/16/2017 14:32,5/16/2017 14:32,5/18/2017 9:41,5/18/2017 11:00,5/20/2017 11:30,3148.58,3000.0,148.58,1416.0,DRV,4.0,,False,2,Carrier 1025710,Shipper 1249,True,True,True,5/18/2017 13:00,5/20/2017 12:00,False,False,False,False,False,False,False,False,Houston,TX ,Houston,TX 
940,206579297,5/16/2017 14:32,5/16/2017 14:32,5/18/2017 9:41,5/18/2017 11:00,5/20/2017 11:30,3148.58,3000.0,148.58,1416.0,DRV,4.0,,False,2,Carrier 1025710,Shipper 1375,True,True,True,5/18/2017 13:00,5/20/2017 12:00,False,False,False,False,False,False,False,False,Houston,TX ,Houston,TX 
941,206579297,5/16/2017 14:32,5/16/2017 14:32,5/18/2017 9:41,5/18/2017 11:00,5/20/2017 11:30,3148.58,3000.0,148.58,1416.0,DRV,4.0,,False,2,Carrier 1025710,Shipper 1386,True,True,True,5/18/2017 13:00,5/20/2017 12:00,False,False,False,False,False,False,False,False,Houston,TX ,Houston,TX 
942,206579297,5/16/2017 14:32,5/16/2017 14:32,5/18/2017 9:41,5/18/2017 11:00,5/20/2017 11:30,3148.58,3000.0,148.58,1416.0,DRV,4.0,,False,2,Carrier 1025710,Shipper 1248,True,True,True,5/18/2017 13:00,5/20/2017 12:00,False,False,False,False,False,False,False,False,Houston,TX ,Houston,TX 
943,206579297,5/16/2017 14:32,5/16/2017 14:32,5/18/2017 9:41,5/18/2017 11:00,5/20/2017 11:30,3148.58,3000.0,148.58,1416.0,DRV,4.0,,False,2,Carrier 1025710,Shipper 1387,True,True,True,5/18/2017 13:00,5/20/2017 12:00,False,False,False,False,False,False,False,False,Houston,TX ,Houston,TX 
944,206579297,5/16/2017 14:32,5/16/2017 14:32,5/18/2017 9:41,5/18/2017 11:00,5/20/2017 11:30,3148.58,3000.0,148.58,1416.0,DRV,4.0,,False,2,Carrier 1025710,Shipper 1388,True,True,True,5/18/2017 13:00,5/20/2017 12:00,False,False,False,False,False,False,False,False,Houston,TX ,Houston,TX 
945,206426753,6/8/2017 20:19,6/8/2017 20:19,6/22/2017 16:11,6/22/2017 15:00,6/24/2017 10:00,3142.55,3150.0,-7.45,967.4,DRV,,,False,2,Carrier 995571,Shipper 758,False,True,True,6/22/2017 15:00,6/24/2017 14:00,False,False,False,False,False,False,False,False,Commerce,CA ,Commerce,CA 
946,206434729,12/27/2017 18:08,12/27/2017 18:09,12/28/2017 15:41,12/29/2017 11:00,12/30/2017 23:30,3139.0,3839.0,-700.0,709.3,RFR,,,False,0,Carrier 1695835,Shipper 758,True,True,True,12/29/2017 15:00,12/30/2017 21:00,False,False,False,False,False,False,False,False,Los Angeles,CA ,Los Angeles,CA 
947,206433745,9/25/2017 16:57,9/25/2017 16:57,9/26/2017 10:58,9/27/2017 9:00,9/28/2017 14:30,3138.04,2800.0,338.04,782.9,DRV,,,False,0,Carrier 733410,Shipper 1249,True,True,True,9/27/2017 9:00,9/28/2017 14:00,False,False,False,False,False,False,False,False,St. Louis,MO ,St. Louis,MO 
948,206433745,9/25/2017 16:57,9/25/2017 16:57,9/26/2017 10:58,9/27/2017 9:00,9/28/2017 14:30,3138.04,2800.0,338.04,782.9,DRV,,,False,0,Carrier 733410,Shipper 1375,True,True,True,9/27/2017 9:00,9/28/2017 14:00,False,False,False,False,False,False,False,False,St. Louis,MO ,St. Louis,MO 
949,206433745,9/25/2017 16:57,9/25/2017 16:57,9/26/2017 10:58,9/27/2017 9:00,9/28/2017 14:30,3138.04,2800.0,338.04,782.9,DRV,,,False,0,Carrier 733410,Shipper 1386,True,True,True,9/27/2017 9:00,9/28/2017 14:00,False,False,False,False,False,False,False,False,St. Louis,MO ,St. Louis,MO 
950,206433745,9/25/2017 16:57,9/25/2017 16:57,9/26/2017 10:58,9/27/2017 9:00,9/28/2017 14:30,3138.04,2800.0,338.04,782.9,DRV,,,False,0,Carrier 733410,Shipper 1248,True,True,True,9/27/2017 9:00,9/28/2017 14:00,False,False,False,False,False,False,False,False,St. Louis,MO ,St. Louis,MO 
951,206433745,9/25/2017 16:57,9/25/2017 16:57,9/26/2017 10:58,9/27/2017 9:00,9/28/2017 14:30,3138.04,2800.0,338.04,782.9,DRV,,,False,0,Carrier 733410,Shipper 1387,True,True,True,9/27/2017 9:00,9/28/2017 14:00,False,False,False,False,False,False,False,False,St. Louis,MO ,St. Louis,MO 
952,206433745,9/25/2017 16:57,9/25/2017 16:57,9/26/2017 10:58,9/27/2017 9:00,9/28/2017 14:30,3138.04,2800.0,338.04,782.9,DRV,,,False,0,Carrier 733410,Shipper 1388,True,True,True,9/27/2017 9:00,9/28/2017 14:00,False,False,False,False,False,False,False,False,St. Louis,MO ,St. Louis,MO 
953,206574889,11/20/2017 15:23,11/20/2017 15:23,11/29/2017 8:00,11/29/2017 14:00,11/30/2017 22:00,3121.5,3100.0,21.5,0.0,DRV,,,False,0,Carrier 65608,Shipper 1644,True,True,True,11/29/2017 14:00,11/30/2017 22:00,False,False,False,False,False,False,False,False,Batavia,IL ,Batavia,IL 
954,206430473,5/23/2017 11:13,5/23/2017 11:13,5/25/2017 10:52,5/26/2017 17:00,5/29/2017 19:00,3119.0,3019.0,100.0,1034.0,DRV,,,False,0,Carrier 87075,Shipper 585,True,True,True,5/26/2017 19:00,5/29/2017 17:00,False,False,False,False,False,False,False,False,Compton,CA ,Compton,CA 
955,206557697,9/27/2017 15:41,9/27/2017 15:41,10/2/2017 13:35,10/3/2017 9:00,10/5/2017 9:00,3118.98,2800.0,318.98,778.0,DRV,,,False,0,Carrier 472163,Shipper 1644,True,True,True,10/3/2017 14:00,10/5/2017 7:00,False,False,False,False,False,False,False,False,Bolingbrook,IL ,Bolingbrook,IL 
956,206664841,5/16/2017 13:54,5/16/2017 13:54,5/18/2017 13:51,5/18/2017 19:00,5/21/2017 22:00,3110.28,3600.0,-489.72,1039.6,RFR,,,False,0,Carrier 1076087,Shipper 1249,True,True,True,5/18/2017 19:00,5/21/2017 18:00,False,False,False,False,False,False,False,False,Los Angeles,CA ,Los Angeles,CA 
957,206664841,5/16/2017 13:54,5/16/2017 13:54,5/18/2017 13:51,5/18/2017 19:00,5/21/2017 22:00,3110.28,3600.0,-489.72,1039.6,RFR,,,False,0,Carrier 1076087,Shipper 1375,True,True,True,5/18/2017 19:00,5/21/2017 18:00,False,False,False,False,False,False,False,False,Los Angeles,CA ,Los Angeles,CA 
958,206664841,5/16/2017 13:54,5/16/2017 13:54,5/18/2017 13:51,5/18/2017 19:00,5/21/2017 22:00,3110.28,3600.0,-489.72,1039.6,RFR,,,False,0,Carrier 1076087,Shipper 1386,True,True,True,5/18/2017 19:00,5/21/2017 18:00,False,False,False,False,False,False,False,False,Los Angeles,CA ,Los Angeles,CA 
959,206664841,5/16/2017 13:54,5/16/2017 13:54,5/18/2017 13:51,5/18/2017 19:00,5/21/2017 22:00,3110.28,3600.0,-489.72,1039.6,RFR,,,False,0,Carrier 1076087,Shipper 1248,True,True,True,5/18/2017 19:00,5/21/2017 18:00,False,False,False,False,False,False,False,False,Los Angeles,CA ,Los Angeles,CA 
960,206664841,5/16/2017 13:54,5/16/2017 13:54,5/18/2017 13:51,5/18/2017 19:00,5/21/2017 22:00,3110.28,3600.0,-489.72,1039.6,RFR,,,False,0,Carrier 1076087,Shipper 1387,True,True,True,5/18/2017 19:00,5/21/2017 18:00,False,False,False,False,False,False,False,False,Los Angeles,CA ,Los Angeles,CA 
961,206664841,5/16/2017 13:54,5/16/2017 13:54,5/18/2017 13:51,5/18/2017 19:00,5/21/2017 22:00,3110.28,3600.0,-489.72,1039.6,RFR,,,False,0,Carrier 1076087,Shipper 1388,True,True,True,5/18/2017 19:00,5/21/2017 18:00,False,False,False,False,False,False,False,False,Los Angeles,CA ,Los Angeles,CA 
962,206621585,12/18/2017 18:19,12/18/2017 18:19,12/19/2017 16:07,12/20/2017 12:00,12/22/2017 11:00,3109.6,3400.0,-290.4,1311.5,DRV,,dat_out,False,1,Carrier 974851,Shipper 1249,True,True,True,12/20/2017 12:00,12/22/2017 10:00,False,False,False,False,False,False,False,False,Newark,NJ ,Newark,NJ 
963,206621585,12/18/2017 18:19,12/18/2017 18:19,12/19/2017 16:07,12/20/2017 12:00,12/22/2017 11:00,3109.6,3400.0,-290.4,1311.5,DRV,,dat_out,False,1,Carrier 974851,Shipper 1375,True,True,True,12/20/2017 12:00,12/22/2017 10:00,False,False,False,False,False,False,False,False,Newark,NJ ,Newark,NJ 
964,206621585,12/18/2017 18:19,12/18/2017 18:19,12/19/2017 16:07,12/20/2017 12:00,12/22/2017 11:00,3109.6,3400.0,-290.4,1311.5,DRV,,dat_out,False,1,Carrier 974851,Shipper 1386,True,True,True,12/20/2017 12:00,12/22/2017 10:00,False,False,False,False,False,False,False,False,Newark,NJ ,Newark,NJ 
965,206621585,12/18/2017 18:19,12/18/2017 18:19,12/19/2017 16:07,12/20/2017 12:00,12/22/2017 11:00,3109.6,3400.0,-290.4,1311.5,DRV,,dat_out,False,1,Carrier 974851,Shipper 1248,True,True,True,12/20/2017 12:00,12/22/2017 10:00,False,False,False,False,False,False,False,False,Newark,NJ ,Newark,NJ 
966,206621585,12/18/2017 18:19,12/18/2017 18:19,12/19/2017 16:07,12/20/2017 12:00,12/22/2017 11:00,3109.6,3400.0,-290.4,1311.5,DRV,,dat_out,False,1,Carrier 974851,Shipper 1387,True,True,True,12/20/2017 12:00,12/22/2017 10:00,False,False,False,False,False,False,False,False,Newark,NJ ,Newark,NJ 
967,206621585,12/18/2017 18:19,12/18/2017 18:19,12/19/2017 16:07,12/20/2017 12:00,12/22/2017 11:00,3109.6,3400.0,-290.4,1311.5,DRV,,dat_out,False,1,Carrier 974851,Shipper 1388,True,True,True,12/20/2017 12:00,12/22/2017 10:00,False,False,False,False,False,False,False,False,Newark,NJ ,Newark,NJ 
968,206728217,12/21/2017 17:49,12/21/2017 17:49,12/26/2017 13:34,12/30/2017 13:00,1/3/2018 10:05,3108.9,1600.0,1508.9,579.5,DRV,,carrier_capacity,True,0,Carrier 19121,Shipper 1644,True,False,False,12/30/2017 13:00,1/2/2018 10:00,False,False,False,False,False,False,False,False,Brighton,MI ,Brighton,MI 
969,206650433,7/26/2017 12:51,7/26/2017 12:51,7/28/2017 9:13,7/28/2017 21:00,7/31/2017 15:30,3104.28,3600.0,-495.72,1790.9,DRV,,,False,0,Carrier 872938,Shipper 1555,True,True,True,7/28/2017 21:00,8/1/2017 17:30,False,False,False,False,False,False,False,False,Janesville,WI ,Janesville,WI 
970,206489881,6/29/2017 10:18,6/29/2017 10:18,6/29/2017 10:27,6/29/2017 15:00,7/3/2017 11:00,3100.0,2750.0,350.0,2520.5,DRV,,,False,0,Carrier 1695385,Shipper 585,True,True,True,6/29/2017 17:00,7/3/2017 13:00,False,False,False,False,False,False,False,False,Plant City,FL ,Plant City,FL 
971,206425929,9/27/2017 12:44,9/27/2017 12:45,9/29/2017 15:47,9/29/2017 15:00,10/3/2017 16:00,3100.0,2800.0,300.0,2520.5,DRV,,,False,0,Carrier 81967,Shipper 585,True,True,True,9/29/2017 19:00,10/3/2017 13:00,False,False,False,False,False,False,False,False,Plant City,FL ,Plant City,FL 
972,206692241,6/30/2017 10:38,6/30/2017 10:38,7/3/2017 14:15,7/3/2017 17:00,7/5/2017 5:30,3092.5,2392.5,700.0,985.2,DRV,,,False,1,Carrier 1071312,Shipper 585,True,True,True,7/3/2017 17:00,7/5/2017 5:00,False,False,False,False,False,False,False,False,Houston,TX ,Houston,TX 
973,206422609,10/13/2017 13:28,10/13/2017 13:28,10/25/2017 14:25,10/26/2017 9:00,10/30/2017 12:40,3092.44,3250.0,-157.56,1896.9,DRV,,,False,0,Carrier 738,Shipper 1644,True,True,True,10/26/2017 16:00,10/30/2017 12:00,False,False,False,False,False,False,False,False,Bolingbrook,IL ,Bolingbrook,IL 
974,206585321,11/8/2017 13:21,11/8/2017 13:21,11/16/2017 17:47,11/16/2017 16:30,11/21/2017 19:45,3084.88,2986.0,98.88,809.8,DRV,,,False,1,Carrier 1695675,Shipper 758,False,True,True,11/16/2017 16:30,11/20/2017 22:00,False,False,False,False,False,False,False,False,Idaho Falls,ID ,Idaho Falls,ID 
975,206424089,9/15/2017 16:42,9/15/2017 16:42,9/19/2017 8:17,9/19/2017 16:00,9/21/2017 23:00,3077.3,2900.0,177.3,1199.8,RFR,,,False,0,Carrier 1050359,Shipper 1249,True,True,True,9/19/2017 16:00,9/21/2017 23:00,False,False,False,False,False,False,False,False,Fort Collins,CO ,Fort Collins,CO 
976,206424089,9/15/2017 16:42,9/15/2017 16:42,9/19/2017 8:17,9/19/2017 16:00,9/21/2017 23:00,3077.3,2900.0,177.3,1199.8,RFR,,,False,0,Carrier 1050359,Shipper 1375,True,True,True,9/19/2017 16:00,9/21/2017 23:00,False,False,False,False,False,False,False,False,Fort Collins,CO ,Fort Collins,CO 
977,206424089,9/15/2017 16:42,9/15/2017 16:42,9/19/2017 8:17,9/19/2017 16:00,9/21/2017 23:00,3077.3,2900.0,177.3,1199.8,RFR,,,False,0,Carrier 1050359,Shipper 1386,True,True,True,9/19/2017 16:00,9/21/2017 23:00,False,False,False,False,False,False,False,False,Fort Collins,CO ,Fort Collins,CO 
978,206424089,9/15/2017 16:42,9/15/2017 16:42,9/19/2017 8:17,9/19/2017 16:00,9/21/2017 23:00,3077.3,2900.0,177.3,1199.8,RFR,,,False,0,Carrier 1050359,Shipper 1248,True,True,True,9/19/2017 16:00,9/21/2017 23:00,False,False,False,False,False,False,False,False,Fort Collins,CO ,Fort Collins,CO 
979,206424089,9/15/2017 16:42,9/15/2017 16:42,9/19/2017 8:17,9/19/2017 16:00,9/21/2017 23:00,3077.3,2900.0,177.3,1199.8,RFR,,,False,0,Carrier 1050359,Shipper 1387,True,True,True,9/19/2017 16:00,9/21/2017 23:00,False,False,False,False,False,False,False,False,Fort Collins,CO ,Fort Collins,CO 
980,206424089,9/15/2017 16:42,9/15/2017 16:42,9/19/2017 8:17,9/19/2017 16:00,9/21/2017 23:00,3077.3,2900.0,177.3,1199.8,RFR,,,False,0,Carrier 1050359,Shipper 1388,True,True,True,9/19/2017 16:00,9/21/2017 23:00,False,False,False,False,False,False,False,False,Fort Collins,CO ,Fort Collins,CO 
981,206431849,11/14/2017 9:25,11/14/2017 9:26,11/14/2017 11:35,11/14/2017 13:00,11/17/2017 16:00,3059.08,2100.0,959.08,1455.0,DRV,,,False,0,Carrier 29828,Shipper 1644,True,True,True,11/14/2017 13:00,11/18/2017 14:00,False,False,False,False,False,False,False,False,Decatur,IN ,Decatur,IN 
982,206524017,12/15/2017 10:17,12/15/2017 10:17,12/18/2017 12:01,12/19/2017 13:00,12/22/2017 16:00,3050.28,2600.0,450.28,916.0,DRV,,carrier_capacity,False,1,Carrier 1465972,Shipper 1644,True,True,True,12/19/2017 13:00,12/22/2017 13:00,False,False,False,False,False,False,False,False,Bolingbrook,IL ,Bolingbrook,IL 
983,206541889,5/16/2017 14:29,5/16/2017 14:29,5/17/2017 9:00,5/17/2017 16:00,5/19/2017 15:30,3048.58,2900.0,148.58,1416.0,DRV,,,False,0,Carrier 1024511,Shipper 1249,True,True,True,5/17/2017 16:00,5/19/2017 16:00,False,False,False,False,False,False,False,False,Houston,TX ,Houston,TX 
984,206541889,5/16/2017 14:29,5/16/2017 14:29,5/17/2017 9:00,5/17/2017 16:00,5/19/2017 15:30,3048.58,2900.0,148.58,1416.0,DRV,,,False,0,Carrier 1024511,Shipper 1375,True,True,True,5/17/2017 16:00,5/19/2017 16:00,False,False,False,False,False,False,False,False,Houston,TX ,Houston,TX 
985,206541889,5/16/2017 14:29,5/16/2017 14:29,5/17/2017 9:00,5/17/2017 16:00,5/19/2017 15:30,3048.58,2900.0,148.58,1416.0,DRV,,,False,0,Carrier 1024511,Shipper 1386,True,True,True,5/17/2017 16:00,5/19/2017 16:00,False,False,False,False,False,False,False,False,Houston,TX ,Houston,TX 
986,206541889,5/16/2017 14:29,5/16/2017 14:29,5/17/2017 9:00,5/17/2017 16:00,5/19/2017 15:30,3048.58,2900.0,148.58,1416.0,DRV,,,False,0,Carrier 1024511,Shipper 1248,True,True,True,5/17/2017 16:00,5/19/2017 16:00,False,False,False,False,False,False,False,False,Houston,TX ,Houston,TX 
987,206541889,5/16/2017 14:29,5/16/2017 14:29,5/17/2017 9:00,5/17/2017 16:00,5/19/2017 15:30,3048.58,2900.0,148.58,1416.0,DRV,,,False,0,Carrier 1024511,Shipper 1387,True,True,True,5/17/2017 16:00,5/19/2017 16:00,False,False,False,False,False,False,False,False,Houston,TX ,Houston,TX 
988,206541889,5/16/2017 14:29,5/16/2017 14:29,5/17/2017 9:00,5/17/2017 16:00,5/19/2017 15:30,3048.58,2900.0,148.58,1416.0,DRV,,,False,0,Carrier 1024511,Shipper 1388,True,True,True,5/17/2017 16:00,5/19/2017 16:00,False,False,False,False,False,False,False,False,Houston,TX ,Houston,TX 
989,206587817,9/20/2017 16:22,9/20/2017 16:22,9/20/2017 17:21,9/21/2017 12:00,9/22/2017 9:35,3048.28,2000.0,1048.28,584.5,RFR,,,False,0,Carrier 180807,Shipper 1249,True,True,True,9/21/2017 12:00,9/22/2017 13:00,False,False,False,False,False,False,False,False,St. Louis,MO ,St. Louis,MO 
990,206587817,9/20/2017 16:22,9/20/2017 16:22,9/20/2017 17:21,9/21/2017 12:00,9/22/2017 9:35,3048.28,2000.0,1048.28,584.5,RFR,,,False,0,Carrier 180807,Shipper 1375,True,True,True,9/21/2017 12:00,9/22/2017 13:00,False,False,False,False,False,False,False,False,St. Louis,MO ,St. Louis,MO 
991,206587817,9/20/2017 16:22,9/20/2017 16:22,9/20/2017 17:21,9/21/2017 12:00,9/22/2017 9:35,3048.28,2000.0,1048.28,584.5,RFR,,,False,0,Carrier 180807,Shipper 1386,True,True,True,9/21/2017 12:00,9/22/2017 13:00,False,False,False,False,False,False,False,False,St. Louis,MO ,St. Louis,MO 
992,206587817,9/20/2017 16:22,9/20/2017 16:22,9/20/2017 17:21,9/21/2017 12:00,9/22/2017 9:35,3048.28,2000.0,1048.28,584.5,RFR,,,False,0,Carrier 180807,Shipper 1248,True,True,True,9/21/2017 12:00,9/22/2017 13:00,False,False,False,False,False,False,False,False,St. Louis,MO ,St. Louis,MO 
993,206587817,9/20/2017 16:22,9/20/2017 16:22,9/20/2017 17:21,9/21/2017 12:00,9/22/2017 9:35,3048.28,2000.0,1048.28,584.5,RFR,,,False,0,Carrier 180807,Shipper 1387,True,True,True,9/21/2017 12:00,9/22/2017 13:00,False,False,False,False,False,False,False,False,St. Louis,MO ,St. Louis,MO 
994,206587817,9/20/2017 16:22,9/20/2017 16:22,9/20/2017 17:21,9/21/2017 12:00,9/22/2017 9:35,3048.28,2000.0,1048.28,584.5,RFR,,,False,0,Carrier 180807,Shipper 1388,True,True,True,9/21/2017 12:00,9/22/2017 13:00,False,False,False,False,False,False,False,False,St. Louis,MO ,St. Louis,MO 
995,206476897,11/27/2017 12:53,11/27/2017 12:53,11/29/2017 9:52,12/1/2017 12:00,12/4/2017 19:00,3043.8,2650.0,393.8,1330.9,DRV,,,False,0,Carrier 1168345,Shipper 1644,True,True,True,12/1/2017 13:00,12/4/2017 8:00,False,False,False,False,False,False,False,False,Indianapolis,IN ,Indianapolis,IN 
996,206430641,12/13/2017 18:34,12/13/2017 18:34,12/20/2017 9:44,12/20/2017 15:00,12/21/2017 23:00,3041.2,3500.0,-458.8,778.0,DRV,,ts_out,False,0,Carrier 362291,Shipper 1644,True,True,True,12/20/2017 15:00,12/21/2017 22:00,False,False,False,False,False,False,False,False,Bolingbrook,IL ,Bolingbrook,IL 
997,206491601,11/13/2017 8:33,11/13/2017 8:33,11/13/2017 11:01,11/13/2017 14:00,11/14/2017 22:00,3030.08,2800.0,230.08,1638.5,DRV,,,False,0,Carrier 1069795,Shipper 1644,True,True,True,11/13/2017 14:00,11/15/2017 20:00,False,False,False,False,False,False,False,False,Warren,OH ,Warren,OH 
998,206481009,11/14/2017 18:26,11/14/2017 18:26,11/15/2017 12:57,11/15/2017 13:00,11/17/2017 11:00,3030.08,2800.0,230.08,1455.0,DRV,,,False,0,Carrier 64827,Shipper 1644,True,True,True,11/15/2017 13:00,11/17/2017 13:00,False,False,False,False,False,False,False,False,Decatur,IN ,Decatur,IN 
999,206565961,3/29/2017 16:27,3/29/2017 16:27,3/31/2017 13:54,3/31/2017 15:00,4/4/2017 16:00,3028.26,3700.0,-671.74,2673.3,DRV,3.0,,False,1,Carrier 1630157,Shipper 1249,False,True,False,3/31/2017 15:00,4/4/2017 12:00,False,False,False,False,False,False,False,False,Baldwinsville,NY ,Baldwinsville,NY 
1000,206565961,3/29/2017 16:27,3/29/2017 16:27,3/31/2017 13:54,3/31/2017 15:00,4/4/2017 16:00,3028.26,3700.0,-671.74,2673.3,DRV,3.0,,False,1,Carrier 1630157,Shipper 1375,False,True,False,3/31/2017 15:00,4/4/2017 12:00,False,False,False,False,False,False,False,False,Baldwinsville,NY ,Baldwinsville,NY 
1001,206565961,3/29/2017 16:27,3/29/2017 16:27,3/31/2017 13:54,3/31/2017 15:00,4/4/2017 16:00,3028.26,3700.0,-671.74,2673.3,DRV,3.0,,False,1,Carrier 1630157,Shipper 1386,False,True,False,3/31/2017 15:00,4/4/2017 12:00,False,False,False,False,False,False,False,False,Baldwinsville,NY ,Baldwinsville,NY 
1002,206565961,3/29/2017 16:27,3/29/2017 16:27,3/31/2017 13:54,3/31/2017 15:00,4/4/2017 16:00,3028.26,3700.0,-671.74,2673.3,DRV,3.0,,False,1,Carrier 1630157,Shipper 1248,False,True,False,3/31/2017 15:00,4/4/2017 12:00,False,False,False,False,False,False,False,False,Baldwinsville,NY ,Baldwinsville,NY 
1003,206565961,3/29/2017 16:27,3/29/2017 16:27,3/31/2017 13:54,3/31/2017 15:00,4/4/2017 16:00,3028.26,3700.0,-671.74,2673.3,DRV,3.0,,False,1,Carrier 1630157,Shipper 1387,False,True,False,3/31/2017 15:00,4/4/2017 12:00,False,False,False,False,False,False,False,False,Baldwinsville,NY ,Baldwinsville,NY 
1004,206565961,3/29/2017 16:27,3/29/2017 16:27,3/31/2017 13:54,3/31/2017 15:00,4/4/2017 16:00,3028.26,3700.0,-671.74,2673.3,DRV,3.0,,False,1,Carrier 1630157,Shipper 1388,False,True,False,3/31/2017 15:00,4/4/2017 12:00,False,False,False,False,False,False,False,False,Baldwinsville,NY ,Baldwinsville,NY 
1005,206617433,8/2/2017 16:37,8/2/2017 16:37,8/4/2017 13:31,8/5/2017 13:00,8/7/2017 10:00,3010.0,3050.0,-40.0,1225.0,DRV,,,False,0,Carrier 1177126,Shipper 1249,True,True,True,8/5/2017 13:00,8/7/2017 16:00,False,False,False,False,False,False,False,False,St. Louis,MO ,St. Louis,MO 
1006,206617433,8/2/2017 16:37,8/2/2017 16:37,8/4/2017 13:31,8/5/2017 13:00,8/7/2017 10:00,3010.0,3050.0,-40.0,1225.0,DRV,,,False,0,Carrier 1177126,Shipper 1375,True,True,True,8/5/2017 13:00,8/7/2017 16:00,False,False,False,False,False,False,False,False,St. Louis,MO ,St. Louis,MO 
1007,206617433,8/2/2017 16:37,8/2/2017 16:37,8/4/2017 13:31,8/5/2017 13:00,8/7/2017 10:00,3010.0,3050.0,-40.0,1225.0,DRV,,,False,0,Carrier 1177126,Shipper 1386,True,True,True,8/5/2017 13:00,8/7/2017 16:00,False,False,False,False,False,False,False,False,St. Louis,MO ,St. Louis,MO 
1008,206617433,8/2/2017 16:37,8/2/2017 16:37,8/4/2017 13:31,8/5/2017 13:00,8/7/2017 10:00,3010.0,3050.0,-40.0,1225.0,DRV,,,False,0,Carrier 1177126,Shipper 1248,True,True,True,8/5/2017 13:00,8/7/2017 16:00,False,False,False,False,False,False,False,False,St. Louis,MO ,St. Louis,MO 
1009,206617433,8/2/2017 16:37,8/2/2017 16:37,8/4/2017 13:31,8/5/2017 13:00,8/7/2017 10:00,3010.0,3050.0,-40.0,1225.0,DRV,,,False,0,Carrier 1177126,Shipper 1387,True,True,True,8/5/2017 13:00,8/7/2017 16:00,False,False,False,False,False,False,False,False,St. Louis,MO ,St. Louis,MO 
1010,206617433,8/2/2017 16:37,8/2/2017 16:37,8/4/2017 13:31,8/5/2017 13:00,8/7/2017 10:00,3010.0,3050.0,-40.0,1225.0,DRV,,,False,0,Carrier 1177126,Shipper 1388,True,True,True,8/5/2017 13:00,8/7/2017 16:00,False,False,False,False,False,False,False,False,St. Louis,MO ,St. Louis,MO 
1011,206517337,10/17/2017 16:23,10/17/2017 16:23,10/20/2017 9:16,10/20/2017 17:00,10/23/2017 13:00,3002.32,2950.0,52.32,960.6,RFR,,,False,0,Carrier 866676,Shipper 1249,True,True,True,10/20/2017 17:00,10/23/2017 12:30,False,False,False,False,False,False,False,False,Fort Collins,CO ,Fort Collins,CO 
1012,206517337,10/17/2017 16:23,10/17/2017 16:23,10/20/2017 9:16,10/20/2017 17:00,10/23/2017 13:00,3002.32,2950.0,52.32,960.6,RFR,,,False,0,Carrier 866676,Shipper 1375,True,True,True,10/20/2017 17:00,10/23/2017 12:30,False,False,False,False,False,False,False,False,Fort Collins,CO ,Fort Collins,CO 
1013,206517337,10/17/2017 16:23,10/17/2017 16:23,10/20/2017 9:16,10/20/2017 17:00,10/23/2017 13:00,3002.32,2950.0,52.32,960.6,RFR,,,False,0,Carrier 866676,Shipper 1386,True,True,True,10/20/2017 17:00,10/23/2017 12:30,False,False,False,False,False,False,False,False,Fort Collins,CO ,Fort Collins,CO 
1014,206517337,10/17/2017 16:23,10/17/2017 16:23,10/20/2017 9:16,10/20/2017 17:00,10/23/2017 13:00,3002.32,2950.0,52.32,960.6,RFR,,,False,0,Carrier 866676,Shipper 1248,True,True,True,10/20/2017 17:00,10/23/2017 12:30,False,False,False,False,False,False,False,False,Fort Collins,CO ,Fort Collins,CO 
1015,206517337,10/17/2017 16:23,10/17/2017 16:23,10/20/2017 9:16,10/20/2017 17:00,10/23/2017 13:00,3002.32,2950.0,52.32,960.6,RFR,,,False,0,Carrier 866676,Shipper 1387,True,True,True,10/20/2017 17:00,10/23/2017 12:30,False,False,False,False,False,False,False,False,Fort Collins,CO ,Fort Collins,CO 
1016,206517337,10/17/2017 16:23,10/17/2017 16:23,10/20/2017 9:16,10/20/2017 17:00,10/23/2017 13:00,3002.32,2950.0,52.32,960.6,RFR,,,False,0,Carrier 866676,Shipper 1388,True,True,True,10/20/2017 17:00,10/23/2017 12:30,False,False,False,False,False,False,False,False,Fort Collins,CO ,Fort Collins,CO 
1017,206645249,11/15/2017 14:20,11/15/2017 14:20,11/16/2017 11:01,11/16/2017 12:00,11/20/2017 14:00,3002.13,3000.0,2.13,1638.5,DRV,,,False,0,Carrier 1642904,Shipper 1644,True,True,True,11/16/2017 12:00,11/19/2017 13:00,False,False,False,False,False,False,False,False,Warren,OH ,Warren,OH 
1018,206534089,3/14/2017 9:44,3/14/2017 10:10,3/14/2017 13:35,3/14/2017 15:00,3/17/2017 13:30,3000.0,2600.0,400.0,2520.5,DRV,3.0,,False,2,Carrier 945198,Shipper 585,True,True,True,3/14/2017 17:00,3/17/2017 20:00,False,False,False,False,False,False,False,False,Plant City,FL ,Plant City,FL 
1019,206538273,8/24/2017 12:49,8/24/2017 12:49,8/24/2017 13:08,8/25/2017 13:00,8/28/2017 10:00,3000.0,2800.0,200.0,1110.0,RFR,,,False,0,Carrier 49473,Shipper 585,True,True,True,8/25/2017 13:00,8/28/2017 8:00,False,False,False,False,False,False,False,False,Bethlehem,PA ,Bethlehem,PA 
1020,206571689,7/24/2017 17:28,7/24/2017 17:28,7/25/2017 13:02,7/28/2017 17:00,7/31/2017 9:00,3000.0,2950.0,50.0,1125.0,RFR,,,False,0,Carrier 31074,Shipper 734,True,True,True,7/28/2017 17:00,7/31/2017 17:00,False,False,False,False,False,False,False,False,Saint Michael,MN ,Saint Michael,MN 
1021,206555961,10/20/2017 17:14,10/20/2017 17:14,10/23/2017 17:00,10/24/2017 14:00,10/26/2017 9:00,2999.72,3300.0,-300.28,1241.0,DRV,,,False,0,Carrier 57804,Shipper 1249,True,True,True,10/24/2017 14:00,10/26/2017 14:00,False,False,False,False,False,False,False,False,Newark,NJ ,Newark,NJ 
1022,206555961,10/20/2017 17:14,10/20/2017 17:14,10/23/2017 17:00,10/24/2017 14:00,10/26/2017 9:00,2999.72,3300.0,-300.28,1241.0,DRV,,,False,0,Carrier 57804,Shipper 1375,True,True,True,10/24/2017 14:00,10/26/2017 14:00,False,False,False,False,False,False,False,False,Newark,NJ ,Newark,NJ 
1023,206555961,10/20/2017 17:14,10/20/2017 17:14,10/23/2017 17:00,10/24/2017 14:00,10/26/2017 9:00,2999.72,3300.0,-300.28,1241.0,DRV,,,False,0,Carrier 57804,Shipper 1386,True,True,True,10/24/2017 14:00,10/26/2017 14:00,False,False,False,False,False,False,False,False,Newark,NJ ,Newark,NJ 
1024,206555961,10/20/2017 17:14,10/20/2017 17:14,10/23/2017 17:00,10/24/2017 14:00,10/26/2017 9:00,2999.72,3300.0,-300.28,1241.0,DRV,,,False,0,Carrier 57804,Shipper 1248,True,True,True,10/24/2017 14:00,10/26/2017 14:00,False,False,False,False,False,False,False,False,Newark,NJ ,Newark,NJ 
1025,206555961,10/20/2017 17:14,10/20/2017 17:14,10/23/2017 17:00,10/24/2017 14:00,10/26/2017 9:00,2999.72,3300.0,-300.28,1241.0,DRV,,,False,0,Carrier 57804,Shipper 1387,True,True,True,10/24/2017 14:00,10/26/2017 14:00,False,False,False,False,False,False,False,False,Newark,NJ ,Newark,NJ 
1026,206555961,10/20/2017 17:14,10/20/2017 17:14,10/23/2017 17:00,10/24/2017 14:00,10/26/2017 9:00,2999.72,3300.0,-300.28,1241.0,DRV,,,False,0,Carrier 57804,Shipper 1388,True,True,True,10/24/2017 14:00,10/26/2017 14:00,False,False,False,False,False,False,False,False,Newark,NJ ,Newark,NJ 
1027,206549657,8/1/2017 17:21,8/1/2017 17:21,8/3/2017 16:43,8/4/2017 12:00,8/8/2017 11:00,2999.12,3250.0,-250.88,1754.6,DRV,,,False,0,Carrier 1018566,Shipper 1249,False,True,False,8/4/2017 12:00,8/8/2017 9:00,False,False,False,False,False,False,False,False,Williamsburg,VA ,Williamsburg,VA 
1028,206549657,8/1/2017 17:21,8/1/2017 17:21,8/3/2017 16:43,8/4/2017 12:00,8/8/2017 11:00,2999.12,3250.0,-250.88,1754.6,DRV,,,False,0,Carrier 1018566,Shipper 1375,False,True,False,8/4/2017 12:00,8/8/2017 9:00,False,False,False,False,False,False,False,False,Williamsburg,VA ,Williamsburg,VA 
1029,206549657,8/1/2017 17:21,8/1/2017 17:21,8/3/2017 16:43,8/4/2017 12:00,8/8/2017 11:00,2999.12,3250.0,-250.88,1754.6,DRV,,,False,0,Carrier 1018566,Shipper 1386,False,True,False,8/4/2017 12:00,8/8/2017 9:00,False,False,False,False,False,False,False,False,Williamsburg,VA ,Williamsburg,VA 
1030,206549657,8/1/2017 17:21,8/1/2017 17:21,8/3/2017 16:43,8/4/2017 12:00,8/8/2017 11:00,2999.12,3250.0,-250.88,1754.6,DRV,,,False,0,Carrier 1018566,Shipper 1248,False,True,False,8/4/2017 12:00,8/8/2017 9:00,False,False,False,False,False,False,False,False,Williamsburg,VA ,Williamsburg,VA 
1031,206549657,8/1/2017 17:21,8/1/2017 17:21,8/3/2017 16:43,8/4/2017 12:00,8/8/2017 11:00,2999.12,3250.0,-250.88,1754.6,DRV,,,False,0,Carrier 1018566,Shipper 1387,False,True,False,8/4/2017 12:00,8/8/2017 9:00,False,False,False,False,False,False,False,False,Williamsburg,VA ,Williamsburg,VA 
1032,206549657,8/1/2017 17:21,8/1/2017 17:21,8/3/2017 16:43,8/4/2017 12:00,8/8/2017 11:00,2999.12,3250.0,-250.88,1754.6,DRV,,,False,0,Carrier 1018566,Shipper 1388,False,True,False,8/4/2017 12:00,8/8/2017 9:00,False,False,False,False,False,False,False,False,Williamsburg,VA ,Williamsburg,VA 
1033,206587369,11/8/2017 9:31,11/8/2017 9:32,11/9/2017 16:10,11/10/2017 14:00,11/13/2017 9:20,2996.54,2979.0,17.54,781.0,DRV,,,False,0,Carrier 4997,Shipper 1644,True,True,True,11/10/2017 14:00,11/13/2017 9:00,False,False,False,False,False,False,False,False,Plainfield,IL ,Plainfield,IL 
1034,206543521,5/1/2017 12:52,5/1/2017 12:52,5/2/2017 8:56,5/2/2017 8:00,5/5/2017 8:45,2995.0,2900.0,95.0,1599.3,DRV,3.0,,False,0,Carrier 1052781,Shipper 585,True,True,True,5/2/2017 22:00,5/5/2017 8:00,False,False,False,False,False,False,False,False,Brooklyn Park,MN ,Brooklyn Park,MN 
1035,206549905,5/1/2017 12:12,5/1/2017 12:12,5/1/2017 13:04,5/1/2017 15:00,5/5/2017 11:00,2990.0,2800.0,190.0,2523.4,DRV,3.0,,False,0,Carrier 1431022,Shipper 585,False,True,True,5/1/2017 15:00,5/5/2017 12:00,False,False,False,False,False,False,False,False,Plant City,FL ,Plant City,FL 
1036,206474665,1/16/2017 10:42,1/16/2017 10:42,1/17/2017 8:53,1/14/2017 3:00,1/15/2017 6:00,2973.0,1582.0,1391.0,140.0,RFR,,,False,0,Carrier 1425578,Shipper 758,,,,1/16/2017 2:00,1/16/2017 2:00,False,False,False,False,False,False,False,False,Portland,OR ,Portland,OR 
1037,206496433,7/13/2017 10:16,7/13/2017 10:17,7/13/2017 14:50,7/14/2017 15:00,7/17/2017 19:00,2972.0,2880.0,92.0,2520.5,DRV,,,False,0,Carrier 17714,Shipper 585,True,True,True,7/14/2017 17:00,7/18/2017 20:00,False,False,False,False,False,False,False,False,Plant City,FL ,Plant City,FL 
1038,206554633,11/27/2017 17:19,11/27/2017 17:19,11/28/2017 8:52,11/28/2017 14:00,11/30/2017 16:30,2963.12,2500.0,463.12,1445.9,DRV,,,True,0,Carrier 1687657,Shipper 1644,True,True,True,11/28/2017 14:00,12/1/2017 10:30,False,False,False,False,False,False,False,False,North Charleston,SC ,North Charleston,SC 
1039,206423225,11/27/2017 17:41,11/27/2017 17:41,11/28/2017 8:45,11/29/2017 14:00,12/2/2017 10:15,2963.12,2500.0,463.12,0.0,DRV,,,True,0,Carrier 1687657,Shipper 1644,True,True,True,11/29/2017 14:00,12/2/2017 10:30,False,False,False,False,False,False,False,False,North Charleston,SC ,North Charleston,SC 
1040,206600057,11/30/2017 16:38,11/30/2017 16:38,12/1/2017 8:05,12/1/2017 8:00,12/3/2017 11:30,2962.91,3300.0,-337.09,1445.9,DRV,,,False,0,Carrier 84277,Shipper 1644,True,True,True,12/1/2017 11:00,12/3/2017 10:30,False,False,False,False,False,False,False,False,North Charleston,SC ,North Charleston,SC 
1041,206729433,6/12/2017 17:35,6/12/2017 17:35,6/13/2017 11:11,6/14/2017 15:00,6/16/2017 11:05,2961.84,2800.0,161.84,1163.8,RFR,,,False,0,Carrier 1627334,Shipper 1498,True,True,True,6/14/2017 18:00,6/16/2017 18:00,False,False,False,False,False,False,False,False,Las Cruces,NM ,Las Cruces,NM 
1042,206600873,10/20/2017 13:17,10/20/2017 13:17,10/20/2017 16:40,10/24/2017 14:30,10/25/2017 16:00,2957.2,2500.0,457.2,1445.9,DRV,,,True,0,Carrier 1687657,Shipper 1644,True,True,True,10/24/2017 14:30,10/25/2017 22:30,False,False,False,False,False,False,False,False,North Charleston,SC ,North Charleston,SC 
1043,206570353,7/24/2017 15:47,7/24/2017 15:47,7/27/2017 11:31,7/28/2017 8:00,8/1/2017 16:00,2950.0,2950.0,0.0,2043.2,DRV,,,False,0,Carrier 1338964,Shipper 744,True,False,False,7/28/2017 15:00,8/1/2017 12:00,False,False,False,False,False,False,False,False,Conover,NC ,Conover,NC 
1044,206625217,9/28/2017 16:39,9/28/2017 16:39,9/29/2017 9:50,9/30/2017 16:00,10/2/2017 11:30,2934.4,2400.0,534.4,870.6,DRV,,,False,0,Carrier 31074,Shipper 1249,True,True,True,9/30/2017 16:00,10/3/2017 23:55,False,False,False,False,False,False,False,False,Houston,TX ,Houston,TX 
1045,206625217,9/28/2017 16:39,9/28/2017 16:39,9/29/2017 9:50,9/30/2017 16:00,10/2/2017 11:30,2934.4,2400.0,534.4,870.6,DRV,,,False,0,Carrier 31074,Shipper 1375,True,True,True,9/30/2017 16:00,10/3/2017 23:55,False,False,False,False,False,False,False,False,Houston,TX ,Houston,TX 
1046,206625217,9/28/2017 16:39,9/28/2017 16:39,9/29/2017 9:50,9/30/2017 16:00,10/2/2017 11:30,2934.4,2400.0,534.4,870.6,DRV,,,False,0,Carrier 31074,Shipper 1386,True,True,True,9/30/2017 16:00,10/3/2017 23:55,False,False,False,False,False,False,False,False,Houston,TX ,Houston,TX 
1047,206625217,9/28/2017 16:39,9/28/2017 16:39,9/29/2017 9:50,9/30/2017 16:00,10/2/2017 11:30,2934.4,2400.0,534.4,870.6,DRV,,,False,0,Carrier 31074,Shipper 1248,True,True,True,9/30/2017 16:00,10/3/2017 23:55,False,False,False,False,False,False,False,False,Houston,TX ,Houston,TX 
1048,206625217,9/28/2017 16:39,9/28/2017 16:39,9/29/2017 9:50,9/30/2017 16:00,10/2/2017 11:30,2934.4,2400.0,534.4,870.6,DRV,,,False,0,Carrier 31074,Shipper 1387,True,True,True,9/30/2017 16:00,10/3/2017 23:55,False,False,False,False,False,False,False,False,Houston,TX ,Houston,TX 
1049,206625217,9/28/2017 16:39,9/28/2017 16:39,9/29/2017 9:50,9/30/2017 16:00,10/2/2017 11:30,2934.4,2400.0,534.4,870.6,DRV,,,False,0,Carrier 31074,Shipper 1388,True,True,True,9/30/2017 16:00,10/3/2017 23:55,False,False,False,False,False,False,False,False,Houston,TX ,Houston,TX 
1050,206693913,10/20/2017 17:43,10/20/2017 17:43,10/25/2017 9:26,10/25/2017 15:00,10/27/2017 11:15,2930.2,2800.0,130.2,0.0,DRV,,,False,0,Carrier 1445874,Shipper 1644,True,True,True,10/25/2017 15:00,10/27/2017 17:00,False,False,False,False,False,False,False,False,Rancho Cucamonga,CA ,Rancho Cucamonga,CA 
1051,206463449,1/9/2017 11:20,1/9/2017 11:20,1/11/2017 14:09,1/12/2017 17:00,1/16/2017 9:00,2930.0,2900.0,30.0,2203.0,DRV,,,False,0,Carrier 92375,Shipper 585,True,True,True,1/12/2017 17:00,1/16/2017 9:30,False,False,False,False,False,False,False,False,Santa Ana,CA ,Santa Ana,CA 
1052,206490313,9/18/2017 17:13,9/18/2017 17:13,9/19/2017 13:07,9/19/2017 8:00,9/21/2017 9:30,2928.68,2500.0,428.68,739.3,DRV,,,False,1,Carrier 1695516,Shipper 1249,True,True,True,9/19/2017 17:00,9/21/2017 23:00,False,False,False,False,False,False,False,False,Pleasant Prairie,WI ,Pleasant Prairie,WI 
1053,206490313,9/18/2017 17:13,9/18/2017 17:13,9/19/2017 13:07,9/19/2017 8:00,9/21/2017 9:30,2928.68,2500.0,428.68,739.3,DRV,,,False,1,Carrier 1695516,Shipper 1375,True,True,True,9/19/2017 17:00,9/21/2017 23:00,False,False,False,False,False,False,False,False,Pleasant Prairie,WI ,Pleasant Prairie,WI 
1054,206490313,9/18/2017 17:13,9/18/2017 17:13,9/19/2017 13:07,9/19/2017 8:00,9/21/2017 9:30,2928.68,2500.0,428.68,739.3,DRV,,,False,1,Carrier 1695516,Shipper 1386,True,True,True,9/19/2017 17:00,9/21/2017 23:00,False,False,False,False,False,False,False,False,Pleasant Prairie,WI ,Pleasant Prairie,WI 
1055,206490313,9/18/2017 17:13,9/18/2017 17:13,9/19/2017 13:07,9/19/2017 8:00,9/21/2017 9:30,2928.68,2500.0,428.68,739.3,DRV,,,False,1,Carrier 1695516,Shipper 1248,True,True,True,9/19/2017 17:00,9/21/2017 23:00,False,False,False,False,False,False,False,False,Pleasant Prairie,WI ,Pleasant Prairie,WI 
1056,206490313,9/18/2017 17:13,9/18/2017 17:13,9/19/2017 13:07,9/19/2017 8:00,9/21/2017 9:30,2928.68,2500.0,428.68,739.3,DRV,,,False,1,Carrier 1695516,Shipper 1387,True,True,True,9/19/2017 17:00,9/21/2017 23:00,False,False,False,False,False,False,False,False,Pleasant Prairie,WI ,Pleasant Prairie,WI 
1057,206490313,9/18/2017 17:13,9/18/2017 17:13,9/19/2017 13:07,9/19/2017 8:00,9/21/2017 9:30,2928.68,2500.0,428.68,739.3,DRV,,,False,1,Carrier 1695516,Shipper 1388,True,True,True,9/19/2017 17:00,9/21/2017 23:00,False,False,False,False,False,False,False,False,Pleasant Prairie,WI ,Pleasant Prairie,WI 
1058,206539873,12/6/2017 9:44,12/6/2017 9:44,12/6/2017 12:40,12/6/2017 15:00,12/8/2017 8:00,2928.05,3100.0,-171.95,783.9,DRV,,,False,0,Carrier 1660310,Shipper 1644,True,True,True,12/6/2017 15:00,12/8/2017 7:00,False,False,False,False,False,False,False,False,Naperville,IL ,Naperville,IL 
1059,206560009,12/6/2017 9:36,12/6/2017 9:37,12/6/2017 12:36,12/6/2017 13:00,12/7/2017 19:15,2928.05,2950.0,-21.95,783.9,DRV,,,False,0,Carrier 1545580,Shipper 1644,True,True,True,12/6/2017 13:00,12/7/2017 18:15,False,False,False,False,False,False,False,False,Naperville,IL ,Naperville,IL 
1060,206467201,1/23/2017 8:52,1/23/2017 8:52,1/23/2017 11:58,1/24/2017 10:00,1/27/2017 11:23,2923.0,2900.0,23.0,140.0,DRV,,,False,0,Carrier 1451271,Shipper 758,True,True,True,1/24/2017 17:30,1/27/2017 13:00,False,False,False,False,False,False,False,False,Clackamas,OR ,Clackamas,OR 
1061,206422425,1/23/2017 8:48,1/23/2017 8:48,1/23/2017 12:09,1/24/2017 10:00,1/27/2017 14:23,2923.0,2900.0,23.0,140.0,DRV,,,False,0,Carrier 800998,Shipper 758,True,False,False,1/24/2017 17:30,1/27/2017 13:00,False,False,False,False,False,False,False,False,Clackamas,OR ,Clackamas,OR 
1062,206434185,8/28/2017 10:02,8/28/2017 10:02,8/29/2017 8:48,8/29/2017 18:00,8/30/2017 13:57,2922.8,3000.0,-77.2,1026.7,RFR,,,False,0,Carrier 1629880,Shipper 1249,True,True,True,8/29/2017 18:00,8/31/2017 11:00,False,False,False,False,False,False,False,False,Fort Collins,CO ,Fort Collins,CO 
1063,206434185,8/28/2017 10:02,8/28/2017 10:02,8/29/2017 8:48,8/29/2017 18:00,8/30/2017 13:57,2922.8,3000.0,-77.2,1026.7,RFR,,,False,0,Carrier 1629880,Shipper 1375,True,True,True,8/29/2017 18:00,8/31/2017 11:00,False,False,False,False,False,False,False,False,Fort Collins,CO ,Fort Collins,CO 
1064,206434185,8/28/2017 10:02,8/28/2017 10:02,8/29/2017 8:48,8/29/2017 18:00,8/30/2017 13:57,2922.8,3000.0,-77.2,1026.7,RFR,,,False,0,Carrier 1629880,Shipper 1386,True,True,True,8/29/2017 18:00,8/31/2017 11:00,False,False,False,False,False,False,False,False,Fort Collins,CO ,Fort Collins,CO 
1065,206434185,8/28/2017 10:02,8/28/2017 10:02,8/29/2017 8:48,8/29/2017 18:00,8/30/2017 13:57,2922.8,3000.0,-77.2,1026.7,RFR,,,False,0,Carrier 1629880,Shipper 1248,True,True,True,8/29/2017 18:00,8/31/2017 11:00,False,False,False,False,False,False,False,False,Fort Collins,CO ,Fort Collins,CO 
1066,206434185,8/28/2017 10:02,8/28/2017 10:02,8/29/2017 8:48,8/29/2017 18:00,8/30/2017 13:57,2922.8,3000.0,-77.2,1026.7,RFR,,,False,0,Carrier 1629880,Shipper 1387,True,True,True,8/29/2017 18:00,8/31/2017 11:00,False,False,False,False,False,False,False,False,Fort Collins,CO ,Fort Collins,CO 
1067,206434185,8/28/2017 10:02,8/28/2017 10:02,8/29/2017 8:48,8/29/2017 18:00,8/30/2017 13:57,2922.8,3000.0,-77.2,1026.7,RFR,,,False,0,Carrier 1629880,Shipper 1388,True,True,True,8/29/2017 18:00,8/31/2017 11:00,False,False,False,False,False,False,False,False,Fort Collins,CO ,Fort Collins,CO 
1068,206426921,6/8/2017 20:21,6/8/2017 20:21,6/21/2017 12:41,6/21/2017 15:00,6/23/2017 13:50,2917.55,2850.0,67.55,967.4,DRV,,,False,1,Carrier 1016407,Shipper 758,False,True,True,6/21/2017 15:00,6/23/2017 14:00,False,False,False,False,False,False,False,False,Commerce,CA ,Commerce,CA 
1069,206430625,11/29/2017 15:28,11/29/2017 15:28,11/30/2017 13:39,11/30/2017 16:00,12/2/2017 8:00,2913.46,6000.0,-3086.54,972.4,DRV,,,False,0,Carrier 23611,Shipper 1644,True,True,True,11/30/2017 16:00,12/2/2017 10:00,False,False,False,False,False,False,False,False,Trenton,MO ,Trenton,MO 
1070,206776105,9/8/2017 18:53,9/8/2017 18:53,9/11/2017 13:05,9/11/2017 7:00,9/12/2017 13:20,2912.1,2400.0,512.1,547.4,DRV,,,False,0,Carrier 1368530,Shipper 1249,True,True,True,9/11/2017 21:00,9/12/2017 20:00,False,False,False,False,False,False,False,False,Erie,PA ,Erie,PA 
1071,206776105,9/8/2017 18:53,9/8/2017 18:53,9/11/2017 13:05,9/11/2017 7:00,9/12/2017 13:20,2912.1,2400.0,512.1,547.4,DRV,,,False,0,Carrier 1368530,Shipper 1375,True,True,True,9/11/2017 21:00,9/12/2017 20:00,False,False,False,False,False,False,False,False,Erie,PA ,Erie,PA 
1072,206776105,9/8/2017 18:53,9/8/2017 18:53,9/11/2017 13:05,9/11/2017 7:00,9/12/2017 13:20,2912.1,2400.0,512.1,547.4,DRV,,,False,0,Carrier 1368530,Shipper 1386,True,True,True,9/11/2017 21:00,9/12/2017 20:00,False,False,False,False,False,False,False,False,Erie,PA ,Erie,PA 
1073,206776105,9/8/2017 18:53,9/8/2017 18:53,9/11/2017 13:05,9/11/2017 7:00,9/12/2017 13:20,2912.1,2400.0,512.1,547.4,DRV,,,False,0,Carrier 1368530,Shipper 1248,True,True,True,9/11/2017 21:00,9/12/2017 20:00,False,False,False,False,False,False,False,False,Erie,PA ,Erie,PA 
1074,206776105,9/8/2017 18:53,9/8/2017 18:53,9/11/2017 13:05,9/11/2017 7:00,9/12/2017 13:20,2912.1,2400.0,512.1,547.4,DRV,,,False,0,Carrier 1368530,Shipper 1387,True,True,True,9/11/2017 21:00,9/12/2017 20:00,False,False,False,False,False,False,False,False,Erie,PA ,Erie,PA 
1075,206776105,9/8/2017 18:53,9/8/2017 18:53,9/11/2017 13:05,9/11/2017 7:00,9/12/2017 13:20,2912.1,2400.0,512.1,547.4,DRV,,,False,0,Carrier 1368530,Shipper 1388,True,True,True,9/11/2017 21:00,9/12/2017 20:00,False,False,False,False,False,False,False,False,Erie,PA ,Erie,PA 
1076,206585609,12/12/2017 16:00,12/12/2017 16:00,12/13/2017 9:02,12/13/2017 13:00,12/16/2017 8:00,2909.27,3200.0,-290.73,565.7,DRV,,carrier_capacity,False,1,Carrier 30549,Shipper 1644,True,True,True,12/13/2017 13:00,12/14/2017 15:00,False,False,False,False,False,False,False,False,Decatur,IN ,Decatur,IN 
1077,206499465,12/18/2017 13:10,12/18/2017 13:10,12/19/2017 7:43,12/19/2017 12:30,12/20/2017 16:00,2909.27,3700.0,-790.73,565.7,DRV,,carrier_capacity,False,0,Carrier 30549,Shipper 1644,True,True,True,12/19/2017 12:30,12/20/2017 15:00,False,False,False,False,False,False,False,False,Decatur,IN ,Decatur,IN 
1078,206586041,12/14/2017 17:02,12/14/2017 17:02,12/15/2017 8:51,12/15/2017 13:00,12/19/2017 23:30,2909.26,3450.0,-540.74,565.7,DRV,,carrier_capacity,False,0,Carrier 30549,Shipper 1644,True,True,True,12/15/2017 13:00,12/16/2017 14:00,False,False,False,False,False,False,False,False,Decatur,IN ,Decatur,IN 
1079,206576097,9/28/2017 16:30,9/28/2017 16:30,9/30/2017 9:20,9/30/2017 14:00,10/2/2017 13:45,2903.78,2900.0,3.78,666.8,DRV,,,False,0,Carrier 1031513,Shipper 1249,True,True,True,9/30/2017 14:00,10/2/2017 12:00,False,False,False,False,False,False,False,False,St. Louis,MO ,St. Louis,MO 
1080,206576097,9/28/2017 16:30,9/28/2017 16:30,9/30/2017 9:20,9/30/2017 14:00,10/2/2017 13:45,2903.78,2900.0,3.78,666.8,DRV,,,False,0,Carrier 1031513,Shipper 1375,True,True,True,9/30/2017 14:00,10/2/2017 12:00,False,False,False,False,False,False,False,False,St. Louis,MO ,St. Louis,MO 
1081,206576097,9/28/2017 16:30,9/28/2017 16:30,9/30/2017 9:20,9/30/2017 14:00,10/2/2017 13:45,2903.78,2900.0,3.78,666.8,DRV,,,False,0,Carrier 1031513,Shipper 1386,True,True,True,9/30/2017 14:00,10/2/2017 12:00,False,False,False,False,False,False,False,False,St. Louis,MO ,St. Louis,MO 
1082,206576097,9/28/2017 16:30,9/28/2017 16:30,9/30/2017 9:20,9/30/2017 14:00,10/2/2017 13:45,2903.78,2900.0,3.78,666.8,DRV,,,False,0,Carrier 1031513,Shipper 1248,True,True,True,9/30/2017 14:00,10/2/2017 12:00,False,False,False,False,False,False,False,False,St. Louis,MO ,St. Louis,MO 
1083,206576097,9/28/2017 16:30,9/28/2017 16:30,9/30/2017 9:20,9/30/2017 14:00,10/2/2017 13:45,2903.78,2900.0,3.78,666.8,DRV,,,False,0,Carrier 1031513,Shipper 1387,True,True,True,9/30/2017 14:00,10/2/2017 12:00,False,False,False,False,False,False,False,False,St. Louis,MO ,St. Louis,MO 
1084,206576097,9/28/2017 16:30,9/28/2017 16:30,9/30/2017 9:20,9/30/2017 14:00,10/2/2017 13:45,2903.78,2900.0,3.78,666.8,DRV,,,False,0,Carrier 1031513,Shipper 1388,True,True,True,9/30/2017 14:00,10/2/2017 12:00,False,False,False,False,False,False,False,False,St. Louis,MO ,St. Louis,MO 
1085,206553585,6/27/2017 17:27,6/27/2017 17:27,6/29/2017 18:12,6/30/2017 8:00,7/2/2017 9:20,2900.8,2900.0,0.8,749.8,DRV,,,False,0,Carrier 75514,Shipper 1249,True,True,True,6/30/2017 18:00,7/2/2017 16:00,False,False,False,False,False,False,False,False,Pleasant Prairie,WI ,Pleasant Prairie,WI 
1086,206553585,6/27/2017 17:27,6/27/2017 17:27,6/29/2017 18:12,6/30/2017 8:00,7/2/2017 9:20,2900.8,2900.0,0.8,749.8,DRV,,,False,0,Carrier 75514,Shipper 1375,True,True,True,6/30/2017 18:00,7/2/2017 16:00,False,False,False,False,False,False,False,False,Pleasant Prairie,WI ,Pleasant Prairie,WI 
1087,206553585,6/27/2017 17:27,6/27/2017 17:27,6/29/2017 18:12,6/30/2017 8:00,7/2/2017 9:20,2900.8,2900.0,0.8,749.8,DRV,,,False,0,Carrier 75514,Shipper 1386,True,True,True,6/30/2017 18:00,7/2/2017 16:00,False,False,False,False,False,False,False,False,Pleasant Prairie,WI ,Pleasant Prairie,WI 
1088,206553585,6/27/2017 17:27,6/27/2017 17:27,6/29/2017 18:12,6/30/2017 8:00,7/2/2017 9:20,2900.8,2900.0,0.8,749.8,DRV,,,False,0,Carrier 75514,Shipper 1248,True,True,True,6/30/2017 18:00,7/2/2017 16:00,False,False,False,False,False,False,False,False,Pleasant Prairie,WI ,Pleasant Prairie,WI 
1089,206553585,6/27/2017 17:27,6/27/2017 17:27,6/29/2017 18:12,6/30/2017 8:00,7/2/2017 9:20,2900.8,2900.0,0.8,749.8,DRV,,,False,0,Carrier 75514,Shipper 1387,True,True,True,6/30/2017 18:00,7/2/2017 16:00,False,False,False,False,False,False,False,False,Pleasant Prairie,WI ,Pleasant Prairie,WI 
1090,206553585,6/27/2017 17:27,6/27/2017 17:27,6/29/2017 18:12,6/30/2017 8:00,7/2/2017 9:20,2900.8,2900.0,0.8,749.8,DRV,,,False,0,Carrier 75514,Shipper 1388,True,True,True,6/30/2017 18:00,7/2/2017 16:00,False,False,False,False,False,False,False,False,Pleasant Prairie,WI ,Pleasant Prairie,WI 
1091,206611481,7/24/2017 14:26,7/24/2017 14:27,7/25/2017 13:39,7/28/2017 16:00,8/2/2017 16:30,2900.0,2820.0,80.0,2001.0,DRV,,,False,0,Carrier 1058232,Shipper 585,True,True,True,7/28/2017 16:00,8/2/2017 14:30,False,False,False,False,False,False,False,False,Santa Ana,CA ,Santa Ana,CA 
1092,206481817,7/31/2017 16:00,7/31/2017 16:00,8/4/2017 15:40,8/7/2017 13:30,8/8/2017 16:00,2898.91,2650.0,248.91,1054.0,DRV,,,False,2,Carrier 1554127,Shipper 1249,True,True,True,8/7/2017 13:30,8/9/2017 14:00,False,False,False,False,False,False,False,False,Carlisle,PA ,Carlisle,PA 
1093,206481817,7/31/2017 16:00,7/31/2017 16:00,8/4/2017 15:40,8/7/2017 13:30,8/8/2017 16:00,2898.91,2650.0,248.91,1054.0,DRV,,,False,2,Carrier 1554127,Shipper 1375,True,True,True,8/7/2017 13:30,8/9/2017 14:00,False,False,False,False,False,False,False,False,Carlisle,PA ,Carlisle,PA 
1094,206481817,7/31/2017 16:00,7/31/2017 16:00,8/4/2017 15:40,8/7/2017 13:30,8/8/2017 16:00,2898.91,2650.0,248.91,1054.0,DRV,,,False,2,Carrier 1554127,Shipper 1386,True,True,True,8/7/2017 13:30,8/9/2017 14:00,False,False,False,False,False,False,False,False,Carlisle,PA ,Carlisle,PA 
1095,206481817,7/31/2017 16:00,7/31/2017 16:00,8/4/2017 15:40,8/7/2017 13:30,8/8/2017 16:00,2898.91,2650.0,248.91,1054.0,DRV,,,False,2,Carrier 1554127,Shipper 1248,True,True,True,8/7/2017 13:30,8/9/2017 14:00,False,False,False,False,False,False,False,False,Carlisle,PA ,Carlisle,PA 
1096,206481817,7/31/2017 16:00,7/31/2017 16:00,8/4/2017 15:40,8/7/2017 13:30,8/8/2017 16:00,2898.91,2650.0,248.91,1054.0,DRV,,,False,2,Carrier 1554127,Shipper 1387,True,True,True,8/7/2017 13:30,8/9/2017 14:00,False,False,False,False,False,False,False,False,Carlisle,PA ,Carlisle,PA 
1097,206481817,7/31/2017 16:00,7/31/2017 16:00,8/4/2017 15:40,8/7/2017 13:30,8/8/2017 16:00,2898.91,2650.0,248.91,1054.0,DRV,,,False,2,Carrier 1554127,Shipper 1388,True,True,True,8/7/2017 13:30,8/9/2017 14:00,False,False,False,False,False,False,False,False,Carlisle,PA ,Carlisle,PA 
1098,206472145,12/4/2017 9:19,12/4/2017 9:19,12/6/2017 10:24,12/6/2017 15:00,12/8/2017 8:30,2893.58,2800.0,93.58,749.6,DRV,,dat_in,False,0,Carrier 1695737,Shipper 1644,True,True,True,12/6/2017 15:00,12/8/2017 7:00,False,False,False,False,False,False,False,False,Rensselaer,IN ,Rensselaer,IN 
1099,206496985,12/14/2017 10:53,12/14/2017 10:53,12/14/2017 11:13,12/15/2017 10:00,12/18/2017 8:00,2892.91,2010.0,882.91,761.5,DRV,,,True,0,Carrier 19121,Shipper 1644,True,True,True,12/15/2017 10:00,12/16/2017 20:00,False,False,False,False,False,False,False,False,Lockport,IL ,Lockport,IL 
1100,206656665,11/16/2017 16:29,11/16/2017 16:29,11/17/2017 17:31,11/19/2017 20:00,11/21/2017 12:00,2890.16,3500.0,-609.84,757.8,DRV,,,False,1,Carrier 997964,Shipper 1249,True,True,True,11/19/2017 20:00,11/21/2017 11:00,False,False,False,False,False,False,False,False,Fairfield,CA ,Fairfield,CA 
1101,206656665,11/16/2017 16:29,11/16/2017 16:29,11/17/2017 17:31,11/19/2017 20:00,11/21/2017 12:00,2890.16,3500.0,-609.84,757.8,DRV,,,False,1,Carrier 997964,Shipper 1375,True,True,True,11/19/2017 20:00,11/21/2017 11:00,False,False,False,False,False,False,False,False,Fairfield,CA ,Fairfield,CA 
1102,206656665,11/16/2017 16:29,11/16/2017 16:29,11/17/2017 17:31,11/19/2017 20:00,11/21/2017 12:00,2890.16,3500.0,-609.84,757.8,DRV,,,False,1,Carrier 997964,Shipper 1386,True,True,True,11/19/2017 20:00,11/21/2017 11:00,False,False,False,False,False,False,False,False,Fairfield,CA ,Fairfield,CA 
1103,206656665,11/16/2017 16:29,11/16/2017 16:29,11/17/2017 17:31,11/19/2017 20:00,11/21/2017 12:00,2890.16,3500.0,-609.84,757.8,DRV,,,False,1,Carrier 997964,Shipper 1248,True,True,True,11/19/2017 20:00,11/21/2017 11:00,False,False,False,False,False,False,False,False,Fairfield,CA ,Fairfield,CA 
1104,206656665,11/16/2017 16:29,11/16/2017 16:29,11/17/2017 17:31,11/19/2017 20:00,11/21/2017 12:00,2890.16,3500.0,-609.84,757.8,DRV,,,False,1,Carrier 997964,Shipper 1387,True,True,True,11/19/2017 20:00,11/21/2017 11:00,False,False,False,False,False,False,False,False,Fairfield,CA ,Fairfield,CA 
1105,206656665,11/16/2017 16:29,11/16/2017 16:29,11/17/2017 17:31,11/19/2017 20:00,11/21/2017 12:00,2890.16,3500.0,-609.84,757.8,DRV,,,False,1,Carrier 997964,Shipper 1388,True,True,True,11/19/2017 20:00,11/21/2017 11:00,False,False,False,False,False,False,False,False,Fairfield,CA ,Fairfield,CA 
1106,206549977,7/11/2017 16:28,7/11/2017 16:28,7/12/2017 15:32,7/12/2017 18:00,7/14/2017 12:00,2889.23,3150.0,-260.77,849.4,RFR,,,False,0,Carrier 984374,Shipper 1249,True,True,True,7/12/2017 18:00,7/14/2017 17:00,False,False,False,False,False,False,False,False,Granite City,IL ,Granite City,IL 
1107,206549977,7/11/2017 16:28,7/11/2017 16:28,7/12/2017 15:32,7/12/2017 18:00,7/14/2017 12:00,2889.23,3150.0,-260.77,849.4,RFR,,,False,0,Carrier 984374,Shipper 1375,True,True,True,7/12/2017 18:00,7/14/2017 17:00,False,False,False,False,False,False,False,False,Granite City,IL ,Granite City,IL 
1108,206549977,7/11/2017 16:28,7/11/2017 16:28,7/12/2017 15:32,7/12/2017 18:00,7/14/2017 12:00,2889.23,3150.0,-260.77,849.4,RFR,,,False,0,Carrier 984374,Shipper 1386,True,True,True,7/12/2017 18:00,7/14/2017 17:00,False,False,False,False,False,False,False,False,Granite City,IL ,Granite City,IL 
1109,206549977,7/11/2017 16:28,7/11/2017 16:28,7/12/2017 15:32,7/12/2017 18:00,7/14/2017 12:00,2889.23,3150.0,-260.77,849.4,RFR,,,False,0,Carrier 984374,Shipper 1248,True,True,True,7/12/2017 18:00,7/14/2017 17:00,False,False,False,False,False,False,False,False,Granite City,IL ,Granite City,IL 
1110,206549977,7/11/2017 16:28,7/11/2017 16:28,7/12/2017 15:32,7/12/2017 18:00,7/14/2017 12:00,2889.23,3150.0,-260.77,849.4,RFR,,,False,0,Carrier 984374,Shipper 1387,True,True,True,7/12/2017 18:00,7/14/2017 17:00,False,False,False,False,False,False,False,False,Granite City,IL ,Granite City,IL 
1111,206549977,7/11/2017 16:28,7/11/2017 16:28,7/12/2017 15:32,7/12/2017 18:00,7/14/2017 12:00,2889.23,3150.0,-260.77,849.4,RFR,,,False,0,Carrier 984374,Shipper 1388,True,True,True,7/12/2017 18:00,7/14/2017 17:00,False,False,False,False,False,False,False,False,Granite City,IL ,Granite City,IL 
1112,206576953,8/2/2017 13:09,8/2/2017 13:10,8/2/2017 14:47,8/3/2017 17:00,8/8/2017 14:30,2888.48,2900.0,-11.52,1954.1,DRV,,,False,0,Carrier 1289226,Shipper 1249,True,True,True,8/3/2017 17:00,8/8/2017 12:00,False,False,False,False,False,False,False,False,Lathrop,CA ,Lathrop,CA 
1113,206576953,8/2/2017 13:09,8/2/2017 13:10,8/2/2017 14:47,8/3/2017 17:00,8/8/2017 14:30,2888.48,2900.0,-11.52,1954.1,DRV,,,False,0,Carrier 1289226,Shipper 1375,True,True,True,8/3/2017 17:00,8/8/2017 12:00,False,False,False,False,False,False,False,False,Lathrop,CA ,Lathrop,CA 
1114,206576953,8/2/2017 13:09,8/2/2017 13:10,8/2/2017 14:47,8/3/2017 17:00,8/8/2017 14:30,2888.48,2900.0,-11.52,1954.1,DRV,,,False,0,Carrier 1289226,Shipper 1386,True,True,True,8/3/2017 17:00,8/8/2017 12:00,False,False,False,False,False,False,False,False,Lathrop,CA ,Lathrop,CA 
1115,206576953,8/2/2017 13:09,8/2/2017 13:10,8/2/2017 14:47,8/3/2017 17:00,8/8/2017 14:30,2888.48,2900.0,-11.52,1954.1,DRV,,,False,0,Carrier 1289226,Shipper 1248,True,True,True,8/3/2017 17:00,8/8/2017 12:00,False,False,False,False,False,False,False,False,Lathrop,CA ,Lathrop,CA 
1116,206576953,8/2/2017 13:09,8/2/2017 13:10,8/2/2017 14:47,8/3/2017 17:00,8/8/2017 14:30,2888.48,2900.0,-11.52,1954.1,DRV,,,False,0,Carrier 1289226,Shipper 1387,True,True,True,8/3/2017 17:00,8/8/2017 12:00,False,False,False,False,False,False,False,False,Lathrop,CA ,Lathrop,CA 
1117,206576953,8/2/2017 13:09,8/2/2017 13:10,8/2/2017 14:47,8/3/2017 17:00,8/8/2017 14:30,2888.48,2900.0,-11.52,1954.1,DRV,,,False,0,Carrier 1289226,Shipper 1388,True,True,True,8/3/2017 17:00,8/8/2017 12:00,False,False,False,False,False,False,False,False,Lathrop,CA ,Lathrop,CA 
1118,206424233,5/12/2017 16:32,5/12/2017 16:32,5/15/2017 10:43,5/15/2017 13:00,5/17/2017 11:30,2883.39,3000.0,-116.61,1168.2,DRV,3.0,,False,0,Carrier 4997,Shipper 1249,True,True,True,5/15/2017 13:00,5/17/2017 9:00,False,False,False,False,False,False,False,False,Jacksonville,FL ,Jacksonville,FL 
1119,206424233,5/12/2017 16:32,5/12/2017 16:32,5/15/2017 10:43,5/15/2017 13:00,5/17/2017 11:30,2883.39,3000.0,-116.61,1168.2,DRV,3.0,,False,0,Carrier 4997,Shipper 1375,True,True,True,5/15/2017 13:00,5/17/2017 9:00,False,False,False,False,False,False,False,False,Jacksonville,FL ,Jacksonville,FL 
1120,206424233,5/12/2017 16:32,5/12/2017 16:32,5/15/2017 10:43,5/15/2017 13:00,5/17/2017 11:30,2883.39,3000.0,-116.61,1168.2,DRV,3.0,,False,0,Carrier 4997,Shipper 1386,True,True,True,5/15/2017 13:00,5/17/2017 9:00,False,False,False,False,False,False,False,False,Jacksonville,FL ,Jacksonville,FL 
1121,206424233,5/12/2017 16:32,5/12/2017 16:32,5/15/2017 10:43,5/15/2017 13:00,5/17/2017 11:30,2883.39,3000.0,-116.61,1168.2,DRV,3.0,,False,0,Carrier 4997,Shipper 1248,True,True,True,5/15/2017 13:00,5/17/2017 9:00,False,False,False,False,False,False,False,False,Jacksonville,FL ,Jacksonville,FL 
1122,206424233,5/12/2017 16:32,5/12/2017 16:32,5/15/2017 10:43,5/15/2017 13:00,5/17/2017 11:30,2883.39,3000.0,-116.61,1168.2,DRV,3.0,,False,0,Carrier 4997,Shipper 1387,True,True,True,5/15/2017 13:00,5/17/2017 9:00,False,False,False,False,False,False,False,False,Jacksonville,FL ,Jacksonville,FL 
1123,206424233,5/12/2017 16:32,5/12/2017 16:32,5/15/2017 10:43,5/15/2017 13:00,5/17/2017 11:30,2883.39,3000.0,-116.61,1168.2,DRV,3.0,,False,0,Carrier 4997,Shipper 1388,True,True,True,5/15/2017 13:00,5/17/2017 9:00,False,False,False,False,False,False,False,False,Jacksonville,FL ,Jacksonville,FL 
1124,206467937,8/22/2017 9:16,8/22/2017 9:16,8/22/2017 14:49,8/23/2017 17:00,8/28/2017 14:45,2880.0,2600.0,280.0,2515.9,DRV,,,False,0,Carrier 1022199,Shipper 585,True,False,False,8/23/2017 17:00,8/28/2017 11:00,False,False,False,False,False,False,False,False,Plant City,FL ,Plant City,FL 
1125,206729457,8/22/2017 15:52,8/22/2017 15:52,8/23/2017 17:04,8/24/2017 8:00,8/28/2017 14:10,2880.0,2825.0,55.0,2520.5,DRV,,,False,1,Carrier 173773,Shipper 585,True,True,True,8/24/2017 8:00,8/28/2017 15:00,False,False,False,False,False,False,False,False,Plant City,FL ,Plant City,FL 
1126,206517545,10/5/2017 14:43,10/5/2017 14:43,10/6/2017 10:38,10/6/2017 17:00,10/9/2017 19:45,2880.0,2300.0,580.0,1293.4,DRV,,,False,0,Carrier 956190,Shipper 585,True,True,True,10/6/2017 17:00,10/9/2017 16:00,False,False,False,False,False,False,False,False,Plant City,FL ,Plant City,FL 
1127,206634985,10/30/2017 9:15,10/30/2017 9:15,11/1/2017 10:36,11/1/2017 13:00,11/3/2017 11:00,2879.44,2850.0,29.44,1461.7,DRV,,,False,0,Carrier 1445874,Shipper 1644,True,True,True,11/1/2017 13:00,11/4/2017 12:00,False,False,False,False,False,False,False,False,Ontario,CA ,Ontario,CA 
1128,206652353,3/20/2017 13:37,3/20/2017 13:37,3/20/2017 14:04,3/21/2017 9:00,3/24/2017 13:15,2873.56,2650.0,223.56,2043.2,DRV,,,False,0,Carrier 1102170,Shipper 744,True,True,True,3/21/2017 15:30,3/24/2017 12:00,False,False,False,False,False,False,False,False,Conover,NC ,Conover,NC 
1129,206429145,7/11/2017 17:10,7/11/2017 17:10,7/13/2017 9:40,7/13/2017 9:00,7/17/2017 17:45,2872.0,2800.0,72.0,2514.7,DRV,,,False,1,Carrier 946481,Shipper 585,True,False,False,7/13/2017 17:00,7/17/2017 15:00,False,False,False,False,False,False,False,False,Tampa,FL ,Tampa,FL 
1130,206424937,7/28/2017 10:22,7/28/2017 10:22,8/1/2017 16:19,8/15/2017 15:00,8/21/2017 9:00,2869.99,2700.0,169.99,2001.0,DRV,,,False,0,Carrier 1058232,Shipper 585,True,True,True,8/15/2017 15:00,8/21/2017 7:00,False,False,False,False,False,False,False,False,Santa Ana,CA ,Santa Ana,CA 
1131,206556649,1/27/2017 12:16,1/27/2017 12:17,1/30/2017 14:23,1/31/2017 11:00,2/6/2017 9:00,2869.57,2850.0,19.57,140.0,DRV,,,False,0,Carrier 800998,Shipper 758,True,True,True,1/31/2017 17:00,2/6/2017 12:00,False,False,False,False,False,False,False,False,Clackamas,OR ,Clackamas,OR 
1132,206608225,6/8/2017 20:16,6/8/2017 20:16,6/16/2017 13:00,6/17/2017 15:00,6/19/2017 10:30,2867.55,3200.0,-332.45,967.4,DRV,,,False,0,Carrier 1335358,Shipper 758,True,True,True,6/17/2017 15:00,6/19/2017 14:00,False,False,False,False,False,False,False,False,Commerce,CA ,Commerce,CA 
1133,206565449,9/21/2017 15:55,9/21/2017 15:55,9/21/2017 16:59,9/22/2017 14:00,9/23/2017 7:25,2860.0,2700.0,160.0,739.6,DRV,,,False,0,Carrier 1067348,Shipper 585,True,True,True,9/22/2017 14:00,9/23/2017 8:00,False,False,False,False,False,False,False,False,Dickson,TN ,Dickson,TN 
1134,206576441,9/25/2017 12:28,9/25/2017 12:28,9/25/2017 12:31,9/25/2017 16:00,9/26/2017 8:30,2860.0,2750.0,110.0,739.6,DRV,,,False,0,Carrier 1237602,Shipper 585,True,True,True,9/25/2017 16:00,9/26/2017 8:00,False,False,False,False,False,False,False,False,Dickson,TN ,Dickson,TN 
1135,206466841,10/6/2017 17:04,10/6/2017 17:04,10/10/2017 17:06,10/11/2017 14:00,10/16/2017 11:00,2856.95,2700.0,156.95,1464.4,DRV,,,False,0,Carrier 1695561,Shipper 1644,True,True,True,10/11/2017 14:00,10/16/2017 9:00,False,False,False,False,False,False,False,False,Rancho Cucamonga,CA ,Rancho Cucamonga,CA 
1136,206532017,7/25/2017 16:26,7/25/2017 16:26,7/28/2017 12:37,7/28/2017 14:00,8/1/2017 9:00,2856.39,3000.0,-143.61,1079.9,RFR,,,False,0,Carrier 1084503,Shipper 1249,True,True,True,7/28/2017 14:00,8/1/2017 14:00,False,False,False,False,False,False,False,False,Aurora,CO ,Aurora,CO 
1137,206532017,7/25/2017 16:26,7/25/2017 16:26,7/28/2017 12:37,7/28/2017 14:00,8/1/2017 9:00,2856.39,3000.0,-143.61,1079.9,RFR,,,False,0,Carrier 1084503,Shipper 1375,True,True,True,7/28/2017 14:00,8/1/2017 14:00,False,False,False,False,False,False,False,False,Aurora,CO ,Aurora,CO 
1138,206532017,7/25/2017 16:26,7/25/2017 16:26,7/28/2017 12:37,7/28/2017 14:00,8/1/2017 9:00,2856.39,3000.0,-143.61,1079.9,RFR,,,False,0,Carrier 1084503,Shipper 1386,True,True,True,7/28/2017 14:00,8/1/2017 14:00,False,False,False,False,False,False,False,False,Aurora,CO ,Aurora,CO 
1139,206532017,7/25/2017 16:26,7/25/2017 16:26,7/28/2017 12:37,7/28/2017 14:00,8/1/2017 9:00,2856.39,3000.0,-143.61,1079.9,RFR,,,False,0,Carrier 1084503,Shipper 1248,True,True,True,7/28/2017 14:00,8/1/2017 14:00,False,False,False,False,False,False,False,False,Aurora,CO ,Aurora,CO 
1140,206532017,7/25/2017 16:26,7/25/2017 16:26,7/28/2017 12:37,7/28/2017 14:00,8/1/2017 9:00,2856.39,3000.0,-143.61,1079.9,RFR,,,False,0,Carrier 1084503,Shipper 1387,True,True,True,7/28/2017 14:00,8/1/2017 14:00,False,False,False,False,False,False,False,False,Aurora,CO ,Aurora,CO 
1141,206532017,7/25/2017 16:26,7/25/2017 16:26,7/28/2017 12:37,7/28/2017 14:00,8/1/2017 9:00,2856.39,3000.0,-143.61,1079.9,RFR,,,False,0,Carrier 1084503,Shipper 1388,True,True,True,7/28/2017 14:00,8/1/2017 14:00,False,False,False,False,False,False,False,False,Aurora,CO ,Aurora,CO 
1142,206570833,9/7/2017 16:22,9/7/2017 16:22,9/8/2017 9:56,9/9/2017 23:00,9/11/2017 12:15,2854.35,2600.0,254.35,858.3,DRV,,,False,0,Carrier 1092587,Shipper 1249,True,True,True,9/9/2017 23:00,9/11/2017 17:00,False,False,False,False,False,False,False,False,St. Louis,MO ,St. Louis,MO 
1143,206570833,9/7/2017 16:22,9/7/2017 16:22,9/8/2017 9:56,9/9/2017 23:00,9/11/2017 12:15,2854.35,2600.0,254.35,858.3,DRV,,,False,0,Carrier 1092587,Shipper 1375,True,True,True,9/9/2017 23:00,9/11/2017 17:00,False,False,False,False,False,False,False,False,St. Louis,MO ,St. Louis,MO 
1144,206570833,9/7/2017 16:22,9/7/2017 16:22,9/8/2017 9:56,9/9/2017 23:00,9/11/2017 12:15,2854.35,2600.0,254.35,858.3,DRV,,,False,0,Carrier 1092587,Shipper 1386,True,True,True,9/9/2017 23:00,9/11/2017 17:00,False,False,False,False,False,False,False,False,St. Louis,MO ,St. Louis,MO 
1145,206570833,9/7/2017 16:22,9/7/2017 16:22,9/8/2017 9:56,9/9/2017 23:00,9/11/2017 12:15,2854.35,2600.0,254.35,858.3,DRV,,,False,0,Carrier 1092587,Shipper 1248,True,True,True,9/9/2017 23:00,9/11/2017 17:00,False,False,False,False,False,False,False,False,St. Louis,MO ,St. Louis,MO 
1146,206570833,9/7/2017 16:22,9/7/2017 16:22,9/8/2017 9:56,9/9/2017 23:00,9/11/2017 12:15,2854.35,2600.0,254.35,858.3,DRV,,,False,0,Carrier 1092587,Shipper 1387,True,True,True,9/9/2017 23:00,9/11/2017 17:00,False,False,False,False,False,False,False,False,St. Louis,MO ,St. Louis,MO 
1147,206570833,9/7/2017 16:22,9/7/2017 16:22,9/8/2017 9:56,9/9/2017 23:00,9/11/2017 12:15,2854.35,2600.0,254.35,858.3,DRV,,,False,0,Carrier 1092587,Shipper 1388,True,True,True,9/9/2017 23:00,9/11/2017 17:00,False,False,False,False,False,False,False,False,St. Louis,MO ,St. Louis,MO 
1148,206474921,11/10/2017 18:27,11/10/2017 18:27,11/14/2017 13:31,11/15/2017 13:00,11/18/2017 10:00,2850.12,3100.0,-249.88,1461.7,DRV,,,False,0,Carrier 1445874,Shipper 1644,True,True,True,11/15/2017 13:00,11/18/2017 12:00,False,False,False,False,False,False,False,False,Ontario,CA ,Ontario,CA 
1149,206624265,11/10/2017 16:21,11/10/2017 16:21,11/16/2017 15:14,11/16/2017 18:00,11/19/2017 13:00,2850.12,3200.0,-349.88,1461.7,DRV,,,False,0,Carrier 1080268,Shipper 1644,True,True,True,11/16/2017 20:00,11/19/2017 10:00,False,False,False,False,False,False,False,False,Ontario,CA ,Ontario,CA 
1150,206590577,5/22/2017 15:40,5/22/2017 15:40,5/22/2017 16:10,5/23/2017 9:00,5/26/2017 13:00,2850.0,2700.0,150.0,2043.2,DRV,,,False,0,Carrier 1341672,Shipper 744,True,True,True,5/23/2017 15:45,5/26/2017 17:00,False,False,False,False,False,False,False,False,Conover,NC ,Conover,NC 
1151,206601457,4/27/2017 15:44,4/27/2017 15:44,4/27/2017 16:32,4/28/2017 14:00,5/3/2017 8:00,2850.0,2500.0,350.0,1225.3,DRV,3.0,,False,0,Carrier 57804,Shipper 585,True,True,True,4/28/2017 14:00,5/3/2017 8:00,False,False,False,False,False,False,False,False,Sycamore,IL ,Sycamore,IL 
1152,206665089,5/19/2017 15:52,5/19/2017 16:15,5/22/2017 10:22,5/22/2017 15:00,5/24/2017 11:00,2850.0,2300.0,550.0,1225.3,DRV,3.0,,False,0,Carrier 1695272,Shipper 585,True,True,True,5/22/2017 15:00,5/24/2017 11:00,False,False,False,False,False,False,False,False,Sycamore,IL ,Sycamore,IL 
1153,206542993,12/6/2017 9:49,12/6/2017 9:49,12/6/2017 17:12,12/6/2017 17:00,12/8/2017 9:40,2848.26,3200.0,-351.74,735.6,DRV,,dat_in,False,0,Carrier 73537,Shipper 1644,True,True,True,12/6/2017 22:00,12/8/2017 8:00,False,False,False,False,False,False,False,False,Plainfield,IL ,Plainfield,IL 
1154,206486617,9/20/2017 10:47,9/20/2017 10:48,9/20/2017 11:01,9/20/2017 11:00,9/21/2017 15:30,2845.0,2375.0,470.0,1102.6,DRV,,,False,0,Carrier 975370,Shipper 585,True,True,True,9/20/2017 13:00,9/21/2017 13:00,False,False,False,False,False,False,False,False,Plant City,FL ,Plant City,FL 
1155,206429273,5/30/2017 15:11,5/30/2017 15:11,5/31/2017 10:35,5/31/2017 19:00,6/1/2017 14:00,2843.64,2000.0,843.64,447.8,RFR,,,False,0,Carrier 1160771,Shipper 1249,True,True,True,5/31/2017 19:00,6/1/2017 13:00,False,False,False,False,False,False,False,False,Granite City,IL ,Granite City,IL 
1156,206429273,5/30/2017 15:11,5/30/2017 15:11,5/31/2017 10:35,5/31/2017 19:00,6/1/2017 14:00,2843.64,2000.0,843.64,447.8,RFR,,,False,0,Carrier 1160771,Shipper 1375,True,True,True,5/31/2017 19:00,6/1/2017 13:00,False,False,False,False,False,False,False,False,Granite City,IL ,Granite City,IL 
1157,206429273,5/30/2017 15:11,5/30/2017 15:11,5/31/2017 10:35,5/31/2017 19:00,6/1/2017 14:00,2843.64,2000.0,843.64,447.8,RFR,,,False,0,Carrier 1160771,Shipper 1386,True,True,True,5/31/2017 19:00,6/1/2017 13:00,False,False,False,False,False,False,False,False,Granite City,IL ,Granite City,IL 
1158,206429273,5/30/2017 15:11,5/30/2017 15:11,5/31/2017 10:35,5/31/2017 19:00,6/1/2017 14:00,2843.64,2000.0,843.64,447.8,RFR,,,False,0,Carrier 1160771,Shipper 1248,True,True,True,5/31/2017 19:00,6/1/2017 13:00,False,False,False,False,False,False,False,False,Granite City,IL ,Granite City,IL 
1159,206429273,5/30/2017 15:11,5/30/2017 15:11,5/31/2017 10:35,5/31/2017 19:00,6/1/2017 14:00,2843.64,2000.0,843.64,447.8,RFR,,,False,0,Carrier 1160771,Shipper 1387,True,True,True,5/31/2017 19:00,6/1/2017 13:00,False,False,False,False,False,False,False,False,Granite City,IL ,Granite City,IL 
1160,206429273,5/30/2017 15:11,5/30/2017 15:11,5/31/2017 10:35,5/31/2017 19:00,6/1/2017 14:00,2843.64,2000.0,843.64,447.8,RFR,,,False,0,Carrier 1160771,Shipper 1388,True,True,True,5/31/2017 19:00,6/1/2017 13:00,False,False,False,False,False,False,False,False,Granite City,IL ,Granite City,IL 
1161,206665065,3/29/2017 16:18,3/29/2017 16:18,3/31/2017 13:16,4/1/2017 6:00,4/3/2017 12:15,2842.28,3000.0,-157.72,1390.2,DRV,4.0,,False,0,Carrier 1436762,Shipper 1249,True,True,True,4/1/2017 6:00,4/3/2017 13:00,False,False,False,False,False,False,False,False,Houston,TX ,Houston,TX 
1162,206665065,3/29/2017 16:18,3/29/2017 16:18,3/31/2017 13:16,4/1/2017 6:00,4/3/2017 12:15,2842.28,3000.0,-157.72,1390.2,DRV,4.0,,False,0,Carrier 1436762,Shipper 1375,True,True,True,4/1/2017 6:00,4/3/2017 13:00,False,False,False,False,False,False,False,False,Houston,TX ,Houston,TX 
1163,206665065,3/29/2017 16:18,3/29/2017 16:18,3/31/2017 13:16,4/1/2017 6:00,4/3/2017 12:15,2842.28,3000.0,-157.72,1390.2,DRV,4.0,,False,0,Carrier 1436762,Shipper 1386,True,True,True,4/1/2017 6:00,4/3/2017 13:00,False,False,False,False,False,False,False,False,Houston,TX ,Houston,TX 
1164,206665065,3/29/2017 16:18,3/29/2017 16:18,3/31/2017 13:16,4/1/2017 6:00,4/3/2017 12:15,2842.28,3000.0,-157.72,1390.2,DRV,4.0,,False,0,Carrier 1436762,Shipper 1248,True,True,True,4/1/2017 6:00,4/3/2017 13:00,False,False,False,False,False,False,False,False,Houston,TX ,Houston,TX 
1165,206665065,3/29/2017 16:18,3/29/2017 16:18,3/31/2017 13:16,4/1/2017 6:00,4/3/2017 12:15,2842.28,3000.0,-157.72,1390.2,DRV,4.0,,False,0,Carrier 1436762,Shipper 1387,True,True,True,4/1/2017 6:00,4/3/2017 13:00,False,False,False,False,False,False,False,False,Houston,TX ,Houston,TX 
1166,206665065,3/29/2017 16:18,3/29/2017 16:18,3/31/2017 13:16,4/1/2017 6:00,4/3/2017 12:15,2842.28,3000.0,-157.72,1390.2,DRV,4.0,,False,0,Carrier 1436762,Shipper 1388,True,True,True,4/1/2017 6:00,4/3/2017 13:00,False,False,False,False,False,False,False,False,Houston,TX ,Houston,TX 
1167,206537841,11/9/2017 16:58,11/9/2017 16:58,11/13/2017 10:50,11/13/2017 17:00,11/15/2017 13:35,2842.21,2500.0,342.21,714.9,DRV,,,False,1,Carrier 1055986,Shipper 1249,True,True,True,11/13/2017 17:00,11/15/2017 14:00,False,False,False,False,False,False,False,False,Fort Collins,CO ,Fort Collins,CO 
1168,206537841,11/9/2017 16:58,11/9/2017 16:58,11/13/2017 10:50,11/13/2017 17:00,11/15/2017 13:35,2842.21,2500.0,342.21,714.9,DRV,,,False,1,Carrier 1055986,Shipper 1375,True,True,True,11/13/2017 17:00,11/15/2017 14:00,False,False,False,False,False,False,False,False,Fort Collins,CO ,Fort Collins,CO 
1169,206537841,11/9/2017 16:58,11/9/2017 16:58,11/13/2017 10:50,11/13/2017 17:00,11/15/2017 13:35,2842.21,2500.0,342.21,714.9,DRV,,,False,1,Carrier 1055986,Shipper 1386,True,True,True,11/13/2017 17:00,11/15/2017 14:00,False,False,False,False,False,False,False,False,Fort Collins,CO ,Fort Collins,CO 
1170,206537841,11/9/2017 16:58,11/9/2017 16:58,11/13/2017 10:50,11/13/2017 17:00,11/15/2017 13:35,2842.21,2500.0,342.21,714.9,DRV,,,False,1,Carrier 1055986,Shipper 1248,True,True,True,11/13/2017 17:00,11/15/2017 14:00,False,False,False,False,False,False,False,False,Fort Collins,CO ,Fort Collins,CO 
1171,206537841,11/9/2017 16:58,11/9/2017 16:58,11/13/2017 10:50,11/13/2017 17:00,11/15/2017 13:35,2842.21,2500.0,342.21,714.9,DRV,,,False,1,Carrier 1055986,Shipper 1387,True,True,True,11/13/2017 17:00,11/15/2017 14:00,False,False,False,False,False,False,False,False,Fort Collins,CO ,Fort Collins,CO 
1172,206537841,11/9/2017 16:58,11/9/2017 16:58,11/13/2017 10:50,11/13/2017 17:00,11/15/2017 13:35,2842.21,2500.0,342.21,714.9,DRV,,,False,1,Carrier 1055986,Shipper 1388,True,True,True,11/13/2017 17:00,11/15/2017 14:00,False,False,False,False,False,False,False,False,Fort Collins,CO ,Fort Collins,CO 
1173,206483265,11/6/2017 16:31,11/6/2017 16:31,11/13/2017 9:45,11/13/2017 13:00,11/15/2017 8:00,2841.31,2900.0,-58.69,806.1,RFR,,,False,0,Carrier 989522,Shipper 1249,True,True,True,11/13/2017 13:00,11/15/2017 7:30,False,False,False,False,False,False,False,False,Colonial Heights,VA ,Colonial Heights,VA 
1174,206483265,11/6/2017 16:31,11/6/2017 16:31,11/13/2017 9:45,11/13/2017 13:00,11/15/2017 8:00,2841.31,2900.0,-58.69,806.1,RFR,,,False,0,Carrier 989522,Shipper 1375,True,True,True,11/13/2017 13:00,11/15/2017 7:30,False,False,False,False,False,False,False,False,Colonial Heights,VA ,Colonial Heights,VA 
1175,206483265,11/6/2017 16:31,11/6/2017 16:31,11/13/2017 9:45,11/13/2017 13:00,11/15/2017 8:00,2841.31,2900.0,-58.69,806.1,RFR,,,False,0,Carrier 989522,Shipper 1386,True,True,True,11/13/2017 13:00,11/15/2017 7:30,False,False,False,False,False,False,False,False,Colonial Heights,VA ,Colonial Heights,VA 
1176,206483265,11/6/2017 16:31,11/6/2017 16:31,11/13/2017 9:45,11/13/2017 13:00,11/15/2017 8:00,2841.31,2900.0,-58.69,806.1,RFR,,,False,0,Carrier 989522,Shipper 1248,True,True,True,11/13/2017 13:00,11/15/2017 7:30,False,False,False,False,False,False,False,False,Colonial Heights,VA ,Colonial Heights,VA 
1177,206483265,11/6/2017 16:31,11/6/2017 16:31,11/13/2017 9:45,11/13/2017 13:00,11/15/2017 8:00,2841.31,2900.0,-58.69,806.1,RFR,,,False,0,Carrier 989522,Shipper 1387,True,True,True,11/13/2017 13:00,11/15/2017 7:30,False,False,False,False,False,False,False,False,Colonial Heights,VA ,Colonial Heights,VA 
1178,206483265,11/6/2017 16:31,11/6/2017 16:31,11/13/2017 9:45,11/13/2017 13:00,11/15/2017 8:00,2841.31,2900.0,-58.69,806.1,RFR,,,False,0,Carrier 989522,Shipper 1388,True,True,True,11/13/2017 13:00,11/15/2017 7:30,False,False,False,False,False,False,False,False,Colonial Heights,VA ,Colonial Heights,VA 
1179,206707241,8/24/2017 16:21,8/24/2017 16:21,8/25/2017 9:06,8/26/2017 13:00,8/28/2017 11:36,2840.22,2300.0,540.22,960.2,DRV,,,False,0,Carrier 1063570,Shipper 1249,True,True,True,8/26/2017 13:00,8/28/2017 15:00,False,False,False,False,False,False,False,False,St. Louis,MO ,St. Louis,MO 
1180,206707241,8/24/2017 16:21,8/24/2017 16:21,8/25/2017 9:06,8/26/2017 13:00,8/28/2017 11:36,2840.22,2300.0,540.22,960.2,DRV,,,False,0,Carrier 1063570,Shipper 1375,True,True,True,8/26/2017 13:00,8/28/2017 15:00,False,False,False,False,False,False,False,False,St. Louis,MO ,St. Louis,MO 
1181,206707241,8/24/2017 16:21,8/24/2017 16:21,8/25/2017 9:06,8/26/2017 13:00,8/28/2017 11:36,2840.22,2300.0,540.22,960.2,DRV,,,False,0,Carrier 1063570,Shipper 1386,True,True,True,8/26/2017 13:00,8/28/2017 15:00,False,False,False,False,False,False,False,False,St. Louis,MO ,St. Louis,MO 
1182,206707241,8/24/2017 16:21,8/24/2017 16:21,8/25/2017 9:06,8/26/2017 13:00,8/28/2017 11:36,2840.22,2300.0,540.22,960.2,DRV,,,False,0,Carrier 1063570,Shipper 1248,True,True,True,8/26/2017 13:00,8/28/2017 15:00,False,False,False,False,False,False,False,False,St. Louis,MO ,St. Louis,MO 
1183,206707241,8/24/2017 16:21,8/24/2017 16:21,8/25/2017 9:06,8/26/2017 13:00,8/28/2017 11:36,2840.22,2300.0,540.22,960.2,DRV,,,False,0,Carrier 1063570,Shipper 1387,True,True,True,8/26/2017 13:00,8/28/2017 15:00,False,False,False,False,False,False,False,False,St. Louis,MO ,St. Louis,MO 
1184,206707241,8/24/2017 16:21,8/24/2017 16:21,8/25/2017 9:06,8/26/2017 13:00,8/28/2017 11:36,2840.22,2300.0,540.22,960.2,DRV,,,False,0,Carrier 1063570,Shipper 1388,True,True,True,8/26/2017 13:00,8/28/2017 15:00,False,False,False,False,False,False,False,False,St. Louis,MO ,St. Louis,MO 
1185,206601785,4/24/2017 17:03,4/24/2017 17:03,4/25/2017 13:42,4/26/2017 12:00,4/29/2017 10:00,2838.31,2550.0,288.31,1722.5,DRV,2.0,,False,0,Carrier 57804,Shipper 1249,True,True,True,4/26/2017 12:00,4/29/2017 12:00,False,False,False,False,False,False,False,False,Fort Collins,CO ,Fort Collins,CO 
1186,206601785,4/24/2017 17:03,4/24/2017 17:03,4/25/2017 13:42,4/26/2017 12:00,4/29/2017 10:00,2838.31,2550.0,288.31,1722.5,DRV,2.0,,False,0,Carrier 57804,Shipper 1375,True,True,True,4/26/2017 12:00,4/29/2017 12:00,False,False,False,False,False,False,False,False,Fort Collins,CO ,Fort Collins,CO 
1187,206601785,4/24/2017 17:03,4/24/2017 17:03,4/25/2017 13:42,4/26/2017 12:00,4/29/2017 10:00,2838.31,2550.0,288.31,1722.5,DRV,2.0,,False,0,Carrier 57804,Shipper 1386,True,True,True,4/26/2017 12:00,4/29/2017 12:00,False,False,False,False,False,False,False,False,Fort Collins,CO ,Fort Collins,CO 
1188,206601785,4/24/2017 17:03,4/24/2017 17:03,4/25/2017 13:42,4/26/2017 12:00,4/29/2017 10:00,2838.31,2550.0,288.31,1722.5,DRV,2.0,,False,0,Carrier 57804,Shipper 1248,True,True,True,4/26/2017 12:00,4/29/2017 12:00,False,False,False,False,False,False,False,False,Fort Collins,CO ,Fort Collins,CO 
1189,206601785,4/24/2017 17:03,4/24/2017 17:03,4/25/2017 13:42,4/26/2017 12:00,4/29/2017 10:00,2838.31,2550.0,288.31,1722.5,DRV,2.0,,False,0,Carrier 57804,Shipper 1387,True,True,True,4/26/2017 12:00,4/29/2017 12:00,False,False,False,False,False,False,False,False,Fort Collins,CO ,Fort Collins,CO 
1190,206601785,4/24/2017 17:03,4/24/2017 17:03,4/25/2017 13:42,4/26/2017 12:00,4/29/2017 10:00,2838.31,2550.0,288.31,1722.5,DRV,2.0,,False,0,Carrier 57804,Shipper 1388,True,True,True,4/26/2017 12:00,4/29/2017 12:00,False,False,False,False,False,False,False,False,Fort Collins,CO ,Fort Collins,CO 
1191,206479193,10/12/2017 16:45,10/12/2017 16:45,10/13/2017 15:51,10/14/2017 13:00,10/16/2017 14:00,2836.6,2700.0,136.6,1039.2,DRV,,,False,0,Carrier 1631385,Shipper 1249,True,True,True,10/14/2017 13:00,10/16/2017 15:00,False,False,False,False,False,False,False,False,St. Louis,MO ,St. Louis,MO 
1192,206479193,10/12/2017 16:45,10/12/2017 16:45,10/13/2017 15:51,10/14/2017 13:00,10/16/2017 14:00,2836.6,2700.0,136.6,1039.2,DRV,,,False,0,Carrier 1631385,Shipper 1375,True,True,True,10/14/2017 13:00,10/16/2017 15:00,False,False,False,False,False,False,False,False,St. Louis,MO ,St. Louis,MO 
1193,206479193,10/12/2017 16:45,10/12/2017 16:45,10/13/2017 15:51,10/14/2017 13:00,10/16/2017 14:00,2836.6,2700.0,136.6,1039.2,DRV,,,False,0,Carrier 1631385,Shipper 1386,True,True,True,10/14/2017 13:00,10/16/2017 15:00,False,False,False,False,False,False,False,False,St. Louis,MO ,St. Louis,MO 
1194,206479193,10/12/2017 16:45,10/12/2017 16:45,10/13/2017 15:51,10/14/2017 13:00,10/16/2017 14:00,2836.6,2700.0,136.6,1039.2,DRV,,,False,0,Carrier 1631385,Shipper 1248,True,True,True,10/14/2017 13:00,10/16/2017 15:00,False,False,False,False,False,False,False,False,St. Louis,MO ,St. Louis,MO 
1195,206479193,10/12/2017 16:45,10/12/2017 16:45,10/13/2017 15:51,10/14/2017 13:00,10/16/2017 14:00,2836.6,2700.0,136.6,1039.2,DRV,,,False,0,Carrier 1631385,Shipper 1387,True,True,True,10/14/2017 13:00,10/16/2017 15:00,False,False,False,False,False,False,False,False,St. Louis,MO ,St. Louis,MO 
1196,206479193,10/12/2017 16:45,10/12/2017 16:45,10/13/2017 15:51,10/14/2017 13:00,10/16/2017 14:00,2836.6,2700.0,136.6,1039.2,DRV,,,False,0,Carrier 1631385,Shipper 1388,True,True,True,10/14/2017 13:00,10/16/2017 15:00,False,False,False,False,False,False,False,False,St. Louis,MO ,St. Louis,MO 
1197,206509897,2/27/2017 14:09,2/27/2017 14:09,6/7/2017 16:09,2/28/2017 9:00,3/2/2017 19:00,2828.81,2700.0,128.81,2043.2,DRV,,,False,1,Carrier 1199797,Shipper 744,True,True,True,2/28/2017 15:30,3/3/2017 19:00,False,False,False,False,False,False,False,False,Conover,NC ,Conover,NC 
1198,206434721,11/6/2017 18:12,11/6/2017 18:12,11/8/2017 9:19,11/8/2017 7:00,11/9/2017 13:00,2828.43,2000.0,828.43,460.3,DRV,,,False,0,Carrier 1048479,Shipper 1249,True,True,True,11/8/2017 21:00,11/9/2017 23:00,False,False,False,False,False,False,False,False,Columbus,OH ,Columbus,OH 
1199,206434721,11/6/2017 18:12,11/6/2017 18:12,11/8/2017 9:19,11/8/2017 7:00,11/9/2017 13:00,2828.43,2000.0,828.43,460.3,DRV,,,False,0,Carrier 1048479,Shipper 1375,True,True,True,11/8/2017 21:00,11/9/2017 23:00,False,False,False,False,False,False,False,False,Columbus,OH ,Columbus,OH 
1200,206434721,11/6/2017 18:12,11/6/2017 18:12,11/8/2017 9:19,11/8/2017 7:00,11/9/2017 13:00,2828.43,2000.0,828.43,460.3,DRV,,,False,0,Carrier 1048479,Shipper 1386,True,True,True,11/8/2017 21:00,11/9/2017 23:00,False,False,False,False,False,False,False,False,Columbus,OH ,Columbus,OH 
1201,206434721,11/6/2017 18:12,11/6/2017 18:12,11/8/2017 9:19,11/8/2017 7:00,11/9/2017 13:00,2828.43,2000.0,828.43,460.3,DRV,,,False,0,Carrier 1048479,Shipper 1248,True,True,True,11/8/2017 21:00,11/9/2017 23:00,False,False,False,False,False,False,False,False,Columbus,OH ,Columbus,OH 
1202,206434721,11/6/2017 18:12,11/6/2017 18:12,11/8/2017 9:19,11/8/2017 7:00,11/9/2017 13:00,2828.43,2000.0,828.43,460.3,DRV,,,False,0,Carrier 1048479,Shipper 1387,True,True,True,11/8/2017 21:00,11/9/2017 23:00,False,False,False,False,False,False,False,False,Columbus,OH ,Columbus,OH 
1203,206434721,11/6/2017 18:12,11/6/2017 18:12,11/8/2017 9:19,11/8/2017 7:00,11/9/2017 13:00,2828.43,2000.0,828.43,460.3,DRV,,,False,0,Carrier 1048479,Shipper 1388,True,True,True,11/8/2017 21:00,11/9/2017 23:00,False,False,False,False,False,False,False,False,Columbus,OH ,Columbus,OH 
1204,206515873,11/22/2017 10:58,11/22/2017 10:58,11/24/2017 11:04,11/26/2017 14:00,11/28/2017 16:00,2828.06,3100.0,-271.94,1478.7,DRV,,,False,0,Carrier 1371093,Shipper 1644,True,True,True,11/26/2017 14:00,11/29/2017 9:00,False,False,False,False,False,False,False,False,Dublin,VA ,Dublin,VA 
1205,206522281,10/30/2017 17:39,10/30/2017 17:39,11/1/2017 10:36,11/1/2017 13:00,11/3/2017 12:45,2820.89,2850.0,-29.11,0.0,DRV,,,False,0,Carrier 1445874,Shipper 1644,True,True,True,11/1/2017 13:00,11/4/2017 12:00,False,False,False,False,False,False,False,False,Ontario,CA ,Ontario,CA 
1206,206658297,1/9/2017 18:40,1/9/2017 18:40,1/9/2017 19:12,1/7/2017 15:00,1/7/2017 2:00,2805.0,1792.0,1013.0,140.0,RFR,,,False,0,Carrier 368,Shipper 758,,,,1/8/2017 2:00,1/9/2017 2:00,False,False,False,False,False,False,False,False,Portland,OR ,Portland,OR 
1207,206592161,12/13/2017 13:19,12/13/2017 13:19,12/21/2017 10:16,12/26/2017 17:00,12/28/2017 14:30,2800.0,2400.0,400.0,766.7,DRV,,carrier_capacity,False,0,Carrier 1465972,Shipper 585,False,False,False,12/26/2017 17:00,12/28/2017 10:00,False,False,False,False,False,False,False,False,Bolingbrook,IL ,Bolingbrook,IL 
1208,206535577,12/13/2017 13:17,12/13/2017 13:17,12/22/2017 9:45,12/26/2017 16:00,12/28/2017 11:20,2800.0,3000.0,-200.0,703.9,DRV,,,False,0,Carrier 1574067,Shipper 585,False,True,True,12/26/2017 16:00,12/28/2017 10:00,False,False,False,False,False,False,False,False,Bolingbrook,IL ,Bolingbrook,IL 
1209,206435441,5/25/2017 14:08,5/25/2017 14:08,5/26/2017 11:48,5/30/2017 15:00,6/1/2017 9:00,2800.0,2500.0,300.0,1105.1,DRV,,,False,0,Carrier 1693814,Shipper 585,True,False,False,5/30/2017 15:00,6/1/2017 11:00,False,False,False,False,False,False,False,False,Plant City,FL ,Plant City,FL 
1210,206599977,4/14/2017 13:10,4/14/2017 13:10,4/18/2017 11:30,4/18/2017 15:30,4/19/2017 19:00,2800.0,2700.0,100.0,1188.1,DRV,4.0,,False,1,Carrier 61452,Shipper 585,True,True,True,4/18/2017 15:30,4/19/2017 19:00,False,False,False,False,False,False,False,False,Sioux City,IA ,Sioux City,IA 
1211,206573513,4/10/2017 12:26,4/10/2017 12:26,4/11/2017 9:29,4/11/2017 16:30,4/11/2017 19:30,2800.0,2500.0,300.0,1188.1,DRV,,,False,1,Carrier 1695181,Shipper 585,True,True,True,4/11/2017 16:30,4/12/2017 19:00,False,False,False,False,False,False,False,False,Sioux City,IA ,Sioux City,IA 
1212,206505001,2/2/2017 16:16,2/2/2017 16:17,2/6/2017 8:55,2/6/2017 14:00,2/8/2017 11:15,2800.0,2500.0,300.0,1188.1,RFR,,,False,0,Carrier 130636,Shipper 585,True,True,True,2/6/2017 14:00,2/8/2017 10:00,False,False,False,False,False,False,False,False,Sioux City,IA ,Sioux City,IA 
1213,206521153,9/27/2017 15:55,9/27/2017 15:56,9/29/2017 16:53,10/3/2017 9:00,10/5/2017 7:35,2799.38,2700.0,99.38,760.5,DRV,,,False,0,Carrier 951592,Shipper 1644,True,True,True,10/3/2017 12:00,10/5/2017 7:30,False,False,False,False,False,False,False,False,Bolingbrook,IL ,Bolingbrook,IL 
1214,206584257,11/29/2017 16:13,11/29/2017 16:13,11/30/2017 9:26,11/30/2017 13:00,12/4/2017 12:00,2797.59,2800.0,-2.41,565.7,DRV,,,False,0,Carrier 88258,Shipper 1644,True,True,True,11/30/2017 13:00,12/1/2017 15:00,False,False,False,False,False,False,False,False,Decatur,IN ,Decatur,IN 
1215,206516401,12/18/2017 17:43,12/18/2017 17:43,12/19/2017 13:22,12/20/2017 3:00,12/22/2017 8:00,2794.24,3000.0,-205.76,1241.0,DRV,,,False,0,Carrier 1695793,Shipper 1249,True,True,True,12/20/2017 13:00,12/22/2017 14:00,False,False,False,False,False,False,False,False,Newark,NJ ,Newark,NJ 
1216,206516401,12/18/2017 17:43,12/18/2017 17:43,12/19/2017 13:22,12/20/2017 3:00,12/22/2017 8:00,2794.24,3000.0,-205.76,1241.0,DRV,,,False,0,Carrier 1695793,Shipper 1375,True,True,True,12/20/2017 13:00,12/22/2017 14:00,False,False,False,False,False,False,False,False,Newark,NJ ,Newark,NJ 
1217,206516401,12/18/2017 17:43,12/18/2017 17:43,12/19/2017 13:22,12/20/2017 3:00,12/22/2017 8:00,2794.24,3000.0,-205.76,1241.0,DRV,,,False,0,Carrier 1695793,Shipper 1386,True,True,True,12/20/2017 13:00,12/22/2017 14:00,False,False,False,False,False,False,False,False,Newark,NJ ,Newark,NJ 
1218,206516401,12/18/2017 17:43,12/18/2017 17:43,12/19/2017 13:22,12/20/2017 3:00,12/22/2017 8:00,2794.24,3000.0,-205.76,1241.0,DRV,,,False,0,Carrier 1695793,Shipper 1248,True,True,True,12/20/2017 13:00,12/22/2017 14:00,False,False,False,False,False,False,False,False,Newark,NJ ,Newark,NJ 
1219,206516401,12/18/2017 17:43,12/18/2017 17:43,12/19/2017 13:22,12/20/2017 3:00,12/22/2017 8:00,2794.24,3000.0,-205.76,1241.0,DRV,,,False,0,Carrier 1695793,Shipper 1387,True,True,True,12/20/2017 13:00,12/22/2017 14:00,False,False,False,False,False,False,False,False,Newark,NJ ,Newark,NJ 
1220,206516401,12/18/2017 17:43,12/18/2017 17:43,12/19/2017 13:22,12/20/2017 3:00,12/22/2017 8:00,2794.24,3000.0,-205.76,1241.0,DRV,,,False,0,Carrier 1695793,Shipper 1388,True,True,True,12/20/2017 13:00,12/22/2017 14:00,False,False,False,False,False,False,False,False,Newark,NJ ,Newark,NJ 
1221,206625593,8/21/2017 16:59,8/21/2017 16:59,8/22/2017 15:53,8/23/2017 17:00,8/25/2017 11:45,2791.46,2600.0,191.46,861.2,RFR,,,False,0,Carrier 1092587,Shipper 1249,True,True,True,8/23/2017 17:00,8/25/2017 17:00,False,False,False,False,False,False,False,False,Granite City,IL ,Granite City,IL 
1222,206625593,8/21/2017 16:59,8/21/2017 16:59,8/22/2017 15:53,8/23/2017 17:00,8/25/2017 11:45,2791.46,2600.0,191.46,861.2,RFR,,,False,0,Carrier 1092587,Shipper 1375,True,True,True,8/23/2017 17:00,8/25/2017 17:00,False,False,False,False,False,False,False,False,Granite City,IL ,Granite City,IL 
1223,206625593,8/21/2017 16:59,8/21/2017 16:59,8/22/2017 15:53,8/23/2017 17:00,8/25/2017 11:45,2791.46,2600.0,191.46,861.2,RFR,,,False,0,Carrier 1092587,Shipper 1386,True,True,True,8/23/2017 17:00,8/25/2017 17:00,False,False,False,False,False,False,False,False,Granite City,IL ,Granite City,IL 
1224,206625593,8/21/2017 16:59,8/21/2017 16:59,8/22/2017 15:53,8/23/2017 17:00,8/25/2017 11:45,2791.46,2600.0,191.46,861.2,RFR,,,False,0,Carrier 1092587,Shipper 1248,True,True,True,8/23/2017 17:00,8/25/2017 17:00,False,False,False,False,False,False,False,False,Granite City,IL ,Granite City,IL 
1225,206625593,8/21/2017 16:59,8/21/2017 16:59,8/22/2017 15:53,8/23/2017 17:00,8/25/2017 11:45,2791.46,2600.0,191.46,861.2,RFR,,,False,0,Carrier 1092587,Shipper 1387,True,True,True,8/23/2017 17:00,8/25/2017 17:00,False,False,False,False,False,False,False,False,Granite City,IL ,Granite City,IL 
1226,206625593,8/21/2017 16:59,8/21/2017 16:59,8/22/2017 15:53,8/23/2017 17:00,8/25/2017 11:45,2791.46,2600.0,191.46,861.2,RFR,,,False,0,Carrier 1092587,Shipper 1388,True,True,True,8/23/2017 17:00,8/25/2017 17:00,False,False,False,False,False,False,False,False,Granite City,IL ,Granite City,IL 
1227,206606609,5/31/2017 14:12,5/31/2017 14:12,6/1/2017 10:01,6/1/2017 18:00,6/2/2017 11:13,2789.38,1500.0,1289.38,357.0,RFR,,,False,0,Carrier 1335316,Shipper 1249,True,True,True,6/1/2017 18:00,6/2/2017 14:00,False,False,False,False,False,False,False,False,Aurora,CO ,Aurora,CO 
1228,206606609,5/31/2017 14:12,5/31/2017 14:12,6/1/2017 10:01,6/1/2017 18:00,6/2/2017 11:13,2789.38,1500.0,1289.38,357.0,RFR,,,False,0,Carrier 1335316,Shipper 1375,True,True,True,6/1/2017 18:00,6/2/2017 14:00,False,False,False,False,False,False,False,False,Aurora,CO ,Aurora,CO 
1229,206606609,5/31/2017 14:12,5/31/2017 14:12,6/1/2017 10:01,6/1/2017 18:00,6/2/2017 11:13,2789.38,1500.0,1289.38,357.0,RFR,,,False,0,Carrier 1335316,Shipper 1386,True,True,True,6/1/2017 18:00,6/2/2017 14:00,False,False,False,False,False,False,False,False,Aurora,CO ,Aurora,CO 
1230,206606609,5/31/2017 14:12,5/31/2017 14:12,6/1/2017 10:01,6/1/2017 18:00,6/2/2017 11:13,2789.38,1500.0,1289.38,357.0,RFR,,,False,0,Carrier 1335316,Shipper 1248,True,True,True,6/1/2017 18:00,6/2/2017 14:00,False,False,False,False,False,False,False,False,Aurora,CO ,Aurora,CO 
1231,206606609,5/31/2017 14:12,5/31/2017 14:12,6/1/2017 10:01,6/1/2017 18:00,6/2/2017 11:13,2789.38,1500.0,1289.38,357.0,RFR,,,False,0,Carrier 1335316,Shipper 1387,True,True,True,6/1/2017 18:00,6/2/2017 14:00,False,False,False,False,False,False,False,False,Aurora,CO ,Aurora,CO 
1232,206606609,5/31/2017 14:12,5/31/2017 14:12,6/1/2017 10:01,6/1/2017 18:00,6/2/2017 11:13,2789.38,1500.0,1289.38,357.0,RFR,,,False,0,Carrier 1335316,Shipper 1388,True,True,True,6/1/2017 18:00,6/2/2017 14:00,False,False,False,False,False,False,False,False,Aurora,CO ,Aurora,CO 
1233,206578193,11/9/2017 14:13,11/9/2017 14:14,11/10/2017 13:49,11/10/2017 15:00,11/13/2017 11:30,2787.55,2600.0,187.55,1612.3,DRV,,,False,2,Carrier 1031513,Shipper 1644,True,True,True,11/10/2017 15:00,11/13/2017 12:00,False,False,False,False,False,False,False,False,Whitakers,NC ,Whitakers,NC 
1234,206436497,11/9/2017 14:06,11/9/2017 14:06,11/10/2017 13:38,11/10/2017 14:00,11/13/2017 17:00,2787.55,2900.0,-112.45,1612.3,DRV,,,False,1,Carrier 1396487,Shipper 1644,True,True,True,11/10/2017 15:00,11/13/2017 9:00,False,False,False,False,False,False,False,False,Whitakers,NC ,Whitakers,NC 
1235,206658049,11/9/2017 14:15,11/9/2017 14:15,11/10/2017 9:46,11/10/2017 17:00,11/13/2017 19:30,2787.55,2620.0,167.55,1612.3,DRV,,,False,0,Carrier 1284839,Shipper 1644,True,True,True,11/10/2017 17:00,11/13/2017 12:00,False,False,False,False,False,False,False,False,Whitakers,NC ,Whitakers,NC 
1236,206597817,11/9/2017 15:39,11/9/2017 15:39,11/10/2017 9:34,11/10/2017 18:00,11/13/2017 10:00,2787.55,2600.0,187.55,1612.3,DRV,,,False,0,Carrier 1080120,Shipper 1644,True,True,True,11/10/2017 18:00,11/13/2017 13:00,False,False,False,False,False,False,False,False,Whitakers,NC ,Whitakers,NC 
1237,206653177,11/13/2017 16:57,11/13/2017 16:57,11/14/2017 8:15,11/14/2017 14:00,11/16/2017 0:00,2787.55,2300.0,487.55,1612.3,DRV,,,True,0,Carrier 1687657,Shipper 1644,True,True,True,11/14/2017 14:00,11/16/2017 18:00,False,False,False,False,False,False,False,False,Whitakers,NC ,Whitakers,NC 
1238,206555513,11/13/2017 16:54,11/13/2017 16:54,11/14/2017 8:14,11/14/2017 14:00,11/17/2017 8:40,2787.55,2300.0,487.55,1612.3,DRV,,,True,0,Carrier 1687657,Shipper 1644,True,True,True,11/14/2017 14:00,11/16/2017 19:00,False,False,False,False,False,False,False,False,Whitakers,NC ,Whitakers,NC 
1239,206432265,11/9/2017 14:17,11/9/2017 14:17,11/10/2017 10:15,11/10/2017 17:00,11/13/2017 13:00,2787.55,2700.0,87.55,1612.3,DRV,,,False,0,Carrier 1695653,Shipper 1644,True,True,True,11/10/2017 17:00,11/13/2017 12:00,False,False,False,False,False,False,False,False,Whitakers,NC ,Whitakers,NC 
1240,206586401,7/26/2017 16:15,7/26/2017 16:15,7/27/2017 18:10,7/29/2017 12:00,7/31/2017 7:30,2785.46,2650.0,135.46,960.2,RFR,,,False,0,Carrier 1492032,Shipper 1249,True,True,True,7/29/2017 12:00,7/31/2017 15:00,False,False,False,False,False,False,False,False,St. Louis,MO ,St. Louis,MO 
1241,206586401,7/26/2017 16:15,7/26/2017 16:15,7/27/2017 18:10,7/29/2017 12:00,7/31/2017 7:30,2785.46,2650.0,135.46,960.2,RFR,,,False,0,Carrier 1492032,Shipper 1375,True,True,True,7/29/2017 12:00,7/31/2017 15:00,False,False,False,False,False,False,False,False,St. Louis,MO ,St. Louis,MO 
1242,206586401,7/26/2017 16:15,7/26/2017 16:15,7/27/2017 18:10,7/29/2017 12:00,7/31/2017 7:30,2785.46,2650.0,135.46,960.2,RFR,,,False,0,Carrier 1492032,Shipper 1386,True,True,True,7/29/2017 12:00,7/31/2017 15:00,False,False,False,False,False,False,False,False,St. Louis,MO ,St. Louis,MO 
1243,206586401,7/26/2017 16:15,7/26/2017 16:15,7/27/2017 18:10,7/29/2017 12:00,7/31/2017 7:30,2785.46,2650.0,135.46,960.2,RFR,,,False,0,Carrier 1492032,Shipper 1248,True,True,True,7/29/2017 12:00,7/31/2017 15:00,False,False,False,False,False,False,False,False,St. Louis,MO ,St. Louis,MO 
1244,206586401,7/26/2017 16:15,7/26/2017 16:15,7/27/2017 18:10,7/29/2017 12:00,7/31/2017 7:30,2785.46,2650.0,135.46,960.2,RFR,,,False,0,Carrier 1492032,Shipper 1387,True,True,True,7/29/2017 12:00,7/31/2017 15:00,False,False,False,False,False,False,False,False,St. Louis,MO ,St. Louis,MO 
1245,206586401,7/26/2017 16:15,7/26/2017 16:15,7/27/2017 18:10,7/29/2017 12:00,7/31/2017 7:30,2785.46,2650.0,135.46,960.2,RFR,,,False,0,Carrier 1492032,Shipper 1388,True,True,True,7/29/2017 12:00,7/31/2017 15:00,False,False,False,False,False,False,False,False,St. Louis,MO ,St. Louis,MO 
1246,206479177,8/31/2017 10:42,8/31/2017 10:42,9/12/2017 15:27,9/12/2017 15:30,9/14/2017 0:15,2784.0,2800.0,-16.0,873.4,RFR,,,False,0,Carrier 1306297,Shipper 585,True,True,True,9/12/2017 17:00,9/14/2017 0:30,False,False,False,False,False,False,False,False,Sioux City,IA ,Sioux City,IA 
1247,206597657,1/11/2017 10:54,1/11/2017 10:54,1/11/2017 13:43,1/10/2017 3:00,1/11/2017 13:00,2779.2,1702.8,1076.4,140.0,RFR,,,False,0,Carrier 1331325,Shipper 758,,,,1/11/2017 2:00,1/12/2017 2:00,False,False,False,False,False,False,False,False,Portland,OR ,Portland,OR 
1248,206633577,8/14/2017 16:15,8/14/2017 16:15,8/15/2017 12:07,8/15/2017 16:00,8/17/2017 12:00,2777.22,2500.0,277.22,960.2,DRV,,,False,0,Carrier 628093,Shipper 1249,True,True,True,8/15/2017 16:00,8/17/2017 15:00,False,False,False,False,False,False,False,False,St. Louis,MO ,St. Louis,MO 
1249,206633577,8/14/2017 16:15,8/14/2017 16:15,8/15/2017 12:07,8/15/2017 16:00,8/17/2017 12:00,2777.22,2500.0,277.22,960.2,DRV,,,False,0,Carrier 628093,Shipper 1375,True,True,True,8/15/2017 16:00,8/17/2017 15:00,False,False,False,False,False,False,False,False,St. Louis,MO ,St. Louis,MO 
1250,206633577,8/14/2017 16:15,8/14/2017 16:15,8/15/2017 12:07,8/15/2017 16:00,8/17/2017 12:00,2777.22,2500.0,277.22,960.2,DRV,,,False,0,Carrier 628093,Shipper 1386,True,True,True,8/15/2017 16:00,8/17/2017 15:00,False,False,False,False,False,False,False,False,St. Louis,MO ,St. Louis,MO 
1251,206633577,8/14/2017 16:15,8/14/2017 16:15,8/15/2017 12:07,8/15/2017 16:00,8/17/2017 12:00,2777.22,2500.0,277.22,960.2,DRV,,,False,0,Carrier 628093,Shipper 1248,True,True,True,8/15/2017 16:00,8/17/2017 15:00,False,False,False,False,False,False,False,False,St. Louis,MO ,St. Louis,MO 
1252,206633577,8/14/2017 16:15,8/14/2017 16:15,8/15/2017 12:07,8/15/2017 16:00,8/17/2017 12:00,2777.22,2500.0,277.22,960.2,DRV,,,False,0,Carrier 628093,Shipper 1387,True,True,True,8/15/2017 16:00,8/17/2017 15:00,False,False,False,False,False,False,False,False,St. Louis,MO ,St. Louis,MO 
1253,206633577,8/14/2017 16:15,8/14/2017 16:15,8/15/2017 12:07,8/15/2017 16:00,8/17/2017 12:00,2777.22,2500.0,277.22,960.2,DRV,,,False,0,Carrier 628093,Shipper 1388,True,True,True,8/15/2017 16:00,8/17/2017 15:00,False,False,False,False,False,False,False,False,St. Louis,MO ,St. Louis,MO 
1254,206481825,10/25/2017 15:39,10/25/2017 15:39,10/26/2017 8:57,10/26/2017 14:00,10/29/2017 12:00,2772.46,2700.0,72.46,1638.5,DRV,,,False,0,Carrier 1695614,Shipper 1644,True,True,True,10/26/2017 14:00,10/29/2017 10:00,False,False,False,False,False,False,False,False,Warren,OH ,Warren,OH 
1255,206643649,11/9/2017 8:51,11/9/2017 8:52,11/10/2017 10:57,11/10/2017 14:00,11/14/2017 9:30,2771.45,2300.0,471.45,653.5,DRV,,,False,1,Carrier 17203,Shipper 1644,True,True,True,11/10/2017 14:00,11/14/2017 7:30,False,False,False,False,False,False,False,False,North Charleston,SC ,North Charleston,SC 
1256,206424665,12/28/2017 19:46,12/28/2017 19:46,12/29/2017 10:50,12/29/2017 9:00,12/30/2017 23:25,2768.26,3119.0,-350.74,522.5,DRV,,,False,0,Carrier 61452,Shipper 758,True,True,True,12/29/2017 17:00,12/30/2017 23:30,False,False,False,False,False,False,False,False,Denver,CO ,Denver,CO 
1257,206556673,6/8/2017 20:15,6/8/2017 20:15,6/13/2017 12:08,6/16/2017 15:00,6/19/2017 11:00,2767.55,2700.0,67.55,967.4,DRV,,,False,0,Carrier 1069611,Shipper 758,True,True,True,6/16/2017 15:00,6/19/2017 14:00,False,False,False,False,False,False,False,False,Commerce,CA ,Commerce,CA 
1258,206467913,6/8/2017 20:17,6/8/2017 20:17,6/12/2017 16:25,6/19/2017 15:00,6/21/2017 1:30,2767.55,2700.0,67.55,967.4,DRV,,,False,0,Carrier 607649,Shipper 758,True,True,True,6/19/2017 15:00,6/21/2017 14:00,False,False,False,False,False,False,False,False,Commerce,CA ,Commerce,CA 
1259,206528601,6/8/2017 20:10,6/8/2017 20:11,6/13/2017 16:21,6/13/2017 16:00,6/15/2017 9:00,2767.55,3000.0,-232.45,967.4,DRV,,,False,1,Carrier 1678683,Shipper 758,False,True,True,6/13/2017 16:00,6/15/2017 14:00,False,False,False,False,False,False,False,False,Commerce,CA ,Commerce,CA 
1260,206585201,6/8/2017 20:12,6/8/2017 20:12,6/14/2017 11:55,6/14/2017 15:00,6/16/2017 9:35,2767.55,2700.0,67.55,967.4,DRV,,,False,1,Carrier 72416,Shipper 758,True,True,True,6/14/2017 15:00,6/16/2017 14:00,False,False,False,False,False,False,False,False,Commerce,CA ,Commerce,CA 
1261,206537825,6/8/2017 20:13,6/8/2017 20:13,6/15/2017 14:24,6/15/2017 15:00,6/17/2017 6:30,2767.55,3350.0,-582.45,967.4,DRV,,,False,1,Carrier 1695362,Shipper 758,False,True,True,6/15/2017 15:00,6/17/2017 14:00,False,False,False,False,False,False,False,False,Commerce,CA ,Commerce,CA 
1262,206734113,6/8/2017 19:49,6/8/2017 19:50,6/12/2017 11:18,6/13/2017 12:00,6/15/2017 12:30,2767.55,2900.0,-132.45,967.4,DRV,,,False,0,Carrier 1036533,Shipper 758,True,True,True,6/13/2017 13:00,6/15/2017 14:00,False,False,False,False,False,False,False,False,Commerce,CA ,Commerce,CA 
1263,206689945,12/2/2017 9:52,12/2/2017 9:53,12/5/2017 11:43,12/5/2017 8:00,12/11/2017 12:14,2756.61,3600.0,-843.39,536.4,DRV,,,False,1,Carrier 1020455,Shipper 1644,True,True,True,12/5/2017 8:00,12/6/2017 12:00,False,False,False,False,False,False,False,False,Decatur,IN ,Decatur,IN 
1264,206740361,11/30/2017 15:21,11/30/2017 15:21,12/1/2017 9:17,12/1/2017 13:30,12/2/2017 12:30,2756.61,4200.0,-1443.39,536.4,DRV,,carrier_capacity,False,0,Carrier 30549,Shipper 1644,True,True,True,12/1/2017 13:30,12/2/2017 14:00,False,False,False,False,False,False,False,False,Decatur,IN ,Decatur,IN 
1265,206632921,12/18/2017 13:04,12/18/2017 13:04,12/18/2017 13:48,12/19/2017 13:00,12/24/2017 12:00,2756.61,3950.0,-1193.39,536.4,DRV,,carrier_capacity,False,0,Carrier 30549,Shipper 1644,True,True,True,12/19/2017 13:00,12/20/2017 15:00,False,False,False,False,False,False,False,False,Decatur,IN ,Decatur,IN 
1266,206555545,12/4/2017 15:05,12/4/2017 15:05,12/5/2017 10:48,12/5/2017 13:30,12/11/2017 8:00,2756.61,3700.0,-943.39,536.4,DRV,,dat_in,False,0,Carrier 1200282,Shipper 1644,True,True,True,12/5/2017 13:30,12/6/2017 14:00,False,False,False,False,False,False,False,False,Decatur,IN ,Decatur,IN 
1267,206484969,12/2/2017 9:57,12/2/2017 9:57,12/4/2017 12:48,12/5/2017 6:00,12/9/2017 8:00,2756.61,4300.0,-1543.39,536.4,DRV,,,False,0,Carrier 1403627,Shipper 1644,True,True,True,12/5/2017 6:00,12/6/2017 8:00,False,False,False,False,False,False,False,False,Decatur,IN ,Decatur,IN 
1268,206553097,11/7/2017 9:56,11/7/2017 9:56,11/8/2017 13:15,11/9/2017 10:00,11/12/2017 4:00,2755.32,2300.0,455.32,1612.3,DRV,,,True,0,Carrier 1687657,Shipper 1644,True,True,True,11/9/2017 10:00,11/12/2017 9:30,False,False,False,False,False,False,False,False,Whitakers,NC ,Whitakers,NC 
1269,206424945,8/9/2017 18:32,8/9/2017 18:32,8/10/2017 14:35,8/11/2017 7:00,8/13/2017 5:00,2752.97,3000.0,-247.03,889.5,DRV,,,False,0,Carrier 1005988,Shipper 1249,True,True,True,8/11/2017 15:00,8/13/2017 23:00,False,False,False,False,False,False,False,False,Green Bay,WI ,Green Bay,WI 
1270,206424945,8/9/2017 18:32,8/9/2017 18:32,8/10/2017 14:35,8/11/2017 7:00,8/13/2017 5:00,2752.97,3000.0,-247.03,889.5,DRV,,,False,0,Carrier 1005988,Shipper 1375,True,True,True,8/11/2017 15:00,8/13/2017 23:00,False,False,False,False,False,False,False,False,Green Bay,WI ,Green Bay,WI 
1271,206424945,8/9/2017 18:32,8/9/2017 18:32,8/10/2017 14:35,8/11/2017 7:00,8/13/2017 5:00,2752.97,3000.0,-247.03,889.5,DRV,,,False,0,Carrier 1005988,Shipper 1386,True,True,True,8/11/2017 15:00,8/13/2017 23:00,False,False,False,False,False,False,False,False,Green Bay,WI ,Green Bay,WI 
1272,206424945,8/9/2017 18:32,8/9/2017 18:32,8/10/2017 14:35,8/11/2017 7:00,8/13/2017 5:00,2752.97,3000.0,-247.03,889.5,DRV,,,False,0,Carrier 1005988,Shipper 1248,True,True,True,8/11/2017 15:00,8/13/2017 23:00,False,False,False,False,False,False,False,False,Green Bay,WI ,Green Bay,WI 
1273,206424945,8/9/2017 18:32,8/9/2017 18:32,8/10/2017 14:35,8/11/2017 7:00,8/13/2017 5:00,2752.97,3000.0,-247.03,889.5,DRV,,,False,0,Carrier 1005988,Shipper 1387,True,True,True,8/11/2017 15:00,8/13/2017 23:00,False,False,False,False,False,False,False,False,Green Bay,WI ,Green Bay,WI 
1274,206424945,8/9/2017 18:32,8/9/2017 18:32,8/10/2017 14:35,8/11/2017 7:00,8/13/2017 5:00,2752.97,3000.0,-247.03,889.5,DRV,,,False,0,Carrier 1005988,Shipper 1388,True,True,True,8/11/2017 15:00,8/13/2017 23:00,False,False,False,False,False,False,False,False,Green Bay,WI ,Green Bay,WI 
1275,206431457,2/7/2017 15:31,2/7/2017 15:32,2/14/2017 10:56,2/14/2017 16:00,2/16/2017 11:45,2750.0,2600.0,150.0,1879.3,DRV,,,False,1,Carrier 101147,Shipper 585,True,True,True,2/14/2017 16:00,2/16/2017 12:00,False,False,False,False,False,False,False,False,Santa Ana,CA ,Santa Ana,CA 
1276,206428257,2/15/2017 10:58,2/15/2017 10:58,2/15/2017 11:18,2/15/2017 13:30,2/16/2017 18:00,2750.0,2500.0,250.0,1188.1,DRV,,,False,0,Carrier 1045989,Shipper 585,True,False,False,2/15/2017 14:30,2/16/2017 13:00,False,False,False,False,False,False,False,False,Sioux City,IA ,Sioux City,IA 
1277,206546929,9/20/2017 17:37,9/20/2017 17:37,9/21/2017 16:54,9/25/2017 10:00,9/26/2017 11:25,2749.9,2400.0,349.9,667.9,DRV,,,False,0,Carrier 89123,Shipper 1249,True,True,True,9/25/2017 10:00,9/26/2017 9:45,False,False,False,False,False,False,False,False,St. Louis,MO ,St. Louis,MO 
1278,206546929,9/20/2017 17:37,9/20/2017 17:37,9/21/2017 16:54,9/25/2017 10:00,9/26/2017 11:25,2749.9,2400.0,349.9,667.9,DRV,,,False,0,Carrier 89123,Shipper 1375,True,True,True,9/25/2017 10:00,9/26/2017 9:45,False,False,False,False,False,False,False,False,St. Louis,MO ,St. Louis,MO 
1279,206546929,9/20/2017 17:37,9/20/2017 17:37,9/21/2017 16:54,9/25/2017 10:00,9/26/2017 11:25,2749.9,2400.0,349.9,667.9,DRV,,,False,0,Carrier 89123,Shipper 1386,True,True,True,9/25/2017 10:00,9/26/2017 9:45,False,False,False,False,False,False,False,False,St. Louis,MO ,St. Louis,MO 
1280,206546929,9/20/2017 17:37,9/20/2017 17:37,9/21/2017 16:54,9/25/2017 10:00,9/26/2017 11:25,2749.9,2400.0,349.9,667.9,DRV,,,False,0,Carrier 89123,Shipper 1248,True,True,True,9/25/2017 10:00,9/26/2017 9:45,False,False,False,False,False,False,False,False,St. Louis,MO ,St. Louis,MO 
1281,206546929,9/20/2017 17:37,9/20/2017 17:37,9/21/2017 16:54,9/25/2017 10:00,9/26/2017 11:25,2749.9,2400.0,349.9,667.9,DRV,,,False,0,Carrier 89123,Shipper 1387,True,True,True,9/25/2017 10:00,9/26/2017 9:45,False,False,False,False,False,False,False,False,St. Louis,MO ,St. Louis,MO 
1282,206546929,9/20/2017 17:37,9/20/2017 17:37,9/21/2017 16:54,9/25/2017 10:00,9/26/2017 11:25,2749.9,2400.0,349.9,667.9,DRV,,,False,0,Carrier 89123,Shipper 1388,True,True,True,9/25/2017 10:00,9/26/2017 9:45,False,False,False,False,False,False,False,False,St. Louis,MO ,St. Louis,MO 
1283,206596305,8/31/2017 10:51,8/31/2017 10:51,9/8/2017 10:06,9/11/2017 15:30,9/13/2017 2:00,2748.0,2480.0,268.0,871.4,RFR,,,False,0,Carrier 32026,Shipper 585,True,True,True,9/11/2017 15:30,9/13/2017 2:00,False,False,False,False,False,False,False,False,Sioux City,IA ,Sioux City,IA 
1284,206578169,5/12/2017 13:19,5/12/2017 13:19,5/12/2017 16:34,5/14/2017 17:00,5/16/2017 13:00,2747.74,2250.0,497.74,564.5,RFR,3.0,,False,0,Carrier 11186,Shipper 1249,True,False,True,5/14/2017 17:00,5/16/2017 7:00,False,False,False,False,False,False,False,False,Granite City,IL ,Granite City,IL 
1285,206578169,5/12/2017 13:19,5/12/2017 13:19,5/12/2017 16:34,5/14/2017 17:00,5/16/2017 13:00,2747.74,2250.0,497.74,564.5,RFR,3.0,,False,0,Carrier 11186,Shipper 1375,True,False,True,5/14/2017 17:00,5/16/2017 7:00,False,False,False,False,False,False,False,False,Granite City,IL ,Granite City,IL 
1286,206578169,5/12/2017 13:19,5/12/2017 13:19,5/12/2017 16:34,5/14/2017 17:00,5/16/2017 13:00,2747.74,2250.0,497.74,564.5,RFR,3.0,,False,0,Carrier 11186,Shipper 1386,True,False,True,5/14/2017 17:00,5/16/2017 7:00,False,False,False,False,False,False,False,False,Granite City,IL ,Granite City,IL 
1287,206578169,5/12/2017 13:19,5/12/2017 13:19,5/12/2017 16:34,5/14/2017 17:00,5/16/2017 13:00,2747.74,2250.0,497.74,564.5,RFR,3.0,,False,0,Carrier 11186,Shipper 1248,True,False,True,5/14/2017 17:00,5/16/2017 7:00,False,False,False,False,False,False,False,False,Granite City,IL ,Granite City,IL 
1288,206578169,5/12/2017 13:19,5/12/2017 13:19,5/12/2017 16:34,5/14/2017 17:00,5/16/2017 13:00,2747.74,2250.0,497.74,564.5,RFR,3.0,,False,0,Carrier 11186,Shipper 1387,True,False,True,5/14/2017 17:00,5/16/2017 7:00,False,False,False,False,False,False,False,False,Granite City,IL ,Granite City,IL 
1289,206578169,5/12/2017 13:19,5/12/2017 13:19,5/12/2017 16:34,5/14/2017 17:00,5/16/2017 13:00,2747.74,2250.0,497.74,564.5,RFR,3.0,,False,0,Carrier 11186,Shipper 1388,True,False,True,5/14/2017 17:00,5/16/2017 7:00,False,False,False,False,False,False,False,False,Granite City,IL ,Granite City,IL 
1290,206529257,2/24/2017 11:45,2/24/2017 11:45,2/28/2017 12:08,2/28/2017 11:00,3/3/2017 14:00,2745.0,2600.0,145.0,2026.3,DRV,,,False,2,Carrier 3351,Shipper 790,True,False,False,2/28/2017 14:00,3/3/2017 10:00,False,False,False,False,False,False,False,False,Phoenix,AZ ,Phoenix,AZ 
1291,206554985,11/27/2017 11:28,11/27/2017 11:28,11/27/2017 12:53,11/30/2017 20:00,12/2/2017 19:30,2744.97,2300.0,444.97,1319.8,DRV,,,True,0,Carrier 1687657,Shipper 1644,True,True,True,11/30/2017 20:00,12/2/2017 23:00,False,False,False,False,False,False,False,False,Canton,NC ,Canton,NC 
1292,206537561,11/27/2017 10:37,11/27/2017 10:37,11/27/2017 12:01,11/27/2017 20:00,11/29/2017 1:00,2744.97,2300.0,444.97,1319.8,DRV,,,True,0,Carrier 98311,Shipper 1644,True,True,True,11/27/2017 20:00,11/29/2017 23:00,False,False,False,False,False,False,False,False,Canton,NC ,Canton,NC 
1293,206507721,11/27/2017 12:05,11/27/2017 12:05,11/28/2017 8:45,12/1/2017 20:00,12/5/2017 11:30,2744.97,2300.0,444.97,1319.8,DRV,,,True,0,Carrier 1687657,Shipper 1644,True,False,False,12/1/2017 20:00,12/3/2017 23:00,False,False,False,False,False,False,False,False,Canton,NC ,Canton,NC 
1294,206484953,11/27/2017 11:13,11/27/2017 11:13,11/27/2017 12:53,11/29/2017 20:00,12/2/2017 2:50,2744.97,2300.0,444.97,1319.8,DRV,,,True,0,Carrier 1687657,Shipper 1644,True,True,True,11/29/2017 20:00,12/1/2017 23:00,False,False,False,False,False,False,False,False,Canton,NC ,Canton,NC 
1295,206476081,11/27/2017 10:34,11/27/2017 10:34,11/27/2017 12:01,11/29/2017 13:00,11/30/2017 14:50,2744.97,2300.0,444.97,1319.8,DRV,,,True,0,Carrier 98311,Shipper 1644,True,True,True,11/29/2017 13:00,11/30/2017 19:00,False,False,False,False,False,False,False,False,Canton,NC ,Canton,NC 
1296,206451705,11/27/2017 10:44,11/27/2017 10:44,11/27/2017 12:02,11/28/2017 20:00,12/1/2017 15:45,2744.97,2300.0,444.97,1319.8,DRV,,,True,0,Carrier 98311,Shipper 1644,True,True,True,11/28/2017 20:00,11/30/2017 23:00,False,False,False,False,False,False,False,False,Canton,NC ,Canton,NC 
1297,206521777,6/20/2017 9:45,6/20/2017 9:45,6/20/2017 16:29,6/20/2017 8:00,6/22/2017 17:20,2744.84,2650.0,94.84,1032.9,DRV,,,False,0,Carrier 916023,Shipper 1249,True,True,True,6/20/2017 18:00,6/22/2017 12:00,False,False,False,False,False,False,False,False,Pleasant Prairie,WI ,Pleasant Prairie,WI 
1298,206521777,6/20/2017 9:45,6/20/2017 9:45,6/20/2017 16:29,6/20/2017 8:00,6/22/2017 17:20,2744.84,2650.0,94.84,1032.9,DRV,,,False,0,Carrier 916023,Shipper 1375,True,True,True,6/20/2017 18:00,6/22/2017 12:00,False,False,False,False,False,False,False,False,Pleasant Prairie,WI ,Pleasant Prairie,WI 
1299,206521777,6/20/2017 9:45,6/20/2017 9:45,6/20/2017 16:29,6/20/2017 8:00,6/22/2017 17:20,2744.84,2650.0,94.84,1032.9,DRV,,,False,0,Carrier 916023,Shipper 1386,True,True,True,6/20/2017 18:00,6/22/2017 12:00,False,False,False,False,False,False,False,False,Pleasant Prairie,WI ,Pleasant Prairie,WI 
1300,206521777,6/20/2017 9:45,6/20/2017 9:45,6/20/2017 16:29,6/20/2017 8:00,6/22/2017 17:20,2744.84,2650.0,94.84,1032.9,DRV,,,False,0,Carrier 916023,Shipper 1248,True,True,True,6/20/2017 18:00,6/22/2017 12:00,False,False,False,False,False,False,False,False,Pleasant Prairie,WI ,Pleasant Prairie,WI 
1301,206521777,6/20/2017 9:45,6/20/2017 9:45,6/20/2017 16:29,6/20/2017 8:00,6/22/2017 17:20,2744.84,2650.0,94.84,1032.9,DRV,,,False,0,Carrier 916023,Shipper 1387,True,True,True,6/20/2017 18:00,6/22/2017 12:00,False,False,False,False,False,False,False,False,Pleasant Prairie,WI ,Pleasant Prairie,WI 
1302,206521777,6/20/2017 9:45,6/20/2017 9:45,6/20/2017 16:29,6/20/2017 8:00,6/22/2017 17:20,2744.84,2650.0,94.84,1032.9,DRV,,,False,0,Carrier 916023,Shipper 1388,True,True,True,6/20/2017 18:00,6/22/2017 12:00,False,False,False,False,False,False,False,False,Pleasant Prairie,WI ,Pleasant Prairie,WI 
1303,206754289,12/4/2017 10:27,12/4/2017 10:27,12/5/2017 7:58,12/5/2017 15:00,12/8/2017 11:00,2737.44,2600.0,137.44,1120.6,DRV,,dat_in,False,0,Carrier 797827,Shipper 1249,True,True,True,12/5/2017 15:00,12/8/2017 16:30,False,False,False,False,False,False,False,False,Fort Collins,CO ,Fort Collins,CO 
1304,206754289,12/4/2017 10:27,12/4/2017 10:27,12/5/2017 7:58,12/5/2017 15:00,12/8/2017 11:00,2737.44,2600.0,137.44,1120.6,DRV,,dat_in,False,0,Carrier 797827,Shipper 1375,True,True,True,12/5/2017 15:00,12/8/2017 16:30,False,False,False,False,False,False,False,False,Fort Collins,CO ,Fort Collins,CO 
1305,206754289,12/4/2017 10:27,12/4/2017 10:27,12/5/2017 7:58,12/5/2017 15:00,12/8/2017 11:00,2737.44,2600.0,137.44,1120.6,DRV,,dat_in,False,0,Carrier 797827,Shipper 1386,True,True,True,12/5/2017 15:00,12/8/2017 16:30,False,False,False,False,False,False,False,False,Fort Collins,CO ,Fort Collins,CO 
1306,206754289,12/4/2017 10:27,12/4/2017 10:27,12/5/2017 7:58,12/5/2017 15:00,12/8/2017 11:00,2737.44,2600.0,137.44,1120.6,DRV,,dat_in,False,0,Carrier 797827,Shipper 1248,True,True,True,12/5/2017 15:00,12/8/2017 16:30,False,False,False,False,False,False,False,False,Fort Collins,CO ,Fort Collins,CO 
1307,206754289,12/4/2017 10:27,12/4/2017 10:27,12/5/2017 7:58,12/5/2017 15:00,12/8/2017 11:00,2737.44,2600.0,137.44,1120.6,DRV,,dat_in,False,0,Carrier 797827,Shipper 1387,True,True,True,12/5/2017 15:00,12/8/2017 16:30,False,False,False,False,False,False,False,False,Fort Collins,CO ,Fort Collins,CO 
1308,206754289,12/4/2017 10:27,12/4/2017 10:27,12/5/2017 7:58,12/5/2017 15:00,12/8/2017 11:00,2737.44,2600.0,137.44,1120.6,DRV,,dat_in,False,0,Carrier 797827,Shipper 1388,True,True,True,12/5/2017 15:00,12/8/2017 16:30,False,False,False,False,False,False,False,False,Fort Collins,CO ,Fort Collins,CO 
1309,206519753,5/10/2017 13:43,5/10/2017 13:43,5/11/2017 11:38,5/11/2017 12:00,5/15/2017 12:55,2735.8,2700.0,35.8,1363.9,DRV,,,False,0,Carrier 68490,Shipper 1249,True,True,True,5/11/2017 12:00,5/15/2017 15:00,False,False,False,False,False,False,False,False,Jacksonville,FL ,Jacksonville,FL 
1310,206519753,5/10/2017 13:43,5/10/2017 13:43,5/11/2017 11:38,5/11/2017 12:00,5/15/2017 12:55,2735.8,2700.0,35.8,1363.9,DRV,,,False,0,Carrier 68490,Shipper 1375,True,True,True,5/11/2017 12:00,5/15/2017 15:00,False,False,False,False,False,False,False,False,Jacksonville,FL ,Jacksonville,FL 
1311,206519753,5/10/2017 13:43,5/10/2017 13:43,5/11/2017 11:38,5/11/2017 12:00,5/15/2017 12:55,2735.8,2700.0,35.8,1363.9,DRV,,,False,0,Carrier 68490,Shipper 1386,True,True,True,5/11/2017 12:00,5/15/2017 15:00,False,False,False,False,False,False,False,False,Jacksonville,FL ,Jacksonville,FL 
1312,206519753,5/10/2017 13:43,5/10/2017 13:43,5/11/2017 11:38,5/11/2017 12:00,5/15/2017 12:55,2735.8,2700.0,35.8,1363.9,DRV,,,False,0,Carrier 68490,Shipper 1248,True,True,True,5/11/2017 12:00,5/15/2017 15:00,False,False,False,False,False,False,False,False,Jacksonville,FL ,Jacksonville,FL 
1313,206519753,5/10/2017 13:43,5/10/2017 13:43,5/11/2017 11:38,5/11/2017 12:00,5/15/2017 12:55,2735.8,2700.0,35.8,1363.9,DRV,,,False,0,Carrier 68490,Shipper 1387,True,True,True,5/11/2017 12:00,5/15/2017 15:00,False,False,False,False,False,False,False,False,Jacksonville,FL ,Jacksonville,FL 
1314,206519753,5/10/2017 13:43,5/10/2017 13:43,5/11/2017 11:38,5/11/2017 12:00,5/15/2017 12:55,2735.8,2700.0,35.8,1363.9,DRV,,,False,0,Carrier 68490,Shipper 1388,True,True,True,5/11/2017 12:00,5/15/2017 15:00,False,False,False,False,False,False,False,False,Jacksonville,FL ,Jacksonville,FL 
1315,206549217,3/23/2017 10:20,3/23/2017 10:21,3/24/2017 9:54,3/24/2017 8:00,3/28/2017 14:00,2731.26,3200.0,-468.74,2138.7,DRV,,,False,0,Carrier 979154,Shipper 1249,True,True,True,3/24/2017 14:00,3/28/2017 16:00,False,False,False,False,False,False,False,False,Baldwinsville,NY ,Baldwinsville,NY 
1316,206549217,3/23/2017 10:20,3/23/2017 10:21,3/24/2017 9:54,3/24/2017 8:00,3/28/2017 14:00,2731.26,3200.0,-468.74,2138.7,DRV,,,False,0,Carrier 979154,Shipper 1375,True,True,True,3/24/2017 14:00,3/28/2017 16:00,False,False,False,False,False,False,False,False,Baldwinsville,NY ,Baldwinsville,NY 
1317,206549217,3/23/2017 10:20,3/23/2017 10:21,3/24/2017 9:54,3/24/2017 8:00,3/28/2017 14:00,2731.26,3200.0,-468.74,2138.7,DRV,,,False,0,Carrier 979154,Shipper 1386,True,True,True,3/24/2017 14:00,3/28/2017 16:00,False,False,False,False,False,False,False,False,Baldwinsville,NY ,Baldwinsville,NY 
1318,206549217,3/23/2017 10:20,3/23/2017 10:21,3/24/2017 9:54,3/24/2017 8:00,3/28/2017 14:00,2731.26,3200.0,-468.74,2138.7,DRV,,,False,0,Carrier 979154,Shipper 1248,True,True,True,3/24/2017 14:00,3/28/2017 16:00,False,False,False,False,False,False,False,False,Baldwinsville,NY ,Baldwinsville,NY 
1319,206549217,3/23/2017 10:20,3/23/2017 10:21,3/24/2017 9:54,3/24/2017 8:00,3/28/2017 14:00,2731.26,3200.0,-468.74,2138.7,DRV,,,False,0,Carrier 979154,Shipper 1387,True,True,True,3/24/2017 14:00,3/28/2017 16:00,False,False,False,False,False,False,False,False,Baldwinsville,NY ,Baldwinsville,NY 
1320,206549217,3/23/2017 10:20,3/23/2017 10:21,3/24/2017 9:54,3/24/2017 8:00,3/28/2017 14:00,2731.26,3200.0,-468.74,2138.7,DRV,,,False,0,Carrier 979154,Shipper 1388,True,True,True,3/24/2017 14:00,3/28/2017 16:00,False,False,False,False,False,False,False,False,Baldwinsville,NY ,Baldwinsville,NY 
1321,206704457,12/6/2017 8:31,12/6/2017 8:31,12/7/2017 9:37,12/7/2017 14:00,12/12/2017 16:00,2723.79,2900.0,-176.21,522.2,DRV,,source_list,False,0,Carrier 4997,Shipper 1644,True,True,True,12/7/2017 14:00,12/8/2017 20:00,False,False,False,False,False,False,False,False,Topton,PA ,Topton,PA 
1322,206564681,12/27/2017 8:40,12/27/2017 8:40,12/28/2017 12:19,12/28/2017 16:00,12/29/2017 14:40,2722.38,2600.0,122.38,682.8,DRV,,,False,0,Carrier 1386221,Shipper 1644,True,True,True,12/28/2017 16:00,12/29/2017 15:00,False,False,False,False,False,False,False,False,Toledo,OH ,Toledo,OH 
1323,206595273,8/4/2017 10:48,8/4/2017 10:48,8/22/2017 13:31,8/23/2017 8:00,8/25/2017 15:00,2721.26,2800.0,-78.74,1223.2,DRV,,,False,0,Carrier 1477837,Shipper 810,True,True,True,8/23/2017 16:00,8/25/2017 19:00,False,False,False,False,False,False,False,False,Houston,TX ,Houston,TX 
1324,206528225,10/11/2017 14:59,10/11/2017 14:59,10/13/2017 12:15,10/13/2017 17:00,10/16/2017 14:00,2714.0,2300.0,414.0,1371.5,RFR,,,False,0,Carrier 1036138,Shipper 585,True,True,True,10/13/2017 17:00,10/16/2017 9:30,False,False,False,False,False,False,False,False,Plant City,FL ,Plant City,FL 
1325,206540033,11/27/2017 13:12,11/27/2017 13:12,11/29/2017 9:51,12/1/2017 12:30,12/5/2017 16:00,2711.53,2500.0,211.53,1330.9,DRV,,,False,0,Carrier 1168345,Shipper 1644,True,True,True,12/1/2017 12:30,12/6/2017 11:00,False,False,False,False,False,False,False,False,Indianapolis,IN ,Indianapolis,IN 
1326,206574865,10/12/2017 16:51,10/12/2017 16:51,10/13/2017 10:44,10/14/2017 19:00,10/17/2017 6:00,2704.8,2500.0,204.8,754.6,DRV,,,False,0,Carrier 31074,Shipper 1249,True,True,True,10/14/2017 19:00,10/17/2017 6:00,False,False,False,False,False,False,False,False,Williamsburg,VA ,Williamsburg,VA 
1327,206574865,10/12/2017 16:51,10/12/2017 16:51,10/13/2017 10:44,10/14/2017 19:00,10/17/2017 6:00,2704.8,2500.0,204.8,754.6,DRV,,,False,0,Carrier 31074,Shipper 1375,True,True,True,10/14/2017 19:00,10/17/2017 6:00,False,False,False,False,False,False,False,False,Williamsburg,VA ,Williamsburg,VA 
1328,206574865,10/12/2017 16:51,10/12/2017 16:51,10/13/2017 10:44,10/14/2017 19:00,10/17/2017 6:00,2704.8,2500.0,204.8,754.6,DRV,,,False,0,Carrier 31074,Shipper 1386,True,True,True,10/14/2017 19:00,10/17/2017 6:00,False,False,False,False,False,False,False,False,Williamsburg,VA ,Williamsburg,VA 
1329,206574865,10/12/2017 16:51,10/12/2017 16:51,10/13/2017 10:44,10/14/2017 19:00,10/17/2017 6:00,2704.8,2500.0,204.8,754.6,DRV,,,False,0,Carrier 31074,Shipper 1248,True,True,True,10/14/2017 19:00,10/17/2017 6:00,False,False,False,False,False,False,False,False,Williamsburg,VA ,Williamsburg,VA 
1330,206574865,10/12/2017 16:51,10/12/2017 16:51,10/13/2017 10:44,10/14/2017 19:00,10/17/2017 6:00,2704.8,2500.0,204.8,754.6,DRV,,,False,0,Carrier 31074,Shipper 1387,True,True,True,10/14/2017 19:00,10/17/2017 6:00,False,False,False,False,False,False,False,False,Williamsburg,VA ,Williamsburg,VA 
1331,206574865,10/12/2017 16:51,10/12/2017 16:51,10/13/2017 10:44,10/14/2017 19:00,10/17/2017 6:00,2704.8,2500.0,204.8,754.6,DRV,,,False,0,Carrier 31074,Shipper 1388,True,True,True,10/14/2017 19:00,10/17/2017 6:00,False,False,False,False,False,False,False,False,Williamsburg,VA ,Williamsburg,VA 
1332,206550041,11/21/2017 19:16,11/21/2017 19:16,11/27/2017 8:26,11/27/2017 12:00,11/28/2017 9:30,2704.23,1500.0,1204.23,311.9,RFR,,,False,0,Carrier 1045595,Shipper 758,False,True,True,11/27/2017 12:00,11/28/2017 9:00,False,False,False,False,False,False,False,False,Bloomington,CA ,Bloomington,CA 
1333,206543857,8/8/2017 15:53,8/8/2017 15:53,8/15/2017 15:24,8/16/2017 11:00,8/18/2017 13:30,2702.13,2500.0,202.13,1245.7,DRV,,,False,1,Carrier 1695452,Shipper 758,True,True,True,8/16/2017 11:00,8/18/2017 11:30,False,False,False,False,False,False,False,False,Janesville,WI ,Janesville,WI 
1334,206625353,6/27/2017 15:59,6/27/2017 15:59,6/28/2017 11:45,6/29/2017 7:00,7/3/2017 9:15,2700.77,1616.0,1084.77,893.1,DRV,,,False,0,Carrier 31074,Shipper 1249,True,False,True,6/29/2017 16:00,7/2/2017 16:30,False,False,False,False,False,False,False,False,Erie,PA ,Erie,PA 
1335,206625353,6/27/2017 15:59,6/27/2017 15:59,6/28/2017 11:45,6/29/2017 7:00,7/3/2017 9:15,2700.77,1616.0,1084.77,893.1,DRV,,,False,0,Carrier 31074,Shipper 1375,True,False,True,6/29/2017 16:00,7/2/2017 16:30,False,False,False,False,False,False,False,False,Erie,PA ,Erie,PA 
1336,206625353,6/27/2017 15:59,6/27/2017 15:59,6/28/2017 11:45,6/29/2017 7:00,7/3/2017 9:15,2700.77,1616.0,1084.77,893.1,DRV,,,False,0,Carrier 31074,Shipper 1386,True,False,True,6/29/2017 16:00,7/2/2017 16:30,False,False,False,False,False,False,False,False,Erie,PA ,Erie,PA 
1337,206625353,6/27/2017 15:59,6/27/2017 15:59,6/28/2017 11:45,6/29/2017 7:00,7/3/2017 9:15,2700.77,1616.0,1084.77,893.1,DRV,,,False,0,Carrier 31074,Shipper 1248,True,False,True,6/29/2017 16:00,7/2/2017 16:30,False,False,False,False,False,False,False,False,Erie,PA ,Erie,PA 
1338,206625353,6/27/2017 15:59,6/27/2017 15:59,6/28/2017 11:45,6/29/2017 7:00,7/3/2017 9:15,2700.77,1616.0,1084.77,893.1,DRV,,,False,0,Carrier 31074,Shipper 1387,True,False,True,6/29/2017 16:00,7/2/2017 16:30,False,False,False,False,False,False,False,False,Erie,PA ,Erie,PA 
1339,206625353,6/27/2017 15:59,6/27/2017 15:59,6/28/2017 11:45,6/29/2017 7:00,7/3/2017 9:15,2700.77,1616.0,1084.77,893.1,DRV,,,False,0,Carrier 31074,Shipper 1388,True,False,True,6/29/2017 16:00,7/2/2017 16:30,False,False,False,False,False,False,False,False,Erie,PA ,Erie,PA 
1340,206578865,2/6/2017 11:21,2/6/2017 11:21,2/6/2017 13:58,2/7/2017 8:00,2/10/2017 14:08,2700.0,2650.0,50.0,2043.2,DRV,,,False,0,Carrier 9000,Shipper 744,True,True,True,2/7/2017 15:45,2/10/2017 19:00,False,False,False,False,False,False,False,False,Conover,NC ,Conover,NC 
1341,206626641,1/26/2017 17:18,1/26/2017 17:18,1/30/2017 10:25,1/30/2017 8:00,2/8/2017 12:45,2700.0,2700.0,0.0,2043.2,DRV,,,False,0,Carrier 1199797,Shipper 744,True,False,False,1/30/2017 17:00,2/2/2017 19:00,False,False,False,False,False,False,False,False,Conover,NC ,Conover,NC 
1342,206758089,1/23/2017 9:24,1/23/2017 9:25,1/23/2017 10:10,1/23/2017 9:00,1/27/2017 11:00,2700.0,2650.0,50.0,2043.2,DRV,,,False,0,Carrier 1102170,Shipper 744,True,True,True,1/24/2017 17:00,1/27/2017 19:00,False,False,False,False,False,False,False,False,Conover,NC ,Conover,NC 
1343,206594129,1/23/2017 11:11,1/23/2017 11:11,1/23/2017 11:55,1/24/2017 8:00,1/27/2017 14:00,2700.0,2650.0,50.0,2043.2,DRV,,,False,0,Carrier 1102170,Shipper 744,True,True,True,1/24/2017 16:00,1/27/2017 19:00,False,False,False,False,False,False,False,False,Conover,NC ,Conover,NC 
1344,206475897,2/6/2017 11:19,2/6/2017 11:19,2/6/2017 14:38,2/7/2017 8:00,2/10/2017 14:15,2700.0,2650.0,50.0,2043.2,DRV,3.0,,False,0,Carrier 1293536,Shipper 744,True,True,True,2/7/2017 15:45,2/10/2017 19:00,False,False,False,False,False,False,False,False,Conover,NC ,Conover,NC 
1345,206695441,1/26/2017 17:15,1/26/2017 17:15,1/30/2017 8:03,1/30/2017 8:00,2/2/2017 18:00,2700.0,2700.0,0.0,2043.2,DRV,,,False,0,Carrier 1293536,Shipper 744,True,True,True,1/30/2017 17:00,2/2/2017 19:00,False,False,False,False,False,False,False,False,Conover,NC ,Conover,NC 
1346,206664809,1/17/2017 14:15,1/17/2017 14:15,1/19/2017 8:50,1/19/2017 8:00,1/23/2017 11:20,2700.0,2800.0,-100.0,2043.2,DRV,,,False,0,Carrier 1051135,Shipper 744,True,True,True,1/19/2017 17:00,1/23/2017 19:00,False,False,False,False,False,False,False,False,Conover,NC ,Conover,NC 
1347,206607649,2/6/2017 15:38,2/6/2017 15:38,2/8/2017 12:00,2/8/2017 8:00,2/13/2017 14:30,2700.0,2800.0,-100.0,2043.2,DRV,,,False,0,Carrier 977012,Shipper 744,True,True,True,2/8/2017 15:45,2/13/2017 19:00,False,False,False,False,False,False,False,False,Conover,NC ,Conover,NC 
1348,206577305,6/24/2017 12:42,6/24/2017 12:43,6/26/2017 17:54,6/26/2017 18:00,6/27/2017 22:00,2700.0,2450.0,250.0,904.9,DRV,,,False,1,Carrier 100891,Shipper 585,True,False,False,6/26/2017 20:00,6/27/2017 15:00,False,False,False,False,False,False,False,False,Sterling,VA ,Sterling,VA 
1349,206515657,2/6/2017 15:39,2/6/2017 15:39,2/8/2017 17:32,2/9/2017 8:00,2/13/2017 15:00,2700.0,2700.0,0.0,2043.2,DRV,,,False,0,Carrier 988304,Shipper 744,True,True,True,2/9/2017 15:45,2/13/2017 19:00,False,False,False,False,False,False,False,False,Conover,NC ,Conover,NC 
1350,206651497,2/22/2017 17:40,2/22/2017 17:40,2/22/2017 19:13,2/23/2017 9:00,2/24/2017 10:30,2700.0,2400.0,300.0,923.1,DRV,,,False,0,Carrier 1241432,Shipper 585,True,True,True,2/23/2017 13:00,2/24/2017 9:00,False,False,False,False,False,False,False,False,Mount Sterling,IL ,Mount Sterling,IL 
1351,206650529,3/13/2017 11:12,3/13/2017 11:14,3/19/2017 10:41,3/20/2017 14:00,3/22/2017 14:00,2699.0,2649.0,50.0,1308.7,RFR,3.0,,False,0,Carrier 1316515,Shipper 734,True,True,True,3/20/2017 14:00,3/22/2017 11:00,False,False,False,False,False,False,False,False,Wilkes-Barre,PA ,Wilkes-Barre,PA 
1352,206695465,12/4/2017 15:24,12/4/2017 15:24,12/5/2017 11:16,12/5/2017 14:00,12/6/2017 8:00,2697.21,3200.0,-502.79,508.2,DRV,,,False,0,Carrier 30549,Shipper 1644,True,True,True,12/5/2017 14:00,12/6/2017 10:00,False,False,False,False,False,False,False,False,Warren,OH ,Warren,OH 
1353,206698969,9/20/2017 17:38,9/20/2017 17:38,9/21/2017 16:54,9/26/2017 13:00,9/27/2017 13:19,2696.9,2400.0,296.9,667.9,DRV,,,False,0,Carrier 89123,Shipper 1249,True,True,True,9/26/2017 13:00,9/27/2017 12:30,False,False,False,False,False,False,False,False,St. Louis,MO ,St. Louis,MO 
1354,206698969,9/20/2017 17:38,9/20/2017 17:38,9/21/2017 16:54,9/26/2017 13:00,9/27/2017 13:19,2696.9,2400.0,296.9,667.9,DRV,,,False,0,Carrier 89123,Shipper 1375,True,True,True,9/26/2017 13:00,9/27/2017 12:30,False,False,False,False,False,False,False,False,St. Louis,MO ,St. Louis,MO 
1355,206698969,9/20/2017 17:38,9/20/2017 17:38,9/21/2017 16:54,9/26/2017 13:00,9/27/2017 13:19,2696.9,2400.0,296.9,667.9,DRV,,,False,0,Carrier 89123,Shipper 1386,True,True,True,9/26/2017 13:00,9/27/2017 12:30,False,False,False,False,False,False,False,False,St. Louis,MO ,St. Louis,MO 
1356,206698969,9/20/2017 17:38,9/20/2017 17:38,9/21/2017 16:54,9/26/2017 13:00,9/27/2017 13:19,2696.9,2400.0,296.9,667.9,DRV,,,False,0,Carrier 89123,Shipper 1248,True,True,True,9/26/2017 13:00,9/27/2017 12:30,False,False,False,False,False,False,False,False,St. Louis,MO ,St. Louis,MO 
1357,206698969,9/20/2017 17:38,9/20/2017 17:38,9/21/2017 16:54,9/26/2017 13:00,9/27/2017 13:19,2696.9,2400.0,296.9,667.9,DRV,,,False,0,Carrier 89123,Shipper 1387,True,True,True,9/26/2017 13:00,9/27/2017 12:30,False,False,False,False,False,False,False,False,St. Louis,MO ,St. Louis,MO 
1358,206698969,9/20/2017 17:38,9/20/2017 17:38,9/21/2017 16:54,9/26/2017 13:00,9/27/2017 13:19,2696.9,2400.0,296.9,667.9,DRV,,,False,0,Carrier 89123,Shipper 1388,True,True,True,9/26/2017 13:00,9/27/2017 12:30,False,False,False,False,False,False,False,False,St. Louis,MO ,St. Louis,MO 
1359,206540009,10/16/2017 9:41,10/16/2017 9:41,10/18/2017 14:13,10/18/2017 15:00,10/20/2017 17:55,2695.78,2800.0,-104.22,1464.4,DRV,,,False,0,Carrier 1445874,Shipper 1644,True,True,True,10/18/2017 18:00,10/20/2017 16:00,False,False,False,False,False,False,False,False,Rancho Cucamonga,CA ,Rancho Cucamonga,CA 
1360,206595305,10/16/2017 9:33,10/16/2017 9:33,10/17/2017 14:23,10/17/2017 15:00,10/19/2017 11:00,2695.78,2700.0,-4.22,1464.4,DRV,,,False,0,Carrier 32519,Shipper 1644,True,True,True,10/17/2017 18:00,10/19/2017 17:00,False,False,False,False,False,False,False,False,Rancho Cucamonga,CA ,Rancho Cucamonga,CA 
1361,206497385,10/16/2017 9:37,10/16/2017 9:37,10/18/2017 14:12,10/18/2017 15:00,10/20/2017 14:00,2695.78,2800.0,-104.22,1464.4,DRV,,,False,0,Carrier 1445874,Shipper 1644,True,True,True,10/18/2017 18:00,10/20/2017 17:00,False,False,False,False,False,False,False,False,Rancho Cucamonga,CA ,Rancho Cucamonga,CA 
1362,206431977,10/23/2017 14:36,10/23/2017 14:36,10/25/2017 13:01,10/26/2017 8:00,10/27/2017 22:00,2695.0,2700.0,-5.0,1185.8,RFR,,,False,1,Carrier 1695612,Shipper 758,True,True,True,10/26/2017 8:00,10/27/2017 19:45,False,False,False,False,False,False,False,False,Bellevue,WA ,Bellevue,WA 
1363,206468345,11/15/2017 16:39,11/15/2017 16:39,11/17/2017 16:24,11/17/2017 21:00,11/20/2017 13:30,2694.52,3825.0,-1130.48,676.8,DRV,,,False,1,Carrier 74718,Shipper 1249,True,True,True,11/17/2017 21:00,11/20/2017 13:00,False,False,False,False,False,False,False,False,Los Angeles,CA ,Los Angeles,CA 
1364,206468345,11/15/2017 16:39,11/15/2017 16:39,11/17/2017 16:24,11/17/2017 21:00,11/20/2017 13:30,2694.52,3825.0,-1130.48,676.8,DRV,,,False,1,Carrier 74718,Shipper 1375,True,True,True,11/17/2017 21:00,11/20/2017 13:00,False,False,False,False,False,False,False,False,Los Angeles,CA ,Los Angeles,CA 
1365,206468345,11/15/2017 16:39,11/15/2017 16:39,11/17/2017 16:24,11/17/2017 21:00,11/20/2017 13:30,2694.52,3825.0,-1130.48,676.8,DRV,,,False,1,Carrier 74718,Shipper 1386,True,True,True,11/17/2017 21:00,11/20/2017 13:00,False,False,False,False,False,False,False,False,Los Angeles,CA ,Los Angeles,CA 
1366,206468345,11/15/2017 16:39,11/15/2017 16:39,11/17/2017 16:24,11/17/2017 21:00,11/20/2017 13:30,2694.52,3825.0,-1130.48,676.8,DRV,,,False,1,Carrier 74718,Shipper 1248,True,True,True,11/17/2017 21:00,11/20/2017 13:00,False,False,False,False,False,False,False,False,Los Angeles,CA ,Los Angeles,CA 
1367,206468345,11/15/2017 16:39,11/15/2017 16:39,11/17/2017 16:24,11/17/2017 21:00,11/20/2017 13:30,2694.52,3825.0,-1130.48,676.8,DRV,,,False,1,Carrier 74718,Shipper 1387,True,True,True,11/17/2017 21:00,11/20/2017 13:00,False,False,False,False,False,False,False,False,Los Angeles,CA ,Los Angeles,CA 
1368,206468345,11/15/2017 16:39,11/15/2017 16:39,11/17/2017 16:24,11/17/2017 21:00,11/20/2017 13:30,2694.52,3825.0,-1130.48,676.8,DRV,,,False,1,Carrier 74718,Shipper 1388,True,True,True,11/17/2017 21:00,11/20/2017 13:00,False,False,False,False,False,False,False,False,Los Angeles,CA ,Los Angeles,CA 
1369,206429849,4/19/2017 16:32,4/19/2017 16:32,4/21/2017 10:38,4/22/2017 20:00,4/24/2017 10:30,2691.08,2600.0,91.08,1225.0,DRV,3.0,,False,0,Carrier 1210765,Shipper 1249,True,True,True,4/22/2017 20:00,4/24/2017 16:00,False,False,False,False,False,False,False,False,St. Louis,MO ,St. Louis,MO 
1370,206429849,4/19/2017 16:32,4/19/2017 16:32,4/21/2017 10:38,4/22/2017 20:00,4/24/2017 10:30,2691.08,2600.0,91.08,1225.0,DRV,3.0,,False,0,Carrier 1210765,Shipper 1375,True,True,True,4/22/2017 20:00,4/24/2017 16:00,False,False,False,False,False,False,False,False,St. Louis,MO ,St. Louis,MO 
1371,206429849,4/19/2017 16:32,4/19/2017 16:32,4/21/2017 10:38,4/22/2017 20:00,4/24/2017 10:30,2691.08,2600.0,91.08,1225.0,DRV,3.0,,False,0,Carrier 1210765,Shipper 1386,True,True,True,4/22/2017 20:00,4/24/2017 16:00,False,False,False,False,False,False,False,False,St. Louis,MO ,St. Louis,MO 
1372,206429849,4/19/2017 16:32,4/19/2017 16:32,4/21/2017 10:38,4/22/2017 20:00,4/24/2017 10:30,2691.08,2600.0,91.08,1225.0,DRV,3.0,,False,0,Carrier 1210765,Shipper 1248,True,True,True,4/22/2017 20:00,4/24/2017 16:00,False,False,False,False,False,False,False,False,St. Louis,MO ,St. Louis,MO 
1373,206429849,4/19/2017 16:32,4/19/2017 16:32,4/21/2017 10:38,4/22/2017 20:00,4/24/2017 10:30,2691.08,2600.0,91.08,1225.0,DRV,3.0,,False,0,Carrier 1210765,Shipper 1387,True,True,True,4/22/2017 20:00,4/24/2017 16:00,False,False,False,False,False,False,False,False,St. Louis,MO ,St. Louis,MO 
1374,206429849,4/19/2017 16:32,4/19/2017 16:32,4/21/2017 10:38,4/22/2017 20:00,4/24/2017 10:30,2691.08,2600.0,91.08,1225.0,DRV,3.0,,False,0,Carrier 1210765,Shipper 1388,True,True,True,4/22/2017 20:00,4/24/2017 16:00,False,False,False,False,False,False,False,False,St. Louis,MO ,St. Louis,MO 
1375,206539289,11/13/2017 8:43,11/13/2017 8:43,11/13/2017 14:29,11/14/2017 14:00,11/16/2017 2:05,2687.13,2500.0,187.13,1445.9,DRV,,,True,0,Carrier 1687657,Shipper 1644,True,True,True,11/14/2017 14:00,11/16/2017 16:00,False,False,False,False,False,False,False,False,North Charleston,SC ,North Charleston,SC 
1376,206474041,11/13/2017 8:41,11/13/2017 8:41,11/13/2017 10:01,11/14/2017 7:00,11/15/2017 19:10,2687.13,2500.0,187.13,1445.9,DRV,,,True,0,Carrier 1687657,Shipper 1644,True,True,True,11/14/2017 7:00,11/15/2017 18:00,False,False,False,False,False,False,False,False,North Charleston,SC ,North Charleston,SC 
1377,206572561,11/13/2017 8:45,11/13/2017 8:45,11/15/2017 12:55,11/15/2017 15:00,11/17/2017 15:00,2686.2,2500.0,186.2,1445.9,DRV,,,False,1,Carrier 64827,Shipper 1644,True,True,True,11/15/2017 15:00,11/17/2017 16:00,False,False,False,False,False,False,False,False,North Charleston,SC ,North Charleston,SC 
1378,206548169,12/8/2017 10:42,12/8/2017 10:42,12/8/2017 11:47,12/9/2017 13:00,12/11/2017 10:00,2683.98,2300.0,383.98,653.5,DRV,,,False,0,Carrier 1695750,Shipper 1644,True,True,True,12/9/2017 13:00,12/11/2017 10:00,False,False,False,False,False,False,False,False,North Charleston,SC ,North Charleston,SC 
1379,206601993,11/13/2017 8:48,11/13/2017 8:48,11/13/2017 14:30,11/17/2017 13:00,11/19/2017 14:10,2682.5,2500.0,182.5,1445.9,DRV,,,True,0,Carrier 1687657,Shipper 1644,True,True,True,11/17/2017 13:00,11/19/2017 14:00,False,False,False,False,False,False,False,False,North Charleston,SC ,North Charleston,SC 
1380,206436473,8/18/2017 15:54,8/18/2017 15:54,8/28/2017 12:25,8/28/2017 18:00,8/30/2017 11:00,2680.6,2700.0,-19.4,793.6,DRV,,,False,3,Carrier 1465851,Shipper 758,True,True,True,8/28/2017 18:00,8/30/2017 9:00,False,False,False,False,False,False,False,False,Granite City,IL ,Granite City,IL 
1381,206468353,11/21/2017 19:09,11/21/2017 19:09,11/28/2017 11:06,11/28/2017 15:00,11/29/2017 15:40,2679.23,1800.0,879.23,311.9,RFR,,,False,1,Carrier 1061546,Shipper 758,True,True,True,11/28/2017 15:00,11/29/2017 10:00,False,False,False,False,False,False,False,False,Bloomington,CA ,Bloomington,CA 
1382,206536449,11/14/2017 17:27,11/14/2017 17:27,11/17/2017 11:47,11/18/2017 16:30,11/20/2017 16:45,2677.77,2640.0,37.77,787.5,DRV,,,False,0,Carrier 90481,Shipper 758,True,True,True,11/18/2017 16:30,11/20/2017 10:00,False,False,False,False,False,False,False,False,Stockton,CA ,Stockton,CA 
1383,206473497,11/13/2017 8:50,11/13/2017 8:50,11/13/2017 14:29,11/18/2017 14:00,11/20/2017 6:30,2673.25,2500.0,173.25,1445.9,DRV,,,True,0,Carrier 1687657,Shipper 1644,True,True,True,11/18/2017 14:00,11/20/2017 16:00,False,False,False,False,False,False,False,False,North Charleston,SC ,North Charleston,SC 
1384,206438841,11/13/2017 8:46,11/13/2017 8:46,11/13/2017 10:00,11/16/2017 13:00,11/20/2017 8:00,2673.25,2500.0,173.25,1445.9,DRV,,,True,0,Carrier 1687657,Shipper 1644,True,False,False,11/16/2017 13:00,11/18/2017 14:00,False,False,False,False,False,False,False,False,North Charleston,SC ,North Charleston,SC 
1385,206657193,3/21/2017 14:38,3/21/2017 14:38,3/22/2017 11:16,3/22/2017 10:00,3/24/2017 9:40,2670.99,2400.0,270.99,1225.3,DRV,,,False,0,Carrier 57804,Shipper 585,True,True,True,3/22/2017 17:00,3/24/2017 9:00,False,False,False,False,False,False,False,False,Sycamore,IL ,Sycamore,IL 
1386,206430145,1/9/2017 16:44,1/9/2017 16:45,1/9/2017 17:35,1/9/2017 15:00,1/10/2017 14:00,2666.0,2024.5,641.5,140.0,RFR,,,False,0,Carrier 968589,Shipper 758,,,,1/10/2017 1:00,1/11/2017 2:00,False,False,False,False,False,False,False,False,Portland,OR ,Portland,OR 
1387,206474025,10/30/2017 10:08,10/30/2017 10:09,11/1/2017 12:26,11/2/2017 14:00,11/3/2017 22:30,2657.7,2500.0,157.7,1445.9,DRV,,,True,0,Carrier 1687657,Shipper 1644,True,True,True,11/2/2017 14:00,11/3/2017 20:30,False,False,False,False,False,False,False,False,North Charleston,SC ,North Charleston,SC 
1388,206608481,3/28/2017 16:21,3/28/2017 16:21,3/29/2017 9:14,3/29/2017 21:00,3/31/2017 15:00,2656.16,2750.0,-93.84,1088.5,RFR,,,False,0,Carrier 62279,Shipper 1249,True,True,True,3/29/2017 21:00,3/31/2017 16:00,False,False,False,False,False,False,False,False,Granite City,IL ,Granite City,IL 
1389,206608481,3/28/2017 16:21,3/28/2017 16:21,3/29/2017 9:14,3/29/2017 21:00,3/31/2017 15:00,2656.16,2750.0,-93.84,1088.5,RFR,,,False,0,Carrier 62279,Shipper 1375,True,True,True,3/29/2017 21:00,3/31/2017 16:00,False,False,False,False,False,False,False,False,Granite City,IL ,Granite City,IL 
1390,206608481,3/28/2017 16:21,3/28/2017 16:21,3/29/2017 9:14,3/29/2017 21:00,3/31/2017 15:00,2656.16,2750.0,-93.84,1088.5,RFR,,,False,0,Carrier 62279,Shipper 1386,True,True,True,3/29/2017 21:00,3/31/2017 16:00,False,False,False,False,False,False,False,False,Granite City,IL ,Granite City,IL 
1391,206608481,3/28/2017 16:21,3/28/2017 16:21,3/29/2017 9:14,3/29/2017 21:00,3/31/2017 15:00,2656.16,2750.0,-93.84,1088.5,RFR,,,False,0,Carrier 62279,Shipper 1248,True,True,True,3/29/2017 21:00,3/31/2017 16:00,False,False,False,False,False,False,False,False,Granite City,IL ,Granite City,IL 
1392,206608481,3/28/2017 16:21,3/28/2017 16:21,3/29/2017 9:14,3/29/2017 21:00,3/31/2017 15:00,2656.16,2750.0,-93.84,1088.5,RFR,,,False,0,Carrier 62279,Shipper 1387,True,True,True,3/29/2017 21:00,3/31/2017 16:00,False,False,False,False,False,False,False,False,Granite City,IL ,Granite City,IL 
1393,206608481,3/28/2017 16:21,3/28/2017 16:21,3/29/2017 9:14,3/29/2017 21:00,3/31/2017 15:00,2656.16,2750.0,-93.84,1088.5,RFR,,,False,0,Carrier 62279,Shipper 1388,True,True,True,3/29/2017 21:00,3/31/2017 16:00,False,False,False,False,False,False,False,False,Granite City,IL ,Granite City,IL 
1394,206478057,1/13/2017 8:34,1/13/2017 8:34,1/13/2017 8:53,1/12/2017 3:00,1/13/2017 13:05,2652.0,2139.0,513.0,140.0,RFR,,,False,0,Carrier 968589,Shipper 758,True,False,False,1/13/2017 2:00,1/13/2017 2:00,False,False,False,False,False,False,False,False,Portland,OR ,Portland,OR 
1395,206475145,12/2/2017 9:48,12/2/2017 9:48,12/2/2017 10:00,12/6/2017 8:00,12/7/2017 18:10,2650.79,2300.0,350.79,536.4,DRV,,carrier_capacity,False,0,Carrier 87518,Shipper 1644,True,False,False,12/6/2017 8:00,12/7/2017 7:00,False,False,False,False,False,False,False,False,Decatur,IN ,Decatur,IN 
1396,206558273,7/17/2017 16:14,7/17/2017 16:14,7/18/2017 8:44,7/19/2017 17:00,7/21/2017 18:30,2650.4,2200.0,450.4,1026.7,RFR,,,False,0,Carrier 1458303,Shipper 1249,True,False,True,7/19/2017 17:00,7/21/2017 12:00,False,False,False,False,False,False,False,False,Fort Collins,CO ,Fort Collins,CO 
1397,206558273,7/17/2017 16:14,7/17/2017 16:14,7/18/2017 8:44,7/19/2017 17:00,7/21/2017 18:30,2650.4,2200.0,450.4,1026.7,RFR,,,False,0,Carrier 1458303,Shipper 1375,True,False,True,7/19/2017 17:00,7/21/2017 12:00,False,False,False,False,False,False,False,False,Fort Collins,CO ,Fort Collins,CO 
1398,206558273,7/17/2017 16:14,7/17/2017 16:14,7/18/2017 8:44,7/19/2017 17:00,7/21/2017 18:30,2650.4,2200.0,450.4,1026.7,RFR,,,False,0,Carrier 1458303,Shipper 1386,True,False,True,7/19/2017 17:00,7/21/2017 12:00,False,False,False,False,False,False,False,False,Fort Collins,CO ,Fort Collins,CO 
1399,206558273,7/17/2017 16:14,7/17/2017 16:14,7/18/2017 8:44,7/19/2017 17:00,7/21/2017 18:30,2650.4,2200.0,450.4,1026.7,RFR,,,False,0,Carrier 1458303,Shipper 1248,True,False,True,7/19/2017 17:00,7/21/2017 12:00,False,False,False,False,False,False,False,False,Fort Collins,CO ,Fort Collins,CO 
1400,206558273,7/17/2017 16:14,7/17/2017 16:14,7/18/2017 8:44,7/19/2017 17:00,7/21/2017 18:30,2650.4,2200.0,450.4,1026.7,RFR,,,False,0,Carrier 1458303,Shipper 1387,True,False,True,7/19/2017 17:00,7/21/2017 12:00,False,False,False,False,False,False,False,False,Fort Collins,CO ,Fort Collins,CO 
1401,206558273,7/17/2017 16:14,7/17/2017 16:14,7/18/2017 8:44,7/19/2017 17:00,7/21/2017 18:30,2650.4,2200.0,450.4,1026.7,RFR,,,False,0,Carrier 1458303,Shipper 1388,True,False,True,7/19/2017 17:00,7/21/2017 12:00,False,False,False,False,False,False,False,False,Fort Collins,CO ,Fort Collins,CO 
1402,206703801,2/24/2017 16:01,2/24/2017 16:01,2/28/2017 16:45,3/2/2017 14:00,3/7/2017 12:35,2650.0,2600.0,50.0,2520.9,DRV,,,False,0,Carrier 93448,Shipper 585,False,True,True,3/2/2017 14:00,3/7/2017 11:15,False,False,False,False,False,False,False,False,Tampa,FL ,Tampa,FL 
1403,206522329,2/24/2017 14:35,2/24/2017 14:35,2/24/2017 15:06,2/24/2017 11:00,2/27/2017 9:30,2650.0,2400.0,250.0,1273.2,DRV,,,False,0,Carrier 1041911,Shipper 585,True,True,True,2/24/2017 18:30,2/27/2017 10:00,False,False,False,False,False,False,False,False,Pearl City,IL ,Pearl City,IL 
1404,206431513,4/5/2017 9:08,4/5/2017 9:08,4/7/2017 10:24,4/6/2017 10:00,4/9/2017 9:30,2650.0,2700.0,-50.0,1102.8,DRV,,,False,1,Carrier 1565635,Shipper 585,False,False,False,4/6/2017 12:00,4/8/2017 12:00,False,False,False,False,False,False,False,False,Beecher,IL ,Beecher,IL 
1405,206622153,8/23/2017 14:01,8/23/2017 14:01,8/25/2017 9:09,8/25/2017 14:00,8/28/2017 8:50,2645.0,2800.0,-155.0,1063.6,RFR,,,False,0,Carrier 1695468,Shipper 780,False,False,False,8/25/2017 14:00,8/28/2017 5:00,False,False,False,False,False,False,False,False,Winchester,VA ,Winchester,VA 
1406,206727785,10/17/2017 14:38,10/17/2017 14:38,10/18/2017 9:06,10/18/2017 13:00,10/19/2017 19:30,2644.25,2320.0,324.25,749.6,DRV,,,True,0,Carrier 1229009,Shipper 1644,False,True,True,10/18/2017 13:00,10/19/2017 18:15,False,False,False,False,False,False,False,False,Rensselaer,IN ,Rensselaer,IN 
1407,206602825,5/30/2017 17:33,5/30/2017 17:33,6/7/2017 16:44,5/31/2017 17:00,6/1/2017 15:50,2641.1,2500.0,141.1,390.7,RFR,,,False,1,Carrier 1695350,Shipper 1249,True,True,True,5/31/2017 17:00,6/1/2017 15:00,False,False,False,False,False,False,False,False,Granite City,IL ,Granite City,IL 
1408,206602825,5/30/2017 17:33,5/30/2017 17:33,6/7/2017 16:44,5/31/2017 17:00,6/1/2017 15:50,2641.1,2500.0,141.1,390.7,RFR,,,False,1,Carrier 1695350,Shipper 1375,True,True,True,5/31/2017 17:00,6/1/2017 15:00,False,False,False,False,False,False,False,False,Granite City,IL ,Granite City,IL 
1409,206602825,5/30/2017 17:33,5/30/2017 17:33,6/7/2017 16:44,5/31/2017 17:00,6/1/2017 15:50,2641.1,2500.0,141.1,390.7,RFR,,,False,1,Carrier 1695350,Shipper 1386,True,True,True,5/31/2017 17:00,6/1/2017 15:00,False,False,False,False,False,False,False,False,Granite City,IL ,Granite City,IL 
1410,206602825,5/30/2017 17:33,5/30/2017 17:33,6/7/2017 16:44,5/31/2017 17:00,6/1/2017 15:50,2641.1,2500.0,141.1,390.7,RFR,,,False,1,Carrier 1695350,Shipper 1248,True,True,True,5/31/2017 17:00,6/1/2017 15:00,False,False,False,False,False,False,False,False,Granite City,IL ,Granite City,IL 
1411,206602825,5/30/2017 17:33,5/30/2017 17:33,6/7/2017 16:44,5/31/2017 17:00,6/1/2017 15:50,2641.1,2500.0,141.1,390.7,RFR,,,False,1,Carrier 1695350,Shipper 1387,True,True,True,5/31/2017 17:00,6/1/2017 15:00,False,False,False,False,False,False,False,False,Granite City,IL ,Granite City,IL 
1412,206602825,5/30/2017 17:33,5/30/2017 17:33,6/7/2017 16:44,5/31/2017 17:00,6/1/2017 15:50,2641.1,2500.0,141.1,390.7,RFR,,,False,1,Carrier 1695350,Shipper 1388,True,True,True,5/31/2017 17:00,6/1/2017 15:00,False,False,False,False,False,False,False,False,Granite City,IL ,Granite City,IL 
1413,206472265,12/6/2017 15:12,12/6/2017 15:12,12/7/2017 18:07,12/8/2017 8:00,12/8/2017 18:50,2640.21,2700.0,-59.79,536.4,DRV,,dat_in,False,2,Carrier 53590,Shipper 1644,True,True,True,12/8/2017 8:00,12/8/2017 22:00,False,False,False,False,False,False,False,False,Decatur,IN ,Decatur,IN 
1414,206696841,10/7/2017 10:52,10/7/2017 10:52,10/9/2017 9:31,10/9/2017 22:00,10/11/2017 6:00,2639.4,2500.0,139.4,1319.8,DRV,,,True,0,Carrier 98311,Shipper 1644,True,True,True,10/9/2017 22:00,10/11/2017 13:00,False,False,False,False,False,False,False,False,Canton,NC ,Canton,NC 
1415,206586769,4/3/2017 8:53,4/3/2017 8:54,4/3/2017 18:09,4/5/2017 10:00,4/7/2017 9:30,2631.82,2500.0,131.82,1357.8,RFR,4.0,,False,0,Carrier 1486119,Shipper 1298,True,True,True,4/5/2017 10:00,4/7/2017 18:00,False,False,False,False,False,False,False,False,Saint Anthony,ID ,Saint Anthony,ID 
1416,206575657,9/14/2017 17:50,9/14/2017 17:50,9/18/2017 9:44,9/18/2017 12:00,9/19/2017 12:00,2631.38,2480.0,151.38,651.2,RFR,,,False,0,Carrier 975211,Shipper 1249,True,True,True,9/18/2017 12:00,9/19/2017 10:00,False,False,False,False,False,False,False,False,Baldwinsville,NY ,Baldwinsville,NY 
1417,206575657,9/14/2017 17:50,9/14/2017 17:50,9/18/2017 9:44,9/18/2017 12:00,9/19/2017 12:00,2631.38,2480.0,151.38,651.2,RFR,,,False,0,Carrier 975211,Shipper 1375,True,True,True,9/18/2017 12:00,9/19/2017 10:00,False,False,False,False,False,False,False,False,Baldwinsville,NY ,Baldwinsville,NY 
1418,206575657,9/14/2017 17:50,9/14/2017 17:50,9/18/2017 9:44,9/18/2017 12:00,9/19/2017 12:00,2631.38,2480.0,151.38,651.2,RFR,,,False,0,Carrier 975211,Shipper 1386,True,True,True,9/18/2017 12:00,9/19/2017 10:00,False,False,False,False,False,False,False,False,Baldwinsville,NY ,Baldwinsville,NY 
1419,206575657,9/14/2017 17:50,9/14/2017 17:50,9/18/2017 9:44,9/18/2017 12:00,9/19/2017 12:00,2631.38,2480.0,151.38,651.2,RFR,,,False,0,Carrier 975211,Shipper 1248,True,True,True,9/18/2017 12:00,9/19/2017 10:00,False,False,False,False,False,False,False,False,Baldwinsville,NY ,Baldwinsville,NY 
1420,206575657,9/14/2017 17:50,9/14/2017 17:50,9/18/2017 9:44,9/18/2017 12:00,9/19/2017 12:00,2631.38,2480.0,151.38,651.2,RFR,,,False,0,Carrier 975211,Shipper 1387,True,True,True,9/18/2017 12:00,9/19/2017 10:00,False,False,False,False,False,False,False,False,Baldwinsville,NY ,Baldwinsville,NY 
1421,206575657,9/14/2017 17:50,9/14/2017 17:50,9/18/2017 9:44,9/18/2017 12:00,9/19/2017 12:00,2631.38,2480.0,151.38,651.2,RFR,,,False,0,Carrier 975211,Shipper 1388,True,True,True,9/18/2017 12:00,9/19/2017 10:00,False,False,False,False,False,False,False,False,Baldwinsville,NY ,Baldwinsville,NY 
1422,206553057,5/16/2017 14:00,5/16/2017 14:00,5/17/2017 13:28,5/17/2017 16:00,5/19/2017 10:10,2622.34,2300.0,322.34,891.2,DRV,2.0,,False,0,Carrier 266164,Shipper 1249,True,True,True,5/17/2017 16:00,5/19/2017 14:00,False,False,False,False,False,False,False,False,Houston,TX ,Houston,TX 
1423,206553057,5/16/2017 14:00,5/16/2017 14:00,5/17/2017 13:28,5/17/2017 16:00,5/19/2017 10:10,2622.34,2300.0,322.34,891.2,DRV,2.0,,False,0,Carrier 266164,Shipper 1375,True,True,True,5/17/2017 16:00,5/19/2017 14:00,False,False,False,False,False,False,False,False,Houston,TX ,Houston,TX 
1424,206553057,5/16/2017 14:00,5/16/2017 14:00,5/17/2017 13:28,5/17/2017 16:00,5/19/2017 10:10,2622.34,2300.0,322.34,891.2,DRV,2.0,,False,0,Carrier 266164,Shipper 1386,True,True,True,5/17/2017 16:00,5/19/2017 14:00,False,False,False,False,False,False,False,False,Houston,TX ,Houston,TX 
1425,206553057,5/16/2017 14:00,5/16/2017 14:00,5/17/2017 13:28,5/17/2017 16:00,5/19/2017 10:10,2622.34,2300.0,322.34,891.2,DRV,2.0,,False,0,Carrier 266164,Shipper 1248,True,True,True,5/17/2017 16:00,5/19/2017 14:00,False,False,False,False,False,False,False,False,Houston,TX ,Houston,TX 
1426,206553057,5/16/2017 14:00,5/16/2017 14:00,5/17/2017 13:28,5/17/2017 16:00,5/19/2017 10:10,2622.34,2300.0,322.34,891.2,DRV,2.0,,False,0,Carrier 266164,Shipper 1387,True,True,True,5/17/2017 16:00,5/19/2017 14:00,False,False,False,False,False,False,False,False,Houston,TX ,Houston,TX 
1427,206553057,5/16/2017 14:00,5/16/2017 14:00,5/17/2017 13:28,5/17/2017 16:00,5/19/2017 10:10,2622.34,2300.0,322.34,891.2,DRV,2.0,,False,0,Carrier 266164,Shipper 1388,True,True,True,5/17/2017 16:00,5/19/2017 14:00,False,False,False,False,False,False,False,False,Houston,TX ,Houston,TX 
1428,206576073,4/21/2017 16:15,4/21/2017 16:16,4/24/2017 13:32,4/25/2017 15:00,4/28/2017 12:31,2613.72,485.0,2128.72,1726.4,DRV,,,False,0,Carrier 1016288,Shipper 1249,True,True,True,4/25/2017 15:00,4/28/2017 8:00,False,False,False,False,False,False,False,False,Fort Collins,CO ,Fort Collins,CO 
1429,206576073,4/21/2017 16:15,4/21/2017 16:16,4/24/2017 13:32,4/25/2017 15:00,4/28/2017 12:31,2613.72,485.0,2128.72,1726.4,DRV,,,False,0,Carrier 1016288,Shipper 1375,True,True,True,4/25/2017 15:00,4/28/2017 8:00,False,False,False,False,False,False,False,False,Fort Collins,CO ,Fort Collins,CO 
1430,206576073,4/21/2017 16:15,4/21/2017 16:16,4/24/2017 13:32,4/25/2017 15:00,4/28/2017 12:31,2613.72,485.0,2128.72,1726.4,DRV,,,False,0,Carrier 1016288,Shipper 1386,True,True,True,4/25/2017 15:00,4/28/2017 8:00,False,False,False,False,False,False,False,False,Fort Collins,CO ,Fort Collins,CO 
1431,206576073,4/21/2017 16:15,4/21/2017 16:16,4/24/2017 13:32,4/25/2017 15:00,4/28/2017 12:31,2613.72,485.0,2128.72,1726.4,DRV,,,False,0,Carrier 1016288,Shipper 1248,True,True,True,4/25/2017 15:00,4/28/2017 8:00,False,False,False,False,False,False,False,False,Fort Collins,CO ,Fort Collins,CO 
1432,206576073,4/21/2017 16:15,4/21/2017 16:16,4/24/2017 13:32,4/25/2017 15:00,4/28/2017 12:31,2613.72,485.0,2128.72,1726.4,DRV,,,False,0,Carrier 1016288,Shipper 1387,True,True,True,4/25/2017 15:00,4/28/2017 8:00,False,False,False,False,False,False,False,False,Fort Collins,CO ,Fort Collins,CO 
1433,206576073,4/21/2017 16:15,4/21/2017 16:16,4/24/2017 13:32,4/25/2017 15:00,4/28/2017 12:31,2613.72,485.0,2128.72,1726.4,DRV,,,False,0,Carrier 1016288,Shipper 1388,True,True,True,4/25/2017 15:00,4/28/2017 8:00,False,False,False,False,False,False,False,False,Fort Collins,CO ,Fort Collins,CO 
1434,206540353,12/4/2017 12:21,12/4/2017 12:21,12/4/2017 14:58,12/5/2017 13:00,12/7/2017 22:45,2612.05,2000.0,612.05,636.0,DRV,,,False,0,Carrier 1028053,Shipper 1644,False,False,False,12/5/2017 13:00,12/6/2017 21:15,False,False,False,False,False,False,False,False,Charleston,SC ,Charleston,SC 
1435,206544657,7/11/2017 16:34,7/11/2017 16:35,7/14/2017 10:23,7/16/2017 14:00,7/18/2017 8:00,2603.7,2650.0,-46.3,619.6,RFR,,,False,0,Carrier 11186,Shipper 1249,True,True,True,7/16/2017 14:00,7/18/2017 14:00,False,False,False,False,False,False,False,False,Granite City,IL ,Granite City,IL 
1436,206544657,7/11/2017 16:34,7/11/2017 16:35,7/14/2017 10:23,7/16/2017 14:00,7/18/2017 8:00,2603.7,2650.0,-46.3,619.6,RFR,,,False,0,Carrier 11186,Shipper 1375,True,True,True,7/16/2017 14:00,7/18/2017 14:00,False,False,False,False,False,False,False,False,Granite City,IL ,Granite City,IL 
1437,206544657,7/11/2017 16:34,7/11/2017 16:35,7/14/2017 10:23,7/16/2017 14:00,7/18/2017 8:00,2603.7,2650.0,-46.3,619.6,RFR,,,False,0,Carrier 11186,Shipper 1386,True,True,True,7/16/2017 14:00,7/18/2017 14:00,False,False,False,False,False,False,False,False,Granite City,IL ,Granite City,IL 
1438,206544657,7/11/2017 16:34,7/11/2017 16:35,7/14/2017 10:23,7/16/2017 14:00,7/18/2017 8:00,2603.7,2650.0,-46.3,619.6,RFR,,,False,0,Carrier 11186,Shipper 1248,True,True,True,7/16/2017 14:00,7/18/2017 14:00,False,False,False,False,False,False,False,False,Granite City,IL ,Granite City,IL 
1439,206544657,7/11/2017 16:34,7/11/2017 16:35,7/14/2017 10:23,7/16/2017 14:00,7/18/2017 8:00,2603.7,2650.0,-46.3,619.6,RFR,,,False,0,Carrier 11186,Shipper 1387,True,True,True,7/16/2017 14:00,7/18/2017 14:00,False,False,False,False,False,False,False,False,Granite City,IL ,Granite City,IL 
1440,206544657,7/11/2017 16:34,7/11/2017 16:35,7/14/2017 10:23,7/16/2017 14:00,7/18/2017 8:00,2603.7,2650.0,-46.3,619.6,RFR,,,False,0,Carrier 11186,Shipper 1388,True,True,True,7/16/2017 14:00,7/18/2017 14:00,False,False,False,False,False,False,False,False,Granite City,IL ,Granite City,IL 
1441,206656617,7/26/2017 10:28,7/26/2017 10:28,7/26/2017 13:40,7/25/2017 14:00,7/27/2017 10:00,2600.0,2450.0,150.0,1232.2,DRV,,,False,0,Carrier 57804,Shipper 1585,True,True,True,7/25/2017 15:00,7/27/2017 10:00,False,False,False,False,False,False,False,False,Sycamore,IL ,Sycamore,IL 
1442,206656617,7/26/2017 10:28,7/26/2017 10:28,7/26/2017 13:40,7/25/2017 14:00,7/27/2017 10:00,2600.0,2450.0,150.0,1232.2,DRV,,,False,0,Carrier 57804,Shipper 1587,True,True,True,7/25/2017 15:00,7/27/2017 10:00,False,False,False,False,False,False,False,False,Sycamore,IL ,Sycamore,IL 
1443,206643617,8/22/2017 11:13,8/22/2017 11:13,8/23/2017 17:45,8/23/2017 13:00,8/25/2017 8:00,2600.0,3100.0,-500.0,899.4,RFR,,,False,0,Carrier 1241246,Shipper 734,True,True,True,8/23/2017 19:00,8/25/2017 6:00,False,False,False,False,False,False,False,False,Green Bay,WI ,Green Bay,WI 
1444,206561473,10/30/2017 16:28,10/30/2017 16:28,11/1/2017 14:45,11/1/2017 17:00,11/3/2017 10:25,2599.9,2700.0,-100.1,725.9,DRV,,,False,1,Carrier 76966,Shipper 1249,True,True,True,11/1/2017 17:00,11/3/2017 14:00,False,False,False,False,False,False,False,False,St. Louis,MO ,St. Louis,MO 
1445,206561473,10/30/2017 16:28,10/30/2017 16:28,11/1/2017 14:45,11/1/2017 17:00,11/3/2017 10:25,2599.9,2700.0,-100.1,725.9,DRV,,,False,1,Carrier 76966,Shipper 1375,True,True,True,11/1/2017 17:00,11/3/2017 14:00,False,False,False,False,False,False,False,False,St. Louis,MO ,St. Louis,MO 
1446,206561473,10/30/2017 16:28,10/30/2017 16:28,11/1/2017 14:45,11/1/2017 17:00,11/3/2017 10:25,2599.9,2700.0,-100.1,725.9,DRV,,,False,1,Carrier 76966,Shipper 1386,True,True,True,11/1/2017 17:00,11/3/2017 14:00,False,False,False,False,False,False,False,False,St. Louis,MO ,St. Louis,MO 
1447,206561473,10/30/2017 16:28,10/30/2017 16:28,11/1/2017 14:45,11/1/2017 17:00,11/3/2017 10:25,2599.9,2700.0,-100.1,725.9,DRV,,,False,1,Carrier 76966,Shipper 1248,True,True,True,11/1/2017 17:00,11/3/2017 14:00,False,False,False,False,False,False,False,False,St. Louis,MO ,St. Louis,MO 
1448,206561473,10/30/2017 16:28,10/30/2017 16:28,11/1/2017 14:45,11/1/2017 17:00,11/3/2017 10:25,2599.9,2700.0,-100.1,725.9,DRV,,,False,1,Carrier 76966,Shipper 1387,True,True,True,11/1/2017 17:00,11/3/2017 14:00,False,False,False,False,False,False,False,False,St. Louis,MO ,St. Louis,MO 
1449,206561473,10/30/2017 16:28,10/30/2017 16:28,11/1/2017 14:45,11/1/2017 17:00,11/3/2017 10:25,2599.9,2700.0,-100.1,725.9,DRV,,,False,1,Carrier 76966,Shipper 1388,True,True,True,11/1/2017 17:00,11/3/2017 14:00,False,False,False,False,False,False,False,False,St. Louis,MO ,St. Louis,MO 
1450,206451721,12/4/2017 10:30,12/4/2017 10:30,12/5/2017 14:11,12/5/2017 16:00,12/8/2017 9:00,2598.36,2500.0,98.36,1278.7,DRV,,,False,0,Carrier 1377814,Shipper 1249,False,True,False,12/5/2017 16:00,12/8/2017 13:00,False,False,False,False,False,False,False,False,Fort Collins,CO ,Fort Collins,CO 
1451,206451721,12/4/2017 10:30,12/4/2017 10:30,12/5/2017 14:11,12/5/2017 16:00,12/8/2017 9:00,2598.36,2500.0,98.36,1278.7,DRV,,,False,0,Carrier 1377814,Shipper 1375,False,True,False,12/5/2017 16:00,12/8/2017 13:00,False,False,False,False,False,False,False,False,Fort Collins,CO ,Fort Collins,CO 
1452,206451721,12/4/2017 10:30,12/4/2017 10:30,12/5/2017 14:11,12/5/2017 16:00,12/8/2017 9:00,2598.36,2500.0,98.36,1278.7,DRV,,,False,0,Carrier 1377814,Shipper 1386,False,True,False,12/5/2017 16:00,12/8/2017 13:00,False,False,False,False,False,False,False,False,Fort Collins,CO ,Fort Collins,CO 
1453,206451721,12/4/2017 10:30,12/4/2017 10:30,12/5/2017 14:11,12/5/2017 16:00,12/8/2017 9:00,2598.36,2500.0,98.36,1278.7,DRV,,,False,0,Carrier 1377814,Shipper 1248,False,True,False,12/5/2017 16:00,12/8/2017 13:00,False,False,False,False,False,False,False,False,Fort Collins,CO ,Fort Collins,CO 
1454,206451721,12/4/2017 10:30,12/4/2017 10:30,12/5/2017 14:11,12/5/2017 16:00,12/8/2017 9:00,2598.36,2500.0,98.36,1278.7,DRV,,,False,0,Carrier 1377814,Shipper 1387,False,True,False,12/5/2017 16:00,12/8/2017 13:00,False,False,False,False,False,False,False,False,Fort Collins,CO ,Fort Collins,CO 
1455,206451721,12/4/2017 10:30,12/4/2017 10:30,12/5/2017 14:11,12/5/2017 16:00,12/8/2017 9:00,2598.36,2500.0,98.36,1278.7,DRV,,,False,0,Carrier 1377814,Shipper 1388,False,True,False,12/5/2017 16:00,12/8/2017 13:00,False,False,False,False,False,False,False,False,Fort Collins,CO ,Fort Collins,CO 
1456,206512377,5/16/2017 14:37,5/16/2017 14:37,5/17/2017 12:07,5/17/2017 14:00,5/19/2017 11:30,2594.39,2660.0,-65.61,901.3,DRV,4.0,,False,0,Carrier 961246,Shipper 1249,True,True,True,5/17/2017 14:00,5/19/2017 12:00,False,False,False,False,False,False,False,False,Houston,TX ,Houston,TX 
1457,206512377,5/16/2017 14:37,5/16/2017 14:37,5/17/2017 12:07,5/17/2017 14:00,5/19/2017 11:30,2594.39,2660.0,-65.61,901.3,DRV,4.0,,False,0,Carrier 961246,Shipper 1375,True,True,True,5/17/2017 14:00,5/19/2017 12:00,False,False,False,False,False,False,False,False,Houston,TX ,Houston,TX 
1458,206512377,5/16/2017 14:37,5/16/2017 14:37,5/17/2017 12:07,5/17/2017 14:00,5/19/2017 11:30,2594.39,2660.0,-65.61,901.3,DRV,4.0,,False,0,Carrier 961246,Shipper 1386,True,True,True,5/17/2017 14:00,5/19/2017 12:00,False,False,False,False,False,False,False,False,Houston,TX ,Houston,TX 
1459,206512377,5/16/2017 14:37,5/16/2017 14:37,5/17/2017 12:07,5/17/2017 14:00,5/19/2017 11:30,2594.39,2660.0,-65.61,901.3,DRV,4.0,,False,0,Carrier 961246,Shipper 1248,True,True,True,5/17/2017 14:00,5/19/2017 12:00,False,False,False,False,False,False,False,False,Houston,TX ,Houston,TX 
1460,206512377,5/16/2017 14:37,5/16/2017 14:37,5/17/2017 12:07,5/17/2017 14:00,5/19/2017 11:30,2594.39,2660.0,-65.61,901.3,DRV,4.0,,False,0,Carrier 961246,Shipper 1387,True,True,True,5/17/2017 14:00,5/19/2017 12:00,False,False,False,False,False,False,False,False,Houston,TX ,Houston,TX 
1461,206512377,5/16/2017 14:37,5/16/2017 14:37,5/17/2017 12:07,5/17/2017 14:00,5/19/2017 11:30,2594.39,2660.0,-65.61,901.3,DRV,4.0,,False,0,Carrier 961246,Shipper 1388,True,True,True,5/17/2017 14:00,5/19/2017 12:00,False,False,False,False,False,False,False,False,Houston,TX ,Houston,TX 
1462,206579313,8/1/2017 17:29,8/1/2017 17:29,8/3/2017 12:37,8/4/2017 17:00,8/7/2017 14:30,2593.16,2800.0,-206.84,1064.4,DRV,,,False,0,Carrier 1059812,Shipper 1249,True,True,True,8/4/2017 17:00,8/7/2017 12:30,False,False,False,False,False,False,False,False,Fairfield,CA ,Fairfield,CA 
1463,206579313,8/1/2017 17:29,8/1/2017 17:29,8/3/2017 12:37,8/4/2017 17:00,8/7/2017 14:30,2593.16,2800.0,-206.84,1064.4,DRV,,,False,0,Carrier 1059812,Shipper 1375,True,True,True,8/4/2017 17:00,8/7/2017 12:30,False,False,False,False,False,False,False,False,Fairfield,CA ,Fairfield,CA 
1464,206579313,8/1/2017 17:29,8/1/2017 17:29,8/3/2017 12:37,8/4/2017 17:00,8/7/2017 14:30,2593.16,2800.0,-206.84,1064.4,DRV,,,False,0,Carrier 1059812,Shipper 1386,True,True,True,8/4/2017 17:00,8/7/2017 12:30,False,False,False,False,False,False,False,False,Fairfield,CA ,Fairfield,CA 
1465,206579313,8/1/2017 17:29,8/1/2017 17:29,8/3/2017 12:37,8/4/2017 17:00,8/7/2017 14:30,2593.16,2800.0,-206.84,1064.4,DRV,,,False,0,Carrier 1059812,Shipper 1248,True,True,True,8/4/2017 17:00,8/7/2017 12:30,False,False,False,False,False,False,False,False,Fairfield,CA ,Fairfield,CA 
1466,206579313,8/1/2017 17:29,8/1/2017 17:29,8/3/2017 12:37,8/4/2017 17:00,8/7/2017 14:30,2593.16,2800.0,-206.84,1064.4,DRV,,,False,0,Carrier 1059812,Shipper 1387,True,True,True,8/4/2017 17:00,8/7/2017 12:30,False,False,False,False,False,False,False,False,Fairfield,CA ,Fairfield,CA 
1467,206579313,8/1/2017 17:29,8/1/2017 17:29,8/3/2017 12:37,8/4/2017 17:00,8/7/2017 14:30,2593.16,2800.0,-206.84,1064.4,DRV,,,False,0,Carrier 1059812,Shipper 1388,True,True,True,8/4/2017 17:00,8/7/2017 12:30,False,False,False,False,False,False,False,False,Fairfield,CA ,Fairfield,CA 
1468,206647425,3/15/2017 9:24,3/15/2017 9:24,3/15/2017 12:12,3/15/2017 16:30,3/17/2017 11:30,2593.0,2350.0,243.0,1188.1,DRV,3.0,,False,0,Carrier 1558348,Shipper 585,True,True,True,3/15/2017 16:30,3/17/2017 10:00,False,False,False,False,False,False,False,False,Sioux City,IA ,Sioux City,IA 
1469,206499417,3/9/2017 12:14,3/9/2017 12:14,3/9/2017 12:42,3/9/2017 15:30,3/13/2017 8:56,2593.0,2300.0,293.0,1188.1,DRV,4.0,,False,0,Carrier 178,Shipper 585,True,True,True,3/9/2017 15:30,3/13/2017 8:00,False,False,False,False,False,False,False,False,Sioux City,IA ,Sioux City,IA 
1470,206754817,10/16/2017 10:34,10/16/2017 10:34,10/18/2017 11:36,10/18/2017 20:00,10/20/2017 13:20,2590.16,2210.0,380.16,1277.4,DRV,,,False,2,Carrier 1080120,Shipper 1644,True,True,True,10/18/2017 20:00,10/21/2017 10:00,False,False,False,False,False,False,False,False,Piedmont,SC ,Piedmont,SC 
1471,206479153,7/24/2017 10:44,7/24/2017 10:44,7/26/2017 10:30,7/26/2017 12:00,7/28/2017 9:00,2590.0,2600.0,-10.0,1225.3,DRV,,,False,1,Carrier 57804,Shipper 585,True,True,True,7/26/2017 13:00,7/28/2017 10:00,False,False,False,False,False,False,False,False,Sycamore,IL ,Sycamore,IL 
1472,206548809,8/4/2017 16:29,8/4/2017 16:29,8/7/2017 10:47,8/8/2017 20:00,8/10/2017 10:00,2583.54,2366.0,217.54,783.3,DRV,,,False,0,Carrier 1006210,Shipper 1249,True,True,True,8/8/2017 20:00,8/10/2017 16:00,False,False,False,False,False,False,False,False,Fairfield,CA ,Fairfield,CA 
1473,206548809,8/4/2017 16:29,8/4/2017 16:29,8/7/2017 10:47,8/8/2017 20:00,8/10/2017 10:00,2583.54,2366.0,217.54,783.3,DRV,,,False,0,Carrier 1006210,Shipper 1375,True,True,True,8/8/2017 20:00,8/10/2017 16:00,False,False,False,False,False,False,False,False,Fairfield,CA ,Fairfield,CA 
1474,206548809,8/4/2017 16:29,8/4/2017 16:29,8/7/2017 10:47,8/8/2017 20:00,8/10/2017 10:00,2583.54,2366.0,217.54,783.3,DRV,,,False,0,Carrier 1006210,Shipper 1386,True,True,True,8/8/2017 20:00,8/10/2017 16:00,False,False,False,False,False,False,False,False,Fairfield,CA ,Fairfield,CA 
1475,206548809,8/4/2017 16:29,8/4/2017 16:29,8/7/2017 10:47,8/8/2017 20:00,8/10/2017 10:00,2583.54,2366.0,217.54,783.3,DRV,,,False,0,Carrier 1006210,Shipper 1248,True,True,True,8/8/2017 20:00,8/10/2017 16:00,False,False,False,False,False,False,False,False,Fairfield,CA ,Fairfield,CA 
1476,206548809,8/4/2017 16:29,8/4/2017 16:29,8/7/2017 10:47,8/8/2017 20:00,8/10/2017 10:00,2583.54,2366.0,217.54,783.3,DRV,,,False,0,Carrier 1006210,Shipper 1387,True,True,True,8/8/2017 20:00,8/10/2017 16:00,False,False,False,False,False,False,False,False,Fairfield,CA ,Fairfield,CA 
1477,206548809,8/4/2017 16:29,8/4/2017 16:29,8/7/2017 10:47,8/8/2017 20:00,8/10/2017 10:00,2583.54,2366.0,217.54,783.3,DRV,,,False,0,Carrier 1006210,Shipper 1388,True,True,True,8/8/2017 20:00,8/10/2017 16:00,False,False,False,False,False,False,False,False,Fairfield,CA ,Fairfield,CA 
1478,206505009,9/8/2017 18:42,9/8/2017 18:42,9/11/2017 9:39,9/11/2017 10:00,9/13/2017 8:20,2577.95,2740.0,-162.05,1031.6,DRV,,,False,0,Carrier 79277,Shipper 1249,True,True,True,9/11/2017 12:00,9/13/2017 16:00,False,False,False,False,False,False,False,False,Newark,NJ ,Newark,NJ 
1479,206505009,9/8/2017 18:42,9/8/2017 18:42,9/11/2017 9:39,9/11/2017 10:00,9/13/2017 8:20,2577.95,2740.0,-162.05,1031.6,DRV,,,False,0,Carrier 79277,Shipper 1375,True,True,True,9/11/2017 12:00,9/13/2017 16:00,False,False,False,False,False,False,False,False,Newark,NJ ,Newark,NJ 
1480,206505009,9/8/2017 18:42,9/8/2017 18:42,9/11/2017 9:39,9/11/2017 10:00,9/13/2017 8:20,2577.95,2740.0,-162.05,1031.6,DRV,,,False,0,Carrier 79277,Shipper 1386,True,True,True,9/11/2017 12:00,9/13/2017 16:00,False,False,False,False,False,False,False,False,Newark,NJ ,Newark,NJ 
1481,206505009,9/8/2017 18:42,9/8/2017 18:42,9/11/2017 9:39,9/11/2017 10:00,9/13/2017 8:20,2577.95,2740.0,-162.05,1031.6,DRV,,,False,0,Carrier 79277,Shipper 1248,True,True,True,9/11/2017 12:00,9/13/2017 16:00,False,False,False,False,False,False,False,False,Newark,NJ ,Newark,NJ 
1482,206505009,9/8/2017 18:42,9/8/2017 18:42,9/11/2017 9:39,9/11/2017 10:00,9/13/2017 8:20,2577.95,2740.0,-162.05,1031.6,DRV,,,False,0,Carrier 79277,Shipper 1387,True,True,True,9/11/2017 12:00,9/13/2017 16:00,False,False,False,False,False,False,False,False,Newark,NJ ,Newark,NJ 
1483,206505009,9/8/2017 18:42,9/8/2017 18:42,9/11/2017 9:39,9/11/2017 10:00,9/13/2017 8:20,2577.95,2740.0,-162.05,1031.6,DRV,,,False,0,Carrier 79277,Shipper 1388,True,True,True,9/11/2017 12:00,9/13/2017 16:00,False,False,False,False,False,False,False,False,Newark,NJ ,Newark,NJ 
1484,206424169,6/20/2017 11:03,6/20/2017 11:03,6/21/2017 9:42,6/23/2017 8:00,6/26/2017 15:41,2577.84,2400.0,177.84,1032.9,DRV,,,False,0,Carrier 57804,Shipper 1249,True,True,True,6/23/2017 18:00,6/26/2017 10:00,False,False,False,False,False,False,False,False,Pleasant Prairie,WI ,Pleasant Prairie,WI 
1485,206424169,6/20/2017 11:03,6/20/2017 11:03,6/21/2017 9:42,6/23/2017 8:00,6/26/2017 15:41,2577.84,2400.0,177.84,1032.9,DRV,,,False,0,Carrier 57804,Shipper 1375,True,True,True,6/23/2017 18:00,6/26/2017 10:00,False,False,False,False,False,False,False,False,Pleasant Prairie,WI ,Pleasant Prairie,WI 
1486,206424169,6/20/2017 11:03,6/20/2017 11:03,6/21/2017 9:42,6/23/2017 8:00,6/26/2017 15:41,2577.84,2400.0,177.84,1032.9,DRV,,,False,0,Carrier 57804,Shipper 1386,True,True,True,6/23/2017 18:00,6/26/2017 10:00,False,False,False,False,False,False,False,False,Pleasant Prairie,WI ,Pleasant Prairie,WI 
1487,206424169,6/20/2017 11:03,6/20/2017 11:03,6/21/2017 9:42,6/23/2017 8:00,6/26/2017 15:41,2577.84,2400.0,177.84,1032.9,DRV,,,False,0,Carrier 57804,Shipper 1248,True,True,True,6/23/2017 18:00,6/26/2017 10:00,False,False,False,False,False,False,False,False,Pleasant Prairie,WI ,Pleasant Prairie,WI 
1488,206424169,6/20/2017 11:03,6/20/2017 11:03,6/21/2017 9:42,6/23/2017 8:00,6/26/2017 15:41,2577.84,2400.0,177.84,1032.9,DRV,,,False,0,Carrier 57804,Shipper 1387,True,True,True,6/23/2017 18:00,6/26/2017 10:00,False,False,False,False,False,False,False,False,Pleasant Prairie,WI ,Pleasant Prairie,WI 
1489,206424169,6/20/2017 11:03,6/20/2017 11:03,6/21/2017 9:42,6/23/2017 8:00,6/26/2017 15:41,2577.84,2400.0,177.84,1032.9,DRV,,,False,0,Carrier 57804,Shipper 1388,True,True,True,6/23/2017 18:00,6/26/2017 10:00,False,False,False,False,False,False,False,False,Pleasant Prairie,WI ,Pleasant Prairie,WI 
1490,206572729,2/22/2017 15:55,2/22/2017 15:55,2/23/2017 9:48,2/23/2017 14:00,2/26/2017 21:00,2575.0,2300.0,275.0,1211.7,DRV,,,False,0,Carrier 99659,Shipper 1052,True,True,True,2/23/2017 15:30,2/26/2017 23:00,False,False,False,False,False,False,False,False,Braithwaite,LA ,Braithwaite,LA 
1491,206694273,10/7/2017 10:48,10/7/2017 10:48,10/9/2017 14:30,10/10/2017 22:00,10/12/2017 14:40,2573.42,2500.0,73.42,1319.8,DRV,,,True,0,Carrier 98311,Shipper 1644,True,True,True,10/10/2017 22:00,10/12/2017 13:00,False,False,False,False,False,False,False,False,Canton,NC ,Canton,NC 
1492,206636569,10/7/2017 10:56,10/7/2017 10:56,10/9/2017 14:30,10/10/2017 16:00,10/11/2017 23:30,2573.42,2500.0,73.42,1319.8,DRV,,,True,0,Carrier 98311,Shipper 1644,True,True,True,10/10/2017 16:00,10/12/2017 11:00,False,False,False,False,False,False,False,False,Canton,NC ,Canton,NC 
1493,206597801,10/7/2017 10:29,10/7/2017 10:29,10/10/2017 12:29,10/10/2017 15:00,10/12/2017 21:37,2573.42,2500.0,73.42,1319.8,DRV,,,False,1,Carrier 412137,Shipper 1644,True,False,False,10/10/2017 15:00,10/12/2017 10:00,False,False,False,False,False,False,False,False,Canton,NC ,Canton,NC 
1494,206542985,10/7/2017 10:41,10/7/2017 10:41,10/9/2017 9:34,10/9/2017 15:00,10/10/2017 19:30,2573.42,2500.0,73.42,1319.8,DRV,,,True,0,Carrier 98311,Shipper 1644,True,True,True,10/9/2017 15:00,10/11/2017 9:00,False,False,False,False,False,False,False,False,Canton,NC ,Canton,NC 
1495,206756905,2/9/2017 13:14,2/9/2017 13:15,2/10/2017 11:18,2/13/2017 17:00,2/17/2017 12:25,2569.59,2300.0,269.59,2032.9,DRV,,,False,0,Carrier 80460,Shipper 425,True,True,True,2/13/2017 17:00,2/17/2017 11:00,False,False,False,False,False,False,False,False,Kent,WA ,Kent,WA 
1496,206578857,1/16/2017 8:50,1/16/2017 8:50,1/16/2017 9:32,1/13/2017 3:00,1/14/2017 6:00,2568.0,2051.0,517.0,140.0,RFR,,,False,0,Carrier 968589,Shipper 758,,,,1/14/2017 2:00,1/14/2017 2:00,False,False,False,False,False,False,False,False,Portland,OR ,Portland,OR 
1497,206570009,3/1/2017 13:35,3/1/2017 13:35,3/9/2017 15:27,3/10/2017 15:00,3/14/2017 10:00,2562.13,2400.0,162.13,1245.7,DRV,,,False,0,Carrier 73924,Shipper 758,True,False,False,3/10/2017 15:00,3/14/2017 6:30,False,False,False,False,False,False,False,False,Janesville,WI ,Janesville,WI 
1498,206527161,11/8/2017 16:39,11/8/2017 16:39,11/10/2017 9:02,11/11/2017 12:00,11/13/2017 10:00,2559.26,2450.0,109.26,1083.4,DRV,,,False,0,Carrier 107434,Shipper 1249,True,True,True,11/11/2017 12:00,11/13/2017 18:00,False,False,False,False,False,False,False,False,St. Louis,MO ,St. Louis,MO 
1499,206527161,11/8/2017 16:39,11/8/2017 16:39,11/10/2017 9:02,11/11/2017 12:00,11/13/2017 10:00,2559.26,2450.0,109.26,1083.4,DRV,,,False,0,Carrier 107434,Shipper 1375,True,True,True,11/11/2017 12:00,11/13/2017 18:00,False,False,False,False,False,False,False,False,St. Louis,MO ,St. Louis,MO 
1500,206527161,11/8/2017 16:39,11/8/2017 16:39,11/10/2017 9:02,11/11/2017 12:00,11/13/2017 10:00,2559.26,2450.0,109.26,1083.4,DRV,,,False,0,Carrier 107434,Shipper 1386,True,True,True,11/11/2017 12:00,11/13/2017 18:00,False,False,False,False,False,False,False,False,St. Louis,MO ,St. Louis,MO 
1501,206527161,11/8/2017 16:39,11/8/2017 16:39,11/10/2017 9:02,11/11/2017 12:00,11/13/2017 10:00,2559.26,2450.0,109.26,1083.4,DRV,,,False,0,Carrier 107434,Shipper 1248,True,True,True,11/11/2017 12:00,11/13/2017 18:00,False,False,False,False,False,False,False,False,St. Louis,MO ,St. Louis,MO 
1502,206527161,11/8/2017 16:39,11/8/2017 16:39,11/10/2017 9:02,11/11/2017 12:00,11/13/2017 10:00,2559.26,2450.0,109.26,1083.4,DRV,,,False,0,Carrier 107434,Shipper 1387,True,True,True,11/11/2017 12:00,11/13/2017 18:00,False,False,False,False,False,False,False,False,St. Louis,MO ,St. Louis,MO 
1503,206527161,11/8/2017 16:39,11/8/2017 16:39,11/10/2017 9:02,11/11/2017 12:00,11/13/2017 10:00,2559.26,2450.0,109.26,1083.4,DRV,,,False,0,Carrier 107434,Shipper 1388,True,True,True,11/11/2017 12:00,11/13/2017 18:00,False,False,False,False,False,False,False,False,St. Louis,MO ,St. Louis,MO 
1504,206600833,7/31/2017 17:53,7/31/2017 17:53,8/3/2017 14:45,8/3/2017 14:00,8/4/2017 17:00,2553.7,2700.0,-146.3,830.8,RFR,,,False,1,Carrier 74506,Shipper 1249,True,True,True,8/3/2017 16:00,8/4/2017 13:00,False,False,False,False,False,False,False,False,Aurora,CO ,Aurora,CO 
1505,206600833,7/31/2017 17:53,7/31/2017 17:53,8/3/2017 14:45,8/3/2017 14:00,8/4/2017 17:00,2553.7,2700.0,-146.3,830.8,RFR,,,False,1,Carrier 74506,Shipper 1375,True,True,True,8/3/2017 16:00,8/4/2017 13:00,False,False,False,False,False,False,False,False,Aurora,CO ,Aurora,CO 
1506,206600833,7/31/2017 17:53,7/31/2017 17:53,8/3/2017 14:45,8/3/2017 14:00,8/4/2017 17:00,2553.7,2700.0,-146.3,830.8,RFR,,,False,1,Carrier 74506,Shipper 1386,True,True,True,8/3/2017 16:00,8/4/2017 13:00,False,False,False,False,False,False,False,False,Aurora,CO ,Aurora,CO 
1507,206600833,7/31/2017 17:53,7/31/2017 17:53,8/3/2017 14:45,8/3/2017 14:00,8/4/2017 17:00,2553.7,2700.0,-146.3,830.8,RFR,,,False,1,Carrier 74506,Shipper 1248,True,True,True,8/3/2017 16:00,8/4/2017 13:00,False,False,False,False,False,False,False,False,Aurora,CO ,Aurora,CO 
1508,206600833,7/31/2017 17:53,7/31/2017 17:53,8/3/2017 14:45,8/3/2017 14:00,8/4/2017 17:00,2553.7,2700.0,-146.3,830.8,RFR,,,False,1,Carrier 74506,Shipper 1387,True,True,True,8/3/2017 16:00,8/4/2017 13:00,False,False,False,False,False,False,False,False,Aurora,CO ,Aurora,CO 
1509,206600833,7/31/2017 17:53,7/31/2017 17:53,8/3/2017 14:45,8/3/2017 14:00,8/4/2017 17:00,2553.7,2700.0,-146.3,830.8,RFR,,,False,1,Carrier 74506,Shipper 1388,True,True,True,8/3/2017 16:00,8/4/2017 13:00,False,False,False,False,False,False,False,False,Aurora,CO ,Aurora,CO 
1510,206475641,8/15/2017 11:39,8/15/2017 11:39,8/21/2017 8:39,8/21/2017 17:00,8/23/2017 6:00,2550.0,2300.0,250.0,1273.9,DRV,,,False,0,Carrier 604804,Shipper 585,True,True,True,8/21/2017 17:00,8/23/2017 5:00,False,False,False,False,False,False,False,False,Plant City,FL ,Plant City,FL 
1511,206425433,9/10/2017 9:49,9/10/2017 9:49,9/11/2017 11:43,9/11/2017 17:00,9/12/2017 12:05,2546.3,1900.0,646.3,629.4,DRV,,,False,0,Carrier 1076253,Shipper 1249,True,True,True,9/11/2017 17:00,9/12/2017 17:00,False,False,False,False,False,False,False,False,Los Angeles,CA ,Los Angeles,CA 
1512,206425433,9/10/2017 9:49,9/10/2017 9:49,9/11/2017 11:43,9/11/2017 17:00,9/12/2017 12:05,2546.3,1900.0,646.3,629.4,DRV,,,False,0,Carrier 1076253,Shipper 1375,True,True,True,9/11/2017 17:00,9/12/2017 17:00,False,False,False,False,False,False,False,False,Los Angeles,CA ,Los Angeles,CA 
1513,206425433,9/10/2017 9:49,9/10/2017 9:49,9/11/2017 11:43,9/11/2017 17:00,9/12/2017 12:05,2546.3,1900.0,646.3,629.4,DRV,,,False,0,Carrier 1076253,Shipper 1386,True,True,True,9/11/2017 17:00,9/12/2017 17:00,False,False,False,False,False,False,False,False,Los Angeles,CA ,Los Angeles,CA 
1514,206425433,9/10/2017 9:49,9/10/2017 9:49,9/11/2017 11:43,9/11/2017 17:00,9/12/2017 12:05,2546.3,1900.0,646.3,629.4,DRV,,,False,0,Carrier 1076253,Shipper 1248,True,True,True,9/11/2017 17:00,9/12/2017 17:00,False,False,False,False,False,False,False,False,Los Angeles,CA ,Los Angeles,CA 
1515,206425433,9/10/2017 9:49,9/10/2017 9:49,9/11/2017 11:43,9/11/2017 17:00,9/12/2017 12:05,2546.3,1900.0,646.3,629.4,DRV,,,False,0,Carrier 1076253,Shipper 1387,True,True,True,9/11/2017 17:00,9/12/2017 17:00,False,False,False,False,False,False,False,False,Los Angeles,CA ,Los Angeles,CA 
1516,206425433,9/10/2017 9:49,9/10/2017 9:49,9/11/2017 11:43,9/11/2017 17:00,9/12/2017 12:05,2546.3,1900.0,646.3,629.4,DRV,,,False,0,Carrier 1076253,Shipper 1388,True,True,True,9/11/2017 17:00,9/12/2017 17:00,False,False,False,False,False,False,False,False,Los Angeles,CA ,Los Angeles,CA 
1517,206567361,11/6/2017 17:32,11/6/2017 17:32,11/7/2017 11:25,11/7/2017 8:00,11/8/2017 10:40,2542.14,1750.0,792.14,492.9,DRV,,,False,0,Carrier 1233188,Shipper 1249,True,True,True,11/7/2017 15:30,11/8/2017 23:00,False,False,False,False,False,False,False,False,Holiday City,OH ,Holiday City,OH 
1518,206567361,11/6/2017 17:32,11/6/2017 17:32,11/7/2017 11:25,11/7/2017 8:00,11/8/2017 10:40,2542.14,1750.0,792.14,492.9,DRV,,,False,0,Carrier 1233188,Shipper 1375,True,True,True,11/7/2017 15:30,11/8/2017 23:00,False,False,False,False,False,False,False,False,Holiday City,OH ,Holiday City,OH 
1519,206567361,11/6/2017 17:32,11/6/2017 17:32,11/7/2017 11:25,11/7/2017 8:00,11/8/2017 10:40,2542.14,1750.0,792.14,492.9,DRV,,,False,0,Carrier 1233188,Shipper 1386,True,True,True,11/7/2017 15:30,11/8/2017 23:00,False,False,False,False,False,False,False,False,Holiday City,OH ,Holiday City,OH 
1520,206567361,11/6/2017 17:32,11/6/2017 17:32,11/7/2017 11:25,11/7/2017 8:00,11/8/2017 10:40,2542.14,1750.0,792.14,492.9,DRV,,,False,0,Carrier 1233188,Shipper 1248,True,True,True,11/7/2017 15:30,11/8/2017 23:00,False,False,False,False,False,False,False,False,Holiday City,OH ,Holiday City,OH 
1521,206567361,11/6/2017 17:32,11/6/2017 17:32,11/7/2017 11:25,11/7/2017 8:00,11/8/2017 10:40,2542.14,1750.0,792.14,492.9,DRV,,,False,0,Carrier 1233188,Shipper 1387,True,True,True,11/7/2017 15:30,11/8/2017 23:00,False,False,False,False,False,False,False,False,Holiday City,OH ,Holiday City,OH 
1522,206567361,11/6/2017 17:32,11/6/2017 17:32,11/7/2017 11:25,11/7/2017 8:00,11/8/2017 10:40,2542.14,1750.0,792.14,492.9,DRV,,,False,0,Carrier 1233188,Shipper 1388,True,True,True,11/7/2017 15:30,11/8/2017 23:00,False,False,False,False,False,False,False,False,Holiday City,OH ,Holiday City,OH 
1523,206622977,11/10/2017 8:48,11/10/2017 8:48,11/10/2017 11:31,11/10/2017 7:00,11/11/2017 22:30,2540.44,1100.0,1440.44,290.5,DRV,,,True,0,Carrier 1229228,Shipper 1249,True,True,True,11/10/2017 15:00,11/11/2017 23:00,False,False,False,False,False,False,False,False,Baldwinsville,NY ,Baldwinsville,NY 
1524,206622977,11/10/2017 8:48,11/10/2017 8:48,11/10/2017 11:31,11/10/2017 7:00,11/11/2017 22:30,2540.44,1100.0,1440.44,290.5,DRV,,,True,0,Carrier 1229228,Shipper 1375,True,True,True,11/10/2017 15:00,11/11/2017 23:00,False,False,False,False,False,False,False,False,Baldwinsville,NY ,Baldwinsville,NY 
1525,206622977,11/10/2017 8:48,11/10/2017 8:48,11/10/2017 11:31,11/10/2017 7:00,11/11/2017 22:30,2540.44,1100.0,1440.44,290.5,DRV,,,True,0,Carrier 1229228,Shipper 1386,True,True,True,11/10/2017 15:00,11/11/2017 23:00,False,False,False,False,False,False,False,False,Baldwinsville,NY ,Baldwinsville,NY 
1526,206622977,11/10/2017 8:48,11/10/2017 8:48,11/10/2017 11:31,11/10/2017 7:00,11/11/2017 22:30,2540.44,1100.0,1440.44,290.5,DRV,,,True,0,Carrier 1229228,Shipper 1248,True,True,True,11/10/2017 15:00,11/11/2017 23:00,False,False,False,False,False,False,False,False,Baldwinsville,NY ,Baldwinsville,NY 
1527,206622977,11/10/2017 8:48,11/10/2017 8:48,11/10/2017 11:31,11/10/2017 7:00,11/11/2017 22:30,2540.44,1100.0,1440.44,290.5,DRV,,,True,0,Carrier 1229228,Shipper 1387,True,True,True,11/10/2017 15:00,11/11/2017 23:00,False,False,False,False,False,False,False,False,Baldwinsville,NY ,Baldwinsville,NY 
1528,206622977,11/10/2017 8:48,11/10/2017 8:48,11/10/2017 11:31,11/10/2017 7:00,11/11/2017 22:30,2540.44,1100.0,1440.44,290.5,DRV,,,True,0,Carrier 1229228,Shipper 1388,True,True,True,11/10/2017 15:00,11/11/2017 23:00,False,False,False,False,False,False,False,False,Baldwinsville,NY ,Baldwinsville,NY 
1529,206464681,9/28/2017 9:00,9/28/2017 9:00,9/29/2017 15:00,10/2/2017 10:00,10/3/2017 17:23,2539.92,3010.0,-470.08,582.3,DRV,,,False,1,Carrier 1489000,Shipper 758,True,True,True,10/2/2017 16:00,10/3/2017 15:30,False,False,False,False,False,False,False,False,Walla Walla,WA ,Walla Walla,WA 
1530,206647089,11/16/2017 14:18,11/16/2017 14:18,11/16/2017 16:59,11/17/2017 8:00,11/20/2017 10:30,2539.0,2400.0,139.0,1396.5,DRV,,,False,0,Carrier 1695650,Shipper 1374,True,True,True,11/17/2017 15:45,11/20/2017 18:00,False,False,False,False,False,False,False,False,Conover,NC ,Conover,NC 
1531,206572009,3/27/2017 16:28,3/27/2017 16:28,3/28/2017 11:12,3/28/2017 16:00,3/30/2017 12:53,2534.92,2250.0,284.92,1476.7,DRV,,,False,0,Carrier 173773,Shipper 1249,True,True,True,3/28/2017 16:00,3/30/2017 15:00,False,False,False,False,False,False,False,False,Houston,TX ,Houston,TX 
1532,206572009,3/27/2017 16:28,3/27/2017 16:28,3/28/2017 11:12,3/28/2017 16:00,3/30/2017 12:53,2534.92,2250.0,284.92,1476.7,DRV,,,False,0,Carrier 173773,Shipper 1375,True,True,True,3/28/2017 16:00,3/30/2017 15:00,False,False,False,False,False,False,False,False,Houston,TX ,Houston,TX 
1533,206572009,3/27/2017 16:28,3/27/2017 16:28,3/28/2017 11:12,3/28/2017 16:00,3/30/2017 12:53,2534.92,2250.0,284.92,1476.7,DRV,,,False,0,Carrier 173773,Shipper 1386,True,True,True,3/28/2017 16:00,3/30/2017 15:00,False,False,False,False,False,False,False,False,Houston,TX ,Houston,TX 
1534,206572009,3/27/2017 16:28,3/27/2017 16:28,3/28/2017 11:12,3/28/2017 16:00,3/30/2017 12:53,2534.92,2250.0,284.92,1476.7,DRV,,,False,0,Carrier 173773,Shipper 1248,True,True,True,3/28/2017 16:00,3/30/2017 15:00,False,False,False,False,False,False,False,False,Houston,TX ,Houston,TX 
1535,206572009,3/27/2017 16:28,3/27/2017 16:28,3/28/2017 11:12,3/28/2017 16:00,3/30/2017 12:53,2534.92,2250.0,284.92,1476.7,DRV,,,False,0,Carrier 173773,Shipper 1387,True,True,True,3/28/2017 16:00,3/30/2017 15:00,False,False,False,False,False,False,False,False,Houston,TX ,Houston,TX 
1536,206572009,3/27/2017 16:28,3/27/2017 16:28,3/28/2017 11:12,3/28/2017 16:00,3/30/2017 12:53,2534.92,2250.0,284.92,1476.7,DRV,,,False,0,Carrier 173773,Shipper 1388,True,True,True,3/28/2017 16:00,3/30/2017 15:00,False,False,False,False,False,False,False,False,Houston,TX ,Houston,TX 
1537,206657265,10/23/2017 6:06,10/23/2017 6:06,10/23/2017 9:33,10/23/2017 10:00,10/25/2017 2:30,2533.82,2500.0,33.82,1319.8,DRV,,,True,0,Carrier 1687657,Shipper 1644,True,True,True,10/23/2017 17:00,10/25/2017 18:00,False,False,False,False,False,False,False,False,Canton,NC ,Canton,NC 
1538,206495649,10/6/2017 16:32,10/6/2017 16:32,10/9/2017 9:33,10/9/2017 14:00,10/11/2017 14:00,2520.63,2500.0,20.63,1319.8,DRV,,,True,0,Carrier 98311,Shipper 1644,False,True,True,10/9/2017 14:00,10/12/2017 15:00,False,False,False,False,False,False,False,False,Canton,NC ,Canton,NC 
1539,206643209,9/20/2017 17:32,9/20/2017 17:32,9/22/2017 10:40,9/24/2017 14:00,9/25/2017 13:10,2513.32,2600.0,-86.68,615.8,DRV,,,False,0,Carrier 89123,Shipper 1249,True,True,True,9/24/2017 14:00,9/25/2017 14:30,False,False,False,False,False,False,False,False,St. Louis,MO ,St. Louis,MO 
1540,206643209,9/20/2017 17:32,9/20/2017 17:32,9/22/2017 10:40,9/24/2017 14:00,9/25/2017 13:10,2513.32,2600.0,-86.68,615.8,DRV,,,False,0,Carrier 89123,Shipper 1375,True,True,True,9/24/2017 14:00,9/25/2017 14:30,False,False,False,False,False,False,False,False,St. Louis,MO ,St. Louis,MO 
1541,206643209,9/20/2017 17:32,9/20/2017 17:32,9/22/2017 10:40,9/24/2017 14:00,9/25/2017 13:10,2513.32,2600.0,-86.68,615.8,DRV,,,False,0,Carrier 89123,Shipper 1386,True,True,True,9/24/2017 14:00,9/25/2017 14:30,False,False,False,False,False,False,False,False,St. Louis,MO ,St. Louis,MO 
1542,206643209,9/20/2017 17:32,9/20/2017 17:32,9/22/2017 10:40,9/24/2017 14:00,9/25/2017 13:10,2513.32,2600.0,-86.68,615.8,DRV,,,False,0,Carrier 89123,Shipper 1248,True,True,True,9/24/2017 14:00,9/25/2017 14:30,False,False,False,False,False,False,False,False,St. Louis,MO ,St. Louis,MO 
1543,206643209,9/20/2017 17:32,9/20/2017 17:32,9/22/2017 10:40,9/24/2017 14:00,9/25/2017 13:10,2513.32,2600.0,-86.68,615.8,DRV,,,False,0,Carrier 89123,Shipper 1387,True,True,True,9/24/2017 14:00,9/25/2017 14:30,False,False,False,False,False,False,False,False,St. Louis,MO ,St. Louis,MO 
1544,206643209,9/20/2017 17:32,9/20/2017 17:32,9/22/2017 10:40,9/24/2017 14:00,9/25/2017 13:10,2513.32,2600.0,-86.68,615.8,DRV,,,False,0,Carrier 89123,Shipper 1388,True,True,True,9/24/2017 14:00,9/25/2017 14:30,False,False,False,False,False,False,False,False,St. Louis,MO ,St. Louis,MO 
1545,206594553,11/22/2017 8:46,11/22/2017 8:46,11/28/2017 17:15,11/28/2017 19:00,11/29/2017 15:00,2508.94,2700.0,-191.06,585.1,DRV,,,False,1,Carrier 80744,Shipper 1644,True,True,True,11/28/2017 22:00,11/29/2017 21:00,False,False,False,False,False,False,False,False,Florence,KY ,Florence,KY 
1546,206497401,12/7/2017 10:28,12/7/2017 10:28,12/7/2017 12:14,12/8/2017 14:00,12/11/2017 22:45,2508.94,2600.0,-91.06,585.1,DRV,,,False,0,Carrier 78161,Shipper 1644,True,True,True,12/8/2017 14:00,12/11/2017 22:00,False,False,False,False,False,False,False,False,Florence,KY ,Florence,KY 
1547,206528209,9/25/2017 16:53,9/25/2017 16:54,9/26/2017 12:53,9/27/2017 18:00,9/29/2017 8:59,2504.66,2540.0,-35.34,1218.2,DRV,,,False,0,Carrier 1064161,Shipper 1249,True,True,True,9/27/2017 18:00,9/29/2017 14:30,False,False,False,False,False,False,False,False,Newark,NJ ,Newark,NJ 
1548,206528209,9/25/2017 16:53,9/25/2017 16:54,9/26/2017 12:53,9/27/2017 18:00,9/29/2017 8:59,2504.66,2540.0,-35.34,1218.2,DRV,,,False,0,Carrier 1064161,Shipper 1375,True,True,True,9/27/2017 18:00,9/29/2017 14:30,False,False,False,False,False,False,False,False,Newark,NJ ,Newark,NJ 
1549,206528209,9/25/2017 16:53,9/25/2017 16:54,9/26/2017 12:53,9/27/2017 18:00,9/29/2017 8:59,2504.66,2540.0,-35.34,1218.2,DRV,,,False,0,Carrier 1064161,Shipper 1386,True,True,True,9/27/2017 18:00,9/29/2017 14:30,False,False,False,False,False,False,False,False,Newark,NJ ,Newark,NJ 
1550,206528209,9/25/2017 16:53,9/25/2017 16:54,9/26/2017 12:53,9/27/2017 18:00,9/29/2017 8:59,2504.66,2540.0,-35.34,1218.2,DRV,,,False,0,Carrier 1064161,Shipper 1248,True,True,True,9/27/2017 18:00,9/29/2017 14:30,False,False,False,False,False,False,False,False,Newark,NJ ,Newark,NJ 
1551,206528209,9/25/2017 16:53,9/25/2017 16:54,9/26/2017 12:53,9/27/2017 18:00,9/29/2017 8:59,2504.66,2540.0,-35.34,1218.2,DRV,,,False,0,Carrier 1064161,Shipper 1387,True,True,True,9/27/2017 18:00,9/29/2017 14:30,False,False,False,False,False,False,False,False,Newark,NJ ,Newark,NJ 
1552,206528209,9/25/2017 16:53,9/25/2017 16:54,9/26/2017 12:53,9/27/2017 18:00,9/29/2017 8:59,2504.66,2540.0,-35.34,1218.2,DRV,,,False,0,Carrier 1064161,Shipper 1388,True,True,True,9/27/2017 18:00,9/29/2017 14:30,False,False,False,False,False,False,False,False,Newark,NJ ,Newark,NJ 
1553,206546969,11/28/2017 16:37,11/28/2017 16:37,12/1/2017 15:47,12/3/2017 16:00,12/5/2017 7:00,2503.28,2450.0,53.28,806.1,RFR,,,False,1,Carrier 1010542,Shipper 1249,True,True,True,12/3/2017 16:00,12/5/2017 6:00,False,False,False,False,False,False,False,False,Colonial Heights,VA ,Colonial Heights,VA 
1554,206546969,11/28/2017 16:37,11/28/2017 16:37,12/1/2017 15:47,12/3/2017 16:00,12/5/2017 7:00,2503.28,2450.0,53.28,806.1,RFR,,,False,1,Carrier 1010542,Shipper 1375,True,True,True,12/3/2017 16:00,12/5/2017 6:00,False,False,False,False,False,False,False,False,Colonial Heights,VA ,Colonial Heights,VA 
1555,206546969,11/28/2017 16:37,11/28/2017 16:37,12/1/2017 15:47,12/3/2017 16:00,12/5/2017 7:00,2503.28,2450.0,53.28,806.1,RFR,,,False,1,Carrier 1010542,Shipper 1386,True,True,True,12/3/2017 16:00,12/5/2017 6:00,False,False,False,False,False,False,False,False,Colonial Heights,VA ,Colonial Heights,VA 
1556,206546969,11/28/2017 16:37,11/28/2017 16:37,12/1/2017 15:47,12/3/2017 16:00,12/5/2017 7:00,2503.28,2450.0,53.28,806.1,RFR,,,False,1,Carrier 1010542,Shipper 1248,True,True,True,12/3/2017 16:00,12/5/2017 6:00,False,False,False,False,False,False,False,False,Colonial Heights,VA ,Colonial Heights,VA 
1557,206546969,11/28/2017 16:37,11/28/2017 16:37,12/1/2017 15:47,12/3/2017 16:00,12/5/2017 7:00,2503.28,2450.0,53.28,806.1,RFR,,,False,1,Carrier 1010542,Shipper 1387,True,True,True,12/3/2017 16:00,12/5/2017 6:00,False,False,False,False,False,False,False,False,Colonial Heights,VA ,Colonial Heights,VA 
1558,206546969,11/28/2017 16:37,11/28/2017 16:37,12/1/2017 15:47,12/3/2017 16:00,12/5/2017 7:00,2503.28,2450.0,53.28,806.1,RFR,,,False,1,Carrier 1010542,Shipper 1388,True,True,True,12/3/2017 16:00,12/5/2017 6:00,False,False,False,False,False,False,False,False,Colonial Heights,VA ,Colonial Heights,VA 
1559,206538745,11/14/2017 17:24,11/14/2017 17:24,11/19/2017 11:11,11/19/2017 21:00,11/21/2017 16:45,2502.77,2750.0,-247.23,787.5,DRV,,,False,0,Carrier 1055986,Shipper 758,True,True,True,11/19/2017 22:00,11/21/2017 7:00,False,False,False,False,False,False,False,False,Stockton,CA ,Stockton,CA 
1560,206506993,2/10/2017 13:50,2/10/2017 13:50,2/10/2017 16:49,2/11/2017 8:00,2/14/2017 12:50,2502.38,2600.0,-97.62,1484.6,RFR,,,False,1,Carrier 1693566,Shipper 832,True,True,True,2/11/2017 12:00,2/14/2017 8:00,False,False,False,False,False,False,False,False,Pompano Beach,FL ,Pompano Beach,FL 
1561,206512857,10/4/2017 17:20,10/4/2017 17:20,10/5/2017 11:57,10/5/2017 15:00,10/6/2017 15:00,2500.0,2000.0,500.0,519.6,RFR,,,False,0,Carrier 1690730,Shipper 585,True,False,False,10/5/2017 15:00,10/6/2017 13:00,False,False,False,False,False,False,False,False,Sioux City,IA ,Sioux City,IA 
1562,206535417,9/13/2017 9:48,9/13/2017 9:49,9/14/2017 10:00,9/14/2017 17:00,9/15/2017 16:00,2500.0,2000.0,500.0,519.6,RFR,,,False,0,Carrier 21656,Shipper 585,True,True,True,9/14/2017 17:00,9/15/2017 17:00,False,False,False,False,False,False,False,False,Sioux City,IA ,Sioux City,IA 
1563,206630873,10/12/2017 7:52,10/12/2017 7:52,10/12/2017 12:36,10/12/2017 16:00,10/13/2017 15:10,2500.0,2100.0,400.0,519.6,RFR,,,False,0,Carrier 1206565,Shipper 585,True,True,True,10/12/2017 16:00,10/13/2017 15:00,False,False,False,False,False,False,False,False,Sioux City,IA ,Sioux City,IA 
1564,206550505,9/19/2017 16:59,9/19/2017 16:59,9/20/2017 14:13,9/21/2017 14:00,9/22/2017 16:34,2500.0,2200.0,300.0,519.6,RFR,,,False,0,Carrier 1073769,Shipper 585,False,True,True,9/21/2017 14:00,9/22/2017 13:00,False,False,False,False,False,False,False,False,Sioux City,IA ,Sioux City,IA 
1565,206600353,8/8/2017 12:18,8/8/2017 12:18,8/8/2017 13:01,8/8/2017 17:00,8/9/2017 8:15,2500.0,2300.0,200.0,739.6,DRV,,,False,0,Carrier 85462,Shipper 585,True,True,True,8/8/2017 17:00,8/9/2017 8:00,False,False,False,False,False,False,False,False,Dickson,TN ,Dickson,TN 
1566,206491353,9/15/2017 11:49,9/15/2017 11:50,9/18/2017 9:08,9/18/2017 15:30,9/19/2017 11:45,2500.0,2400.0,100.0,519.6,RFR,,,False,0,Carrier 374207,Shipper 585,True,True,True,9/18/2017 15:30,9/19/2017 11:00,False,False,False,False,False,False,False,False,Sioux City,IA ,Sioux City,IA 
1567,206433393,9/13/2017 14:47,9/13/2017 14:47,9/13/2017 14:52,9/14/2017 7:00,9/15/2017 8:45,2500.0,2350.0,150.0,1075.9,DRV,,,False,0,Carrier 1018849,Shipper 585,True,True,True,9/14/2017 12:00,9/15/2017 14:00,False,False,False,False,False,False,False,False,Altoona,PA ,Altoona,PA 
1568,206515769,9/15/2017 11:55,9/15/2017 11:55,9/18/2017 9:01,9/20/2017 15:30,9/21/2017 14:07,2500.0,2000.0,500.0,519.6,RFR,,,False,0,Carrier 31074,Shipper 585,False,True,True,9/20/2017 15:30,9/21/2017 9:00,False,False,False,False,False,False,False,False,Sioux City,IA ,Sioux City,IA 
1569,206558073,9/15/2017 11:59,9/15/2017 11:59,9/19/2017 12:09,9/21/2017 15:30,9/22/2017 9:58,2500.0,2000.0,500.0,519.6,RFR,,,False,0,Carrier 1678239,Shipper 585,True,True,True,9/21/2017 15:30,9/22/2017 9:00,False,False,False,False,False,False,False,False,Sioux City,IA ,Sioux City,IA 
1570,206603833,11/30/2017 15:14,11/30/2017 15:14,12/1/2017 9:41,12/1/2017 14:00,12/6/2017 16:00,2497.35,3700.0,-1202.65,536.4,DRV,,,False,0,Carrier 1403627,Shipper 1644,True,True,True,12/1/2017 14:00,12/2/2017 16:00,False,False,False,False,False,False,False,False,Decatur,IN ,Decatur,IN 
1571,206585833,10/12/2017 10:05,10/12/2017 10:05,10/12/2017 16:22,10/13/2017 15:00,10/16/2017 12:00,2494.23,2500.0,-5.77,1319.8,DRV,,,True,0,Carrier 98311,Shipper 1644,True,True,True,10/13/2017 15:00,10/16/2017 13:00,False,False,False,False,False,False,False,False,Canton,NC ,Canton,NC 
1572,206425145,10/12/2017 10:07,10/12/2017 10:07,10/13/2017 12:37,10/16/2017 14:00,10/18/2017 1:45,2493.23,2500.0,-6.77,1319.8,DRV,,,True,0,Carrier 98311,Shipper 1644,True,True,True,10/16/2017 14:00,10/18/2017 15:00,False,False,False,False,False,False,False,False,Canton,NC ,Canton,NC 
1573,206478193,5/24/2017 17:58,5/24/2017 17:58,5/24/2017 20:06,5/24/2017 23:00,5/26/2017 11:03,2492.64,1700.0,792.64,99.5,RFR,,,False,0,Carrier 1563442,Shipper 1249,True,True,True,5/24/2017 23:00,5/26/2017 13:30,False,False,False,False,False,False,False,False,Newark,NJ ,Newark,NJ 
1574,206478193,5/24/2017 17:58,5/24/2017 17:58,5/24/2017 20:06,5/24/2017 23:00,5/26/2017 11:03,2492.64,1700.0,792.64,99.5,RFR,,,False,0,Carrier 1563442,Shipper 1375,True,True,True,5/24/2017 23:00,5/26/2017 13:30,False,False,False,False,False,False,False,False,Newark,NJ ,Newark,NJ 
1575,206478193,5/24/2017 17:58,5/24/2017 17:58,5/24/2017 20:06,5/24/2017 23:00,5/26/2017 11:03,2492.64,1700.0,792.64,99.5,RFR,,,False,0,Carrier 1563442,Shipper 1386,True,True,True,5/24/2017 23:00,5/26/2017 13:30,False,False,False,False,False,False,False,False,Newark,NJ ,Newark,NJ 
1576,206478193,5/24/2017 17:58,5/24/2017 17:58,5/24/2017 20:06,5/24/2017 23:00,5/26/2017 11:03,2492.64,1700.0,792.64,99.5,RFR,,,False,0,Carrier 1563442,Shipper 1248,True,True,True,5/24/2017 23:00,5/26/2017 13:30,False,False,False,False,False,False,False,False,Newark,NJ ,Newark,NJ 
1577,206478193,5/24/2017 17:58,5/24/2017 17:58,5/24/2017 20:06,5/24/2017 23:00,5/26/2017 11:03,2492.64,1700.0,792.64,99.5,RFR,,,False,0,Carrier 1563442,Shipper 1387,True,True,True,5/24/2017 23:00,5/26/2017 13:30,False,False,False,False,False,False,False,False,Newark,NJ ,Newark,NJ 
1578,206478193,5/24/2017 17:58,5/24/2017 17:58,5/24/2017 20:06,5/24/2017 23:00,5/26/2017 11:03,2492.64,1700.0,792.64,99.5,RFR,,,False,0,Carrier 1563442,Shipper 1388,True,True,True,5/24/2017 23:00,5/26/2017 13:30,False,False,False,False,False,False,False,False,Newark,NJ ,Newark,NJ 
1579,206631553,9/25/2017 16:44,9/25/2017 16:44,9/26/2017 12:33,9/27/2017 18:00,9/29/2017 11:20,2492.4,2400.0,92.4,1026.7,DRV,,,False,0,Carrier 1071405,Shipper 1249,True,True,True,9/27/2017 18:00,9/29/2017 9:00,False,False,False,False,False,False,False,False,Fort Collins,CO ,Fort Collins,CO 
1580,206631553,9/25/2017 16:44,9/25/2017 16:44,9/26/2017 12:33,9/27/2017 18:00,9/29/2017 11:20,2492.4,2400.0,92.4,1026.7,DRV,,,False,0,Carrier 1071405,Shipper 1375,True,True,True,9/27/2017 18:00,9/29/2017 9:00,False,False,False,False,False,False,False,False,Fort Collins,CO ,Fort Collins,CO 
1581,206631553,9/25/2017 16:44,9/25/2017 16:44,9/26/2017 12:33,9/27/2017 18:00,9/29/2017 11:20,2492.4,2400.0,92.4,1026.7,DRV,,,False,0,Carrier 1071405,Shipper 1386,True,True,True,9/27/2017 18:00,9/29/2017 9:00,False,False,False,False,False,False,False,False,Fort Collins,CO ,Fort Collins,CO 
1582,206631553,9/25/2017 16:44,9/25/2017 16:44,9/26/2017 12:33,9/27/2017 18:00,9/29/2017 11:20,2492.4,2400.0,92.4,1026.7,DRV,,,False,0,Carrier 1071405,Shipper 1248,True,True,True,9/27/2017 18:00,9/29/2017 9:00,False,False,False,False,False,False,False,False,Fort Collins,CO ,Fort Collins,CO 
1583,206631553,9/25/2017 16:44,9/25/2017 16:44,9/26/2017 12:33,9/27/2017 18:00,9/29/2017 11:20,2492.4,2400.0,92.4,1026.7,DRV,,,False,0,Carrier 1071405,Shipper 1387,True,True,True,9/27/2017 18:00,9/29/2017 9:00,False,False,False,False,False,False,False,False,Fort Collins,CO ,Fort Collins,CO 
1584,206631553,9/25/2017 16:44,9/25/2017 16:44,9/26/2017 12:33,9/27/2017 18:00,9/29/2017 11:20,2492.4,2400.0,92.4,1026.7,DRV,,,False,0,Carrier 1071405,Shipper 1388,True,True,True,9/27/2017 18:00,9/29/2017 9:00,False,False,False,False,False,False,False,False,Fort Collins,CO ,Fort Collins,CO 
1585,206461905,10/23/2017 9:23,10/23/2017 9:24,10/24/2017 15:03,10/25/2017 8:00,10/27/2017 12:15,2490.28,2100.0,390.28,1330.9,DRV,,,False,1,Carrier 746729,Shipper 1644,True,True,True,10/25/2017 12:00,10/27/2017 9:00,False,False,False,False,False,False,False,False,Indianapolis,IN ,Indianapolis,IN 
1586,206551889,10/23/2017 5:55,10/23/2017 5:55,10/23/2017 17:40,10/24/2017 8:00,10/25/2017 18:20,2490.28,2400.0,90.28,1330.9,DRV,,,False,1,Carrier 1515117,Shipper 1644,False,True,True,10/24/2017 10:00,10/25/2017 17:00,False,False,False,False,False,False,False,False,Indianapolis,IN ,Indianapolis,IN 
1587,206564633,2/8/2017 12:23,2/8/2017 12:23,2/14/2017 12:43,2/14/2017 15:00,2/17/2017 8:00,2490.0,2300.0,190.0,1245.7,DRV,0.0,,False,1,Carrier 17452,Shipper 758,False,True,True,2/14/2017 15:00,2/17/2017 7:00,False,False,False,False,False,False,False,False,Janesville,WI ,Janesville,WI 
1588,206536417,9/20/2017 17:39,9/20/2017 17:39,9/26/2017 10:21,9/26/2017 9:00,9/27/2017 9:45,2485.86,2580.0,-94.14,693.5,DRV,,,False,2,Carrier 997348,Shipper 1249,True,True,True,9/26/2017 13:00,9/27/2017 9:45,False,False,False,False,False,False,False,False,St. Louis,MO ,St. Louis,MO 
1589,206536417,9/20/2017 17:39,9/20/2017 17:39,9/26/2017 10:21,9/26/2017 9:00,9/27/2017 9:45,2485.86,2580.0,-94.14,693.5,DRV,,,False,2,Carrier 997348,Shipper 1375,True,True,True,9/26/2017 13:00,9/27/2017 9:45,False,False,False,False,False,False,False,False,St. Louis,MO ,St. Louis,MO 
1590,206536417,9/20/2017 17:39,9/20/2017 17:39,9/26/2017 10:21,9/26/2017 9:00,9/27/2017 9:45,2485.86,2580.0,-94.14,693.5,DRV,,,False,2,Carrier 997348,Shipper 1386,True,True,True,9/26/2017 13:00,9/27/2017 9:45,False,False,False,False,False,False,False,False,St. Louis,MO ,St. Louis,MO 
1591,206536417,9/20/2017 17:39,9/20/2017 17:39,9/26/2017 10:21,9/26/2017 9:00,9/27/2017 9:45,2485.86,2580.0,-94.14,693.5,DRV,,,False,2,Carrier 997348,Shipper 1248,True,True,True,9/26/2017 13:00,9/27/2017 9:45,False,False,False,False,False,False,False,False,St. Louis,MO ,St. Louis,MO 
1592,206536417,9/20/2017 17:39,9/20/2017 17:39,9/26/2017 10:21,9/26/2017 9:00,9/27/2017 9:45,2485.86,2580.0,-94.14,693.5,DRV,,,False,2,Carrier 997348,Shipper 1387,True,True,True,9/26/2017 13:00,9/27/2017 9:45,False,False,False,False,False,False,False,False,St. Louis,MO ,St. Louis,MO 
1593,206536417,9/20/2017 17:39,9/20/2017 17:39,9/26/2017 10:21,9/26/2017 9:00,9/27/2017 9:45,2485.86,2580.0,-94.14,693.5,DRV,,,False,2,Carrier 997348,Shipper 1388,True,True,True,9/26/2017 13:00,9/27/2017 9:45,False,False,False,False,False,False,False,False,St. Louis,MO ,St. Louis,MO 
1594,206440649,9/20/2017 16:37,9/20/2017 16:37,9/21/2017 9:01,9/21/2017 15:00,9/22/2017 16:00,2483.16,2170.0,313.16,535.6,RFR,,,False,0,Carrier 96912,Shipper 1249,True,True,True,9/21/2017 15:00,9/22/2017 16:00,False,False,False,False,False,False,False,False,Granite City,IL ,Granite City,IL 
1595,206440649,9/20/2017 16:37,9/20/2017 16:37,9/21/2017 9:01,9/21/2017 15:00,9/22/2017 16:00,2483.16,2170.0,313.16,535.6,RFR,,,False,0,Carrier 96912,Shipper 1375,True,True,True,9/21/2017 15:00,9/22/2017 16:00,False,False,False,False,False,False,False,False,Granite City,IL ,Granite City,IL 
1596,206440649,9/20/2017 16:37,9/20/2017 16:37,9/21/2017 9:01,9/21/2017 15:00,9/22/2017 16:00,2483.16,2170.0,313.16,535.6,RFR,,,False,0,Carrier 96912,Shipper 1386,True,True,True,9/21/2017 15:00,9/22/2017 16:00,False,False,False,False,False,False,False,False,Granite City,IL ,Granite City,IL 
1597,206440649,9/20/2017 16:37,9/20/2017 16:37,9/21/2017 9:01,9/21/2017 15:00,9/22/2017 16:00,2483.16,2170.0,313.16,535.6,RFR,,,False,0,Carrier 96912,Shipper 1248,True,True,True,9/21/2017 15:00,9/22/2017 16:00,False,False,False,False,False,False,False,False,Granite City,IL ,Granite City,IL 
1598,206440649,9/20/2017 16:37,9/20/2017 16:37,9/21/2017 9:01,9/21/2017 15:00,9/22/2017 16:00,2483.16,2170.0,313.16,535.6,RFR,,,False,0,Carrier 96912,Shipper 1387,True,True,True,9/21/2017 15:00,9/22/2017 16:00,False,False,False,False,False,False,False,False,Granite City,IL ,Granite City,IL 
1599,206440649,9/20/2017 16:37,9/20/2017 16:37,9/21/2017 9:01,9/21/2017 15:00,9/22/2017 16:00,2483.16,2170.0,313.16,535.6,RFR,,,False,0,Carrier 96912,Shipper 1388,True,True,True,9/21/2017 15:00,9/22/2017 16:00,False,False,False,False,False,False,False,False,Granite City,IL ,Granite City,IL 
1600,206601905,7/27/2017 16:49,7/27/2017 16:49,7/28/2017 11:21,7/29/2017 16:00,7/31/2017 10:45,2482.4,2350.0,132.4,1026.7,RFR,,,False,0,Carrier 1347068,Shipper 1249,True,True,True,7/29/2017 16:00,7/31/2017 14:00,False,False,False,False,False,False,False,False,Fort Collins,CO ,Fort Collins,CO 
1601,206601905,7/27/2017 16:49,7/27/2017 16:49,7/28/2017 11:21,7/29/2017 16:00,7/31/2017 10:45,2482.4,2350.0,132.4,1026.7,RFR,,,False,0,Carrier 1347068,Shipper 1375,True,True,True,7/29/2017 16:00,7/31/2017 14:00,False,False,False,False,False,False,False,False,Fort Collins,CO ,Fort Collins,CO 
1602,206601905,7/27/2017 16:49,7/27/2017 16:49,7/28/2017 11:21,7/29/2017 16:00,7/31/2017 10:45,2482.4,2350.0,132.4,1026.7,RFR,,,False,0,Carrier 1347068,Shipper 1386,True,True,True,7/29/2017 16:00,7/31/2017 14:00,False,False,False,False,False,False,False,False,Fort Collins,CO ,Fort Collins,CO 
1603,206601905,7/27/2017 16:49,7/27/2017 16:49,7/28/2017 11:21,7/29/2017 16:00,7/31/2017 10:45,2482.4,2350.0,132.4,1026.7,RFR,,,False,0,Carrier 1347068,Shipper 1248,True,True,True,7/29/2017 16:00,7/31/2017 14:00,False,False,False,False,False,False,False,False,Fort Collins,CO ,Fort Collins,CO 
1604,206601905,7/27/2017 16:49,7/27/2017 16:49,7/28/2017 11:21,7/29/2017 16:00,7/31/2017 10:45,2482.4,2350.0,132.4,1026.7,RFR,,,False,0,Carrier 1347068,Shipper 1387,True,True,True,7/29/2017 16:00,7/31/2017 14:00,False,False,False,False,False,False,False,False,Fort Collins,CO ,Fort Collins,CO 
1605,206601905,7/27/2017 16:49,7/27/2017 16:49,7/28/2017 11:21,7/29/2017 16:00,7/31/2017 10:45,2482.4,2350.0,132.4,1026.7,RFR,,,False,0,Carrier 1347068,Shipper 1388,True,True,True,7/29/2017 16:00,7/31/2017 14:00,False,False,False,False,False,False,False,False,Fort Collins,CO ,Fort Collins,CO 
1606,206512785,3/27/2017 11:08,3/27/2017 11:16,3/27/2017 17:02,3/28/2017 15:00,3/30/2017 10:45,2481.94,2200.0,281.94,1188.1,DRV,3.0,,False,0,Carrier 1058714,Shipper 585,True,True,True,3/28/2017 15:00,3/30/2017 9:00,False,False,False,False,False,False,False,False,Sioux City,IA ,Sioux City,IA 
1607,206521113,6/6/2017 16:14,6/6/2017 16:14,6/6/2017 18:59,6/7/2017 13:00,6/8/2017 8:30,2481.72,2000.0,481.72,461.1,RFR,,,False,0,Carrier 11186,Shipper 1249,True,True,True,6/7/2017 13:00,6/8/2017 15:00,False,False,False,False,False,False,False,False,Granite City,IL ,Granite City,IL 
1608,206521113,6/6/2017 16:14,6/6/2017 16:14,6/6/2017 18:59,6/7/2017 13:00,6/8/2017 8:30,2481.72,2000.0,481.72,461.1,RFR,,,False,0,Carrier 11186,Shipper 1375,True,True,True,6/7/2017 13:00,6/8/2017 15:00,False,False,False,False,False,False,False,False,Granite City,IL ,Granite City,IL 
1609,206521113,6/6/2017 16:14,6/6/2017 16:14,6/6/2017 18:59,6/7/2017 13:00,6/8/2017 8:30,2481.72,2000.0,481.72,461.1,RFR,,,False,0,Carrier 11186,Shipper 1386,True,True,True,6/7/2017 13:00,6/8/2017 15:00,False,False,False,False,False,False,False,False,Granite City,IL ,Granite City,IL 
1610,206521113,6/6/2017 16:14,6/6/2017 16:14,6/6/2017 18:59,6/7/2017 13:00,6/8/2017 8:30,2481.72,2000.0,481.72,461.1,RFR,,,False,0,Carrier 11186,Shipper 1248,True,True,True,6/7/2017 13:00,6/8/2017 15:00,False,False,False,False,False,False,False,False,Granite City,IL ,Granite City,IL 
1611,206521113,6/6/2017 16:14,6/6/2017 16:14,6/6/2017 18:59,6/7/2017 13:00,6/8/2017 8:30,2481.72,2000.0,481.72,461.1,RFR,,,False,0,Carrier 11186,Shipper 1387,True,True,True,6/7/2017 13:00,6/8/2017 15:00,False,False,False,False,False,False,False,False,Granite City,IL ,Granite City,IL 
1612,206521113,6/6/2017 16:14,6/6/2017 16:14,6/6/2017 18:59,6/7/2017 13:00,6/8/2017 8:30,2481.72,2000.0,481.72,461.1,RFR,,,False,0,Carrier 11186,Shipper 1388,True,True,True,6/7/2017 13:00,6/8/2017 15:00,False,False,False,False,False,False,False,False,Granite City,IL ,Granite City,IL 
1613,206552345,11/10/2017 12:45,11/10/2017 12:45,11/11/2017 10:42,11/14/2017 20:00,11/16/2017 6:15,2481.04,2400.0,81.04,1319.8,DRV,,,True,0,Carrier 1687657,Shipper 1644,True,True,True,11/14/2017 20:00,11/17/2017 0:00,False,False,False,False,False,False,False,False,Canton,NC ,Canton,NC 
1614,206551513,11/10/2017 12:40,11/10/2017 12:40,11/10/2017 17:14,11/13/2017 20:00,11/15/2017 18:30,2481.04,2400.0,81.04,1319.8,DRV,,,True,0,Carrier 1687657,Shipper 1644,True,True,True,11/13/2017 20:00,11/16/2017 0:00,False,False,False,False,False,False,False,False,Canton,NC ,Canton,NC 
1615,206505993,11/10/2017 12:42,11/10/2017 12:42,11/11/2017 10:42,11/14/2017 13:00,11/15/2017 22:30,2481.04,2400.0,81.04,1319.8,DRV,,,True,0,Carrier 1687657,Shipper 1644,True,True,True,11/14/2017 13:00,11/16/2017 23:00,False,False,False,False,False,False,False,False,Canton,NC ,Canton,NC 
1616,206425609,11/10/2017 12:47,11/10/2017 12:47,11/13/2017 14:30,11/15/2017 20:00,11/17/2017 17:20,2481.04,2300.0,181.04,1319.8,DRV,,,True,0,Carrier 1687657,Shipper 1644,True,True,True,11/15/2017 20:00,11/18/2017 0:00,False,False,False,False,False,False,False,False,Canton,NC ,Canton,NC 
1617,206438377,11/10/2017 12:49,11/10/2017 12:49,11/13/2017 14:30,11/16/2017 20:00,11/18/2017 8:15,2481.04,2300.0,181.04,1319.8,DRV,,,True,0,Carrier 1687657,Shipper 1644,True,True,True,11/16/2017 20:00,11/19/2017 0:00,False,False,False,False,False,False,False,False,Canton,NC ,Canton,NC 
1618,206630897,11/10/2017 12:54,11/10/2017 12:54,11/17/2017 10:14,11/17/2017 20:00,11/19/2017 13:45,2481.03,2400.0,81.03,1319.8,DRV,,,False,1,Carrier 48101,Shipper 1644,True,True,True,11/17/2017 20:00,11/20/2017 0:00,False,False,False,False,False,False,False,False,Canton,NC ,Canton,NC 
1619,206484617,11/17/2017 18:23,11/17/2017 18:23,11/20/2017 10:25,11/20/2017 15:00,11/22/2017 15:00,2481.03,2400.0,81.03,1319.8,DRV,,,False,0,Carrier 1035111,Shipper 1644,True,True,True,11/20/2017 15:00,11/22/2017 9:00,False,False,False,False,False,False,False,False,Canton,NC ,Canton,NC 
1620,206540337,11/10/2017 12:51,11/10/2017 12:51,11/13/2017 14:30,11/17/2017 13:00,11/20/2017 17:00,2481.03,2300.0,181.03,1319.8,DRV,,,True,0,Carrier 1687657,Shipper 1644,True,True,True,11/17/2017 13:00,11/21/2017 0:00,False,False,False,False,False,False,False,False,Canton,NC ,Canton,NC 
1621,206507697,11/13/2017 17:53,11/13/2017 17:53,11/14/2017 9:01,11/14/2017 13:00,11/18/2017 16:30,2480.98,2300.0,180.98,1319.8,DRV,,,True,0,Carrier 1687657,Shipper 1644,True,True,True,11/14/2017 13:00,11/18/2017 12:00,False,False,False,False,False,False,False,False,Canton,NC ,Canton,NC 
1622,206627121,4/11/2017 13:30,4/11/2017 13:30,4/19/2017 12:37,4/21/2017 17:00,4/24/2017 15:00,2480.0,2450.0,30.0,1150.4,DRV,3.0,,False,0,Carrier 359620,Shipper 585,True,True,True,4/21/2017 17:00,4/24/2017 13:30,False,False,False,False,False,False,False,False,Santa Ana,CA ,Santa Ana,CA 
1623,206558409,4/11/2017 13:32,4/11/2017 13:33,4/18/2017 12:05,4/19/2017 15:00,4/21/2017 15:30,2480.0,2450.0,30.0,1150.4,DRV,3.0,,False,0,Carrier 1694577,Shipper 585,True,True,True,4/19/2017 15:00,4/21/2017 15:00,False,False,False,False,False,False,False,False,Santa Ana,CA ,Santa Ana,CA 
1624,206524449,9/28/2017 16:11,9/28/2017 16:11,10/3/2017 9:30,10/3/2017 10:00,10/5/2017 11:15,2475.0,1900.0,575.0,1273.9,DRV,,,False,0,Carrier 1042794,Shipper 585,True,True,True,10/3/2017 17:00,10/5/2017 10:00,False,False,False,False,False,False,False,False,Plant City,FL ,Plant City,FL 
1625,206518113,10/23/2017 9:56,10/23/2017 9:56,10/25/2017 10:58,10/25/2017 8:00,10/27/2017 13:30,2473.45,2300.0,173.45,1330.9,DRV,,,False,1,Carrier 1308277,Shipper 1644,True,True,True,10/25/2017 12:00,10/28/2017 6:30,False,False,False,False,False,False,False,False,Indianapolis,IN ,Indianapolis,IN 
1626,206590985,10/17/2017 16:15,10/17/2017 16:16,10/19/2017 8:30,10/19/2017 15:00,10/19/2017 19:35,2468.6,2500.0,-31.4,766.7,RFR,,,False,0,Carrier 1695581,Shipper 1249,True,True,True,10/19/2017 15:00,10/20/2017 18:00,False,False,False,False,False,False,False,False,Fort Collins,CO ,Fort Collins,CO 
1627,206590985,10/17/2017 16:15,10/17/2017 16:16,10/19/2017 8:30,10/19/2017 15:00,10/19/2017 19:35,2468.6,2500.0,-31.4,766.7,RFR,,,False,0,Carrier 1695581,Shipper 1375,True,True,True,10/19/2017 15:00,10/20/2017 18:00,False,False,False,False,False,False,False,False,Fort Collins,CO ,Fort Collins,CO 
1628,206590985,10/17/2017 16:15,10/17/2017 16:16,10/19/2017 8:30,10/19/2017 15:00,10/19/2017 19:35,2468.6,2500.0,-31.4,766.7,RFR,,,False,0,Carrier 1695581,Shipper 1386,True,True,True,10/19/2017 15:00,10/20/2017 18:00,False,False,False,False,False,False,False,False,Fort Collins,CO ,Fort Collins,CO 
1629,206590985,10/17/2017 16:15,10/17/2017 16:16,10/19/2017 8:30,10/19/2017 15:00,10/19/2017 19:35,2468.6,2500.0,-31.4,766.7,RFR,,,False,0,Carrier 1695581,Shipper 1248,True,True,True,10/19/2017 15:00,10/20/2017 18:00,False,False,False,False,False,False,False,False,Fort Collins,CO ,Fort Collins,CO 
1630,206590985,10/17/2017 16:15,10/17/2017 16:16,10/19/2017 8:30,10/19/2017 15:00,10/19/2017 19:35,2468.6,2500.0,-31.4,766.7,RFR,,,False,0,Carrier 1695581,Shipper 1387,True,True,True,10/19/2017 15:00,10/20/2017 18:00,False,False,False,False,False,False,False,False,Fort Collins,CO ,Fort Collins,CO 
1631,206590985,10/17/2017 16:15,10/17/2017 16:16,10/19/2017 8:30,10/19/2017 15:00,10/19/2017 19:35,2468.6,2500.0,-31.4,766.7,RFR,,,False,0,Carrier 1695581,Shipper 1388,True,True,True,10/19/2017 15:00,10/20/2017 18:00,False,False,False,False,False,False,False,False,Fort Collins,CO ,Fort Collins,CO 
1632,206505969,10/23/2017 6:03,10/23/2017 6:03,10/23/2017 9:33,10/23/2017 18:00,10/27/2017 0:40,2467.84,2500.0,-32.16,1319.8,DRV,,,True,0,Carrier 1687657,Shipper 1644,True,False,False,10/23/2017 18:00,10/25/2017 16:00,False,False,False,False,False,False,False,False,Canton,NC ,Canton,NC 
1633,206523713,9/15/2017 16:57,9/15/2017 16:57,9/18/2017 13:34,9/19/2017 16:00,9/21/2017 12:00,2467.58,2300.0,167.58,1278.7,DRV,,,False,0,Carrier 1575384,Shipper 1249,True,True,True,9/19/2017 16:00,9/21/2017 12:00,False,False,False,False,False,False,False,False,Fort Collins,CO ,Fort Collins,CO 
1634,206523713,9/15/2017 16:57,9/15/2017 16:57,9/18/2017 13:34,9/19/2017 16:00,9/21/2017 12:00,2467.58,2300.0,167.58,1278.7,DRV,,,False,0,Carrier 1575384,Shipper 1375,True,True,True,9/19/2017 16:00,9/21/2017 12:00,False,False,False,False,False,False,False,False,Fort Collins,CO ,Fort Collins,CO 
1635,206523713,9/15/2017 16:57,9/15/2017 16:57,9/18/2017 13:34,9/19/2017 16:00,9/21/2017 12:00,2467.58,2300.0,167.58,1278.7,DRV,,,False,0,Carrier 1575384,Shipper 1386,True,True,True,9/19/2017 16:00,9/21/2017 12:00,False,False,False,False,False,False,False,False,Fort Collins,CO ,Fort Collins,CO 
1636,206523713,9/15/2017 16:57,9/15/2017 16:57,9/18/2017 13:34,9/19/2017 16:00,9/21/2017 12:00,2467.58,2300.0,167.58,1278.7,DRV,,,False,0,Carrier 1575384,Shipper 1248,True,True,True,9/19/2017 16:00,9/21/2017 12:00,False,False,False,False,False,False,False,False,Fort Collins,CO ,Fort Collins,CO 
1637,206523713,9/15/2017 16:57,9/15/2017 16:57,9/18/2017 13:34,9/19/2017 16:00,9/21/2017 12:00,2467.58,2300.0,167.58,1278.7,DRV,,,False,0,Carrier 1575384,Shipper 1387,True,True,True,9/19/2017 16:00,9/21/2017 12:00,False,False,False,False,False,False,False,False,Fort Collins,CO ,Fort Collins,CO 
1638,206523713,9/15/2017 16:57,9/15/2017 16:57,9/18/2017 13:34,9/19/2017 16:00,9/21/2017 12:00,2467.58,2300.0,167.58,1278.7,DRV,,,False,0,Carrier 1575384,Shipper 1388,True,True,True,9/19/2017 16:00,9/21/2017 12:00,False,False,False,False,False,False,False,False,Fort Collins,CO ,Fort Collins,CO 
1639,206595665,12/18/2017 17:08,12/18/2017 17:08,12/20/2017 9:45,12/20/2017 12:00,12/22/2017 6:30,2467.14,3300.0,-832.86,1168.2,RFR,,,False,0,Carrier 1695802,Shipper 1249,True,True,True,12/20/2017 12:00,12/22/2017 10:00,False,False,False,False,False,False,False,False,Jacksonville,FL ,Jacksonville,FL 
1640,206595665,12/18/2017 17:08,12/18/2017 17:08,12/20/2017 9:45,12/20/2017 12:00,12/22/2017 6:30,2467.14,3300.0,-832.86,1168.2,RFR,,,False,0,Carrier 1695802,Shipper 1375,True,True,True,12/20/2017 12:00,12/22/2017 10:00,False,False,False,False,False,False,False,False,Jacksonville,FL ,Jacksonville,FL 
1641,206595665,12/18/2017 17:08,12/18/2017 17:08,12/20/2017 9:45,12/20/2017 12:00,12/22/2017 6:30,2467.14,3300.0,-832.86,1168.2,RFR,,,False,0,Carrier 1695802,Shipper 1386,True,True,True,12/20/2017 12:00,12/22/2017 10:00,False,False,False,False,False,False,False,False,Jacksonville,FL ,Jacksonville,FL 
1642,206595665,12/18/2017 17:08,12/18/2017 17:08,12/20/2017 9:45,12/20/2017 12:00,12/22/2017 6:30,2467.14,3300.0,-832.86,1168.2,RFR,,,False,0,Carrier 1695802,Shipper 1248,True,True,True,12/20/2017 12:00,12/22/2017 10:00,False,False,False,False,False,False,False,False,Jacksonville,FL ,Jacksonville,FL 
1643,206595665,12/18/2017 17:08,12/18/2017 17:08,12/20/2017 9:45,12/20/2017 12:00,12/22/2017 6:30,2467.14,3300.0,-832.86,1168.2,RFR,,,False,0,Carrier 1695802,Shipper 1387,True,True,True,12/20/2017 12:00,12/22/2017 10:00,False,False,False,False,False,False,False,False,Jacksonville,FL ,Jacksonville,FL 
1644,206595665,12/18/2017 17:08,12/18/2017 17:08,12/20/2017 9:45,12/20/2017 12:00,12/22/2017 6:30,2467.14,3300.0,-832.86,1168.2,RFR,,,False,0,Carrier 1695802,Shipper 1388,True,True,True,12/20/2017 12:00,12/22/2017 10:00,False,False,False,False,False,False,False,False,Jacksonville,FL ,Jacksonville,FL 
1645,206537849,11/16/2017 16:48,11/16/2017 16:48,11/17/2017 17:01,11/19/2017 20:00,11/21/2017 11:25,2453.59,2560.0,-106.41,545.5,DRV,,,False,1,Carrier 1261469,Shipper 1249,True,True,True,11/19/2017 20:00,11/21/2017 11:30,False,False,False,False,False,False,False,False,Fairfield,CA ,Fairfield,CA 
1646,206537849,11/16/2017 16:48,11/16/2017 16:48,11/17/2017 17:01,11/19/2017 20:00,11/21/2017 11:25,2453.59,2560.0,-106.41,545.5,DRV,,,False,1,Carrier 1261469,Shipper 1375,True,True,True,11/19/2017 20:00,11/21/2017 11:30,False,False,False,False,False,False,False,False,Fairfield,CA ,Fairfield,CA 
1647,206537849,11/16/2017 16:48,11/16/2017 16:48,11/17/2017 17:01,11/19/2017 20:00,11/21/2017 11:25,2453.59,2560.0,-106.41,545.5,DRV,,,False,1,Carrier 1261469,Shipper 1386,True,True,True,11/19/2017 20:00,11/21/2017 11:30,False,False,False,False,False,False,False,False,Fairfield,CA ,Fairfield,CA 
1648,206537849,11/16/2017 16:48,11/16/2017 16:48,11/17/2017 17:01,11/19/2017 20:00,11/21/2017 11:25,2453.59,2560.0,-106.41,545.5,DRV,,,False,1,Carrier 1261469,Shipper 1248,True,True,True,11/19/2017 20:00,11/21/2017 11:30,False,False,False,False,False,False,False,False,Fairfield,CA ,Fairfield,CA 
1649,206537849,11/16/2017 16:48,11/16/2017 16:48,11/17/2017 17:01,11/19/2017 20:00,11/21/2017 11:25,2453.59,2560.0,-106.41,545.5,DRV,,,False,1,Carrier 1261469,Shipper 1387,True,True,True,11/19/2017 20:00,11/21/2017 11:30,False,False,False,False,False,False,False,False,Fairfield,CA ,Fairfield,CA 
1650,206537849,11/16/2017 16:48,11/16/2017 16:48,11/17/2017 17:01,11/19/2017 20:00,11/21/2017 11:25,2453.59,2560.0,-106.41,545.5,DRV,,,False,1,Carrier 1261469,Shipper 1388,True,True,True,11/19/2017 20:00,11/21/2017 11:30,False,False,False,False,False,False,False,False,Fairfield,CA ,Fairfield,CA 
1651,206535137,3/30/2017 13:35,3/30/2017 13:35,4/3/2017 12:02,4/3/2017 8:00,4/5/2017 9:40,2452.94,2900.0,-447.06,1223.2,DRV,4.0,,False,0,Carrier 507487,Shipper 810,True,True,True,4/3/2017 16:00,4/5/2017 19:00,False,False,False,False,False,False,False,False,Houston,TX ,Houston,TX 
1652,206628337,12/13/2017 14:56,12/13/2017 14:56,12/13/2017 16:00,12/13/2017 17:00,12/15/2017 15:00,2451.5,2100.0,351.5,1053.9,DRV,,,False,0,Carrier 1695767,Shipper 1644,True,True,True,12/13/2017 17:00,12/15/2017 13:15,False,False,False,False,False,False,False,False,Wylie,TX ,Wylie,TX 
1653,206555433,5/12/2017 13:03,5/12/2017 13:03,5/12/2017 15:03,5/13/2017 18:00,5/15/2017 8:00,2450.89,2000.0,450.89,1017.7,DRV,3.0,,False,0,Carrier 61452,Shipper 1249,True,True,True,5/13/2017 18:00,5/15/2017 16:00,False,False,False,False,False,False,False,False,Houston,TX ,Houston,TX 
1654,206555433,5/12/2017 13:03,5/12/2017 13:03,5/12/2017 15:03,5/13/2017 18:00,5/15/2017 8:00,2450.89,2000.0,450.89,1017.7,DRV,3.0,,False,0,Carrier 61452,Shipper 1375,True,True,True,5/13/2017 18:00,5/15/2017 16:00,False,False,False,False,False,False,False,False,Houston,TX ,Houston,TX 
1655,206555433,5/12/2017 13:03,5/12/2017 13:03,5/12/2017 15:03,5/13/2017 18:00,5/15/2017 8:00,2450.89,2000.0,450.89,1017.7,DRV,3.0,,False,0,Carrier 61452,Shipper 1386,True,True,True,5/13/2017 18:00,5/15/2017 16:00,False,False,False,False,False,False,False,False,Houston,TX ,Houston,TX 
1656,206555433,5/12/2017 13:03,5/12/2017 13:03,5/12/2017 15:03,5/13/2017 18:00,5/15/2017 8:00,2450.89,2000.0,450.89,1017.7,DRV,3.0,,False,0,Carrier 61452,Shipper 1248,True,True,True,5/13/2017 18:00,5/15/2017 16:00,False,False,False,False,False,False,False,False,Houston,TX ,Houston,TX 
1657,206555433,5/12/2017 13:03,5/12/2017 13:03,5/12/2017 15:03,5/13/2017 18:00,5/15/2017 8:00,2450.89,2000.0,450.89,1017.7,DRV,3.0,,False,0,Carrier 61452,Shipper 1387,True,True,True,5/13/2017 18:00,5/15/2017 16:00,False,False,False,False,False,False,False,False,Houston,TX ,Houston,TX 
1658,206555433,5/12/2017 13:03,5/12/2017 13:03,5/12/2017 15:03,5/13/2017 18:00,5/15/2017 8:00,2450.89,2000.0,450.89,1017.7,DRV,3.0,,False,0,Carrier 61452,Shipper 1388,True,True,True,5/13/2017 18:00,5/15/2017 16:00,False,False,False,False,False,False,False,False,Houston,TX ,Houston,TX 
1659,206692281,11/29/2017 16:16,11/29/2017 16:16,11/30/2017 12:03,11/30/2017 18:00,12/3/2017 14:00,2450.69,2100.0,350.69,1277.4,DRV,,dat_in,False,0,Carrier 1460563,Shipper 1644,True,True,True,11/30/2017 18:00,12/3/2017 12:00,False,False,False,False,False,False,False,False,Piedmont,SC ,Piedmont,SC 
1660,206659473,10/20/2017 16:54,10/20/2017 16:54,10/25/2017 9:28,10/25/2017 8:00,10/27/2017 15:00,2450.12,2500.0,-49.88,1507.2,DRV,,,False,0,Carrier 125642,Shipper 1249,True,True,True,10/25/2017 15:00,10/27/2017 17:00,False,False,False,False,False,False,False,False,Newark,NJ ,Newark,NJ 
1661,206659473,10/20/2017 16:54,10/20/2017 16:54,10/25/2017 9:28,10/25/2017 8:00,10/27/2017 15:00,2450.12,2500.0,-49.88,1507.2,DRV,,,False,0,Carrier 125642,Shipper 1375,True,True,True,10/25/2017 15:00,10/27/2017 17:00,False,False,False,False,False,False,False,False,Newark,NJ ,Newark,NJ 
1662,206659473,10/20/2017 16:54,10/20/2017 16:54,10/25/2017 9:28,10/25/2017 8:00,10/27/2017 15:00,2450.12,2500.0,-49.88,1507.2,DRV,,,False,0,Carrier 125642,Shipper 1386,True,True,True,10/25/2017 15:00,10/27/2017 17:00,False,False,False,False,False,False,False,False,Newark,NJ ,Newark,NJ 
1663,206659473,10/20/2017 16:54,10/20/2017 16:54,10/25/2017 9:28,10/25/2017 8:00,10/27/2017 15:00,2450.12,2500.0,-49.88,1507.2,DRV,,,False,0,Carrier 125642,Shipper 1248,True,True,True,10/25/2017 15:00,10/27/2017 17:00,False,False,False,False,False,False,False,False,Newark,NJ ,Newark,NJ 
1664,206659473,10/20/2017 16:54,10/20/2017 16:54,10/25/2017 9:28,10/25/2017 8:00,10/27/2017 15:00,2450.12,2500.0,-49.88,1507.2,DRV,,,False,0,Carrier 125642,Shipper 1387,True,True,True,10/25/2017 15:00,10/27/2017 17:00,False,False,False,False,False,False,False,False,Newark,NJ ,Newark,NJ 
1665,206659473,10/20/2017 16:54,10/20/2017 16:54,10/25/2017 9:28,10/25/2017 8:00,10/27/2017 15:00,2450.12,2500.0,-49.88,1507.2,DRV,,,False,0,Carrier 125642,Shipper 1388,True,True,True,10/25/2017 15:00,10/27/2017 17:00,False,False,False,False,False,False,False,False,Newark,NJ ,Newark,NJ 
1666,206571457,4/6/2017 8:32,4/6/2017 8:36,4/6/2017 10:14,4/6/2017 15:30,4/10/2017 9:20,2450.0,2200.0,250.0,1188.1,DRV,4.0,,False,0,Carrier 1058714,Shipper 585,True,True,True,4/6/2017 15:30,4/10/2017 8:00,False,False,False,False,False,False,False,False,Sioux City,IA ,Sioux City,IA 
1667,206570041,3/30/2017 15:54,3/30/2017 16:10,4/3/2017 11:09,4/3/2017 15:00,4/5/2017 15:20,2450.0,2200.0,250.0,1188.1,DRV,,,False,0,Carrier 1058714,Shipper 585,True,False,False,4/3/2017 15:00,4/5/2017 8:00,False,False,False,False,False,False,False,False,Sioux City,IA ,Sioux City,IA 
1668,206495673,2/28/2017 17:40,2/28/2017 17:40,3/1/2017 7:46,3/1/2017 13:00,3/3/2017 11:15,2450.0,2200.0,250.0,1225.3,DRV,4.0,,False,0,Carrier 1069790,Shipper 585,True,True,True,3/1/2017 17:00,3/3/2017 11:00,False,False,False,False,False,False,False,False,Sycamore,IL ,Sycamore,IL 
1669,206484065,11/28/2017 14:43,11/28/2017 14:43,11/29/2017 11:53,11/29/2017 13:30,12/6/2017 9:30,2448.35,4700.0,-2251.65,536.4,DRV,,,False,0,Carrier 97866,Shipper 1644,True,True,True,11/29/2017 13:30,11/30/2017 12:00,False,False,False,False,False,False,False,False,Decatur,IN ,Decatur,IN 
1670,206551209,11/9/2017 16:32,11/9/2017 16:32,11/14/2017 8:01,11/14/2017 14:00,11/16/2017 12:10,2445.6,2600.0,-154.4,1134.8,DRV,,,False,0,Carrier 49010,Shipper 1249,True,True,True,11/14/2017 14:00,11/16/2017 11:00,False,False,False,False,False,False,False,False,St. Louis,MO ,St. Louis,MO 
1671,206551209,11/9/2017 16:32,11/9/2017 16:32,11/14/2017 8:01,11/14/2017 14:00,11/16/2017 12:10,2445.6,2600.0,-154.4,1134.8,DRV,,,False,0,Carrier 49010,Shipper 1375,True,True,True,11/14/2017 14:00,11/16/2017 11:00,False,False,False,False,False,False,False,False,St. Louis,MO ,St. Louis,MO 
1672,206551209,11/9/2017 16:32,11/9/2017 16:32,11/14/2017 8:01,11/14/2017 14:00,11/16/2017 12:10,2445.6,2600.0,-154.4,1134.8,DRV,,,False,0,Carrier 49010,Shipper 1386,True,True,True,11/14/2017 14:00,11/16/2017 11:00,False,False,False,False,False,False,False,False,St. Louis,MO ,St. Louis,MO 
1673,206551209,11/9/2017 16:32,11/9/2017 16:32,11/14/2017 8:01,11/14/2017 14:00,11/16/2017 12:10,2445.6,2600.0,-154.4,1134.8,DRV,,,False,0,Carrier 49010,Shipper 1248,True,True,True,11/14/2017 14:00,11/16/2017 11:00,False,False,False,False,False,False,False,False,St. Louis,MO ,St. Louis,MO 
1674,206551209,11/9/2017 16:32,11/9/2017 16:32,11/14/2017 8:01,11/14/2017 14:00,11/16/2017 12:10,2445.6,2600.0,-154.4,1134.8,DRV,,,False,0,Carrier 49010,Shipper 1387,True,True,True,11/14/2017 14:00,11/16/2017 11:00,False,False,False,False,False,False,False,False,St. Louis,MO ,St. Louis,MO 
1675,206551209,11/9/2017 16:32,11/9/2017 16:32,11/14/2017 8:01,11/14/2017 14:00,11/16/2017 12:10,2445.6,2600.0,-154.4,1134.8,DRV,,,False,0,Carrier 49010,Shipper 1388,True,True,True,11/14/2017 14:00,11/16/2017 11:00,False,False,False,False,False,False,False,False,St. Louis,MO ,St. Louis,MO 
1676,206555889,5/31/2017 13:35,5/31/2017 13:35,5/31/2017 19:23,5/31/2017 22:00,6/1/2017 14:40,2443.68,2000.0,443.68,260.4,RFR,,,False,0,Carrier 1046323,Shipper 1249,True,True,True,5/31/2017 22:00,6/1/2017 10:30,False,False,False,False,False,False,False,False,Baldwinsville,NY ,Baldwinsville,NY 
1677,206555889,5/31/2017 13:35,5/31/2017 13:35,5/31/2017 19:23,5/31/2017 22:00,6/1/2017 14:40,2443.68,2000.0,443.68,260.4,RFR,,,False,0,Carrier 1046323,Shipper 1375,True,True,True,5/31/2017 22:00,6/1/2017 10:30,False,False,False,False,False,False,False,False,Baldwinsville,NY ,Baldwinsville,NY 
1678,206555889,5/31/2017 13:35,5/31/2017 13:35,5/31/2017 19:23,5/31/2017 22:00,6/1/2017 14:40,2443.68,2000.0,443.68,260.4,RFR,,,False,0,Carrier 1046323,Shipper 1386,True,True,True,5/31/2017 22:00,6/1/2017 10:30,False,False,False,False,False,False,False,False,Baldwinsville,NY ,Baldwinsville,NY 
1679,206555889,5/31/2017 13:35,5/31/2017 13:35,5/31/2017 19:23,5/31/2017 22:00,6/1/2017 14:40,2443.68,2000.0,443.68,260.4,RFR,,,False,0,Carrier 1046323,Shipper 1248,True,True,True,5/31/2017 22:00,6/1/2017 10:30,False,False,False,False,False,False,False,False,Baldwinsville,NY ,Baldwinsville,NY 
1680,206555889,5/31/2017 13:35,5/31/2017 13:35,5/31/2017 19:23,5/31/2017 22:00,6/1/2017 14:40,2443.68,2000.0,443.68,260.4,RFR,,,False,0,Carrier 1046323,Shipper 1387,True,True,True,5/31/2017 22:00,6/1/2017 10:30,False,False,False,False,False,False,False,False,Baldwinsville,NY ,Baldwinsville,NY 
1681,206555889,5/31/2017 13:35,5/31/2017 13:35,5/31/2017 19:23,5/31/2017 22:00,6/1/2017 14:40,2443.68,2000.0,443.68,260.4,RFR,,,False,0,Carrier 1046323,Shipper 1388,True,True,True,5/31/2017 22:00,6/1/2017 10:30,False,False,False,False,False,False,False,False,Baldwinsville,NY ,Baldwinsville,NY 
1682,206732601,5/30/2017 15:46,5/30/2017 15:46,6/1/2017 11:12,6/1/2017 14:00,6/5/2017 13:00,2442.51,2100.0,342.51,1242.0,RFR,,,False,0,Carrier 1359323,Shipper 1249,True,True,True,6/1/2017 14:00,6/5/2017 11:30,False,False,False,False,False,False,False,False,Fort Collins,CO ,Fort Collins,CO 
1683,206732601,5/30/2017 15:46,5/30/2017 15:46,6/1/2017 11:12,6/1/2017 14:00,6/5/2017 13:00,2442.51,2100.0,342.51,1242.0,RFR,,,False,0,Carrier 1359323,Shipper 1375,True,True,True,6/1/2017 14:00,6/5/2017 11:30,False,False,False,False,False,False,False,False,Fort Collins,CO ,Fort Collins,CO 
1684,206732601,5/30/2017 15:46,5/30/2017 15:46,6/1/2017 11:12,6/1/2017 14:00,6/5/2017 13:00,2442.51,2100.0,342.51,1242.0,RFR,,,False,0,Carrier 1359323,Shipper 1386,True,True,True,6/1/2017 14:00,6/5/2017 11:30,False,False,False,False,False,False,False,False,Fort Collins,CO ,Fort Collins,CO 
1685,206732601,5/30/2017 15:46,5/30/2017 15:46,6/1/2017 11:12,6/1/2017 14:00,6/5/2017 13:00,2442.51,2100.0,342.51,1242.0,RFR,,,False,0,Carrier 1359323,Shipper 1248,True,True,True,6/1/2017 14:00,6/5/2017 11:30,False,False,False,False,False,False,False,False,Fort Collins,CO ,Fort Collins,CO 
1686,206732601,5/30/2017 15:46,5/30/2017 15:46,6/1/2017 11:12,6/1/2017 14:00,6/5/2017 13:00,2442.51,2100.0,342.51,1242.0,RFR,,,False,0,Carrier 1359323,Shipper 1387,True,True,True,6/1/2017 14:00,6/5/2017 11:30,False,False,False,False,False,False,False,False,Fort Collins,CO ,Fort Collins,CO 
1687,206732601,5/30/2017 15:46,5/30/2017 15:46,6/1/2017 11:12,6/1/2017 14:00,6/5/2017 13:00,2442.51,2100.0,342.51,1242.0,RFR,,,False,0,Carrier 1359323,Shipper 1388,True,True,True,6/1/2017 14:00,6/5/2017 11:30,False,False,False,False,False,False,False,False,Fort Collins,CO ,Fort Collins,CO 
1688,206476889,10/13/2017 12:31,10/13/2017 12:31,10/25/2017 11:00,10/25/2017 10:00,10/26/2017 8:30,2442.29,2850.0,-407.71,778.0,DRV,,,False,1,Carrier 89013,Shipper 1644,True,True,True,10/25/2017 15:00,10/26/2017 7:00,False,False,False,False,False,False,False,False,Bolingbrook,IL ,Bolingbrook,IL 
1689,206460513,5/19/2017 14:47,5/19/2017 14:47,5/19/2017 16:04,5/22/2017 14:00,5/24/2017 10:00,2435.44,1800.0,635.44,1343.7,DRV,,,False,0,Carrier 866391,Shipper 1249,True,True,True,5/22/2017 14:00,5/24/2017 13:00,False,False,False,False,False,False,False,False,Fort Collins,CO ,Fort Collins,CO 
1690,206460513,5/19/2017 14:47,5/19/2017 14:47,5/19/2017 16:04,5/22/2017 14:00,5/24/2017 10:00,2435.44,1800.0,635.44,1343.7,DRV,,,False,0,Carrier 866391,Shipper 1375,True,True,True,5/22/2017 14:00,5/24/2017 13:00,False,False,False,False,False,False,False,False,Fort Collins,CO ,Fort Collins,CO 
1691,206460513,5/19/2017 14:47,5/19/2017 14:47,5/19/2017 16:04,5/22/2017 14:00,5/24/2017 10:00,2435.44,1800.0,635.44,1343.7,DRV,,,False,0,Carrier 866391,Shipper 1386,True,True,True,5/22/2017 14:00,5/24/2017 13:00,False,False,False,False,False,False,False,False,Fort Collins,CO ,Fort Collins,CO 
1692,206460513,5/19/2017 14:47,5/19/2017 14:47,5/19/2017 16:04,5/22/2017 14:00,5/24/2017 10:00,2435.44,1800.0,635.44,1343.7,DRV,,,False,0,Carrier 866391,Shipper 1248,True,True,True,5/22/2017 14:00,5/24/2017 13:00,False,False,False,False,False,False,False,False,Fort Collins,CO ,Fort Collins,CO 
1693,206460513,5/19/2017 14:47,5/19/2017 14:47,5/19/2017 16:04,5/22/2017 14:00,5/24/2017 10:00,2435.44,1800.0,635.44,1343.7,DRV,,,False,0,Carrier 866391,Shipper 1387,True,True,True,5/22/2017 14:00,5/24/2017 13:00,False,False,False,False,False,False,False,False,Fort Collins,CO ,Fort Collins,CO 
1694,206460513,5/19/2017 14:47,5/19/2017 14:47,5/19/2017 16:04,5/22/2017 14:00,5/24/2017 10:00,2435.44,1800.0,635.44,1343.7,DRV,,,False,0,Carrier 866391,Shipper 1388,True,True,True,5/22/2017 14:00,5/24/2017 13:00,False,False,False,False,False,False,False,False,Fort Collins,CO ,Fort Collins,CO 
1695,206550793,6/7/2017 18:04,6/7/2017 18:04,6/12/2017 11:45,6/12/2017 10:00,6/14/2017 11:00,2432.43,2600.0,-167.57,1400.6,DRV,,,False,1,Carrier 68490,Shipper 1374,True,True,True,6/12/2017 18:00,6/14/2017 15:45,False,False,False,False,False,False,False,False,Laredo,TX ,Laredo,TX 
1696,206482577,5/26/2017 13:55,5/26/2017 13:56,5/26/2017 16:07,5/29/2017 1:00,5/30/2017 6:00,2428.44,1000.0,1428.44,155.0,RFR,,,False,0,Carrier 1695283,Shipper 1249,True,True,True,5/29/2017 1:00,5/30/2017 4:00,False,False,False,False,False,False,False,False,Newark,NJ ,Newark,NJ 
1697,206482577,5/26/2017 13:55,5/26/2017 13:56,5/26/2017 16:07,5/29/2017 1:00,5/30/2017 6:00,2428.44,1000.0,1428.44,155.0,RFR,,,False,0,Carrier 1695283,Shipper 1375,True,True,True,5/29/2017 1:00,5/30/2017 4:00,False,False,False,False,False,False,False,False,Newark,NJ ,Newark,NJ 
1698,206482577,5/26/2017 13:55,5/26/2017 13:56,5/26/2017 16:07,5/29/2017 1:00,5/30/2017 6:00,2428.44,1000.0,1428.44,155.0,RFR,,,False,0,Carrier 1695283,Shipper 1386,True,True,True,5/29/2017 1:00,5/30/2017 4:00,False,False,False,False,False,False,False,False,Newark,NJ ,Newark,NJ 
1699,206482577,5/26/2017 13:55,5/26/2017 13:56,5/26/2017 16:07,5/29/2017 1:00,5/30/2017 6:00,2428.44,1000.0,1428.44,155.0,RFR,,,False,0,Carrier 1695283,Shipper 1248,True,True,True,5/29/2017 1:00,5/30/2017 4:00,False,False,False,False,False,False,False,False,Newark,NJ ,Newark,NJ 
1700,206482577,5/26/2017 13:55,5/26/2017 13:56,5/26/2017 16:07,5/29/2017 1:00,5/30/2017 6:00,2428.44,1000.0,1428.44,155.0,RFR,,,False,0,Carrier 1695283,Shipper 1387,True,True,True,5/29/2017 1:00,5/30/2017 4:00,False,False,False,False,False,False,False,False,Newark,NJ ,Newark,NJ 
1701,206482577,5/26/2017 13:55,5/26/2017 13:56,5/26/2017 16:07,5/29/2017 1:00,5/30/2017 6:00,2428.44,1000.0,1428.44,155.0,RFR,,,False,0,Carrier 1695283,Shipper 1388,True,True,True,5/29/2017 1:00,5/30/2017 4:00,False,False,False,False,False,False,False,False,Newark,NJ ,Newark,NJ 
1702,206632913,12/14/2017 16:32,12/14/2017 16:32,12/15/2017 14:08,12/17/2017 17:00,12/19/2017 7:02,2428.23,2400.0,28.23,790.3,DRV,,,False,0,Carrier 775562,Shipper 1249,True,True,True,12/17/2017 17:00,12/19/2017 6:00,False,False,False,False,False,False,False,False,St. Louis,MO ,St. Louis,MO 
1703,206632913,12/14/2017 16:32,12/14/2017 16:32,12/15/2017 14:08,12/17/2017 17:00,12/19/2017 7:02,2428.23,2400.0,28.23,790.3,DRV,,,False,0,Carrier 775562,Shipper 1375,True,True,True,12/17/2017 17:00,12/19/2017 6:00,False,False,False,False,False,False,False,False,St. Louis,MO ,St. Louis,MO 
1704,206632913,12/14/2017 16:32,12/14/2017 16:32,12/15/2017 14:08,12/17/2017 17:00,12/19/2017 7:02,2428.23,2400.0,28.23,790.3,DRV,,,False,0,Carrier 775562,Shipper 1386,True,True,True,12/17/2017 17:00,12/19/2017 6:00,False,False,False,False,False,False,False,False,St. Louis,MO ,St. Louis,MO 
1705,206632913,12/14/2017 16:32,12/14/2017 16:32,12/15/2017 14:08,12/17/2017 17:00,12/19/2017 7:02,2428.23,2400.0,28.23,790.3,DRV,,,False,0,Carrier 775562,Shipper 1248,True,True,True,12/17/2017 17:00,12/19/2017 6:00,False,False,False,False,False,False,False,False,St. Louis,MO ,St. Louis,MO 
1706,206632913,12/14/2017 16:32,12/14/2017 16:32,12/15/2017 14:08,12/17/2017 17:00,12/19/2017 7:02,2428.23,2400.0,28.23,790.3,DRV,,,False,0,Carrier 775562,Shipper 1387,True,True,True,12/17/2017 17:00,12/19/2017 6:00,False,False,False,False,False,False,False,False,St. Louis,MO ,St. Louis,MO 
1707,206632913,12/14/2017 16:32,12/14/2017 16:32,12/15/2017 14:08,12/17/2017 17:00,12/19/2017 7:02,2428.23,2400.0,28.23,790.3,DRV,,,False,0,Carrier 775562,Shipper 1388,True,True,True,12/17/2017 17:00,12/19/2017 6:00,False,False,False,False,False,False,False,False,St. Louis,MO ,St. Louis,MO 
1708,206608601,9/6/2017 16:37,9/6/2017 16:37,9/7/2017 9:18,9/7/2017 8:00,9/8/2017 13:10,2426.68,2000.0,426.68,290.5,DRV,,,False,0,Carrier 1039528,Shipper 1249,True,True,True,9/7/2017 10:00,9/8/2017 5:00,False,False,False,False,False,False,False,False,Baldwinsville,NY ,Baldwinsville,NY 
1709,206608601,9/6/2017 16:37,9/6/2017 16:37,9/7/2017 9:18,9/7/2017 8:00,9/8/2017 13:10,2426.68,2000.0,426.68,290.5,DRV,,,False,0,Carrier 1039528,Shipper 1375,True,True,True,9/7/2017 10:00,9/8/2017 5:00,False,False,False,False,False,False,False,False,Baldwinsville,NY ,Baldwinsville,NY 
1710,206608601,9/6/2017 16:37,9/6/2017 16:37,9/7/2017 9:18,9/7/2017 8:00,9/8/2017 13:10,2426.68,2000.0,426.68,290.5,DRV,,,False,0,Carrier 1039528,Shipper 1386,True,True,True,9/7/2017 10:00,9/8/2017 5:00,False,False,False,False,False,False,False,False,Baldwinsville,NY ,Baldwinsville,NY 
1711,206608601,9/6/2017 16:37,9/6/2017 16:37,9/7/2017 9:18,9/7/2017 8:00,9/8/2017 13:10,2426.68,2000.0,426.68,290.5,DRV,,,False,0,Carrier 1039528,Shipper 1248,True,True,True,9/7/2017 10:00,9/8/2017 5:00,False,False,False,False,False,False,False,False,Baldwinsville,NY ,Baldwinsville,NY 
1712,206608601,9/6/2017 16:37,9/6/2017 16:37,9/7/2017 9:18,9/7/2017 8:00,9/8/2017 13:10,2426.68,2000.0,426.68,290.5,DRV,,,False,0,Carrier 1039528,Shipper 1387,True,True,True,9/7/2017 10:00,9/8/2017 5:00,False,False,False,False,False,False,False,False,Baldwinsville,NY ,Baldwinsville,NY 
1713,206608601,9/6/2017 16:37,9/6/2017 16:37,9/7/2017 9:18,9/7/2017 8:00,9/8/2017 13:10,2426.68,2000.0,426.68,290.5,DRV,,,False,0,Carrier 1039528,Shipper 1388,True,True,True,9/7/2017 10:00,9/8/2017 5:00,False,False,False,False,False,False,False,False,Baldwinsville,NY ,Baldwinsville,NY 
1714,206589033,10/20/2017 17:28,10/20/2017 17:28,10/25/2017 13:07,10/27/2017 18:00,10/30/2017 18:55,2425.16,2000.0,425.16,1277.4,DRV,,,True,0,Carrier 41352,Shipper 1644,True,False,False,10/27/2017 18:00,10/30/2017 11:30,False,False,False,False,False,False,False,False,Piedmont,SC ,Piedmont,SC 
1715,206579841,10/20/2017 17:31,10/20/2017 17:31,10/26/2017 15:23,10/26/2017 14:00,10/29/2017 10:55,2425.16,2400.0,25.16,1277.4,DRV,,,False,0,Carrier 1657136,Shipper 1644,True,True,True,10/26/2017 18:00,10/29/2017 9:30,False,False,False,False,False,False,False,False,Piedmont,SC ,Piedmont,SC 
1716,206431025,10/16/2017 10:28,10/16/2017 10:28,10/18/2017 8:58,10/18/2017 12:30,10/20/2017 12:30,2425.16,2100.0,325.16,1277.4,DRV,,,False,0,Carrier 1573290,Shipper 1644,True,True,True,10/18/2017 12:30,10/20/2017 13:00,False,False,False,False,False,False,False,False,Piedmont,SC ,Piedmont,SC 
1717,206477529,10/20/2017 17:36,10/20/2017 17:36,10/24/2017 16:26,10/24/2017 14:00,10/26/2017 11:00,2425.16,2650.0,-224.84,1277.4,DRV,,,False,2,Carrier 1641256,Shipper 1644,True,True,True,10/24/2017 20:00,10/27/2017 9:00,False,False,False,False,False,False,False,False,Piedmont,SC ,Piedmont,SC 
1718,206533377,10/16/2017 10:24,10/16/2017 10:24,10/18/2017 9:31,10/18/2017 14:00,10/20/2017 18:45,2425.16,2000.0,425.16,1277.4,DRV,,,False,1,Carrier 1652456,Shipper 1644,True,True,True,10/18/2017 14:00,10/20/2017 16:00,False,False,False,False,False,False,False,False,Piedmont,SC ,Piedmont,SC 
1719,206657737,10/20/2017 17:32,10/20/2017 17:32,10/25/2017 13:39,10/26/2017 18:00,10/29/2017 0:50,2425.16,2000.0,425.16,1277.4,DRV,,,True,0,Carrier 1687657,Shipper 1644,True,True,True,10/26/2017 18:00,10/29/2017 9:30,False,False,False,False,False,False,False,False,Piedmont,SC ,Piedmont,SC 
1720,206600369,10/20/2017 17:40,10/20/2017 17:40,10/20/2017 18:32,10/23/2017 14:00,10/25/2017 9:00,2425.16,2000.0,425.16,0.0,DRV,,,True,0,Carrier 1687657,Shipper 1644,True,True,True,10/23/2017 14:00,10/25/2017 9:00,False,False,False,False,False,False,False,False,Piedmont,SC ,Piedmont,SC 
1721,206603801,10/20/2017 17:35,10/20/2017 17:35,10/24/2017 10:23,10/25/2017 14:00,10/28/2017 11:25,2425.16,2000.0,425.16,1277.4,DRV,,,True,0,Carrier 1687657,Shipper 1644,True,True,True,10/25/2017 14:00,10/28/2017 9:30,False,False,False,False,False,False,False,False,Piedmont,SC ,Piedmont,SC 
1722,206513169,10/20/2017 17:29,10/20/2017 17:29,10/25/2017 13:09,10/27/2017 14:00,10/30/2017 14:15,2425.16,2000.0,425.16,1277.4,DRV,,,True,0,Carrier 41352,Shipper 1644,True,False,False,10/27/2017 14:00,10/30/2017 9:30,False,False,False,False,False,False,False,False,Piedmont,SC ,Piedmont,SC 
1723,206542345,10/20/2017 17:38,10/20/2017 17:38,10/23/2017 12:16,10/24/2017 18:00,10/27/2017 9:00,2425.16,2000.0,425.16,0.0,DRV,,,True,0,Carrier 1687657,Shipper 1644,True,True,True,10/24/2017 18:00,10/27/2017 9:00,False,False,False,False,False,False,False,False,Piedmont,SC ,Piedmont,SC 
1724,206544457,10/16/2017 10:15,10/16/2017 10:15,10/16/2017 17:22,10/17/2017 14:00,10/18/2017 21:30,2425.16,2000.0,425.16,1277.4,DRV,,,True,0,Carrier 98311,Shipper 1644,True,True,True,10/17/2017 14:00,10/19/2017 16:00,False,False,False,False,False,False,False,False,Piedmont,SC ,Piedmont,SC 
1725,206602873,10/16/2017 12:28,10/16/2017 12:28,10/19/2017 12:17,10/20/2017 14:00,10/23/2017 18:00,2425.16,2100.0,325.16,1277.4,DRV,,,False,0,Carrier 1695586,Shipper 1644,True,True,True,10/20/2017 14:00,10/23/2017 10:00,False,False,False,False,False,False,False,False,Piedmont,SC ,Piedmont,SC 
1726,206424561,10/20/2017 17:39,10/20/2017 17:39,10/20/2017 18:31,10/23/2017 18:00,10/25/2017 22:30,2425.16,2000.0,425.16,0.0,DRV,,,True,0,Carrier 1687657,Shipper 1644,False,False,False,10/23/2017 18:00,10/25/2017 14:00,False,False,False,False,False,False,False,False,Piedmont,SC ,Piedmont,SC 
1727,206541945,10/16/2017 10:39,10/16/2017 10:39,10/18/2017 10:45,10/19/2017 15:00,10/21/2017 17:15,2425.16,2000.0,425.16,1277.4,DRV,,,True,0,Carrier 98311,Shipper 1644,False,True,True,10/19/2017 15:00,10/21/2017 15:00,False,False,False,False,False,False,False,False,Piedmont,SC ,Piedmont,SC 
1728,206473657,10/16/2017 10:19,10/16/2017 10:19,10/16/2017 17:22,10/17/2017 12:30,10/19/2017 0:45,2425.16,2000.0,425.16,1277.4,DRV,,,True,0,Carrier 98311,Shipper 1644,True,True,True,10/17/2017 12:30,10/19/2017 13:00,False,False,False,False,False,False,False,False,Piedmont,SC ,Piedmont,SC 
1729,206542737,1/6/2017 19:22,1/6/2017 19:23,1/9/2017 16:04,1/6/2017 15:00,1/7/2017 9:00,2419.0,1343.0,1076.0,140.0,RFR,,,False,0,Carrier 1215425,Shipper 758,,,,1/6/2017 23:00,1/8/2017 2:00,False,False,False,False,False,False,False,False,Portland,OR ,Portland,OR 
1730,206468537,8/21/2017 16:44,8/21/2017 16:44,8/29/2017 9:40,8/29/2017 12:00,9/1/2017 4:30,2418.16,2560.0,-141.84,1199.8,RFR,,,False,2,Carrier 1695477,Shipper 1249,True,True,True,8/29/2017 18:00,9/1/2017 1:00,False,False,False,False,False,False,False,False,Fort Collins,CO ,Fort Collins,CO 
1731,206468537,8/21/2017 16:44,8/21/2017 16:44,8/29/2017 9:40,8/29/2017 12:00,9/1/2017 4:30,2418.16,2560.0,-141.84,1199.8,RFR,,,False,2,Carrier 1695477,Shipper 1375,True,True,True,8/29/2017 18:00,9/1/2017 1:00,False,False,False,False,False,False,False,False,Fort Collins,CO ,Fort Collins,CO 
1732,206468537,8/21/2017 16:44,8/21/2017 16:44,8/29/2017 9:40,8/29/2017 12:00,9/1/2017 4:30,2418.16,2560.0,-141.84,1199.8,RFR,,,False,2,Carrier 1695477,Shipper 1386,True,True,True,8/29/2017 18:00,9/1/2017 1:00,False,False,False,False,False,False,False,False,Fort Collins,CO ,Fort Collins,CO 
1733,206468537,8/21/2017 16:44,8/21/2017 16:44,8/29/2017 9:40,8/29/2017 12:00,9/1/2017 4:30,2418.16,2560.0,-141.84,1199.8,RFR,,,False,2,Carrier 1695477,Shipper 1248,True,True,True,8/29/2017 18:00,9/1/2017 1:00,False,False,False,False,False,False,False,False,Fort Collins,CO ,Fort Collins,CO 
1734,206468537,8/21/2017 16:44,8/21/2017 16:44,8/29/2017 9:40,8/29/2017 12:00,9/1/2017 4:30,2418.16,2560.0,-141.84,1199.8,RFR,,,False,2,Carrier 1695477,Shipper 1387,True,True,True,8/29/2017 18:00,9/1/2017 1:00,False,False,False,False,False,False,False,False,Fort Collins,CO ,Fort Collins,CO 
1735,206468537,8/21/2017 16:44,8/21/2017 16:44,8/29/2017 9:40,8/29/2017 12:00,9/1/2017 4:30,2418.16,2560.0,-141.84,1199.8,RFR,,,False,2,Carrier 1695477,Shipper 1388,True,True,True,8/29/2017 18:00,9/1/2017 1:00,False,False,False,False,False,False,False,False,Fort Collins,CO ,Fort Collins,CO 
1736,206537537,10/16/2017 10:08,10/16/2017 10:08,10/17/2017 11:43,10/17/2017 15:00,10/19/2017 8:33,2416.51,2500.0,-83.49,972.4,DRV,,,False,0,Carrier 1394742,Shipper 1644,True,True,True,10/17/2017 15:00,10/19/2017 12:00,False,False,False,False,False,False,False,False,Trenton,MO ,Trenton,MO 
1737,206627105,1/10/2017 16:29,1/10/2017 16:29,1/10/2017 16:37,1/10/2017 3:00,1/11/2017 6:00,2416.0,1911.7,504.3,140.0,RFR,,,False,0,Carrier 968589,Shipper 758,,,,1/11/2017 2:55,1/12/2017 2:00,False,False,False,False,False,False,False,False,Portland,OR ,Portland,OR 
1738,206510697,1/10/2017 12:37,1/10/2017 12:37,1/11/2017 8:50,1/11/2017 8:00,1/12/2017 14:00,2413.17,2300.0,113.17,998.0,DRV,3.0,,False,0,Carrier 369899,Shipper 989,True,True,True,1/11/2017 17:00,1/13/2017 14:30,False,False,False,False,False,False,False,False,St. Louis,MO ,St. Louis,MO 
1739,206521657,5/17/2017 16:28,5/17/2017 16:28,5/17/2017 17:22,5/17/2017 22:00,5/19/2017 10:30,2411.86,2200.0,211.86,1500.5,RFR,4.0,,False,0,Carrier 118543,Shipper 1249,True,True,True,5/17/2017 22:00,5/19/2017 15:00,False,False,False,False,False,False,False,False,Granite City,IL ,Granite City,IL 
1740,206521657,5/17/2017 16:28,5/17/2017 16:28,5/17/2017 17:22,5/17/2017 22:00,5/19/2017 10:30,2411.86,2200.0,211.86,1500.5,RFR,4.0,,False,0,Carrier 118543,Shipper 1375,True,True,True,5/17/2017 22:00,5/19/2017 15:00,False,False,False,False,False,False,False,False,Granite City,IL ,Granite City,IL 
1741,206521657,5/17/2017 16:28,5/17/2017 16:28,5/17/2017 17:22,5/17/2017 22:00,5/19/2017 10:30,2411.86,2200.0,211.86,1500.5,RFR,4.0,,False,0,Carrier 118543,Shipper 1386,True,True,True,5/17/2017 22:00,5/19/2017 15:00,False,False,False,False,False,False,False,False,Granite City,IL ,Granite City,IL 
1742,206521657,5/17/2017 16:28,5/17/2017 16:28,5/17/2017 17:22,5/17/2017 22:00,5/19/2017 10:30,2411.86,2200.0,211.86,1500.5,RFR,4.0,,False,0,Carrier 118543,Shipper 1248,True,True,True,5/17/2017 22:00,5/19/2017 15:00,False,False,False,False,False,False,False,False,Granite City,IL ,Granite City,IL 
1743,206521657,5/17/2017 16:28,5/17/2017 16:28,5/17/2017 17:22,5/17/2017 22:00,5/19/2017 10:30,2411.86,2200.0,211.86,1500.5,RFR,4.0,,False,0,Carrier 118543,Shipper 1387,True,True,True,5/17/2017 22:00,5/19/2017 15:00,False,False,False,False,False,False,False,False,Granite City,IL ,Granite City,IL 
1744,206521657,5/17/2017 16:28,5/17/2017 16:28,5/17/2017 17:22,5/17/2017 22:00,5/19/2017 10:30,2411.86,2200.0,211.86,1500.5,RFR,4.0,,False,0,Carrier 118543,Shipper 1388,True,True,True,5/17/2017 22:00,5/19/2017 15:00,False,False,False,False,False,False,False,False,Granite City,IL ,Granite City,IL 
1745,206514457,10/30/2017 9:24,10/30/2017 9:24,10/31/2017 14:46,11/1/2017 16:00,11/2/2017 16:30,2411.03,1963.0,448.03,606.2,DRV,,,True,0,Carrier 19121,Shipper 1644,True,True,True,11/1/2017 16:00,11/2/2017 16:00,False,False,False,False,False,False,False,False,Howell,MI ,Howell,MI 
1746,206618385,9/25/2017 14:25,9/25/2017 14:25,9/28/2017 11:58,10/3/2017 10:00,10/9/2017 10:30,2410.93,2100.0,310.93,986.2,RFR,,,False,0,Carrier 528438,Shipper 758,False,True,True,10/3/2017 15:00,10/5/2017 10:00,False,False,False,False,False,False,False,False,Denver,CO ,Denver,CO 
1747,206659505,10/27/2017 17:02,10/27/2017 17:02,10/31/2017 14:47,11/1/2017 14:00,11/3/2017 12:30,2410.3,2500.0,-89.7,1199.8,RFR,,,False,0,Carrier 91000,Shipper 1249,True,True,True,11/1/2017 14:00,11/3/2017 12:00,False,False,False,False,False,False,False,False,Fort Collins,CO ,Fort Collins,CO 
1748,206659505,10/27/2017 17:02,10/27/2017 17:02,10/31/2017 14:47,11/1/2017 14:00,11/3/2017 12:30,2410.3,2500.0,-89.7,1199.8,RFR,,,False,0,Carrier 91000,Shipper 1375,True,True,True,11/1/2017 14:00,11/3/2017 12:00,False,False,False,False,False,False,False,False,Fort Collins,CO ,Fort Collins,CO 
1749,206659505,10/27/2017 17:02,10/27/2017 17:02,10/31/2017 14:47,11/1/2017 14:00,11/3/2017 12:30,2410.3,2500.0,-89.7,1199.8,RFR,,,False,0,Carrier 91000,Shipper 1386,True,True,True,11/1/2017 14:00,11/3/2017 12:00,False,False,False,False,False,False,False,False,Fort Collins,CO ,Fort Collins,CO 
1750,206659505,10/27/2017 17:02,10/27/2017 17:02,10/31/2017 14:47,11/1/2017 14:00,11/3/2017 12:30,2410.3,2500.0,-89.7,1199.8,RFR,,,False,0,Carrier 91000,Shipper 1248,True,True,True,11/1/2017 14:00,11/3/2017 12:00,False,False,False,False,False,False,False,False,Fort Collins,CO ,Fort Collins,CO 
1751,206659505,10/27/2017 17:02,10/27/2017 17:02,10/31/2017 14:47,11/1/2017 14:00,11/3/2017 12:30,2410.3,2500.0,-89.7,1199.8,RFR,,,False,0,Carrier 91000,Shipper 1387,True,True,True,11/1/2017 14:00,11/3/2017 12:00,False,False,False,False,False,False,False,False,Fort Collins,CO ,Fort Collins,CO 
1752,206659505,10/27/2017 17:02,10/27/2017 17:02,10/31/2017 14:47,11/1/2017 14:00,11/3/2017 12:30,2410.3,2500.0,-89.7,1199.8,RFR,,,False,0,Carrier 91000,Shipper 1388,True,True,True,11/1/2017 14:00,11/3/2017 12:00,False,False,False,False,False,False,False,False,Fort Collins,CO ,Fort Collins,CO 
1753,206505321,7/11/2017 16:55,7/11/2017 16:56,7/12/2017 11:46,7/12/2017 16:00,7/13/2017 13:45,2408.58,2250.0,158.58,462.8,RFR,,,False,0,Carrier 1478638,Shipper 1249,True,True,True,7/12/2017 16:00,7/14/2017 15:30,False,False,False,False,False,False,False,False,Granite City,IL ,Granite City,IL 
1754,206505321,7/11/2017 16:55,7/11/2017 16:56,7/12/2017 11:46,7/12/2017 16:00,7/13/2017 13:45,2408.58,2250.0,158.58,462.8,RFR,,,False,0,Carrier 1478638,Shipper 1375,True,True,True,7/12/2017 16:00,7/14/2017 15:30,False,False,False,False,False,False,False,False,Granite City,IL ,Granite City,IL 
1755,206505321,7/11/2017 16:55,7/11/2017 16:56,7/12/2017 11:46,7/12/2017 16:00,7/13/2017 13:45,2408.58,2250.0,158.58,462.8,RFR,,,False,0,Carrier 1478638,Shipper 1386,True,True,True,7/12/2017 16:00,7/14/2017 15:30,False,False,False,False,False,False,False,False,Granite City,IL ,Granite City,IL 
1756,206505321,7/11/2017 16:55,7/11/2017 16:56,7/12/2017 11:46,7/12/2017 16:00,7/13/2017 13:45,2408.58,2250.0,158.58,462.8,RFR,,,False,0,Carrier 1478638,Shipper 1248,True,True,True,7/12/2017 16:00,7/14/2017 15:30,False,False,False,False,False,False,False,False,Granite City,IL ,Granite City,IL 
1757,206505321,7/11/2017 16:55,7/11/2017 16:56,7/12/2017 11:46,7/12/2017 16:00,7/13/2017 13:45,2408.58,2250.0,158.58,462.8,RFR,,,False,0,Carrier 1478638,Shipper 1387,True,True,True,7/12/2017 16:00,7/14/2017 15:30,False,False,False,False,False,False,False,False,Granite City,IL ,Granite City,IL 
1758,206505321,7/11/2017 16:55,7/11/2017 16:56,7/12/2017 11:46,7/12/2017 16:00,7/13/2017 13:45,2408.58,2250.0,158.58,462.8,RFR,,,False,0,Carrier 1478638,Shipper 1388,True,True,True,7/12/2017 16:00,7/14/2017 15:30,False,False,False,False,False,False,False,False,Granite City,IL ,Granite City,IL 
1759,206484593,8/14/2017 15:17,8/14/2017 15:18,8/15/2017 16:59,8/16/2017 15:00,8/18/2017 19:30,2406.58,2400.0,6.58,867.7,DRV,,,False,0,Carrier 1044865,Shipper 841,True,True,True,8/16/2017 15:00,8/18/2017 11:00,False,False,False,False,False,False,False,False,Laceys Spring,AL ,Laceys Spring,AL 
1760,206438105,10/11/2017 14:34,10/11/2017 14:34,10/12/2017 17:25,10/13/2017 8:00,10/16/2017 8:45,2404.0,2500.0,-96.0,1376.5,DRV,,,False,0,Carrier 106013,Shipper 1644,True,True,True,10/13/2017 13:00,10/16/2017 6:30,False,False,False,False,False,False,False,False,Del Rio,TX ,Del Rio,TX 
1761,206495185,1/16/2017 8:42,1/16/2017 8:43,1/16/2017 9:32,1/13/2017 15:00,1/14/2017 6:00,2404.0,1728.0,676.0,140.0,RFR,,,False,0,Carrier 968589,Shipper 758,,,,1/14/2017 2:00,1/14/2017 2:00,False,False,False,False,False,False,False,False,Portland,OR ,Portland,OR 
1762,206694241,7/11/2017 16:42,7/11/2017 16:42,7/12/2017 12:09,7/12/2017 15:00,7/13/2017 16:05,2403.09,2200.0,203.09,590.6,RFR,,,False,0,Carrier 1077485,Shipper 1249,True,True,True,7/12/2017 15:00,7/13/2017 15:00,False,False,False,False,False,False,False,False,Granite City,IL ,Granite City,IL 
1763,206694241,7/11/2017 16:42,7/11/2017 16:42,7/12/2017 12:09,7/12/2017 15:00,7/13/2017 16:05,2403.09,2200.0,203.09,590.6,RFR,,,False,0,Carrier 1077485,Shipper 1375,True,True,True,7/12/2017 15:00,7/13/2017 15:00,False,False,False,False,False,False,False,False,Granite City,IL ,Granite City,IL 
1764,206694241,7/11/2017 16:42,7/11/2017 16:42,7/12/2017 12:09,7/12/2017 15:00,7/13/2017 16:05,2403.09,2200.0,203.09,590.6,RFR,,,False,0,Carrier 1077485,Shipper 1386,True,True,True,7/12/2017 15:00,7/13/2017 15:00,False,False,False,False,False,False,False,False,Granite City,IL ,Granite City,IL 
1765,206694241,7/11/2017 16:42,7/11/2017 16:42,7/12/2017 12:09,7/12/2017 15:00,7/13/2017 16:05,2403.09,2200.0,203.09,590.6,RFR,,,False,0,Carrier 1077485,Shipper 1248,True,True,True,7/12/2017 15:00,7/13/2017 15:00,False,False,False,False,False,False,False,False,Granite City,IL ,Granite City,IL 
1766,206694241,7/11/2017 16:42,7/11/2017 16:42,7/12/2017 12:09,7/12/2017 15:00,7/13/2017 16:05,2403.09,2200.0,203.09,590.6,RFR,,,False,0,Carrier 1077485,Shipper 1387,True,True,True,7/12/2017 15:00,7/13/2017 15:00,False,False,False,False,False,False,False,False,Granite City,IL ,Granite City,IL 
1767,206694241,7/11/2017 16:42,7/11/2017 16:42,7/12/2017 12:09,7/12/2017 15:00,7/13/2017 16:05,2403.09,2200.0,203.09,590.6,RFR,,,False,0,Carrier 1077485,Shipper 1388,True,True,True,7/12/2017 15:00,7/13/2017 15:00,False,False,False,False,False,False,False,False,Granite City,IL ,Granite City,IL 
1768,206601841,9/7/2017 15:08,9/7/2017 15:08,9/7/2017 15:41,9/7/2017 10:00,9/10/2017 7:30,2400.0,2100.0,300.0,1395.6,DRV,,,False,0,Carrier 1601608,Shipper 1374,True,False,False,9/7/2017 18:00,9/9/2017 15:45,False,False,False,False,False,False,False,False,Laredo,TX ,Laredo,TX 
1769,206483209,2/13/2017 16:24,2/13/2017 16:24,2/17/2017 9:25,2/17/2017 12:05,2/20/2017 9:20,2400.0,2350.0,50.0,1143.3,DRV,,,False,1,Carrier 1391219,Shipper 623,True,True,True,2/17/2017 12:00,2/20/2017 8:00,False,False,False,False,False,False,False,False,Stacy,MN ,Stacy,MN 
1770,206434193,9/25/2017 11:25,9/25/2017 11:25,9/25/2017 11:34,9/25/2017 12:00,9/27/2017 10:30,2400.0,1800.0,600.0,1011.1,DRV,,,False,0,Carrier 117594,Shipper 585,True,True,True,9/25/2017 15:00,9/27/2017 8:00,False,False,False,False,False,False,False,False,Plant City,FL ,Plant City,FL 
1771,206486353,12/18/2017 12:57,12/18/2017 12:57,12/20/2017 7:42,12/20/2017 12:00,12/22/2017 8:30,2399.45,2300.0,99.45,880.1,RFR,,,False,0,Carrier 1695800,Shipper 1249,True,True,True,12/20/2017 12:00,12/22/2017 7:00,False,False,False,False,False,False,False,False,Newark,NJ ,Newark,NJ 
1772,206486353,12/18/2017 12:57,12/18/2017 12:57,12/20/2017 7:42,12/20/2017 12:00,12/22/2017 8:30,2399.45,2300.0,99.45,880.1,RFR,,,False,0,Carrier 1695800,Shipper 1375,True,True,True,12/20/2017 12:00,12/22/2017 7:00,False,False,False,False,False,False,False,False,Newark,NJ ,Newark,NJ 
1773,206486353,12/18/2017 12:57,12/18/2017 12:57,12/20/2017 7:42,12/20/2017 12:00,12/22/2017 8:30,2399.45,2300.0,99.45,880.1,RFR,,,False,0,Carrier 1695800,Shipper 1386,True,True,True,12/20/2017 12:00,12/22/2017 7:00,False,False,False,False,False,False,False,False,Newark,NJ ,Newark,NJ 
1774,206486353,12/18/2017 12:57,12/18/2017 12:57,12/20/2017 7:42,12/20/2017 12:00,12/22/2017 8:30,2399.45,2300.0,99.45,880.1,RFR,,,False,0,Carrier 1695800,Shipper 1248,True,True,True,12/20/2017 12:00,12/22/2017 7:00,False,False,False,False,False,False,False,False,Newark,NJ ,Newark,NJ 
1775,206486353,12/18/2017 12:57,12/18/2017 12:57,12/20/2017 7:42,12/20/2017 12:00,12/22/2017 8:30,2399.45,2300.0,99.45,880.1,RFR,,,False,0,Carrier 1695800,Shipper 1387,True,True,True,12/20/2017 12:00,12/22/2017 7:00,False,False,False,False,False,False,False,False,Newark,NJ ,Newark,NJ 
1776,206486353,12/18/2017 12:57,12/18/2017 12:57,12/20/2017 7:42,12/20/2017 12:00,12/22/2017 8:30,2399.45,2300.0,99.45,880.1,RFR,,,False,0,Carrier 1695800,Shipper 1388,True,True,True,12/20/2017 12:00,12/22/2017 7:00,False,False,False,False,False,False,False,False,Newark,NJ ,Newark,NJ 
1777,206573977,11/10/2017 8:46,11/10/2017 8:46,11/10/2017 10:26,11/10/2017 7:00,11/13/2017 9:36,2394.94,1500.0,894.94,290.5,DRV,,,False,0,Carrier 1693961,Shipper 1249,False,True,False,11/10/2017 15:00,11/13/2017 23:55,False,False,False,False,False,False,False,False,Baldwinsville,NY ,Baldwinsville,NY 
1778,206573977,11/10/2017 8:46,11/10/2017 8:46,11/10/2017 10:26,11/10/2017 7:00,11/13/2017 9:36,2394.94,1500.0,894.94,290.5,DRV,,,False,0,Carrier 1693961,Shipper 1375,False,True,False,11/10/2017 15:00,11/13/2017 23:55,False,False,False,False,False,False,False,False,Baldwinsville,NY ,Baldwinsville,NY 
1779,206573977,11/10/2017 8:46,11/10/2017 8:46,11/10/2017 10:26,11/10/2017 7:00,11/13/2017 9:36,2394.94,1500.0,894.94,290.5,DRV,,,False,0,Carrier 1693961,Shipper 1386,False,True,False,11/10/2017 15:00,11/13/2017 23:55,False,False,False,False,False,False,False,False,Baldwinsville,NY ,Baldwinsville,NY 
1780,206573977,11/10/2017 8:46,11/10/2017 8:46,11/10/2017 10:26,11/10/2017 7:00,11/13/2017 9:36,2394.94,1500.0,894.94,290.5,DRV,,,False,0,Carrier 1693961,Shipper 1248,False,True,False,11/10/2017 15:00,11/13/2017 23:55,False,False,False,False,False,False,False,False,Baldwinsville,NY ,Baldwinsville,NY 
1781,206573977,11/10/2017 8:46,11/10/2017 8:46,11/10/2017 10:26,11/10/2017 7:00,11/13/2017 9:36,2394.94,1500.0,894.94,290.5,DRV,,,False,0,Carrier 1693961,Shipper 1387,False,True,False,11/10/2017 15:00,11/13/2017 23:55,False,False,False,False,False,False,False,False,Baldwinsville,NY ,Baldwinsville,NY 
1782,206573977,11/10/2017 8:46,11/10/2017 8:46,11/10/2017 10:26,11/10/2017 7:00,11/13/2017 9:36,2394.94,1500.0,894.94,290.5,DRV,,,False,0,Carrier 1693961,Shipper 1388,False,True,False,11/10/2017 15:00,11/13/2017 23:55,False,False,False,False,False,False,False,False,Baldwinsville,NY ,Baldwinsville,NY 
1783,206523889,5/26/2017 14:30,5/26/2017 14:30,5/26/2017 16:46,5/29/2017 0:00,5/29/2017 10:00,2392.3,1500.0,892.3,241.1,DRV,,,True,0,Carrier 154651,Shipper 1249,True,True,True,5/29/2017 0:00,5/29/2017 11:00,False,False,False,False,False,False,False,False,Newark,NJ ,Newark,NJ 
1784,206523889,5/26/2017 14:30,5/26/2017 14:30,5/26/2017 16:46,5/29/2017 0:00,5/29/2017 10:00,2392.3,1500.0,892.3,241.1,DRV,,,True,0,Carrier 154651,Shipper 1375,True,True,True,5/29/2017 0:00,5/29/2017 11:00,False,False,False,False,False,False,False,False,Newark,NJ ,Newark,NJ 
1785,206523889,5/26/2017 14:30,5/26/2017 14:30,5/26/2017 16:46,5/29/2017 0:00,5/29/2017 10:00,2392.3,1500.0,892.3,241.1,DRV,,,True,0,Carrier 154651,Shipper 1386,True,True,True,5/29/2017 0:00,5/29/2017 11:00,False,False,False,False,False,False,False,False,Newark,NJ ,Newark,NJ 
1786,206523889,5/26/2017 14:30,5/26/2017 14:30,5/26/2017 16:46,5/29/2017 0:00,5/29/2017 10:00,2392.3,1500.0,892.3,241.1,DRV,,,True,0,Carrier 154651,Shipper 1248,True,True,True,5/29/2017 0:00,5/29/2017 11:00,False,False,False,False,False,False,False,False,Newark,NJ ,Newark,NJ 
1787,206523889,5/26/2017 14:30,5/26/2017 14:30,5/26/2017 16:46,5/29/2017 0:00,5/29/2017 10:00,2392.3,1500.0,892.3,241.1,DRV,,,True,0,Carrier 154651,Shipper 1387,True,True,True,5/29/2017 0:00,5/29/2017 11:00,False,False,False,False,False,False,False,False,Newark,NJ ,Newark,NJ 
1788,206523889,5/26/2017 14:30,5/26/2017 14:30,5/26/2017 16:46,5/29/2017 0:00,5/29/2017 10:00,2392.3,1500.0,892.3,241.1,DRV,,,True,0,Carrier 154651,Shipper 1388,True,True,True,5/29/2017 0:00,5/29/2017 11:00,False,False,False,False,False,False,False,False,Newark,NJ ,Newark,NJ 
1789,206533361,6/28/2017 17:53,6/28/2017 17:53,6/29/2017 10:03,6/28/2017 18:00,6/30/2017 11:15,2387.02,2400.0,-12.98,714.9,DRV,,,False,1,Carrier 1404268,Shipper 1249,False,True,False,6/28/2017 21:00,6/30/2017 14:00,False,False,False,False,False,False,False,False,Fort Collins,CO ,Fort Collins,CO 
1790,206533361,6/28/2017 17:53,6/28/2017 17:53,6/29/2017 10:03,6/28/2017 18:00,6/30/2017 11:15,2387.02,2400.0,-12.98,714.9,DRV,,,False,1,Carrier 1404268,Shipper 1375,False,True,False,6/28/2017 21:00,6/30/2017 14:00,False,False,False,False,False,False,False,False,Fort Collins,CO ,Fort Collins,CO 
1791,206533361,6/28/2017 17:53,6/28/2017 17:53,6/29/2017 10:03,6/28/2017 18:00,6/30/2017 11:15,2387.02,2400.0,-12.98,714.9,DRV,,,False,1,Carrier 1404268,Shipper 1386,False,True,False,6/28/2017 21:00,6/30/2017 14:00,False,False,False,False,False,False,False,False,Fort Collins,CO ,Fort Collins,CO 
1792,206533361,6/28/2017 17:53,6/28/2017 17:53,6/29/2017 10:03,6/28/2017 18:00,6/30/2017 11:15,2387.02,2400.0,-12.98,714.9,DRV,,,False,1,Carrier 1404268,Shipper 1248,False,True,False,6/28/2017 21:00,6/30/2017 14:00,False,False,False,False,False,False,False,False,Fort Collins,CO ,Fort Collins,CO 
1793,206533361,6/28/2017 17:53,6/28/2017 17:53,6/29/2017 10:03,6/28/2017 18:00,6/30/2017 11:15,2387.02,2400.0,-12.98,714.9,DRV,,,False,1,Carrier 1404268,Shipper 1387,False,True,False,6/28/2017 21:00,6/30/2017 14:00,False,False,False,False,False,False,False,False,Fort Collins,CO ,Fort Collins,CO 
1794,206533361,6/28/2017 17:53,6/28/2017 17:53,6/29/2017 10:03,6/28/2017 18:00,6/30/2017 11:15,2387.02,2400.0,-12.98,714.9,DRV,,,False,1,Carrier 1404268,Shipper 1388,False,True,False,6/28/2017 21:00,6/30/2017 14:00,False,False,False,False,False,False,False,False,Fort Collins,CO ,Fort Collins,CO 
1795,206659497,10/27/2017 8:43,10/27/2017 8:43,10/30/2017 15:51,10/31/2017 11:00,11/1/2017 23:15,2386.47,1840.0,546.47,574.7,DRV,,,False,0,Carrier 1227320,Shipper 758,True,True,True,11/1/2017 1:00,11/1/2017 17:00,False,False,False,False,False,False,False,False,Fresno,CA ,Fresno,CA 
1796,206517537,8/3/2017 9:07,8/3/2017 9:07,8/14/2017 8:16,8/14/2017 17:00,8/17/2017 7:00,2384.0,2150.0,234.0,1371.5,DRV,,,False,0,Carrier 1466230,Shipper 585,,,,8/14/2017 17:00,8/17/2017 5:00,False,False,False,False,False,False,False,False,Plant City,FL ,Plant City,FL 
1797,206535177,12/6/2017 17:14,12/6/2017 17:14,12/7/2017 12:32,12/7/2017 12:00,12/18/2017 9:00,2375.66,2650.0,-274.34,536.4,DRV,,,False,0,Carrier 1084875,Shipper 1644,True,True,True,12/7/2017 14:30,12/8/2017 15:00,False,False,False,False,False,False,False,False,Decatur,IN ,Decatur,IN 
1798,206624249,11/6/2017 18:20,11/6/2017 18:20,11/7/2017 17:25,11/9/2017 7:00,11/10/2017 18:00,2374.43,1900.0,474.43,460.3,DRV,,,False,0,Carrier 831746,Shipper 1249,True,True,True,11/9/2017 21:00,11/10/2017 23:00,False,False,False,False,False,False,False,False,Columbus,OH ,Columbus,OH 
1799,206624249,11/6/2017 18:20,11/6/2017 18:20,11/7/2017 17:25,11/9/2017 7:00,11/10/2017 18:00,2374.43,1900.0,474.43,460.3,DRV,,,False,0,Carrier 831746,Shipper 1375,True,True,True,11/9/2017 21:00,11/10/2017 23:00,False,False,False,False,False,False,False,False,Columbus,OH ,Columbus,OH 
1800,206624249,11/6/2017 18:20,11/6/2017 18:20,11/7/2017 17:25,11/9/2017 7:00,11/10/2017 18:00,2374.43,1900.0,474.43,460.3,DRV,,,False,0,Carrier 831746,Shipper 1386,True,True,True,11/9/2017 21:00,11/10/2017 23:00,False,False,False,False,False,False,False,False,Columbus,OH ,Columbus,OH 
1801,206624249,11/6/2017 18:20,11/6/2017 18:20,11/7/2017 17:25,11/9/2017 7:00,11/10/2017 18:00,2374.43,1900.0,474.43,460.3,DRV,,,False,0,Carrier 831746,Shipper 1248,True,True,True,11/9/2017 21:00,11/10/2017 23:00,False,False,False,False,False,False,False,False,Columbus,OH ,Columbus,OH 
1802,206624249,11/6/2017 18:20,11/6/2017 18:20,11/7/2017 17:25,11/9/2017 7:00,11/10/2017 18:00,2374.43,1900.0,474.43,460.3,DRV,,,False,0,Carrier 831746,Shipper 1387,True,True,True,11/9/2017 21:00,11/10/2017 23:00,False,False,False,False,False,False,False,False,Columbus,OH ,Columbus,OH 
1803,206624249,11/6/2017 18:20,11/6/2017 18:20,11/7/2017 17:25,11/9/2017 7:00,11/10/2017 18:00,2374.43,1900.0,474.43,460.3,DRV,,,False,0,Carrier 831746,Shipper 1388,True,True,True,11/9/2017 21:00,11/10/2017 23:00,False,False,False,False,False,False,False,False,Columbus,OH ,Columbus,OH 
1804,206594465,5/30/2017 15:22,5/30/2017 15:22,5/31/2017 16:06,5/31/2017 18:00,6/2/2017 10:30,2373.96,1600.0,773.96,2987.8,RFR,,,False,0,Carrier 1695191,Shipper 1249,True,True,True,5/31/2017 18:00,6/2/2017 17:30,False,False,False,False,False,False,False,False,Aurora,CO ,Aurora,CO 
1805,206594465,5/30/2017 15:22,5/30/2017 15:22,5/31/2017 16:06,5/31/2017 18:00,6/2/2017 10:30,2373.96,1600.0,773.96,2987.8,RFR,,,False,0,Carrier 1695191,Shipper 1375,True,True,True,5/31/2017 18:00,6/2/2017 17:30,False,False,False,False,False,False,False,False,Aurora,CO ,Aurora,CO 
1806,206594465,5/30/2017 15:22,5/30/2017 15:22,5/31/2017 16:06,5/31/2017 18:00,6/2/2017 10:30,2373.96,1600.0,773.96,2987.8,RFR,,,False,0,Carrier 1695191,Shipper 1386,True,True,True,5/31/2017 18:00,6/2/2017 17:30,False,False,False,False,False,False,False,False,Aurora,CO ,Aurora,CO 
1807,206594465,5/30/2017 15:22,5/30/2017 15:22,5/31/2017 16:06,5/31/2017 18:00,6/2/2017 10:30,2373.96,1600.0,773.96,2987.8,RFR,,,False,0,Carrier 1695191,Shipper 1248,True,True,True,5/31/2017 18:00,6/2/2017 17:30,False,False,False,False,False,False,False,False,Aurora,CO ,Aurora,CO 
1808,206594465,5/30/2017 15:22,5/30/2017 15:22,5/31/2017 16:06,5/31/2017 18:00,6/2/2017 10:30,2373.96,1600.0,773.96,2987.8,RFR,,,False,0,Carrier 1695191,Shipper 1387,True,True,True,5/31/2017 18:00,6/2/2017 17:30,False,False,False,False,False,False,False,False,Aurora,CO ,Aurora,CO 
1809,206594465,5/30/2017 15:22,5/30/2017 15:22,5/31/2017 16:06,5/31/2017 18:00,6/2/2017 10:30,2373.96,1600.0,773.96,2987.8,RFR,,,False,0,Carrier 1695191,Shipper 1388,True,True,True,5/31/2017 18:00,6/2/2017 17:30,False,False,False,False,False,False,False,False,Aurora,CO ,Aurora,CO 
1810,206587833,12/5/2017 11:43,12/5/2017 11:43,12/6/2017 11:48,12/6/2017 13:30,12/8/2017 11:16,2373.2,3200.0,-826.8,565.7,DRV,,,False,0,Carrier 1410092,Shipper 1644,True,True,True,12/6/2017 13:30,12/7/2017 16:00,False,False,False,False,False,False,False,False,Decatur,IN ,Decatur,IN 
1811,206421849,3/2/2017 11:11,3/2/2017 11:11,3/6/2017 14:35,3/7/2017 17:00,3/9/2017 15:00,2372.57,1950.0,422.57,1388.3,DRV,,,False,0,Carrier 800998,Shipper 758,True,True,True,3/7/2017 17:00,3/10/2017 10:00,False,False,False,False,False,False,False,False,North Salt Lake,UT ,North Salt Lake,UT 
1812,206650569,7/31/2017 18:48,7/31/2017 18:48,8/2/2017 16:13,8/2/2017 22:00,8/4/2017 10:15,2370.58,2500.0,-129.42,539.8,RFR,,,False,1,Carrier 50084,Shipper 1249,True,True,True,8/2/2017 22:00,8/4/2017 15:00,False,False,False,False,False,False,False,False,Granite City,IL ,Granite City,IL 
1813,206650569,7/31/2017 18:48,7/31/2017 18:48,8/2/2017 16:13,8/2/2017 22:00,8/4/2017 10:15,2370.58,2500.0,-129.42,539.8,RFR,,,False,1,Carrier 50084,Shipper 1375,True,True,True,8/2/2017 22:00,8/4/2017 15:00,False,False,False,False,False,False,False,False,Granite City,IL ,Granite City,IL 
1814,206650569,7/31/2017 18:48,7/31/2017 18:48,8/2/2017 16:13,8/2/2017 22:00,8/4/2017 10:15,2370.58,2500.0,-129.42,539.8,RFR,,,False,1,Carrier 50084,Shipper 1386,True,True,True,8/2/2017 22:00,8/4/2017 15:00,False,False,False,False,False,False,False,False,Granite City,IL ,Granite City,IL 
1815,206650569,7/31/2017 18:48,7/31/2017 18:48,8/2/2017 16:13,8/2/2017 22:00,8/4/2017 10:15,2370.58,2500.0,-129.42,539.8,RFR,,,False,1,Carrier 50084,Shipper 1248,True,True,True,8/2/2017 22:00,8/4/2017 15:00,False,False,False,False,False,False,False,False,Granite City,IL ,Granite City,IL 
1816,206650569,7/31/2017 18:48,7/31/2017 18:48,8/2/2017 16:13,8/2/2017 22:00,8/4/2017 10:15,2370.58,2500.0,-129.42,539.8,RFR,,,False,1,Carrier 50084,Shipper 1387,True,True,True,8/2/2017 22:00,8/4/2017 15:00,False,False,False,False,False,False,False,False,Granite City,IL ,Granite City,IL 
1817,206650569,7/31/2017 18:48,7/31/2017 18:48,8/2/2017 16:13,8/2/2017 22:00,8/4/2017 10:15,2370.58,2500.0,-129.42,539.8,RFR,,,False,1,Carrier 50084,Shipper 1388,True,True,True,8/2/2017 22:00,8/4/2017 15:00,False,False,False,False,False,False,False,False,Granite City,IL ,Granite City,IL 
1818,206597849,12/11/2017 9:03,12/11/2017 9:03,1/2/2018 9:30,1/2/2018 16:00,1/6/2018 9:00,2370.0,2270.0,100.0,1237.7,DRV,,dat_out,False,0,Carrier 1541477,Shipper 585,True,True,True,1/2/2018 17:00,1/6/2018 10:00,False,False,False,False,False,False,False,False,Plant City,FL ,Plant City,FL 
1819,206577369,9/28/2017 16:34,9/28/2017 16:34,9/29/2017 8:46,9/30/2017 16:00,10/2/2017 9:00,2369.08,2000.0,369.08,613.1,DRV,,,False,0,Carrier 80546,Shipper 1249,True,True,True,9/30/2017 16:00,10/2/2017 14:00,False,False,False,False,False,False,False,False,Houston,TX ,Houston,TX 
1820,206577369,9/28/2017 16:34,9/28/2017 16:34,9/29/2017 8:46,9/30/2017 16:00,10/2/2017 9:00,2369.08,2000.0,369.08,613.1,DRV,,,False,0,Carrier 80546,Shipper 1375,True,True,True,9/30/2017 16:00,10/2/2017 14:00,False,False,False,False,False,False,False,False,Houston,TX ,Houston,TX 
1821,206577369,9/28/2017 16:34,9/28/2017 16:34,9/29/2017 8:46,9/30/2017 16:00,10/2/2017 9:00,2369.08,2000.0,369.08,613.1,DRV,,,False,0,Carrier 80546,Shipper 1386,True,True,True,9/30/2017 16:00,10/2/2017 14:00,False,False,False,False,False,False,False,False,Houston,TX ,Houston,TX 
1822,206577369,9/28/2017 16:34,9/28/2017 16:34,9/29/2017 8:46,9/30/2017 16:00,10/2/2017 9:00,2369.08,2000.0,369.08,613.1,DRV,,,False,0,Carrier 80546,Shipper 1248,True,True,True,9/30/2017 16:00,10/2/2017 14:00,False,False,False,False,False,False,False,False,Houston,TX ,Houston,TX 
1823,206577369,9/28/2017 16:34,9/28/2017 16:34,9/29/2017 8:46,9/30/2017 16:00,10/2/2017 9:00,2369.08,2000.0,369.08,613.1,DRV,,,False,0,Carrier 80546,Shipper 1387,True,True,True,9/30/2017 16:00,10/2/2017 14:00,False,False,False,False,False,False,False,False,Houston,TX ,Houston,TX 
1824,206577369,9/28/2017 16:34,9/28/2017 16:34,9/29/2017 8:46,9/30/2017 16:00,10/2/2017 9:00,2369.08,2000.0,369.08,613.1,DRV,,,False,0,Carrier 80546,Shipper 1388,True,True,True,9/30/2017 16:00,10/2/2017 14:00,False,False,False,False,False,False,False,False,Houston,TX ,Houston,TX 
1825,206464913,6/13/2017 16:29,6/13/2017 16:30,6/14/2017 11:41,6/15/2017 17:00,6/16/2017 13:00,2366.41,1800.0,566.41,714.9,DRV,,,False,0,Carrier 1086354,Shipper 1249,True,True,True,6/15/2017 17:00,6/16/2017 14:00,False,False,False,False,False,False,False,False,Fort Collins,CO ,Fort Collins,CO 
1826,206464913,6/13/2017 16:29,6/13/2017 16:30,6/14/2017 11:41,6/15/2017 17:00,6/16/2017 13:00,2366.41,1800.0,566.41,714.9,DRV,,,False,0,Carrier 1086354,Shipper 1375,True,True,True,6/15/2017 17:00,6/16/2017 14:00,False,False,False,False,False,False,False,False,Fort Collins,CO ,Fort Collins,CO 
1827,206464913,6/13/2017 16:29,6/13/2017 16:30,6/14/2017 11:41,6/15/2017 17:00,6/16/2017 13:00,2366.41,1800.0,566.41,714.9,DRV,,,False,0,Carrier 1086354,Shipper 1386,True,True,True,6/15/2017 17:00,6/16/2017 14:00,False,False,False,False,False,False,False,False,Fort Collins,CO ,Fort Collins,CO 
1828,206464913,6/13/2017 16:29,6/13/2017 16:30,6/14/2017 11:41,6/15/2017 17:00,6/16/2017 13:00,2366.41,1800.0,566.41,714.9,DRV,,,False,0,Carrier 1086354,Shipper 1248,True,True,True,6/15/2017 17:00,6/16/2017 14:00,False,False,False,False,False,False,False,False,Fort Collins,CO ,Fort Collins,CO 
1829,206464913,6/13/2017 16:29,6/13/2017 16:30,6/14/2017 11:41,6/15/2017 17:00,6/16/2017 13:00,2366.41,1800.0,566.41,714.9,DRV,,,False,0,Carrier 1086354,Shipper 1387,True,True,True,6/15/2017 17:00,6/16/2017 14:00,False,False,False,False,False,False,False,False,Fort Collins,CO ,Fort Collins,CO 
1830,206464913,6/13/2017 16:29,6/13/2017 16:30,6/14/2017 11:41,6/15/2017 17:00,6/16/2017 13:00,2366.41,1800.0,566.41,714.9,DRV,,,False,0,Carrier 1086354,Shipper 1388,True,True,True,6/15/2017 17:00,6/16/2017 14:00,False,False,False,False,False,False,False,False,Fort Collins,CO ,Fort Collins,CO 
1831,206656649,10/30/2017 9:02,10/30/2017 9:02,10/30/2017 11:07,10/31/2017 16:00,11/2/2017 15:15,2362.66,2500.0,-137.34,1319.8,DRV,,,True,0,Carrier 1687657,Shipper 1644,True,True,True,10/31/2017 16:00,11/2/2017 19:00,False,False,False,False,False,False,False,False,Canton,NC ,Canton,NC 
1832,206591513,10/23/2017 10:28,10/23/2017 10:28,10/26/2017 9:54,10/27/2017 15:00,10/31/2017 18:10,2362.26,2500.0,-137.74,1319.8,DRV,,,True,0,Carrier 41352,Shipper 1644,True,True,True,10/27/2017 15:00,10/29/2017 16:00,False,False,False,False,False,False,False,False,Canton,NC ,Canton,NC 
1833,206747897,10/23/2017 10:43,10/23/2017 10:43,10/26/2017 9:53,10/27/2017 22:00,10/29/2017 21:50,2362.26,2500.0,-137.74,1319.8,DRV,,,True,0,Carrier 41352,Shipper 1644,True,True,True,10/27/2017 22:00,10/29/2017 22:00,False,False,False,False,False,False,False,False,Canton,NC ,Canton,NC 
1834,206659481,10/23/2017 10:38,10/23/2017 10:38,10/25/2017 13:40,10/26/2017 22:00,10/28/2017 21:40,2362.26,2500.0,-137.74,1319.8,DRV,,,True,0,Carrier 1687657,Shipper 1644,True,True,True,10/26/2017 22:00,10/28/2017 22:00,False,False,False,False,False,False,False,False,Canton,NC ,Canton,NC 
1835,206601177,10/30/2017 10:11,10/30/2017 10:11,10/31/2017 9:35,11/2/2017 23:00,11/5/2017 6:25,2362.26,2400.0,-37.74,1319.8,DRV,,,True,0,Carrier 1687657,Shipper 1644,True,True,True,11/2/2017 23:00,11/5/2017 3:00,False,False,False,False,False,False,False,False,Canton,NC ,Canton,NC 
1836,206555801,10/23/2017 10:19,10/23/2017 10:19,10/25/2017 9:53,10/25/2017 15:00,10/27/2017 16:00,2362.26,2500.0,-137.74,1319.8,DRV,,,True,1,Carrier 1687657,Shipper 1644,True,True,True,10/25/2017 15:00,10/27/2017 16:00,False,False,False,False,False,False,False,False,Canton,NC ,Canton,NC 
1837,206422809,10/23/2017 10:32,10/23/2017 10:32,10/25/2017 13:09,10/27/2017 15:00,10/30/2017 17:45,2362.26,2500.0,-137.74,1319.8,DRV,,,True,0,Carrier 41352,Shipper 1644,True,True,True,10/27/2017 15:00,10/29/2017 16:00,False,False,False,False,False,False,False,False,Canton,NC ,Canton,NC 
1838,206484937,10/23/2017 10:22,10/23/2017 10:22,10/25/2017 9:53,10/25/2017 22:00,10/27/2017 18:00,2362.26,2500.0,-137.74,1319.8,DRV,,,True,1,Carrier 1687657,Shipper 1644,True,True,True,10/25/2017 22:00,10/27/2017 23:00,False,False,False,False,False,False,False,False,Canton,NC ,Canton,NC 
1839,206554417,10/30/2017 9:08,10/30/2017 9:08,10/30/2017 11:06,10/31/2017 23:00,11/3/2017 13:40,2362.26,2500.0,-137.74,1319.8,DRV,,,True,0,Carrier 1687657,Shipper 1644,True,False,False,10/31/2017 23:00,11/3/2017 2:00,False,False,False,False,False,False,False,False,Canton,NC ,Canton,NC 
1840,206485481,10/30/2017 8:42,10/30/2017 8:42,10/30/2017 10:01,10/30/2017 23:00,11/2/2017 2:00,2362.26,2500.0,-137.74,1319.8,DRV,,,True,0,Carrier 1687657,Shipper 1644,True,True,True,10/30/2017 23:00,11/2/2017 2:00,False,False,False,False,False,False,False,False,Canton,NC ,Canton,NC 
1841,206479209,10/23/2017 5:59,10/23/2017 5:59,10/23/2017 9:33,10/23/2017 22:00,10/26/2017 2:45,2362.26,2500.0,-137.74,1319.8,DRV,,,True,0,Carrier 1687657,Shipper 1644,True,False,False,10/23/2017 22:00,10/25/2017 23:00,False,False,False,False,False,False,False,False,Canton,NC ,Canton,NC 
1842,206438121,10/30/2017 10:25,10/30/2017 10:25,10/31/2017 9:35,11/3/2017 23:00,11/5/2017 19:45,2362.26,2400.0,-37.74,1319.8,DRV,,,True,0,Carrier 1687657,Shipper 1644,True,True,True,11/3/2017 23:00,11/6/2017 2:00,False,False,False,False,False,False,False,False,Canton,NC ,Canton,NC 
1843,206507673,10/30/2017 10:20,10/30/2017 10:20,10/31/2017 9:35,11/3/2017 16:00,11/4/2017 20:00,2362.26,2400.0,-37.74,1319.8,DRV,,,True,0,Carrier 1687657,Shipper 1644,True,True,True,11/3/2017 16:00,11/5/2017 19:00,False,False,False,False,False,False,False,False,Canton,NC ,Canton,NC 
1844,206484313,10/23/2017 5:49,10/23/2017 5:49,10/23/2017 9:34,10/23/2017 10:00,10/25/2017 6:40,2362.26,2500.0,-137.74,1319.8,DRV,,,True,0,Carrier 1687657,Shipper 1644,True,True,True,10/23/2017 15:00,10/25/2017 16:00,False,False,False,False,False,False,False,False,Canton,NC ,Canton,NC 
1845,206438361,10/30/2017 10:05,10/30/2017 10:05,10/31/2017 9:35,11/1/2017 23:00,11/3/2017 16:35,2362.26,2400.0,-37.74,1319.8,DRV,,,True,0,Carrier 1687657,Shipper 1644,True,True,True,11/1/2017 23:00,11/4/2017 2:00,False,False,False,False,False,False,False,False,Canton,NC ,Canton,NC 
1846,206474905,10/23/2017 10:15,10/23/2017 10:15,10/24/2017 17:20,10/24/2017 15:00,10/26/2017 15:00,2362.26,2500.0,-137.74,1319.8,DRV,,,False,1,Carrier 1055986,Shipper 1644,True,True,True,10/24/2017 23:55,10/26/2017 17:00,False,False,False,False,False,False,False,False,Canton,NC ,Canton,NC 
1847,206505377,10/23/2017 10:04,10/23/2017 10:04,10/24/2017 17:33,10/24/2017 15:00,10/27/2017 12:30,2362.26,2400.0,-37.74,1319.8,DRV,,,False,1,Carrier 5631,Shipper 1644,True,False,False,10/24/2017 23:55,10/26/2017 16:00,False,False,False,False,False,False,False,False,Canton,NC ,Canton,NC 
1848,206719993,5/1/2017 16:22,5/1/2017 16:22,5/5/2017 10:08,5/5/2017 12:00,5/8/2017 15:30,2357.5,3000.0,-642.5,1754.6,DRV,,,False,1,Carrier 1694503,Shipper 1249,False,True,False,5/5/2017 12:00,5/8/2017 13:00,False,False,False,False,False,False,False,False,Williamsburg,VA ,Williamsburg,VA 
1849,206719993,5/1/2017 16:22,5/1/2017 16:22,5/5/2017 10:08,5/5/2017 12:00,5/8/2017 15:30,2357.5,3000.0,-642.5,1754.6,DRV,,,False,1,Carrier 1694503,Shipper 1375,False,True,False,5/5/2017 12:00,5/8/2017 13:00,False,False,False,False,False,False,False,False,Williamsburg,VA ,Williamsburg,VA 
1850,206719993,5/1/2017 16:22,5/1/2017 16:22,5/5/2017 10:08,5/5/2017 12:00,5/8/2017 15:30,2357.5,3000.0,-642.5,1754.6,DRV,,,False,1,Carrier 1694503,Shipper 1386,False,True,False,5/5/2017 12:00,5/8/2017 13:00,False,False,False,False,False,False,False,False,Williamsburg,VA ,Williamsburg,VA 
1851,206719993,5/1/2017 16:22,5/1/2017 16:22,5/5/2017 10:08,5/5/2017 12:00,5/8/2017 15:30,2357.5,3000.0,-642.5,1754.6,DRV,,,False,1,Carrier 1694503,Shipper 1248,False,True,False,5/5/2017 12:00,5/8/2017 13:00,False,False,False,False,False,False,False,False,Williamsburg,VA ,Williamsburg,VA 
1852,206719993,5/1/2017 16:22,5/1/2017 16:22,5/5/2017 10:08,5/5/2017 12:00,5/8/2017 15:30,2357.5,3000.0,-642.5,1754.6,DRV,,,False,1,Carrier 1694503,Shipper 1387,False,True,False,5/5/2017 12:00,5/8/2017 13:00,False,False,False,False,False,False,False,False,Williamsburg,VA ,Williamsburg,VA 
1853,206719993,5/1/2017 16:22,5/1/2017 16:22,5/5/2017 10:08,5/5/2017 12:00,5/8/2017 15:30,2357.5,3000.0,-642.5,1754.6,DRV,,,False,1,Carrier 1694503,Shipper 1388,False,True,False,5/5/2017 12:00,5/8/2017 13:00,False,False,False,False,False,False,False,False,Williamsburg,VA ,Williamsburg,VA 
1854,206428369,11/15/2017 16:24,11/15/2017 16:24,11/16/2017 15:16,11/18/2017 16:00,11/20/2017 10:35,2356.84,2350.0,6.84,872.0,RFR,,,False,0,Carrier 1695672,Shipper 1249,True,True,True,11/18/2017 16:00,11/20/2017 17:00,False,False,False,False,False,False,False,False,Fort Collins,CO ,Fort Collins,CO 
1855,206428369,11/15/2017 16:24,11/15/2017 16:24,11/16/2017 15:16,11/18/2017 16:00,11/20/2017 10:35,2356.84,2350.0,6.84,872.0,RFR,,,False,0,Carrier 1695672,Shipper 1375,True,True,True,11/18/2017 16:00,11/20/2017 17:00,False,False,False,False,False,False,False,False,Fort Collins,CO ,Fort Collins,CO 
1856,206428369,11/15/2017 16:24,11/15/2017 16:24,11/16/2017 15:16,11/18/2017 16:00,11/20/2017 10:35,2356.84,2350.0,6.84,872.0,RFR,,,False,0,Carrier 1695672,Shipper 1386,True,True,True,11/18/2017 16:00,11/20/2017 17:00,False,False,False,False,False,False,False,False,Fort Collins,CO ,Fort Collins,CO 
1857,206428369,11/15/2017 16:24,11/15/2017 16:24,11/16/2017 15:16,11/18/2017 16:00,11/20/2017 10:35,2356.84,2350.0,6.84,872.0,RFR,,,False,0,Carrier 1695672,Shipper 1248,True,True,True,11/18/2017 16:00,11/20/2017 17:00,False,False,False,False,False,False,False,False,Fort Collins,CO ,Fort Collins,CO 
1858,206428369,11/15/2017 16:24,11/15/2017 16:24,11/16/2017 15:16,11/18/2017 16:00,11/20/2017 10:35,2356.84,2350.0,6.84,872.0,RFR,,,False,0,Carrier 1695672,Shipper 1387,True,True,True,11/18/2017 16:00,11/20/2017 17:00,False,False,False,False,False,False,False,False,Fort Collins,CO ,Fort Collins,CO 
1859,206428369,11/15/2017 16:24,11/15/2017 16:24,11/16/2017 15:16,11/18/2017 16:00,11/20/2017 10:35,2356.84,2350.0,6.84,872.0,RFR,,,False,0,Carrier 1695672,Shipper 1388,True,True,True,11/18/2017 16:00,11/20/2017 17:00,False,False,False,False,False,False,False,False,Fort Collins,CO ,Fort Collins,CO 
1860,206440625,6/1/2017 12:25,6/1/2017 12:26,6/1/2017 14:02,6/2/2017 14:00,6/5/2017 12:30,2350.0,2200.0,150.0,1688.7,DRV,,,False,0,Carrier 78593,Shipper 1395,True,True,True,6/2/2017 17:00,6/5/2017 20:00,False,False,False,False,False,False,False,False,Big Sandy,TX ,Big Sandy,TX 
1861,206610153,6/16/2017 11:53,6/16/2017 11:53,6/19/2017 16:48,6/20/2017 14:00,6/23/2017 12:00,2350.0,2200.0,150.0,1688.7,DRV,,,False,0,Carrier 1438153,Shipper 1395,True,True,True,6/20/2017 17:00,6/23/2017 19:00,False,False,False,False,False,False,False,False,Big Sandy,TX ,Big Sandy,TX 
1862,206467617,6/23/2017 17:43,6/23/2017 17:44,6/23/2017 18:19,6/24/2017 6:00,6/26/2017 7:44,2350.0,1900.0,450.0,904.9,DRV,,,False,0,Carrier 872938,Shipper 585,True,True,True,6/24/2017 9:00,6/26/2017 7:00,False,False,False,False,False,False,False,False,Sterling,VA ,Sterling,VA 
1863,206552761,4/10/2017 17:12,4/10/2017 17:12,4/11/2017 12:39,4/11/2017 12:00,4/13/2017 14:00,2347.67,2300.0,47.67,1168.2,DRV,4.0,,False,0,Carrier 27623,Shipper 1249,True,True,True,4/11/2017 17:00,4/13/2017 13:00,False,False,False,False,False,False,False,False,Jacksonville,FL ,Jacksonville,FL 
1864,206552761,4/10/2017 17:12,4/10/2017 17:12,4/11/2017 12:39,4/11/2017 12:00,4/13/2017 14:00,2347.67,2300.0,47.67,1168.2,DRV,4.0,,False,0,Carrier 27623,Shipper 1375,True,True,True,4/11/2017 17:00,4/13/2017 13:00,False,False,False,False,False,False,False,False,Jacksonville,FL ,Jacksonville,FL 
1865,206552761,4/10/2017 17:12,4/10/2017 17:12,4/11/2017 12:39,4/11/2017 12:00,4/13/2017 14:00,2347.67,2300.0,47.67,1168.2,DRV,4.0,,False,0,Carrier 27623,Shipper 1386,True,True,True,4/11/2017 17:00,4/13/2017 13:00,False,False,False,False,False,False,False,False,Jacksonville,FL ,Jacksonville,FL 
1866,206552761,4/10/2017 17:12,4/10/2017 17:12,4/11/2017 12:39,4/11/2017 12:00,4/13/2017 14:00,2347.67,2300.0,47.67,1168.2,DRV,4.0,,False,0,Carrier 27623,Shipper 1248,True,True,True,4/11/2017 17:00,4/13/2017 13:00,False,False,False,False,False,False,False,False,Jacksonville,FL ,Jacksonville,FL 
1867,206552761,4/10/2017 17:12,4/10/2017 17:12,4/11/2017 12:39,4/11/2017 12:00,4/13/2017 14:00,2347.67,2300.0,47.67,1168.2,DRV,4.0,,False,0,Carrier 27623,Shipper 1387,True,True,True,4/11/2017 17:00,4/13/2017 13:00,False,False,False,False,False,False,False,False,Jacksonville,FL ,Jacksonville,FL 
1868,206552761,4/10/2017 17:12,4/10/2017 17:12,4/11/2017 12:39,4/11/2017 12:00,4/13/2017 14:00,2347.67,2300.0,47.67,1168.2,DRV,4.0,,False,0,Carrier 27623,Shipper 1388,True,True,True,4/11/2017 17:00,4/13/2017 13:00,False,False,False,False,False,False,False,False,Jacksonville,FL ,Jacksonville,FL 
1869,206431609,10/30/2017 12:11,10/30/2017 12:11,11/8/2017 17:22,11/13/2017 18:00,11/15/2017 13:00,2347.1,3012.0,-664.9,804.5,DRV,,,False,0,Carrier 968589,Shipper 758,True,True,True,11/13/2017 18:00,11/15/2017 7:15,False,False,False,False,False,False,False,False,Idaho Falls,ID ,Idaho Falls,ID 
1870,206585769,6/13/2017 16:15,6/13/2017 16:15,6/14/2017 9:44,6/14/2017 17:00,6/19/2017 10:30,2347.08,2200.0,147.08,1004.7,DRV,,,False,0,Carrier 994590,Shipper 1249,True,True,True,6/14/2017 17:00,6/19/2017 14:00,False,False,False,False,False,False,False,False,Fort Collins,CO ,Fort Collins,CO 
1871,206585769,6/13/2017 16:15,6/13/2017 16:15,6/14/2017 9:44,6/14/2017 17:00,6/19/2017 10:30,2347.08,2200.0,147.08,1004.7,DRV,,,False,0,Carrier 994590,Shipper 1375,True,True,True,6/14/2017 17:00,6/19/2017 14:00,False,False,False,False,False,False,False,False,Fort Collins,CO ,Fort Collins,CO 
1872,206585769,6/13/2017 16:15,6/13/2017 16:15,6/14/2017 9:44,6/14/2017 17:00,6/19/2017 10:30,2347.08,2200.0,147.08,1004.7,DRV,,,False,0,Carrier 994590,Shipper 1386,True,True,True,6/14/2017 17:00,6/19/2017 14:00,False,False,False,False,False,False,False,False,Fort Collins,CO ,Fort Collins,CO 
1873,206585769,6/13/2017 16:15,6/13/2017 16:15,6/14/2017 9:44,6/14/2017 17:00,6/19/2017 10:30,2347.08,2200.0,147.08,1004.7,DRV,,,False,0,Carrier 994590,Shipper 1248,True,True,True,6/14/2017 17:00,6/19/2017 14:00,False,False,False,False,False,False,False,False,Fort Collins,CO ,Fort Collins,CO 
1874,206585769,6/13/2017 16:15,6/13/2017 16:15,6/14/2017 9:44,6/14/2017 17:00,6/19/2017 10:30,2347.08,2200.0,147.08,1004.7,DRV,,,False,0,Carrier 994590,Shipper 1387,True,True,True,6/14/2017 17:00,6/19/2017 14:00,False,False,False,False,False,False,False,False,Fort Collins,CO ,Fort Collins,CO 
1875,206585769,6/13/2017 16:15,6/13/2017 16:15,6/14/2017 9:44,6/14/2017 17:00,6/19/2017 10:30,2347.08,2200.0,147.08,1004.7,DRV,,,False,0,Carrier 994590,Shipper 1388,True,True,True,6/14/2017 17:00,6/19/2017 14:00,False,False,False,False,False,False,False,False,Fort Collins,CO ,Fort Collins,CO 
1876,206430353,10/17/2017 17:52,10/17/2017 17:52,10/20/2017 9:52,10/20/2017 12:00,10/21/2017 17:00,2343.79,3000.0,-656.21,1330.9,DRV,,,False,2,Carrier 1243047,Shipper 1644,True,True,True,10/20/2017 13:00,10/21/2017 14:00,False,False,False,False,False,False,False,False,Indianapolis,IN ,Indianapolis,IN 
1877,206505345,10/17/2017 17:49,10/17/2017 17:49,10/18/2017 18:57,10/19/2017 8:00,10/20/2017 18:00,2343.79,2500.0,-156.21,1330.9,DRV,,,False,1,Carrier 91391,Shipper 1644,True,False,False,10/19/2017 11:00,10/20/2017 14:00,False,False,False,False,False,False,False,False,Indianapolis,IN ,Indianapolis,IN 
1878,206435409,5/1/2017 13:48,5/1/2017 13:48,5/3/2017 9:32,5/3/2017 13:00,5/5/2017 9:00,2343.6,2450.0,-106.4,1143.7,DRV,,,False,0,Carrier 1242567,Shipper 1249,True,True,True,5/3/2017 13:00,5/5/2017 15:00,False,False,False,False,False,False,False,False,Cartersville,GA ,Cartersville,GA 
1879,206435409,5/1/2017 13:48,5/1/2017 13:48,5/3/2017 9:32,5/3/2017 13:00,5/5/2017 9:00,2343.6,2450.0,-106.4,1143.7,DRV,,,False,0,Carrier 1242567,Shipper 1375,True,True,True,5/3/2017 13:00,5/5/2017 15:00,False,False,False,False,False,False,False,False,Cartersville,GA ,Cartersville,GA 
1880,206435409,5/1/2017 13:48,5/1/2017 13:48,5/3/2017 9:32,5/3/2017 13:00,5/5/2017 9:00,2343.6,2450.0,-106.4,1143.7,DRV,,,False,0,Carrier 1242567,Shipper 1386,True,True,True,5/3/2017 13:00,5/5/2017 15:00,False,False,False,False,False,False,False,False,Cartersville,GA ,Cartersville,GA 
1881,206435409,5/1/2017 13:48,5/1/2017 13:48,5/3/2017 9:32,5/3/2017 13:00,5/5/2017 9:00,2343.6,2450.0,-106.4,1143.7,DRV,,,False,0,Carrier 1242567,Shipper 1248,True,True,True,5/3/2017 13:00,5/5/2017 15:00,False,False,False,False,False,False,False,False,Cartersville,GA ,Cartersville,GA 
1882,206435409,5/1/2017 13:48,5/1/2017 13:48,5/3/2017 9:32,5/3/2017 13:00,5/5/2017 9:00,2343.6,2450.0,-106.4,1143.7,DRV,,,False,0,Carrier 1242567,Shipper 1387,True,True,True,5/3/2017 13:00,5/5/2017 15:00,False,False,False,False,False,False,False,False,Cartersville,GA ,Cartersville,GA 
1883,206435409,5/1/2017 13:48,5/1/2017 13:48,5/3/2017 9:32,5/3/2017 13:00,5/5/2017 9:00,2343.6,2450.0,-106.4,1143.7,DRV,,,False,0,Carrier 1242567,Shipper 1388,True,True,True,5/3/2017 13:00,5/5/2017 15:00,False,False,False,False,False,False,False,False,Cartersville,GA ,Cartersville,GA 
1884,206573945,5/10/2017 9:16,5/10/2017 9:42,5/11/2017 10:11,5/11/2017 8:00,5/14/2017 12:50,2343.34,2200.0,143.34,726.0,RFR,,,False,0,Carrier 31074,Shipper 727,True,True,True,5/11/2017 14:00,5/14/2017 12:00,False,False,False,False,False,False,False,False,Statesboro,GA ,Statesboro,GA 
1885,206573945,5/10/2017 9:16,5/10/2017 9:42,5/11/2017 10:11,5/11/2017 8:00,5/14/2017 12:50,2343.34,2200.0,143.34,726.0,RFR,,,False,0,Carrier 31074,Shipper 1855,True,True,True,5/11/2017 14:00,5/14/2017 12:00,False,False,False,False,False,False,False,False,Statesboro,GA ,Statesboro,GA 
1886,206492793,6/13/2017 13:19,6/13/2017 13:19,6/14/2017 16:27,6/15/2017 0:00,6/16/2017 8:00,2340.54,1800.0,540.54,990.7,DRV,,,False,1,Carrier 1077485,Shipper 1249,True,True,True,6/15/2017 0:00,6/16/2017 14:00,False,False,False,False,False,False,False,False,St. Louis,MO ,St. Louis,MO 
1887,206492793,6/13/2017 13:19,6/13/2017 13:19,6/14/2017 16:27,6/15/2017 0:00,6/16/2017 8:00,2340.54,1800.0,540.54,990.7,DRV,,,False,1,Carrier 1077485,Shipper 1375,True,True,True,6/15/2017 0:00,6/16/2017 14:00,False,False,False,False,False,False,False,False,St. Louis,MO ,St. Louis,MO 
1888,206492793,6/13/2017 13:19,6/13/2017 13:19,6/14/2017 16:27,6/15/2017 0:00,6/16/2017 8:00,2340.54,1800.0,540.54,990.7,DRV,,,False,1,Carrier 1077485,Shipper 1386,True,True,True,6/15/2017 0:00,6/16/2017 14:00,False,False,False,False,False,False,False,False,St. Louis,MO ,St. Louis,MO 
1889,206492793,6/13/2017 13:19,6/13/2017 13:19,6/14/2017 16:27,6/15/2017 0:00,6/16/2017 8:00,2340.54,1800.0,540.54,990.7,DRV,,,False,1,Carrier 1077485,Shipper 1248,True,True,True,6/15/2017 0:00,6/16/2017 14:00,False,False,False,False,False,False,False,False,St. Louis,MO ,St. Louis,MO 
1890,206492793,6/13/2017 13:19,6/13/2017 13:19,6/14/2017 16:27,6/15/2017 0:00,6/16/2017 8:00,2340.54,1800.0,540.54,990.7,DRV,,,False,1,Carrier 1077485,Shipper 1387,True,True,True,6/15/2017 0:00,6/16/2017 14:00,False,False,False,False,False,False,False,False,St. Louis,MO ,St. Louis,MO 
1891,206492793,6/13/2017 13:19,6/13/2017 13:19,6/14/2017 16:27,6/15/2017 0:00,6/16/2017 8:00,2340.54,1800.0,540.54,990.7,DRV,,,False,1,Carrier 1077485,Shipper 1388,True,True,True,6/15/2017 0:00,6/16/2017 14:00,False,False,False,False,False,False,False,False,St. Louis,MO ,St. Louis,MO 
1892,206645161,4/6/2017 15:23,4/6/2017 15:23,4/24/2017 10:17,4/24/2017 10:00,4/27/2017 15:00,2339.0,2150.0,189.0,1443.2,DRV,4.0,,False,1,Carrier 1380254,Shipper 1249,True,True,True,4/24/2017 10:00,4/27/2017 16:00,False,False,False,False,False,False,False,False,Cranbury Township,NJ ,Cranbury Township,NJ 
1893,206645161,4/6/2017 15:23,4/6/2017 15:23,4/24/2017 10:17,4/24/2017 10:00,4/27/2017 15:00,2339.0,2150.0,189.0,1443.2,DRV,4.0,,False,1,Carrier 1380254,Shipper 1375,True,True,True,4/24/2017 10:00,4/27/2017 16:00,False,False,False,False,False,False,False,False,Cranbury Township,NJ ,Cranbury Township,NJ 
1894,206645161,4/6/2017 15:23,4/6/2017 15:23,4/24/2017 10:17,4/24/2017 10:00,4/27/2017 15:00,2339.0,2150.0,189.0,1443.2,DRV,4.0,,False,1,Carrier 1380254,Shipper 1386,True,True,True,4/24/2017 10:00,4/27/2017 16:00,False,False,False,False,False,False,False,False,Cranbury Township,NJ ,Cranbury Township,NJ 
1895,206645161,4/6/2017 15:23,4/6/2017 15:23,4/24/2017 10:17,4/24/2017 10:00,4/27/2017 15:00,2339.0,2150.0,189.0,1443.2,DRV,4.0,,False,1,Carrier 1380254,Shipper 1248,True,True,True,4/24/2017 10:00,4/27/2017 16:00,False,False,False,False,False,False,False,False,Cranbury Township,NJ ,Cranbury Township,NJ 
1896,206645161,4/6/2017 15:23,4/6/2017 15:23,4/24/2017 10:17,4/24/2017 10:00,4/27/2017 15:00,2339.0,2150.0,189.0,1443.2,DRV,4.0,,False,1,Carrier 1380254,Shipper 1387,True,True,True,4/24/2017 10:00,4/27/2017 16:00,False,False,False,False,False,False,False,False,Cranbury Township,NJ ,Cranbury Township,NJ 
1897,206645161,4/6/2017 15:23,4/6/2017 15:23,4/24/2017 10:17,4/24/2017 10:00,4/27/2017 15:00,2339.0,2150.0,189.0,1443.2,DRV,4.0,,False,1,Carrier 1380254,Shipper 1388,True,True,True,4/24/2017 10:00,4/27/2017 16:00,False,False,False,False,False,False,False,False,Cranbury Township,NJ ,Cranbury Township,NJ 
1898,206429385,11/9/2017 8:43,11/9/2017 8:43,11/10/2017 10:21,11/10/2017 14:00,11/13/2017 20:00,2333.08,2540.0,-206.92,585.1,DRV,,,False,1,Carrier 4997,Shipper 1644,True,True,True,11/10/2017 14:00,11/13/2017 18:15,False,False,False,False,False,False,False,False,Florence,KY ,Florence,KY 
1899,206531529,5/26/2017 17:01,5/26/2017 17:01,6/1/2017 19:00,6/2/2017 13:00,6/5/2017 13:50,2332.89,2700.0,-367.11,1600.6,DRV,,,False,0,Carrier 1492064,Shipper 1249,True,True,True,6/2/2017 13:00,6/5/2017 13:00,False,False,False,False,False,False,False,False,Baldwinsville,NY ,Baldwinsville,NY 
1900,206531529,5/26/2017 17:01,5/26/2017 17:01,6/1/2017 19:00,6/2/2017 13:00,6/5/2017 13:50,2332.89,2700.0,-367.11,1600.6,DRV,,,False,0,Carrier 1492064,Shipper 1375,True,True,True,6/2/2017 13:00,6/5/2017 13:00,False,False,False,False,False,False,False,False,Baldwinsville,NY ,Baldwinsville,NY 
1901,206531529,5/26/2017 17:01,5/26/2017 17:01,6/1/2017 19:00,6/2/2017 13:00,6/5/2017 13:50,2332.89,2700.0,-367.11,1600.6,DRV,,,False,0,Carrier 1492064,Shipper 1386,True,True,True,6/2/2017 13:00,6/5/2017 13:00,False,False,False,False,False,False,False,False,Baldwinsville,NY ,Baldwinsville,NY 
1902,206531529,5/26/2017 17:01,5/26/2017 17:01,6/1/2017 19:00,6/2/2017 13:00,6/5/2017 13:50,2332.89,2700.0,-367.11,1600.6,DRV,,,False,0,Carrier 1492064,Shipper 1248,True,True,True,6/2/2017 13:00,6/5/2017 13:00,False,False,False,False,False,False,False,False,Baldwinsville,NY ,Baldwinsville,NY 
1903,206531529,5/26/2017 17:01,5/26/2017 17:01,6/1/2017 19:00,6/2/2017 13:00,6/5/2017 13:50,2332.89,2700.0,-367.11,1600.6,DRV,,,False,0,Carrier 1492064,Shipper 1387,True,True,True,6/2/2017 13:00,6/5/2017 13:00,False,False,False,False,False,False,False,False,Baldwinsville,NY ,Baldwinsville,NY 
1904,206531529,5/26/2017 17:01,5/26/2017 17:01,6/1/2017 19:00,6/2/2017 13:00,6/5/2017 13:50,2332.89,2700.0,-367.11,1600.6,DRV,,,False,0,Carrier 1492064,Shipper 1388,True,True,True,6/2/2017 13:00,6/5/2017 13:00,False,False,False,False,False,False,False,False,Baldwinsville,NY ,Baldwinsville,NY 
1905,206490505,3/20/2017 10:03,3/20/2017 10:05,3/20/2017 17:30,3/21/2017 15:30,3/23/2017 8:00,2331.87,2200.0,131.87,1188.1,DRV,,,False,0,Carrier 1058714,Shipper 585,True,True,True,3/21/2017 15:30,3/23/2017 9:00,False,False,False,False,False,False,False,False,Sioux City,IA ,Sioux City,IA 
1906,206557385,6/16/2017 13:53,6/16/2017 13:53,6/20/2017 10:11,6/20/2017 8:00,6/23/2017 13:00,2331.61,2400.0,-68.39,1715.1,DRV,,,False,1,Carrier 1694091,Shipper 1180,True,True,True,6/20/2017 16:00,6/23/2017 18:00,False,False,False,False,False,False,False,False,Walled Lake,MI ,Walled Lake,MI 
1907,206531793,9/18/2017 16:54,9/18/2017 16:54,9/20/2017 13:54,9/20/2017 15:00,9/22/2017 15:00,2330.6,2300.0,30.6,629.4,RFR,,,False,0,Carrier 937972,Shipper 1249,True,True,True,9/20/2017 15:30,9/22/2017 11:00,False,False,False,False,False,False,False,False,Los Angeles,CA ,Los Angeles,CA 
1908,206531793,9/18/2017 16:54,9/18/2017 16:54,9/20/2017 13:54,9/20/2017 15:00,9/22/2017 15:00,2330.6,2300.0,30.6,629.4,RFR,,,False,0,Carrier 937972,Shipper 1375,True,True,True,9/20/2017 15:30,9/22/2017 11:00,False,False,False,False,False,False,False,False,Los Angeles,CA ,Los Angeles,CA 
1909,206531793,9/18/2017 16:54,9/18/2017 16:54,9/20/2017 13:54,9/20/2017 15:00,9/22/2017 15:00,2330.6,2300.0,30.6,629.4,RFR,,,False,0,Carrier 937972,Shipper 1386,True,True,True,9/20/2017 15:30,9/22/2017 11:00,False,False,False,False,False,False,False,False,Los Angeles,CA ,Los Angeles,CA 
1910,206531793,9/18/2017 16:54,9/18/2017 16:54,9/20/2017 13:54,9/20/2017 15:00,9/22/2017 15:00,2330.6,2300.0,30.6,629.4,RFR,,,False,0,Carrier 937972,Shipper 1248,True,True,True,9/20/2017 15:30,9/22/2017 11:00,False,False,False,False,False,False,False,False,Los Angeles,CA ,Los Angeles,CA 
1911,206531793,9/18/2017 16:54,9/18/2017 16:54,9/20/2017 13:54,9/20/2017 15:00,9/22/2017 15:00,2330.6,2300.0,30.6,629.4,RFR,,,False,0,Carrier 937972,Shipper 1387,True,True,True,9/20/2017 15:30,9/22/2017 11:00,False,False,False,False,False,False,False,False,Los Angeles,CA ,Los Angeles,CA 
1912,206531793,9/18/2017 16:54,9/18/2017 16:54,9/20/2017 13:54,9/20/2017 15:00,9/22/2017 15:00,2330.6,2300.0,30.6,629.4,RFR,,,False,0,Carrier 937972,Shipper 1388,True,True,True,9/20/2017 15:30,9/22/2017 11:00,False,False,False,False,False,False,False,False,Los Angeles,CA ,Los Angeles,CA 
1913,206576969,8/18/2017 16:20,8/18/2017 16:20,8/22/2017 11:00,8/22/2017 22:00,8/24/2017 13:00,2330.14,2350.0,-19.86,714.9,RFR,,,False,0,Carrier 1695337,Shipper 1249,True,True,True,8/22/2017 22:00,8/24/2017 14:00,False,False,False,False,False,False,False,False,Fort Collins,CO ,Fort Collins,CO 
1914,206576969,8/18/2017 16:20,8/18/2017 16:20,8/22/2017 11:00,8/22/2017 22:00,8/24/2017 13:00,2330.14,2350.0,-19.86,714.9,RFR,,,False,0,Carrier 1695337,Shipper 1375,True,True,True,8/22/2017 22:00,8/24/2017 14:00,False,False,False,False,False,False,False,False,Fort Collins,CO ,Fort Collins,CO 
1915,206576969,8/18/2017 16:20,8/18/2017 16:20,8/22/2017 11:00,8/22/2017 22:00,8/24/2017 13:00,2330.14,2350.0,-19.86,714.9,RFR,,,False,0,Carrier 1695337,Shipper 1386,True,True,True,8/22/2017 22:00,8/24/2017 14:00,False,False,False,False,False,False,False,False,Fort Collins,CO ,Fort Collins,CO 
1916,206576969,8/18/2017 16:20,8/18/2017 16:20,8/22/2017 11:00,8/22/2017 22:00,8/24/2017 13:00,2330.14,2350.0,-19.86,714.9,RFR,,,False,0,Carrier 1695337,Shipper 1248,True,True,True,8/22/2017 22:00,8/24/2017 14:00,False,False,False,False,False,False,False,False,Fort Collins,CO ,Fort Collins,CO 
1917,206576969,8/18/2017 16:20,8/18/2017 16:20,8/22/2017 11:00,8/22/2017 22:00,8/24/2017 13:00,2330.14,2350.0,-19.86,714.9,RFR,,,False,0,Carrier 1695337,Shipper 1387,True,True,True,8/22/2017 22:00,8/24/2017 14:00,False,False,False,False,False,False,False,False,Fort Collins,CO ,Fort Collins,CO 
1918,206576969,8/18/2017 16:20,8/18/2017 16:20,8/22/2017 11:00,8/22/2017 22:00,8/24/2017 13:00,2330.14,2350.0,-19.86,714.9,RFR,,,False,0,Carrier 1695337,Shipper 1388,True,True,True,8/22/2017 22:00,8/24/2017 14:00,False,False,False,False,False,False,False,False,Fort Collins,CO ,Fort Collins,CO 
1919,206448281,10/17/2017 17:57,10/17/2017 17:57,10/18/2017 14:24,10/19/2017 12:30,10/21/2017 12:44,2327.95,2300.0,27.95,1330.9,DRV,,,False,0,Carrier 1391175,Shipper 1644,True,True,True,10/19/2017 12:30,10/21/2017 13:00,False,False,False,False,False,False,False,False,Indianapolis,IN ,Indianapolis,IN 
1920,206556713,10/17/2017 17:55,10/17/2017 17:55,10/18/2017 11:29,10/18/2017 14:00,10/20/2017 15:30,2327.95,2600.0,-272.05,1330.9,DRV,,,False,0,Carrier 1035111,Shipper 1644,True,True,True,10/18/2017 14:00,10/20/2017 15:00,False,False,False,False,False,False,False,False,Indianapolis,IN ,Indianapolis,IN 
1921,206492489,5/1/2017 12:26,5/1/2017 12:26,5/1/2017 17:24,5/2/2017 8:00,5/4/2017 12:00,2325.0,2250.0,75.0,1123.4,DRV,3.0,,False,0,Carrier 1445198,Shipper 585,True,True,True,5/2/2017 22:00,5/4/2017 9:00,False,False,False,False,False,False,False,False,Brooklyn Park,MN ,Brooklyn Park,MN 
1922,206547289,7/31/2017 17:44,7/31/2017 17:44,8/7/2017 18:37,8/7/2017 16:00,8/9/2017 10:00,2318.06,2550.0,-231.94,525.4,RFR,,,False,2,Carrier 89123,Shipper 1249,False,True,False,8/7/2017 16:00,8/9/2017 13:00,False,False,False,False,False,False,False,False,Granite City,IL ,Granite City,IL 
1923,206547289,7/31/2017 17:44,7/31/2017 17:44,8/7/2017 18:37,8/7/2017 16:00,8/9/2017 10:00,2318.06,2550.0,-231.94,525.4,RFR,,,False,2,Carrier 89123,Shipper 1375,False,True,False,8/7/2017 16:00,8/9/2017 13:00,False,False,False,False,False,False,False,False,Granite City,IL ,Granite City,IL 
1924,206547289,7/31/2017 17:44,7/31/2017 17:44,8/7/2017 18:37,8/7/2017 16:00,8/9/2017 10:00,2318.06,2550.0,-231.94,525.4,RFR,,,False,2,Carrier 89123,Shipper 1386,False,True,False,8/7/2017 16:00,8/9/2017 13:00,False,False,False,False,False,False,False,False,Granite City,IL ,Granite City,IL 
1925,206547289,7/31/2017 17:44,7/31/2017 17:44,8/7/2017 18:37,8/7/2017 16:00,8/9/2017 10:00,2318.06,2550.0,-231.94,525.4,RFR,,,False,2,Carrier 89123,Shipper 1248,False,True,False,8/7/2017 16:00,8/9/2017 13:00,False,False,False,False,False,False,False,False,Granite City,IL ,Granite City,IL 
1926,206547289,7/31/2017 17:44,7/31/2017 17:44,8/7/2017 18:37,8/7/2017 16:00,8/9/2017 10:00,2318.06,2550.0,-231.94,525.4,RFR,,,False,2,Carrier 89123,Shipper 1387,False,True,False,8/7/2017 16:00,8/9/2017 13:00,False,False,False,False,False,False,False,False,Granite City,IL ,Granite City,IL 
1927,206547289,7/31/2017 17:44,7/31/2017 17:44,8/7/2017 18:37,8/7/2017 16:00,8/9/2017 10:00,2318.06,2550.0,-231.94,525.4,RFR,,,False,2,Carrier 89123,Shipper 1388,False,True,False,8/7/2017 16:00,8/9/2017 13:00,False,False,False,False,False,False,False,False,Granite City,IL ,Granite City,IL 
1928,206576361,1/6/2017 19:35,1/6/2017 19:35,1/9/2017 19:00,1/6/2017 15:00,1/7/2017 19:00,2314.5,1495.0,819.5,140.0,RFR,,,False,0,Carrier 1215425,Shipper 758,,,,1/6/2017 23:00,1/8/2017 2:00,False,False,False,False,False,False,False,False,Portland,OR ,Portland,OR 
1929,206627113,2/21/2017 13:50,2/21/2017 13:51,2/22/2017 11:53,2/22/2017 14:00,2/24/2017 17:00,2303.57,2450.0,-146.43,1211.7,DRV,,,False,0,Carrier 1635072,Shipper 1052,True,True,True,2/22/2017 15:30,2/24/2017 20:00,False,False,False,False,False,False,False,False,1,LA ,1,LA 
1930,206512329,2/21/2017 13:54,2/21/2017 13:54,2/22/2017 10:04,2/22/2017 14:00,2/24/2017 10:00,2303.57,2200.0,103.57,1211.7,DRV,3.0,,False,0,Carrier 75410,Shipper 1052,True,True,True,2/22/2017 15:30,2/24/2017 20:00,False,False,False,False,False,False,False,False,1,LA ,1,LA 
1931,206491177,2/21/2017 13:57,2/21/2017 13:57,2/22/2017 14:58,2/23/2017 14:00,2/27/2017 2:30,2303.57,2300.0,3.57,1211.7,DRV,,,False,0,Carrier 1411282,Shipper 1052,True,True,True,2/23/2017 15:30,2/26/2017 23:00,False,False,False,False,False,False,False,False,1,LA ,1,LA 
1932,206628433,5/17/2017 13:29,5/17/2017 13:30,5/19/2017 9:08,5/21/2017 13:00,5/23/2017 8:30,2302.08,2400.0,-97.92,727.7,RFR,3.0,,False,0,Carrier 11186,Shipper 1249,True,True,True,5/21/2017 13:00,5/23/2017 15:30,False,False,False,False,False,False,False,False,Granite City,IL ,Granite City,IL 
1933,206628433,5/17/2017 13:29,5/17/2017 13:30,5/19/2017 9:08,5/21/2017 13:00,5/23/2017 8:30,2302.08,2400.0,-97.92,727.7,RFR,3.0,,False,0,Carrier 11186,Shipper 1375,True,True,True,5/21/2017 13:00,5/23/2017 15:30,False,False,False,False,False,False,False,False,Granite City,IL ,Granite City,IL 
1934,206628433,5/17/2017 13:29,5/17/2017 13:30,5/19/2017 9:08,5/21/2017 13:00,5/23/2017 8:30,2302.08,2400.0,-97.92,727.7,RFR,3.0,,False,0,Carrier 11186,Shipper 1386,True,True,True,5/21/2017 13:00,5/23/2017 15:30,False,False,False,False,False,False,False,False,Granite City,IL ,Granite City,IL 
1935,206628433,5/17/2017 13:29,5/17/2017 13:30,5/19/2017 9:08,5/21/2017 13:00,5/23/2017 8:30,2302.08,2400.0,-97.92,727.7,RFR,3.0,,False,0,Carrier 11186,Shipper 1248,True,True,True,5/21/2017 13:00,5/23/2017 15:30,False,False,False,False,False,False,False,False,Granite City,IL ,Granite City,IL 
1936,206628433,5/17/2017 13:29,5/17/2017 13:30,5/19/2017 9:08,5/21/2017 13:00,5/23/2017 8:30,2302.08,2400.0,-97.92,727.7,RFR,3.0,,False,0,Carrier 11186,Shipper 1387,True,True,True,5/21/2017 13:00,5/23/2017 15:30,False,False,False,False,False,False,False,False,Granite City,IL ,Granite City,IL 
1937,206628433,5/17/2017 13:29,5/17/2017 13:30,5/19/2017 9:08,5/21/2017 13:00,5/23/2017 8:30,2302.08,2400.0,-97.92,727.7,RFR,3.0,,False,0,Carrier 11186,Shipper 1388,True,True,True,5/21/2017 13:00,5/23/2017 15:30,False,False,False,False,False,False,False,False,Granite City,IL ,Granite City,IL 
1938,206470897,1/26/2017 13:50,1/26/2017 13:51,1/27/2017 8:42,1/27/2017 9:00,1/30/2017 12:00,2300.0,1850.0,450.0,1023.9,DRV,,,False,1,Carrier 1648273,Shipper 923,False,True,True,1/27/2017 15:30,1/30/2017 10:00,False,False,False,False,False,False,False,False,Gordonsville,VA ,Gordonsville,VA 
1939,206517937,6/19/2017 12:29,6/19/2017 12:29,6/23/2017 13:16,6/23/2017 10:00,6/26/2017 10:00,2300.0,2400.0,-100.0,1324.8,DRV,,,False,0,Carrier 1244151,Shipper 1374,True,True,True,6/23/2017 18:00,6/26/2017 9:00,False,False,False,False,False,False,False,False,Laredo,TX ,Laredo,TX 
1940,206747881,10/19/2017 11:56,10/19/2017 11:56,10/19/2017 17:09,10/19/2017 8:00,10/20/2017 19:30,2300.0,2400.0,-100.0,1145.9,DRV,,,False,1,Carrier 1233002,Shipper 585,False,True,True,10/19/2017 16:00,10/20/2017 19:00,False,False,False,False,False,False,False,False,Plant City,FL ,Plant City,FL 
1941,206601849,10/19/2017 10:08,10/19/2017 10:08,10/20/2017 13:07,10/23/2017 15:30,10/24/2017 12:00,2300.0,2100.0,200.0,519.6,RFR,,,False,0,Carrier 1547960,Shipper 585,True,False,False,10/23/2017 15:30,10/24/2017 10:00,False,False,False,False,False,False,False,False,Sioux City,IA ,Sioux City,IA 
1942,206431601,9/5/2017 16:56,9/5/2017 16:56,9/6/2017 10:32,9/7/2017 13:00,9/8/2017 9:00,2291.26,1900.0,391.26,514.6,RFR,,,False,0,Carrier 11186,Shipper 1249,True,True,True,9/7/2017 13:00,9/8/2017 9:00,False,False,False,False,False,False,False,False,Granite City,IL ,Granite City,IL 
1943,206431601,9/5/2017 16:56,9/5/2017 16:56,9/6/2017 10:32,9/7/2017 13:00,9/8/2017 9:00,2291.26,1900.0,391.26,514.6,RFR,,,False,0,Carrier 11186,Shipper 1375,True,True,True,9/7/2017 13:00,9/8/2017 9:00,False,False,False,False,False,False,False,False,Granite City,IL ,Granite City,IL 
1944,206431601,9/5/2017 16:56,9/5/2017 16:56,9/6/2017 10:32,9/7/2017 13:00,9/8/2017 9:00,2291.26,1900.0,391.26,514.6,RFR,,,False,0,Carrier 11186,Shipper 1386,True,True,True,9/7/2017 13:00,9/8/2017 9:00,False,False,False,False,False,False,False,False,Granite City,IL ,Granite City,IL 
1945,206431601,9/5/2017 16:56,9/5/2017 16:56,9/6/2017 10:32,9/7/2017 13:00,9/8/2017 9:00,2291.26,1900.0,391.26,514.6,RFR,,,False,0,Carrier 11186,Shipper 1248,True,True,True,9/7/2017 13:00,9/8/2017 9:00,False,False,False,False,False,False,False,False,Granite City,IL ,Granite City,IL 
1946,206431601,9/5/2017 16:56,9/5/2017 16:56,9/6/2017 10:32,9/7/2017 13:00,9/8/2017 9:00,2291.26,1900.0,391.26,514.6,RFR,,,False,0,Carrier 11186,Shipper 1387,True,True,True,9/7/2017 13:00,9/8/2017 9:00,False,False,False,False,False,False,False,False,Granite City,IL ,Granite City,IL 
1947,206431601,9/5/2017 16:56,9/5/2017 16:56,9/6/2017 10:32,9/7/2017 13:00,9/8/2017 9:00,2291.26,1900.0,391.26,514.6,RFR,,,False,0,Carrier 11186,Shipper 1388,True,True,True,9/7/2017 13:00,9/8/2017 9:00,False,False,False,False,False,False,False,False,Granite City,IL ,Granite City,IL 
1948,206542321,7/31/2017 18:43,7/31/2017 18:43,8/3/2017 16:01,8/4/2017 15:00,8/7/2017 12:00,2291.16,2200.0,91.16,587.3,RFR,,,False,0,Carrier 1008878,Shipper 1249,True,True,True,8/4/2017 15:00,8/7/2017 11:00,False,False,False,False,False,False,False,False,Granite City,IL ,Granite City,IL 
1949,206542321,7/31/2017 18:43,7/31/2017 18:43,8/3/2017 16:01,8/4/2017 15:00,8/7/2017 12:00,2291.16,2200.0,91.16,587.3,RFR,,,False,0,Carrier 1008878,Shipper 1375,True,True,True,8/4/2017 15:00,8/7/2017 11:00,False,False,False,False,False,False,False,False,Granite City,IL ,Granite City,IL 
1950,206542321,7/31/2017 18:43,7/31/2017 18:43,8/3/2017 16:01,8/4/2017 15:00,8/7/2017 12:00,2291.16,2200.0,91.16,587.3,RFR,,,False,0,Carrier 1008878,Shipper 1386,True,True,True,8/4/2017 15:00,8/7/2017 11:00,False,False,False,False,False,False,False,False,Granite City,IL ,Granite City,IL 
1951,206542321,7/31/2017 18:43,7/31/2017 18:43,8/3/2017 16:01,8/4/2017 15:00,8/7/2017 12:00,2291.16,2200.0,91.16,587.3,RFR,,,False,0,Carrier 1008878,Shipper 1248,True,True,True,8/4/2017 15:00,8/7/2017 11:00,False,False,False,False,False,False,False,False,Granite City,IL ,Granite City,IL 
1952,206542321,7/31/2017 18:43,7/31/2017 18:43,8/3/2017 16:01,8/4/2017 15:00,8/7/2017 12:00,2291.16,2200.0,91.16,587.3,RFR,,,False,0,Carrier 1008878,Shipper 1387,True,True,True,8/4/2017 15:00,8/7/2017 11:00,False,False,False,False,False,False,False,False,Granite City,IL ,Granite City,IL 
1953,206542321,7/31/2017 18:43,7/31/2017 18:43,8/3/2017 16:01,8/4/2017 15:00,8/7/2017 12:00,2291.16,2200.0,91.16,587.3,RFR,,,False,0,Carrier 1008878,Shipper 1388,True,True,True,8/4/2017 15:00,8/7/2017 11:00,False,False,False,False,False,False,False,False,Granite City,IL ,Granite City,IL 
1954,206552729,1/9/2017 12:23,1/9/2017 12:23,1/9/2017 18:33,1/7/2017 15:00,1/8/2017 10:00,2290.5,1277.0,1013.5,140.0,RFR,,,False,0,Carrier 368,Shipper 758,,,,1/7/2017 23:00,1/8/2017 23:00,False,False,False,False,False,False,False,False,Portland,OR ,Portland,OR 
1955,206505929,5/4/2017 13:27,5/4/2017 13:27,5/5/2017 9:27,5/5/2017 13:00,5/8/2017 15:40,2287.73,2200.0,87.73,1059.4,DRV,,,False,0,Carrier 374915,Shipper 1249,True,True,True,5/5/2017 13:00,5/8/2017 19:00,False,False,False,False,False,False,False,False,La Porte,TX ,La Porte,TX 
1956,206505929,5/4/2017 13:27,5/4/2017 13:27,5/5/2017 9:27,5/5/2017 13:00,5/8/2017 15:40,2287.73,2200.0,87.73,1059.4,DRV,,,False,0,Carrier 374915,Shipper 1375,True,True,True,5/5/2017 13:00,5/8/2017 19:00,False,False,False,False,False,False,False,False,La Porte,TX ,La Porte,TX 
1957,206505929,5/4/2017 13:27,5/4/2017 13:27,5/5/2017 9:27,5/5/2017 13:00,5/8/2017 15:40,2287.73,2200.0,87.73,1059.4,DRV,,,False,0,Carrier 374915,Shipper 1386,True,True,True,5/5/2017 13:00,5/8/2017 19:00,False,False,False,False,False,False,False,False,La Porte,TX ,La Porte,TX 
1958,206505929,5/4/2017 13:27,5/4/2017 13:27,5/5/2017 9:27,5/5/2017 13:00,5/8/2017 15:40,2287.73,2200.0,87.73,1059.4,DRV,,,False,0,Carrier 374915,Shipper 1248,True,True,True,5/5/2017 13:00,5/8/2017 19:00,False,False,False,False,False,False,False,False,La Porte,TX ,La Porte,TX 
1959,206505929,5/4/2017 13:27,5/4/2017 13:27,5/5/2017 9:27,5/5/2017 13:00,5/8/2017 15:40,2287.73,2200.0,87.73,1059.4,DRV,,,False,0,Carrier 374915,Shipper 1387,True,True,True,5/5/2017 13:00,5/8/2017 19:00,False,False,False,False,False,False,False,False,La Porte,TX ,La Porte,TX 
1960,206505929,5/4/2017 13:27,5/4/2017 13:27,5/5/2017 9:27,5/5/2017 13:00,5/8/2017 15:40,2287.73,2200.0,87.73,1059.4,DRV,,,False,0,Carrier 374915,Shipper 1388,True,True,True,5/5/2017 13:00,5/8/2017 19:00,False,False,False,False,False,False,False,False,La Porte,TX ,La Porte,TX 
1961,206474881,5/22/2017 14:27,5/22/2017 14:27,5/23/2017 10:09,5/23/2017 13:00,5/24/2017 10:00,2286.77,2600.0,-313.23,891.2,DRV,,,False,0,Carrier 1596639,Shipper 1249,True,True,True,5/23/2017 13:00,5/25/2017 16:00,False,False,False,False,False,False,False,False,Houston,TX ,Houston,TX 
1962,206474881,5/22/2017 14:27,5/22/2017 14:27,5/23/2017 10:09,5/23/2017 13:00,5/24/2017 10:00,2286.77,2600.0,-313.23,891.2,DRV,,,False,0,Carrier 1596639,Shipper 1375,True,True,True,5/23/2017 13:00,5/25/2017 16:00,False,False,False,False,False,False,False,False,Houston,TX ,Houston,TX 
1963,206474881,5/22/2017 14:27,5/22/2017 14:27,5/23/2017 10:09,5/23/2017 13:00,5/24/2017 10:00,2286.77,2600.0,-313.23,891.2,DRV,,,False,0,Carrier 1596639,Shipper 1386,True,True,True,5/23/2017 13:00,5/25/2017 16:00,False,False,False,False,False,False,False,False,Houston,TX ,Houston,TX 
1964,206474881,5/22/2017 14:27,5/22/2017 14:27,5/23/2017 10:09,5/23/2017 13:00,5/24/2017 10:00,2286.77,2600.0,-313.23,891.2,DRV,,,False,0,Carrier 1596639,Shipper 1248,True,True,True,5/23/2017 13:00,5/25/2017 16:00,False,False,False,False,False,False,False,False,Houston,TX ,Houston,TX 
1965,206474881,5/22/2017 14:27,5/22/2017 14:27,5/23/2017 10:09,5/23/2017 13:00,5/24/2017 10:00,2286.77,2600.0,-313.23,891.2,DRV,,,False,0,Carrier 1596639,Shipper 1387,True,True,True,5/23/2017 13:00,5/25/2017 16:00,False,False,False,False,False,False,False,False,Houston,TX ,Houston,TX 
1966,206474881,5/22/2017 14:27,5/22/2017 14:27,5/23/2017 10:09,5/23/2017 13:00,5/24/2017 10:00,2286.77,2600.0,-313.23,891.2,DRV,,,False,0,Carrier 1596639,Shipper 1388,True,True,True,5/23/2017 13:00,5/25/2017 16:00,False,False,False,False,False,False,False,False,Houston,TX ,Houston,TX 
1967,206424577,11/9/2017 17:24,11/9/2017 17:24,11/10/2017 12:01,11/11/2017 17:00,11/13/2017 13:20,2283.96,2275.0,8.96,766.7,DRV,,,False,0,Carrier 1200987,Shipper 1249,True,True,True,11/11/2017 17:00,11/13/2017 18:00,False,False,False,False,False,False,False,False,Fort Collins,CO ,Fort Collins,CO 
1968,206424577,11/9/2017 17:24,11/9/2017 17:24,11/10/2017 12:01,11/11/2017 17:00,11/13/2017 13:20,2283.96,2275.0,8.96,766.7,DRV,,,False,0,Carrier 1200987,Shipper 1375,True,True,True,11/11/2017 17:00,11/13/2017 18:00,False,False,False,False,False,False,False,False,Fort Collins,CO ,Fort Collins,CO 
1969,206424577,11/9/2017 17:24,11/9/2017 17:24,11/10/2017 12:01,11/11/2017 17:00,11/13/2017 13:20,2283.96,2275.0,8.96,766.7,DRV,,,False,0,Carrier 1200987,Shipper 1386,True,True,True,11/11/2017 17:00,11/13/2017 18:00,False,False,False,False,False,False,False,False,Fort Collins,CO ,Fort Collins,CO 
1970,206424577,11/9/2017 17:24,11/9/2017 17:24,11/10/2017 12:01,11/11/2017 17:00,11/13/2017 13:20,2283.96,2275.0,8.96,766.7,DRV,,,False,0,Carrier 1200987,Shipper 1248,True,True,True,11/11/2017 17:00,11/13/2017 18:00,False,False,False,False,False,False,False,False,Fort Collins,CO ,Fort Collins,CO 
1971,206424577,11/9/2017 17:24,11/9/2017 17:24,11/10/2017 12:01,11/11/2017 17:00,11/13/2017 13:20,2283.96,2275.0,8.96,766.7,DRV,,,False,0,Carrier 1200987,Shipper 1387,True,True,True,11/11/2017 17:00,11/13/2017 18:00,False,False,False,False,False,False,False,False,Fort Collins,CO ,Fort Collins,CO 
1972,206424577,11/9/2017 17:24,11/9/2017 17:24,11/10/2017 12:01,11/11/2017 17:00,11/13/2017 13:20,2283.96,2275.0,8.96,766.7,DRV,,,False,0,Carrier 1200987,Shipper 1388,True,True,True,11/11/2017 17:00,11/13/2017 18:00,False,False,False,False,False,False,False,False,Fort Collins,CO ,Fort Collins,CO 
1973,206469817,3/1/2017 17:56,3/1/2017 17:56,3/3/2017 9:16,3/3/2017 16:00,3/6/2017 13:00,2283.07,820.0,1463.07,358.2,DRV,,,False,0,Carrier 49484,Shipper 758,True,True,True,3/3/2017 16:00,3/6/2017 8:00,False,False,False,False,False,False,False,False,Springdale,AR ,Springdale,AR 
1974,206692681,5/11/2017 11:59,5/11/2017 11:59,5/12/2017 9:04,5/12/2017 8:00,5/15/2017 10:15,2283.0,2050.0,233.0,1123.4,DRV,3.0,,False,0,Carrier 83801,Shipper 585,True,True,True,5/12/2017 22:00,5/15/2017 8:00,False,False,False,False,False,False,False,False,Brooklyn Park,MN ,Brooklyn Park,MN 
1975,206512601,5/25/2017 14:54,5/25/2017 14:54,5/25/2017 17:53,5/26/2017 17:00,5/27/2017 12:00,2278.3,1600.0,678.3,440.7,DRV,,,False,0,Carrier 1569075,Shipper 1249,True,True,True,5/26/2017 17:00,5/27/2017 12:45,False,False,False,False,False,False,False,False,St. Louis,MO ,St. Louis,MO 
1976,206512601,5/25/2017 14:54,5/25/2017 14:54,5/25/2017 17:53,5/26/2017 17:00,5/27/2017 12:00,2278.3,1600.0,678.3,440.7,DRV,,,False,0,Carrier 1569075,Shipper 1375,True,True,True,5/26/2017 17:00,5/27/2017 12:45,False,False,False,False,False,False,False,False,St. Louis,MO ,St. Louis,MO 
1977,206512601,5/25/2017 14:54,5/25/2017 14:54,5/25/2017 17:53,5/26/2017 17:00,5/27/2017 12:00,2278.3,1600.0,678.3,440.7,DRV,,,False,0,Carrier 1569075,Shipper 1386,True,True,True,5/26/2017 17:00,5/27/2017 12:45,False,False,False,False,False,False,False,False,St. Louis,MO ,St. Louis,MO 
1978,206512601,5/25/2017 14:54,5/25/2017 14:54,5/25/2017 17:53,5/26/2017 17:00,5/27/2017 12:00,2278.3,1600.0,678.3,440.7,DRV,,,False,0,Carrier 1569075,Shipper 1248,True,True,True,5/26/2017 17:00,5/27/2017 12:45,False,False,False,False,False,False,False,False,St. Louis,MO ,St. Louis,MO 
1979,206512601,5/25/2017 14:54,5/25/2017 14:54,5/25/2017 17:53,5/26/2017 17:00,5/27/2017 12:00,2278.3,1600.0,678.3,440.7,DRV,,,False,0,Carrier 1569075,Shipper 1387,True,True,True,5/26/2017 17:00,5/27/2017 12:45,False,False,False,False,False,False,False,False,St. Louis,MO ,St. Louis,MO 
1980,206512601,5/25/2017 14:54,5/25/2017 14:54,5/25/2017 17:53,5/26/2017 17:00,5/27/2017 12:00,2278.3,1600.0,678.3,440.7,DRV,,,False,0,Carrier 1569075,Shipper 1388,True,True,True,5/26/2017 17:00,5/27/2017 12:45,False,False,False,False,False,False,False,False,St. Louis,MO ,St. Louis,MO 
1981,206431585,5/26/2017 17:02,5/26/2017 17:02,6/2/2017 8:11,6/2/2017 17:00,6/6/2017 11:49,2277.03,2500.0,-222.97,1600.6,DRV,,,False,0,Carrier 68490,Shipper 1249,True,True,True,6/2/2017 17:00,6/6/2017 9:00,False,False,False,False,False,False,False,False,Baldwinsville,NY ,Baldwinsville,NY 
1982,206431585,5/26/2017 17:02,5/26/2017 17:02,6/2/2017 8:11,6/2/2017 17:00,6/6/2017 11:49,2277.03,2500.0,-222.97,1600.6,DRV,,,False,0,Carrier 68490,Shipper 1375,True,True,True,6/2/2017 17:00,6/6/2017 9:00,False,False,False,False,False,False,False,False,Baldwinsville,NY ,Baldwinsville,NY 
1983,206527121,5/26/2017 16:55,5/26/2017 16:55,6/2/2017 8:51,6/2/2017 17:00,6/5/2017 16:31,2277.03,2600.0,-322.97,1600.6,DRV,,,False,0,Carrier 1057708,Shipper 1249,True,True,True,6/2/2017 17:00,6/5/2017 13:00,False,False,False,False,False,False,False,False,Baldwinsville,NY ,Baldwinsville,NY 
1984,206431585,5/26/2017 17:02,5/26/2017 17:02,6/2/2017 8:11,6/2/2017 17:00,6/6/2017 11:49,2277.03,2500.0,-222.97,1600.6,DRV,,,False,0,Carrier 68490,Shipper 1386,True,True,True,6/2/2017 17:00,6/6/2017 9:00,False,False,False,False,False,False,False,False,Baldwinsville,NY ,Baldwinsville,NY 
1985,206527121,5/26/2017 16:55,5/26/2017 16:55,6/2/2017 8:51,6/2/2017 17:00,6/5/2017 16:31,2277.03,2600.0,-322.97,1600.6,DRV,,,False,0,Carrier 1057708,Shipper 1375,True,True,True,6/2/2017 17:00,6/5/2017 13:00,False,False,False,False,False,False,False,False,Baldwinsville,NY ,Baldwinsville,NY 
1986,206431585,5/26/2017 17:02,5/26/2017 17:02,6/2/2017 8:11,6/2/2017 17:00,6/6/2017 11:49,2277.03,2500.0,-222.97,1600.6,DRV,,,False,0,Carrier 68490,Shipper 1248,True,True,True,6/2/2017 17:00,6/6/2017 9:00,False,False,False,False,False,False,False,False,Baldwinsville,NY ,Baldwinsville,NY 
1987,206431585,5/26/2017 17:02,5/26/2017 17:02,6/2/2017 8:11,6/2/2017 17:00,6/6/2017 11:49,2277.03,2500.0,-222.97,1600.6,DRV,,,False,0,Carrier 68490,Shipper 1387,True,True,True,6/2/2017 17:00,6/6/2017 9:00,False,False,False,False,False,False,False,False,Baldwinsville,NY ,Baldwinsville,NY 
1988,206527121,5/26/2017 16:55,5/26/2017 16:55,6/2/2017 8:51,6/2/2017 17:00,6/5/2017 16:31,2277.03,2600.0,-322.97,1600.6,DRV,,,False,0,Carrier 1057708,Shipper 1386,True,True,True,6/2/2017 17:00,6/5/2017 13:00,False,False,False,False,False,False,False,False,Baldwinsville,NY ,Baldwinsville,NY 
1989,206431585,5/26/2017 17:02,5/26/2017 17:02,6/2/2017 8:11,6/2/2017 17:00,6/6/2017 11:49,2277.03,2500.0,-222.97,1600.6,DRV,,,False,0,Carrier 68490,Shipper 1388,True,True,True,6/2/2017 17:00,6/6/2017 9:00,False,False,False,False,False,False,False,False,Baldwinsville,NY ,Baldwinsville,NY 
1990,206527121,5/26/2017 16:55,5/26/2017 16:55,6/2/2017 8:51,6/2/2017 17:00,6/5/2017 16:31,2277.03,2600.0,-322.97,1600.6,DRV,,,False,0,Carrier 1057708,Shipper 1248,True,True,True,6/2/2017 17:00,6/5/2017 13:00,False,False,False,False,False,False,False,False,Baldwinsville,NY ,Baldwinsville,NY 
1991,206527121,5/26/2017 16:55,5/26/2017 16:55,6/2/2017 8:51,6/2/2017 17:00,6/5/2017 16:31,2277.03,2600.0,-322.97,1600.6,DRV,,,False,0,Carrier 1057708,Shipper 1387,True,True,True,6/2/2017 17:00,6/5/2017 13:00,False,False,False,False,False,False,False,False,Baldwinsville,NY ,Baldwinsville,NY 
1992,206527121,5/26/2017 16:55,5/26/2017 16:55,6/2/2017 8:51,6/2/2017 17:00,6/5/2017 16:31,2277.03,2600.0,-322.97,1600.6,DRV,,,False,0,Carrier 1057708,Shipper 1388,True,True,True,6/2/2017 17:00,6/5/2017 13:00,False,False,False,False,False,False,False,False,Baldwinsville,NY ,Baldwinsville,NY 
1993,206535113,6/12/2017 13:48,6/12/2017 13:49,6/13/2017 10:00,6/13/2017 18:00,6/14/2017 17:14,2276.96,2080.0,196.96,564.8,DRV,,,False,0,Carrier 1647427,Shipper 1249,True,True,True,6/13/2017 18:00,6/14/2017 17:00,False,False,False,False,False,False,False,False,Fort Collins,CO ,Fort Collins,CO 
1994,206535113,6/12/2017 13:48,6/12/2017 13:49,6/13/2017 10:00,6/13/2017 18:00,6/14/2017 17:14,2276.96,2080.0,196.96,564.8,DRV,,,False,0,Carrier 1647427,Shipper 1375,True,True,True,6/13/2017 18:00,6/14/2017 17:00,False,False,False,False,False,False,False,False,Fort Collins,CO ,Fort Collins,CO 
1995,206535113,6/12/2017 13:48,6/12/2017 13:49,6/13/2017 10:00,6/13/2017 18:00,6/14/2017 17:14,2276.96,2080.0,196.96,564.8,DRV,,,False,0,Carrier 1647427,Shipper 1386,True,True,True,6/13/2017 18:00,6/14/2017 17:00,False,False,False,False,False,False,False,False,Fort Collins,CO ,Fort Collins,CO 
1996,206535113,6/12/2017 13:48,6/12/2017 13:49,6/13/2017 10:00,6/13/2017 18:00,6/14/2017 17:14,2276.96,2080.0,196.96,564.8,DRV,,,False,0,Carrier 1647427,Shipper 1248,True,True,True,6/13/2017 18:00,6/14/2017 17:00,False,False,False,False,False,False,False,False,Fort Collins,CO ,Fort Collins,CO 
1997,206535113,6/12/2017 13:48,6/12/2017 13:49,6/13/2017 10:00,6/13/2017 18:00,6/14/2017 17:14,2276.96,2080.0,196.96,564.8,DRV,,,False,0,Carrier 1647427,Shipper 1387,True,True,True,6/13/2017 18:00,6/14/2017 17:00,False,False,False,False,False,False,False,False,Fort Collins,CO ,Fort Collins,CO 
1998,206535113,6/12/2017 13:48,6/12/2017 13:49,6/13/2017 10:00,6/13/2017 18:00,6/14/2017 17:14,2276.96,2080.0,196.96,564.8,DRV,,,False,0,Carrier 1647427,Shipper 1388,True,True,True,6/13/2017 18:00,6/14/2017 17:00,False,False,False,False,False,False,False,False,Fort Collins,CO ,Fort Collins,CO 
1999,206595497,3/23/2017 10:12,3/23/2017 10:12,3/23/2017 13:38,3/23/2017 10:00,3/27/2017 5:30,2273.82,2000.0,273.82,1587.2,DRV,,,False,0,Carrier 32519,Shipper 1249,True,True,True,3/23/2017 16:00,3/27/2017 2:55,False,False,False,False,False,False,False,False,La Porte,TX ,La Porte,TX 
2000,206595497,3/23/2017 10:12,3/23/2017 10:12,3/23/2017 13:38,3/23/2017 10:00,3/27/2017 5:30,2273.82,2000.0,273.82,1587.2,DRV,,,False,0,Carrier 32519,Shipper 1375,True,True,True,3/23/2017 16:00,3/27/2017 2:55,False,False,False,False,False,False,False,False,La Porte,TX ,La Porte,TX 
2001,206595497,3/23/2017 10:12,3/23/2017 10:12,3/23/2017 13:38,3/23/2017 10:00,3/27/2017 5:30,2273.82,2000.0,273.82,1587.2,DRV,,,False,0,Carrier 32519,Shipper 1386,True,True,True,3/23/2017 16:00,3/27/2017 2:55,False,False,False,False,False,False,False,False,La Porte,TX ,La Porte,TX 
2002,206595497,3/23/2017 10:12,3/23/2017 10:12,3/23/2017 13:38,3/23/2017 10:00,3/27/2017 5:30,2273.82,2000.0,273.82,1587.2,DRV,,,False,0,Carrier 32519,Shipper 1248,True,True,True,3/23/2017 16:00,3/27/2017 2:55,False,False,False,False,False,False,False,False,La Porte,TX ,La Porte,TX 
2003,206595497,3/23/2017 10:12,3/23/2017 10:12,3/23/2017 13:38,3/23/2017 10:00,3/27/2017 5:30,2273.82,2000.0,273.82,1587.2,DRV,,,False,0,Carrier 32519,Shipper 1387,True,True,True,3/23/2017 16:00,3/27/2017 2:55,False,False,False,False,False,False,False,False,La Porte,TX ,La Porte,TX 
2004,206595497,3/23/2017 10:12,3/23/2017 10:12,3/23/2017 13:38,3/23/2017 10:00,3/27/2017 5:30,2273.82,2000.0,273.82,1587.2,DRV,,,False,0,Carrier 32519,Shipper 1388,True,True,True,3/23/2017 16:00,3/27/2017 2:55,False,False,False,False,False,False,False,False,La Porte,TX ,La Porte,TX 
2005,206694073,12/11/2017 11:47,12/11/2017 11:47,12/11/2017 14:30,12/12/2017 12:00,12/16/2017 13:35,2272.69,3450.0,-1177.31,565.7,DRV,,carrier_capacity,False,0,Carrier 30549,Shipper 1644,True,True,True,12/12/2017 12:00,12/13/2017 15:00,False,False,False,False,False,False,False,False,Decatur,IN ,Decatur,IN 
2006,206464441,1/11/2017 10:41,1/11/2017 10:42,1/11/2017 10:48,1/10/2017 3:00,1/11/2017 3:30,2268.63,1059.0,1209.63,140.0,DRV,,,False,0,Carrier 1394523,Shipper 758,True,True,True,1/11/2017 2:00,1/12/2017 2:00,False,False,False,False,False,False,False,False,Portland,OR ,Portland,OR 
2007,206526929,9/25/2017 16:48,9/25/2017 16:49,9/26/2017 10:12,9/27/2017 17:00,9/28/2017 10:51,2264.2,2000.0,264.2,462.1,DRV,,,False,0,Carrier 51077,Shipper 1249,True,True,True,9/27/2017 17:00,9/28/2017 16:00,False,False,False,False,False,False,False,False,St. Louis,MO ,St. Louis,MO 
2008,206526929,9/25/2017 16:48,9/25/2017 16:49,9/26/2017 10:12,9/27/2017 17:00,9/28/2017 10:51,2264.2,2000.0,264.2,462.1,DRV,,,False,0,Carrier 51077,Shipper 1375,True,True,True,9/27/2017 17:00,9/28/2017 16:00,False,False,False,False,False,False,False,False,St. Louis,MO ,St. Louis,MO 
2009,206526929,9/25/2017 16:48,9/25/2017 16:49,9/26/2017 10:12,9/27/2017 17:00,9/28/2017 10:51,2264.2,2000.0,264.2,462.1,DRV,,,False,0,Carrier 51077,Shipper 1386,True,True,True,9/27/2017 17:00,9/28/2017 16:00,False,False,False,False,False,False,False,False,St. Louis,MO ,St. Louis,MO 
2010,206526929,9/25/2017 16:48,9/25/2017 16:49,9/26/2017 10:12,9/27/2017 17:00,9/28/2017 10:51,2264.2,2000.0,264.2,462.1,DRV,,,False,0,Carrier 51077,Shipper 1248,True,True,True,9/27/2017 17:00,9/28/2017 16:00,False,False,False,False,False,False,False,False,St. Louis,MO ,St. Louis,MO 
2011,206526929,9/25/2017 16:48,9/25/2017 16:49,9/26/2017 10:12,9/27/2017 17:00,9/28/2017 10:51,2264.2,2000.0,264.2,462.1,DRV,,,False,0,Carrier 51077,Shipper 1387,True,True,True,9/27/2017 17:00,9/28/2017 16:00,False,False,False,False,False,False,False,False,St. Louis,MO ,St. Louis,MO 
2012,206526929,9/25/2017 16:48,9/25/2017 16:49,9/26/2017 10:12,9/27/2017 17:00,9/28/2017 10:51,2264.2,2000.0,264.2,462.1,DRV,,,False,0,Carrier 51077,Shipper 1388,True,True,True,9/27/2017 17:00,9/28/2017 16:00,False,False,False,False,False,False,False,False,St. Louis,MO ,St. Louis,MO 
2013,206542313,7/27/2017 17:50,7/27/2017 17:50,7/28/2017 10:05,7/28/2017 17:00,7/31/2017 10:30,2263.63,2250.0,13.63,1278.7,DRV,,,False,0,Carrier 53261,Shipper 1249,True,True,True,7/28/2017 17:00,7/31/2017 11:30,False,False,False,False,False,False,False,False,Fort Collins,CO ,Fort Collins,CO 
2014,206542313,7/27/2017 17:50,7/27/2017 17:50,7/28/2017 10:05,7/28/2017 17:00,7/31/2017 10:30,2263.63,2250.0,13.63,1278.7,DRV,,,False,0,Carrier 53261,Shipper 1375,True,True,True,7/28/2017 17:00,7/31/2017 11:30,False,False,False,False,False,False,False,False,Fort Collins,CO ,Fort Collins,CO 
2015,206542313,7/27/2017 17:50,7/27/2017 17:50,7/28/2017 10:05,7/28/2017 17:00,7/31/2017 10:30,2263.63,2250.0,13.63,1278.7,DRV,,,False,0,Carrier 53261,Shipper 1386,True,True,True,7/28/2017 17:00,7/31/2017 11:30,False,False,False,False,False,False,False,False,Fort Collins,CO ,Fort Collins,CO 
2016,206542313,7/27/2017 17:50,7/27/2017 17:50,7/28/2017 10:05,7/28/2017 17:00,7/31/2017 10:30,2263.63,2250.0,13.63,1278.7,DRV,,,False,0,Carrier 53261,Shipper 1248,True,True,True,7/28/2017 17:00,7/31/2017 11:30,False,False,False,False,False,False,False,False,Fort Collins,CO ,Fort Collins,CO 
2017,206542313,7/27/2017 17:50,7/27/2017 17:50,7/28/2017 10:05,7/28/2017 17:00,7/31/2017 10:30,2263.63,2250.0,13.63,1278.7,DRV,,,False,0,Carrier 53261,Shipper 1387,True,True,True,7/28/2017 17:00,7/31/2017 11:30,False,False,False,False,False,False,False,False,Fort Collins,CO ,Fort Collins,CO 
2018,206461409,10/20/2017 15:22,10/20/2017 15:22,10/25/2017 9:23,10/25/2017 14:00,10/26/2017 11:00,2263.63,2495.0,-231.37,668.0,DRV,,,True,0,Carrier 1229009,Shipper 1644,True,True,True,10/25/2017 14:00,10/26/2017 22:00,False,False,False,False,False,False,False,False,Plainfield,IN ,Plainfield,IN 
2019,206542313,7/27/2017 17:50,7/27/2017 17:50,7/28/2017 10:05,7/28/2017 17:00,7/31/2017 10:30,2263.63,2250.0,13.63,1278.7,DRV,,,False,0,Carrier 53261,Shipper 1388,True,True,True,7/28/2017 17:00,7/31/2017 11:30,False,False,False,False,False,False,False,False,Fort Collins,CO ,Fort Collins,CO 
2020,206548009,2/10/2017 12:48,2/10/2017 12:48,2/14/2017 17:34,2/15/2017 12:00,2/17/2017 12:00,2255.0,1950.0,305.0,1224.4,RFR,3.0,,False,0,Carrier 1693572,Shipper 734,False,True,True,2/15/2017 14:00,2/17/2017 5:30,False,False,False,False,False,False,False,False,Wilkes-Barre,PA ,Wilkes-Barre,PA 
2021,206554993,12/18/2017 15:24,12/18/2017 15:24,12/18/2017 19:14,12/18/2017 17:45,12/19/2017 23:55,2250.97,2500.0,-249.03,653.9,DRV,,dat_in,False,0,Carrier 1695088,Shipper 1249,True,True,True,12/18/2017 21:00,12/19/2017 23:55,False,False,False,False,False,False,False,False,Dunkirk,IN ,Dunkirk,IN 
2022,206554993,12/18/2017 15:24,12/18/2017 15:24,12/18/2017 19:14,12/18/2017 17:45,12/19/2017 23:55,2250.97,2500.0,-249.03,653.9,DRV,,dat_in,False,0,Carrier 1695088,Shipper 1375,True,True,True,12/18/2017 21:00,12/19/2017 23:55,False,False,False,False,False,False,False,False,Dunkirk,IN ,Dunkirk,IN 
2023,206554993,12/18/2017 15:24,12/18/2017 15:24,12/18/2017 19:14,12/18/2017 17:45,12/19/2017 23:55,2250.97,2500.0,-249.03,653.9,DRV,,dat_in,False,0,Carrier 1695088,Shipper 1386,True,True,True,12/18/2017 21:00,12/19/2017 23:55,False,False,False,False,False,False,False,False,Dunkirk,IN ,Dunkirk,IN 
2024,206554993,12/18/2017 15:24,12/18/2017 15:24,12/18/2017 19:14,12/18/2017 17:45,12/19/2017 23:55,2250.97,2500.0,-249.03,653.9,DRV,,dat_in,False,0,Carrier 1695088,Shipper 1248,True,True,True,12/18/2017 21:00,12/19/2017 23:55,False,False,False,False,False,False,False,False,Dunkirk,IN ,Dunkirk,IN 
2025,206554993,12/18/2017 15:24,12/18/2017 15:24,12/18/2017 19:14,12/18/2017 17:45,12/19/2017 23:55,2250.97,2500.0,-249.03,653.9,DRV,,dat_in,False,0,Carrier 1695088,Shipper 1387,True,True,True,12/18/2017 21:00,12/19/2017 23:55,False,False,False,False,False,False,False,False,Dunkirk,IN ,Dunkirk,IN 
2026,206554993,12/18/2017 15:24,12/18/2017 15:24,12/18/2017 19:14,12/18/2017 17:45,12/19/2017 23:55,2250.97,2500.0,-249.03,653.9,DRV,,dat_in,False,0,Carrier 1695088,Shipper 1388,True,True,True,12/18/2017 21:00,12/19/2017 23:55,False,False,False,False,False,False,False,False,Dunkirk,IN ,Dunkirk,IN 
2027,206625569,6/26/2017 13:18,6/26/2017 13:44,6/26/2017 15:09,6/27/2017 14:00,6/28/2017 13:30,2250.16,1500.0,750.16,165.5,DRV,,,False,0,Carrier 31074,Shipper 1249,True,True,True,6/27/2017 14:00,6/28/2017 9:00,False,False,False,False,False,False,False,False,Williamsburg,VA ,Williamsburg,VA 
2028,206625569,6/26/2017 13:18,6/26/2017 13:44,6/26/2017 15:09,6/27/2017 14:00,6/28/2017 13:30,2250.16,1500.0,750.16,165.5,DRV,,,False,0,Carrier 31074,Shipper 1375,True,True,True,6/27/2017 14:00,6/28/2017 9:00,False,False,False,False,False,False,False,False,Williamsburg,VA ,Williamsburg,VA 
2029,206625569,6/26/2017 13:18,6/26/2017 13:44,6/26/2017 15:09,6/27/2017 14:00,6/28/2017 13:30,2250.16,1500.0,750.16,165.5,DRV,,,False,0,Carrier 31074,Shipper 1386,True,True,True,6/27/2017 14:00,6/28/2017 9:00,False,False,False,False,False,False,False,False,Williamsburg,VA ,Williamsburg,VA 
2030,206625569,6/26/2017 13:18,6/26/2017 13:44,6/26/2017 15:09,6/27/2017 14:00,6/28/2017 13:30,2250.16,1500.0,750.16,165.5,DRV,,,False,0,Carrier 31074,Shipper 1248,True,True,True,6/27/2017 14:00,6/28/2017 9:00,False,False,False,False,False,False,False,False,Williamsburg,VA ,Williamsburg,VA 
2031,206625569,6/26/2017 13:18,6/26/2017 13:44,6/26/2017 15:09,6/27/2017 14:00,6/28/2017 13:30,2250.16,1500.0,750.16,165.5,DRV,,,False,0,Carrier 31074,Shipper 1387,True,True,True,6/27/2017 14:00,6/28/2017 9:00,False,False,False,False,False,False,False,False,Williamsburg,VA ,Williamsburg,VA 
2032,206625569,6/26/2017 13:18,6/26/2017 13:44,6/26/2017 15:09,6/27/2017 14:00,6/28/2017 13:30,2250.16,1500.0,750.16,165.5,DRV,,,False,0,Carrier 31074,Shipper 1388,True,True,True,6/27/2017 14:00,6/28/2017 9:00,False,False,False,False,False,False,False,False,Williamsburg,VA ,Williamsburg,VA 
2033,206504537,7/14/2017 15:18,7/14/2017 15:18,7/17/2017 9:25,7/17/2017 8:00,7/19/2017 10:00,2250.0,2300.0,-50.0,1777.7,DRV,,,False,0,Carrier 93448,Shipper 590,True,True,True,7/17/2017 15:00,7/19/2017 12:00,False,False,False,False,False,False,False,False,Bridgewater,NJ ,Bridgewater,NJ 
2034,206516049,8/16/2017 12:30,8/16/2017 12:31,8/16/2017 12:48,8/16/2017 8:00,8/17/2017 15:00,2250.0,1950.0,300.0,1143.3,DRV,,,False,0,Carrier 954438,Shipper 585,True,True,True,8/16/2017 16:00,8/17/2017 23:00,False,False,False,False,False,False,False,False,Plant City,FL ,Plant City,FL 
2035,206567281,6/20/2017 9:55,6/20/2017 9:55,6/20/2017 15:16,6/21/2017 8:00,6/22/2017 16:40,2249.28,2250.0,-0.72,914.9,DRV,,,False,0,Carrier 22870,Shipper 1249,True,True,True,6/21/2017 18:00,6/23/2017 12:00,False,False,False,False,False,False,False,False,Pleasant Prairie,WI ,Pleasant Prairie,WI 
2036,206548441,6/20/2017 9:54,6/20/2017 9:54,6/21/2017 8:30,6/21/2017 8:00,6/23/2017 9:00,2249.28,2200.0,49.28,914.9,DRV,,,False,0,Carrier 1070370,Shipper 1249,True,True,True,6/21/2017 18:00,6/23/2017 12:00,False,False,False,False,False,False,False,False,Pleasant Prairie,WI ,Pleasant Prairie,WI 
2037,206548441,6/20/2017 9:54,6/20/2017 9:54,6/21/2017 8:30,6/21/2017 8:00,6/23/2017 9:00,2249.28,2200.0,49.28,914.9,DRV,,,False,0,Carrier 1070370,Shipper 1375,True,True,True,6/21/2017 18:00,6/23/2017 12:00,False,False,False,False,False,False,False,False,Pleasant Prairie,WI ,Pleasant Prairie,WI 
2038,206567281,6/20/2017 9:55,6/20/2017 9:55,6/20/2017 15:16,6/21/2017 8:00,6/22/2017 16:40,2249.28,2250.0,-0.72,914.9,DRV,,,False,0,Carrier 22870,Shipper 1375,True,True,True,6/21/2017 18:00,6/23/2017 12:00,False,False,False,False,False,False,False,False,Pleasant Prairie,WI ,Pleasant Prairie,WI 
2039,206567281,6/20/2017 9:55,6/20/2017 9:55,6/20/2017 15:16,6/21/2017 8:00,6/22/2017 16:40,2249.28,2250.0,-0.72,914.9,DRV,,,False,0,Carrier 22870,Shipper 1386,True,True,True,6/21/2017 18:00,6/23/2017 12:00,False,False,False,False,False,False,False,False,Pleasant Prairie,WI ,Pleasant Prairie,WI 
2040,206548441,6/20/2017 9:54,6/20/2017 9:54,6/21/2017 8:30,6/21/2017 8:00,6/23/2017 9:00,2249.28,2200.0,49.28,914.9,DRV,,,False,0,Carrier 1070370,Shipper 1386,True,True,True,6/21/2017 18:00,6/23/2017 12:00,False,False,False,False,False,False,False,False,Pleasant Prairie,WI ,Pleasant Prairie,WI 
2041,206548441,6/20/2017 9:54,6/20/2017 9:54,6/21/2017 8:30,6/21/2017 8:00,6/23/2017 9:00,2249.28,2200.0,49.28,914.9,DRV,,,False,0,Carrier 1070370,Shipper 1248,True,True,True,6/21/2017 18:00,6/23/2017 12:00,False,False,False,False,False,False,False,False,Pleasant Prairie,WI ,Pleasant Prairie,WI 
2042,206567281,6/20/2017 9:55,6/20/2017 9:55,6/20/2017 15:16,6/21/2017 8:00,6/22/2017 16:40,2249.28,2250.0,-0.72,914.9,DRV,,,False,0,Carrier 22870,Shipper 1248,True,True,True,6/21/2017 18:00,6/23/2017 12:00,False,False,False,False,False,False,False,False,Pleasant Prairie,WI ,Pleasant Prairie,WI 
2043,206548441,6/20/2017 9:54,6/20/2017 9:54,6/21/2017 8:30,6/21/2017 8:00,6/23/2017 9:00,2249.28,2200.0,49.28,914.9,DRV,,,False,0,Carrier 1070370,Shipper 1387,True,True,True,6/21/2017 18:00,6/23/2017 12:00,False,False,False,False,False,False,False,False,Pleasant Prairie,WI ,Pleasant Prairie,WI 
2044,206567281,6/20/2017 9:55,6/20/2017 9:55,6/20/2017 15:16,6/21/2017 8:00,6/22/2017 16:40,2249.28,2250.0,-0.72,914.9,DRV,,,False,0,Carrier 22870,Shipper 1387,True,True,True,6/21/2017 18:00,6/23/2017 12:00,False,False,False,False,False,False,False,False,Pleasant Prairie,WI ,Pleasant Prairie,WI 
2045,206567281,6/20/2017 9:55,6/20/2017 9:55,6/20/2017 15:16,6/21/2017 8:00,6/22/2017 16:40,2249.28,2250.0,-0.72,914.9,DRV,,,False,0,Carrier 22870,Shipper 1388,True,True,True,6/21/2017 18:00,6/23/2017 12:00,False,False,False,False,False,False,False,False,Pleasant Prairie,WI ,Pleasant Prairie,WI 
2046,206548441,6/20/2017 9:54,6/20/2017 9:54,6/21/2017 8:30,6/21/2017 8:00,6/23/2017 9:00,2249.28,2200.0,49.28,914.9,DRV,,,False,0,Carrier 1070370,Shipper 1388,True,True,True,6/21/2017 18:00,6/23/2017 12:00,False,False,False,False,False,False,False,False,Pleasant Prairie,WI ,Pleasant Prairie,WI 
2047,206641065,12/6/2017 15:43,12/6/2017 15:43,12/7/2017 12:36,12/7/2017 13:00,12/8/2017 16:00,2248.68,4400.0,-2151.32,536.4,DRV,,dat_in,False,0,Carrier 1693795,Shipper 1644,True,True,True,12/7/2017 14:30,12/8/2017 16:00,False,False,False,False,False,False,False,False,Decatur,IN ,Decatur,IN 
2048,206588785,7/26/2017 16:18,7/26/2017 16:18,7/28/2017 11:11,7/29/2017 14:00,7/31/2017 9:12,2246.0,2389.33,-143.33,877.1,RFR,,,False,0,Carrier 1241917,Shipper 1249,True,True,True,7/29/2017 14:00,7/31/2017 17:00,False,False,False,False,False,False,False,False,Granite City,IL ,Granite City,IL 
2049,206588785,7/26/2017 16:18,7/26/2017 16:18,7/28/2017 11:11,7/29/2017 14:00,7/31/2017 9:12,2246.0,2389.33,-143.33,877.1,RFR,,,False,0,Carrier 1241917,Shipper 1375,True,True,True,7/29/2017 14:00,7/31/2017 17:00,False,False,False,False,False,False,False,False,Granite City,IL ,Granite City,IL 
2050,206588785,7/26/2017 16:18,7/26/2017 16:18,7/28/2017 11:11,7/29/2017 14:00,7/31/2017 9:12,2246.0,2389.33,-143.33,877.1,RFR,,,False,0,Carrier 1241917,Shipper 1386,True,True,True,7/29/2017 14:00,7/31/2017 17:00,False,False,False,False,False,False,False,False,Granite City,IL ,Granite City,IL 
2051,206588785,7/26/2017 16:18,7/26/2017 16:18,7/28/2017 11:11,7/29/2017 14:00,7/31/2017 9:12,2246.0,2389.33,-143.33,877.1,RFR,,,False,0,Carrier 1241917,Shipper 1248,True,True,True,7/29/2017 14:00,7/31/2017 17:00,False,False,False,False,False,False,False,False,Granite City,IL ,Granite City,IL 
2052,206588785,7/26/2017 16:18,7/26/2017 16:18,7/28/2017 11:11,7/29/2017 14:00,7/31/2017 9:12,2246.0,2389.33,-143.33,877.1,RFR,,,False,0,Carrier 1241917,Shipper 1387,True,True,True,7/29/2017 14:00,7/31/2017 17:00,False,False,False,False,False,False,False,False,Granite City,IL ,Granite City,IL 
2053,206588785,7/26/2017 16:18,7/26/2017 16:18,7/28/2017 11:11,7/29/2017 14:00,7/31/2017 9:12,2246.0,2389.33,-143.33,877.1,RFR,,,False,0,Carrier 1241917,Shipper 1388,True,True,True,7/29/2017 14:00,7/31/2017 17:00,False,False,False,False,False,False,False,False,Granite City,IL ,Granite City,IL 
2054,206537105,10/27/2017 9:25,10/27/2017 9:25,10/27/2017 14:17,11/3/2017 8:00,11/7/2017 9:39,2245.0,2045.0,200.0,1102.6,RFR,,,False,0,Carrier 49473,Shipper 585,True,True,True,11/3/2017 17:00,11/6/2017 7:00,False,False,False,False,False,False,False,False,Plant City,FL ,Plant City,FL 
2055,206551185,7/11/2017 16:47,7/11/2017 16:47,7/12/2017 9:23,7/12/2017 14:00,7/13/2017 13:00,2241.81,1900.0,341.81,395.8,RFR,,,False,0,Carrier 1323292,Shipper 1249,True,True,True,7/12/2017 14:00,7/13/2017 18:00,False,False,False,False,False,False,False,False,Granite City,IL ,Granite City,IL 
2056,206551185,7/11/2017 16:47,7/11/2017 16:47,7/12/2017 9:23,7/12/2017 14:00,7/13/2017 13:00,2241.81,1900.0,341.81,395.8,RFR,,,False,0,Carrier 1323292,Shipper 1375,True,True,True,7/12/2017 14:00,7/13/2017 18:00,False,False,False,False,False,False,False,False,Granite City,IL ,Granite City,IL 
2057,206551185,7/11/2017 16:47,7/11/2017 16:47,7/12/2017 9:23,7/12/2017 14:00,7/13/2017 13:00,2241.81,1900.0,341.81,395.8,RFR,,,False,0,Carrier 1323292,Shipper 1386,True,True,True,7/12/2017 14:00,7/13/2017 18:00,False,False,False,False,False,False,False,False,Granite City,IL ,Granite City,IL 
2058,206551185,7/11/2017 16:47,7/11/2017 16:47,7/12/2017 9:23,7/12/2017 14:00,7/13/2017 13:00,2241.81,1900.0,341.81,395.8,RFR,,,False,0,Carrier 1323292,Shipper 1248,True,True,True,7/12/2017 14:00,7/13/2017 18:00,False,False,False,False,False,False,False,False,Granite City,IL ,Granite City,IL 
2059,206551185,7/11/2017 16:47,7/11/2017 16:47,7/12/2017 9:23,7/12/2017 14:00,7/13/2017 13:00,2241.81,1900.0,341.81,395.8,RFR,,,False,0,Carrier 1323292,Shipper 1387,True,True,True,7/12/2017 14:00,7/13/2017 18:00,False,False,False,False,False,False,False,False,Granite City,IL ,Granite City,IL 
2060,206551185,7/11/2017 16:47,7/11/2017 16:47,7/12/2017 9:23,7/12/2017 14:00,7/13/2017 13:00,2241.81,1900.0,341.81,395.8,RFR,,,False,0,Carrier 1323292,Shipper 1388,True,True,True,7/12/2017 14:00,7/13/2017 18:00,False,False,False,False,False,False,False,False,Granite City,IL ,Granite City,IL 
2061,206528689,8/16/2017 12:49,8/16/2017 12:49,8/16/2017 13:04,8/16/2017 8:00,8/18/2017 9:50,2241.66,1800.0,441.66,1191.5,DRV,,,False,0,Carrier 715502,Shipper 585,True,True,True,8/16/2017 16:00,8/18/2017 10:00,False,False,False,False,False,False,False,False,Plant City,FL ,Plant City,FL 
2062,206552785,5/31/2017 13:46,5/31/2017 13:46,5/31/2017 18:48,5/31/2017 20:00,6/1/2017 10:55,2241.32,2000.0,241.32,275.3,RFR,,,False,0,Carrier 1046323,Shipper 1249,True,True,True,5/31/2017 20:00,6/1/2017 15:00,False,False,False,False,False,False,False,False,Baldwinsville,NY ,Baldwinsville,NY 
2063,206552785,5/31/2017 13:46,5/31/2017 13:46,5/31/2017 18:48,5/31/2017 20:00,6/1/2017 10:55,2241.32,2000.0,241.32,275.3,RFR,,,False,0,Carrier 1046323,Shipper 1375,True,True,True,5/31/2017 20:00,6/1/2017 15:00,False,False,False,False,False,False,False,False,Baldwinsville,NY ,Baldwinsville,NY 
2064,206552785,5/31/2017 13:46,5/31/2017 13:46,5/31/2017 18:48,5/31/2017 20:00,6/1/2017 10:55,2241.32,2000.0,241.32,275.3,RFR,,,False,0,Carrier 1046323,Shipper 1386,True,True,True,5/31/2017 20:00,6/1/2017 15:00,False,False,False,False,False,False,False,False,Baldwinsville,NY ,Baldwinsville,NY 
2065,206552785,5/31/2017 13:46,5/31/2017 13:46,5/31/2017 18:48,5/31/2017 20:00,6/1/2017 10:55,2241.32,2000.0,241.32,275.3,RFR,,,False,0,Carrier 1046323,Shipper 1248,True,True,True,5/31/2017 20:00,6/1/2017 15:00,False,False,False,False,False,False,False,False,Baldwinsville,NY ,Baldwinsville,NY 
2066,206552785,5/31/2017 13:46,5/31/2017 13:46,5/31/2017 18:48,5/31/2017 20:00,6/1/2017 10:55,2241.32,2000.0,241.32,275.3,RFR,,,False,0,Carrier 1046323,Shipper 1387,True,True,True,5/31/2017 20:00,6/1/2017 15:00,False,False,False,False,False,False,False,False,Baldwinsville,NY ,Baldwinsville,NY 
2067,206552785,5/31/2017 13:46,5/31/2017 13:46,5/31/2017 18:48,5/31/2017 20:00,6/1/2017 10:55,2241.32,2000.0,241.32,275.3,RFR,,,False,0,Carrier 1046323,Shipper 1388,True,True,True,5/31/2017 20:00,6/1/2017 15:00,False,False,False,False,False,False,False,False,Baldwinsville,NY ,Baldwinsville,NY 
2068,206562913,8/2/2017 16:41,8/2/2017 16:41,8/7/2017 9:51,8/7/2017 18:00,8/9/2017 9:35,2238.02,2150.0,88.02,1278.7,DRV,,,False,0,Carrier 1695436,Shipper 1249,True,True,True,8/7/2017 18:00,8/9/2017 12:00,False,False,False,False,False,False,False,False,Fort Collins,CO ,Fort Collins,CO 
2069,206562913,8/2/2017 16:41,8/2/2017 16:41,8/7/2017 9:51,8/7/2017 18:00,8/9/2017 9:35,2238.02,2150.0,88.02,1278.7,DRV,,,False,0,Carrier 1695436,Shipper 1375,True,True,True,8/7/2017 18:00,8/9/2017 12:00,False,False,False,False,False,False,False,False,Fort Collins,CO ,Fort Collins,CO 
2070,206562913,8/2/2017 16:41,8/2/2017 16:41,8/7/2017 9:51,8/7/2017 18:00,8/9/2017 9:35,2238.02,2150.0,88.02,1278.7,DRV,,,False,0,Carrier 1695436,Shipper 1386,True,True,True,8/7/2017 18:00,8/9/2017 12:00,False,False,False,False,False,False,False,False,Fort Collins,CO ,Fort Collins,CO 
2071,206562913,8/2/2017 16:41,8/2/2017 16:41,8/7/2017 9:51,8/7/2017 18:00,8/9/2017 9:35,2238.02,2150.0,88.02,1278.7,DRV,,,False,0,Carrier 1695436,Shipper 1248,True,True,True,8/7/2017 18:00,8/9/2017 12:00,False,False,False,False,False,False,False,False,Fort Collins,CO ,Fort Collins,CO 
2072,206562913,8/2/2017 16:41,8/2/2017 16:41,8/7/2017 9:51,8/7/2017 18:00,8/9/2017 9:35,2238.02,2150.0,88.02,1278.7,DRV,,,False,0,Carrier 1695436,Shipper 1387,True,True,True,8/7/2017 18:00,8/9/2017 12:00,False,False,False,False,False,False,False,False,Fort Collins,CO ,Fort Collins,CO 
2073,206562913,8/2/2017 16:41,8/2/2017 16:41,8/7/2017 9:51,8/7/2017 18:00,8/9/2017 9:35,2238.02,2150.0,88.02,1278.7,DRV,,,False,0,Carrier 1695436,Shipper 1388,True,True,True,8/7/2017 18:00,8/9/2017 12:00,False,False,False,False,False,False,False,False,Fort Collins,CO ,Fort Collins,CO 
2074,206584369,12/22/2017 15:19,12/22/2017 15:19,12/27/2017 9:39,12/28/2017 12:30,12/30/2017 13:00,2230.98,2400.0,-169.02,859.6,RFR,,,False,0,Carrier 770018,Shipper 758,True,True,True,12/28/2017 21:00,12/30/2017 9:00,False,False,False,False,False,False,False,False,Denver,CO ,Denver,CO 
2075,206545817,10/17/2017 16:21,10/17/2017 16:21,10/17/2017 17:39,10/17/2017 18:00,10/18/2017 12:00,2227.8,2500.0,-272.2,496.1,RFR,,,False,0,Carrier 844999,Shipper 1249,True,True,True,10/17/2017 18:00,10/18/2017 16:00,False,False,False,False,False,False,False,False,Aurora,CO ,Aurora,CO 
2076,206545817,10/17/2017 16:21,10/17/2017 16:21,10/17/2017 17:39,10/17/2017 18:00,10/18/2017 12:00,2227.8,2500.0,-272.2,496.1,RFR,,,False,0,Carrier 844999,Shipper 1375,True,True,True,10/17/2017 18:00,10/18/2017 16:00,False,False,False,False,False,False,False,False,Aurora,CO ,Aurora,CO 
2077,206545817,10/17/2017 16:21,10/17/2017 16:21,10/17/2017 17:39,10/17/2017 18:00,10/18/2017 12:00,2227.8,2500.0,-272.2,496.1,RFR,,,False,0,Carrier 844999,Shipper 1386,True,True,True,10/17/2017 18:00,10/18/2017 16:00,False,False,False,False,False,False,False,False,Aurora,CO ,Aurora,CO 
2078,206545817,10/17/2017 16:21,10/17/2017 16:21,10/17/2017 17:39,10/17/2017 18:00,10/18/2017 12:00,2227.8,2500.0,-272.2,496.1,RFR,,,False,0,Carrier 844999,Shipper 1248,True,True,True,10/17/2017 18:00,10/18/2017 16:00,False,False,False,False,False,False,False,False,Aurora,CO ,Aurora,CO 
2079,206545817,10/17/2017 16:21,10/17/2017 16:21,10/17/2017 17:39,10/17/2017 18:00,10/18/2017 12:00,2227.8,2500.0,-272.2,496.1,RFR,,,False,0,Carrier 844999,Shipper 1387,True,True,True,10/17/2017 18:00,10/18/2017 16:00,False,False,False,False,False,False,False,False,Aurora,CO ,Aurora,CO 
2080,206545817,10/17/2017 16:21,10/17/2017 16:21,10/17/2017 17:39,10/17/2017 18:00,10/18/2017 12:00,2227.8,2500.0,-272.2,496.1,RFR,,,False,0,Carrier 844999,Shipper 1388,True,True,True,10/17/2017 18:00,10/18/2017 16:00,False,False,False,False,False,False,False,False,Aurora,CO ,Aurora,CO 
2081,206570393,11/13/2017 16:23,11/13/2017 16:23,11/16/2017 14:05,11/15/2017 13:00,11/17/2017 10:01,2217.84,2200.0,17.84,888.2,RFR,,,False,1,Carrier 63807,Shipper 1249,True,True,True,11/15/2017 13:00,11/17/2017 11:00,False,False,False,False,False,False,False,False,St. Louis,MO ,St. Louis,MO 
2082,206570393,11/13/2017 16:23,11/13/2017 16:23,11/16/2017 14:05,11/15/2017 13:00,11/17/2017 10:01,2217.84,2200.0,17.84,888.2,RFR,,,False,1,Carrier 63807,Shipper 1375,True,True,True,11/15/2017 13:00,11/17/2017 11:00,False,False,False,False,False,False,False,False,St. Louis,MO ,St. Louis,MO 
2083,206570393,11/13/2017 16:23,11/13/2017 16:23,11/16/2017 14:05,11/15/2017 13:00,11/17/2017 10:01,2217.84,2200.0,17.84,888.2,RFR,,,False,1,Carrier 63807,Shipper 1386,True,True,True,11/15/2017 13:00,11/17/2017 11:00,False,False,False,False,False,False,False,False,St. Louis,MO ,St. Louis,MO 
2084,206570393,11/13/2017 16:23,11/13/2017 16:23,11/16/2017 14:05,11/15/2017 13:00,11/17/2017 10:01,2217.84,2200.0,17.84,888.2,RFR,,,False,1,Carrier 63807,Shipper 1248,True,True,True,11/15/2017 13:00,11/17/2017 11:00,False,False,False,False,False,False,False,False,St. Louis,MO ,St. Louis,MO 
2085,206570393,11/13/2017 16:23,11/13/2017 16:23,11/16/2017 14:05,11/15/2017 13:00,11/17/2017 10:01,2217.84,2200.0,17.84,888.2,RFR,,,False,1,Carrier 63807,Shipper 1387,True,True,True,11/15/2017 13:00,11/17/2017 11:00,False,False,False,False,False,False,False,False,St. Louis,MO ,St. Louis,MO 
2086,206570393,11/13/2017 16:23,11/13/2017 16:23,11/16/2017 14:05,11/15/2017 13:00,11/17/2017 10:01,2217.84,2200.0,17.84,888.2,RFR,,,False,1,Carrier 63807,Shipper 1388,True,True,True,11/15/2017 13:00,11/17/2017 11:00,False,False,False,False,False,False,False,False,St. Louis,MO ,St. Louis,MO 
2087,206494473,11/10/2017 18:01,11/10/2017 18:01,11/29/2017 16:55,11/29/2017 17:00,12/1/2017 12:20,2216.0,3000.0,-784.0,799.2,DRV,,,False,1,Carrier 1443130,Shipper 758,True,True,True,11/29/2017 18:30,12/1/2017 10:30,False,False,False,False,False,False,False,False,Idaho Falls,ID ,Idaho Falls,ID 
2088,206542825,6/27/2017 16:25,6/27/2017 16:25,6/28/2017 9:09,6/29/2017 14:00,6/30/2017 9:00,2215.54,1600.0,615.54,597.6,RFR,,,False,0,Carrier 690828,Shipper 1249,,,,6/29/2017 14:00,6/30/2017 13:00,False,False,False,False,False,False,False,False,Fort Collins,CO ,Fort Collins,CO 
2089,206542825,6/27/2017 16:25,6/27/2017 16:25,6/28/2017 9:09,6/29/2017 14:00,6/30/2017 9:00,2215.54,1600.0,615.54,597.6,RFR,,,False,0,Carrier 690828,Shipper 1375,,,,6/29/2017 14:00,6/30/2017 13:00,False,False,False,False,False,False,False,False,Fort Collins,CO ,Fort Collins,CO 
2090,206542825,6/27/2017 16:25,6/27/2017 16:25,6/28/2017 9:09,6/29/2017 14:00,6/30/2017 9:00,2215.54,1600.0,615.54,597.6,RFR,,,False,0,Carrier 690828,Shipper 1386,,,,6/29/2017 14:00,6/30/2017 13:00,False,False,False,False,False,False,False,False,Fort Collins,CO ,Fort Collins,CO 
2091,206542825,6/27/2017 16:25,6/27/2017 16:25,6/28/2017 9:09,6/29/2017 14:00,6/30/2017 9:00,2215.54,1600.0,615.54,597.6,RFR,,,False,0,Carrier 690828,Shipper 1248,,,,6/29/2017 14:00,6/30/2017 13:00,False,False,False,False,False,False,False,False,Fort Collins,CO ,Fort Collins,CO 
2092,206542825,6/27/2017 16:25,6/27/2017 16:25,6/28/2017 9:09,6/29/2017 14:00,6/30/2017 9:00,2215.54,1600.0,615.54,597.6,RFR,,,False,0,Carrier 690828,Shipper 1387,,,,6/29/2017 14:00,6/30/2017 13:00,False,False,False,False,False,False,False,False,Fort Collins,CO ,Fort Collins,CO 
2093,206542825,6/27/2017 16:25,6/27/2017 16:25,6/28/2017 9:09,6/29/2017 14:00,6/30/2017 9:00,2215.54,1600.0,615.54,597.6,RFR,,,False,0,Carrier 690828,Shipper 1388,,,,6/29/2017 14:00,6/30/2017 13:00,False,False,False,False,False,False,False,False,Fort Collins,CO ,Fort Collins,CO 
2094,206584745,9/20/2017 17:34,9/20/2017 17:34,9/22/2017 16:29,9/23/2017 17:00,9/25/2017 13:45,2214.69,2614.0,-399.31,516.3,DRV,,,False,0,Carrier 1215413,Shipper 1249,True,True,True,9/23/2017 17:00,9/25/2017 15:30,False,False,False,False,False,False,False,False,St. Louis,MO ,St. Louis,MO 
2095,206584745,9/20/2017 17:34,9/20/2017 17:34,9/22/2017 16:29,9/23/2017 17:00,9/25/2017 13:45,2214.69,2614.0,-399.31,516.3,DRV,,,False,0,Carrier 1215413,Shipper 1375,True,True,True,9/23/2017 17:00,9/25/2017 15:30,False,False,False,False,False,False,False,False,St. Louis,MO ,St. Louis,MO 
2096,206584745,9/20/2017 17:34,9/20/2017 17:34,9/22/2017 16:29,9/23/2017 17:00,9/25/2017 13:45,2214.69,2614.0,-399.31,516.3,DRV,,,False,0,Carrier 1215413,Shipper 1386,True,True,True,9/23/2017 17:00,9/25/2017 15:30,False,False,False,False,False,False,False,False,St. Louis,MO ,St. Louis,MO 
2097,206584745,9/20/2017 17:34,9/20/2017 17:34,9/22/2017 16:29,9/23/2017 17:00,9/25/2017 13:45,2214.69,2614.0,-399.31,516.3,DRV,,,False,0,Carrier 1215413,Shipper 1248,True,True,True,9/23/2017 17:00,9/25/2017 15:30,False,False,False,False,False,False,False,False,St. Louis,MO ,St. Louis,MO 
2098,206584745,9/20/2017 17:34,9/20/2017 17:34,9/22/2017 16:29,9/23/2017 17:00,9/25/2017 13:45,2214.69,2614.0,-399.31,516.3,DRV,,,False,0,Carrier 1215413,Shipper 1387,True,True,True,9/23/2017 17:00,9/25/2017 15:30,False,False,False,False,False,False,False,False,St. Louis,MO ,St. Louis,MO 
2099,206584745,9/20/2017 17:34,9/20/2017 17:34,9/22/2017 16:29,9/23/2017 17:00,9/25/2017 13:45,2214.69,2614.0,-399.31,516.3,DRV,,,False,0,Carrier 1215413,Shipper 1388,True,True,True,9/23/2017 17:00,9/25/2017 15:30,False,False,False,False,False,False,False,False,St. Louis,MO ,St. Louis,MO 
2100,206649577,10/26/2017 11:21,10/26/2017 11:21,11/8/2017 18:42,11/9/2017 8:30,11/10/2017 16:45,2209.6,3000.0,-790.4,799.2,DRV,,,False,0,Carrier 1396578,Shipper 758,True,True,True,11/9/2017 8:30,11/10/2017 12:00,False,False,False,False,False,False,False,False,Idaho Falls,ID ,Idaho Falls,ID 
2101,206512433,6/27/2017 16:39,6/27/2017 16:39,6/29/2017 10:00,6/30/2017 18:00,7/3/2017 12:00,2208.08,2300.0,-91.92,1264.4,DRV,,,False,0,Carrier 1687142,Shipper 1249,True,True,True,6/30/2017 18:00,7/3/2017 12:00,False,False,False,False,False,False,False,False,Fort Collins,CO ,Fort Collins,CO 
2102,206512433,6/27/2017 16:39,6/27/2017 16:39,6/29/2017 10:00,6/30/2017 18:00,7/3/2017 12:00,2208.08,2300.0,-91.92,1264.4,DRV,,,False,0,Carrier 1687142,Shipper 1375,True,True,True,6/30/2017 18:00,7/3/2017 12:00,False,False,False,False,False,False,False,False,Fort Collins,CO ,Fort Collins,CO 
2103,206512433,6/27/2017 16:39,6/27/2017 16:39,6/29/2017 10:00,6/30/2017 18:00,7/3/2017 12:00,2208.08,2300.0,-91.92,1264.4,DRV,,,False,0,Carrier 1687142,Shipper 1386,True,True,True,6/30/2017 18:00,7/3/2017 12:00,False,False,False,False,False,False,False,False,Fort Collins,CO ,Fort Collins,CO 
2104,206512433,6/27/2017 16:39,6/27/2017 16:39,6/29/2017 10:00,6/30/2017 18:00,7/3/2017 12:00,2208.08,2300.0,-91.92,1264.4,DRV,,,False,0,Carrier 1687142,Shipper 1248,True,True,True,6/30/2017 18:00,7/3/2017 12:00,False,False,False,False,False,False,False,False,Fort Collins,CO ,Fort Collins,CO 
2105,206512433,6/27/2017 16:39,6/27/2017 16:39,6/29/2017 10:00,6/30/2017 18:00,7/3/2017 12:00,2208.08,2300.0,-91.92,1264.4,DRV,,,False,0,Carrier 1687142,Shipper 1387,True,True,True,6/30/2017 18:00,7/3/2017 12:00,False,False,False,False,False,False,False,False,Fort Collins,CO ,Fort Collins,CO 
2106,206512433,6/27/2017 16:39,6/27/2017 16:39,6/29/2017 10:00,6/30/2017 18:00,7/3/2017 12:00,2208.08,2300.0,-91.92,1264.4,DRV,,,False,0,Carrier 1687142,Shipper 1388,True,True,True,6/30/2017 18:00,7/3/2017 12:00,False,False,False,False,False,False,False,False,Fort Collins,CO ,Fort Collins,CO 
2107,206476713,5/15/2017 16:51,5/15/2017 16:52,5/16/2017 14:03,5/16/2017 13:00,5/18/2017 14:25,2203.2,2200.0,3.2,758.9,RFR,3.0,,False,0,Carrier 1031227,Shipper 1249,False,True,False,5/16/2017 13:00,5/18/2017 14:00,False,False,False,False,False,False,False,False,Columbus,OH ,Columbus,OH 
2108,206476713,5/15/2017 16:51,5/15/2017 16:52,5/16/2017 14:03,5/16/2017 13:00,5/18/2017 14:25,2203.2,2200.0,3.2,758.9,RFR,3.0,,False,0,Carrier 1031227,Shipper 1375,False,True,False,5/16/2017 13:00,5/18/2017 14:00,False,False,False,False,False,False,False,False,Columbus,OH ,Columbus,OH 
2109,206476713,5/15/2017 16:51,5/15/2017 16:52,5/16/2017 14:03,5/16/2017 13:00,5/18/2017 14:25,2203.2,2200.0,3.2,758.9,RFR,3.0,,False,0,Carrier 1031227,Shipper 1386,False,True,False,5/16/2017 13:00,5/18/2017 14:00,False,False,False,False,False,False,False,False,Columbus,OH ,Columbus,OH 
2110,206476713,5/15/2017 16:51,5/15/2017 16:52,5/16/2017 14:03,5/16/2017 13:00,5/18/2017 14:25,2203.2,2200.0,3.2,758.9,RFR,3.0,,False,0,Carrier 1031227,Shipper 1248,False,True,False,5/16/2017 13:00,5/18/2017 14:00,False,False,False,False,False,False,False,False,Columbus,OH ,Columbus,OH 
2111,206476713,5/15/2017 16:51,5/15/2017 16:52,5/16/2017 14:03,5/16/2017 13:00,5/18/2017 14:25,2203.2,2200.0,3.2,758.9,RFR,3.0,,False,0,Carrier 1031227,Shipper 1387,False,True,False,5/16/2017 13:00,5/18/2017 14:00,False,False,False,False,False,False,False,False,Columbus,OH ,Columbus,OH 
2112,206476713,5/15/2017 16:51,5/15/2017 16:52,5/16/2017 14:03,5/16/2017 13:00,5/18/2017 14:25,2203.2,2200.0,3.2,758.9,RFR,3.0,,False,0,Carrier 1031227,Shipper 1388,False,True,False,5/16/2017 13:00,5/18/2017 14:00,False,False,False,False,False,False,False,False,Columbus,OH ,Columbus,OH 
2113,206567273,5/15/2017 16:23,5/15/2017 16:23,5/17/2017 9:28,5/17/2017 6:00,5/19/2017 10:30,2203.14,2100.0,103.14,576.5,RFR,3.0,,False,0,Carrier 116644,Shipper 1249,True,True,True,5/17/2017 13:00,5/19/2017 18:00,False,False,False,False,False,False,False,False,Granite City,IL ,Granite City,IL 
2114,206567273,5/15/2017 16:23,5/15/2017 16:23,5/17/2017 9:28,5/17/2017 6:00,5/19/2017 10:30,2203.14,2100.0,103.14,576.5,RFR,3.0,,False,0,Carrier 116644,Shipper 1375,True,True,True,5/17/2017 13:00,5/19/2017 18:00,False,False,False,False,False,False,False,False,Granite City,IL ,Granite City,IL 
2115,206567273,5/15/2017 16:23,5/15/2017 16:23,5/17/2017 9:28,5/17/2017 6:00,5/19/2017 10:30,2203.14,2100.0,103.14,576.5,RFR,3.0,,False,0,Carrier 116644,Shipper 1386,True,True,True,5/17/2017 13:00,5/19/2017 18:00,False,False,False,False,False,False,False,False,Granite City,IL ,Granite City,IL 
2116,206567273,5/15/2017 16:23,5/15/2017 16:23,5/17/2017 9:28,5/17/2017 6:00,5/19/2017 10:30,2203.14,2100.0,103.14,576.5,RFR,3.0,,False,0,Carrier 116644,Shipper 1248,True,True,True,5/17/2017 13:00,5/19/2017 18:00,False,False,False,False,False,False,False,False,Granite City,IL ,Granite City,IL 
2117,206567273,5/15/2017 16:23,5/15/2017 16:23,5/17/2017 9:28,5/17/2017 6:00,5/19/2017 10:30,2203.14,2100.0,103.14,576.5,RFR,3.0,,False,0,Carrier 116644,Shipper 1387,True,True,True,5/17/2017 13:00,5/19/2017 18:00,False,False,False,False,False,False,False,False,Granite City,IL ,Granite City,IL 
2118,206567273,5/15/2017 16:23,5/15/2017 16:23,5/17/2017 9:28,5/17/2017 6:00,5/19/2017 10:30,2203.14,2100.0,103.14,576.5,RFR,3.0,,False,0,Carrier 116644,Shipper 1388,True,True,True,5/17/2017 13:00,5/19/2017 18:00,False,False,False,False,False,False,False,False,Granite City,IL ,Granite City,IL 
2119,206640985,6/6/2017 9:53,6/6/2017 9:53,6/9/2017 9:16,6/9/2017 10:00,6/12/2017 8:00,2200.0,2300.0,-100.0,1324.8,DRV,,,False,0,Carrier 1693500,Shipper 1374,True,True,True,6/9/2017 18:00,6/12/2017 12:30,False,False,False,False,False,False,False,False,Laredo,TX ,Laredo,TX 
2120,206747833,5/31/2017 8:53,5/31/2017 8:53,6/1/2017 17:18,6/2/2017 10:00,6/5/2017 10:00,2200.0,2400.0,-200.0,1324.8,DRV,,,False,0,Carrier 961685,Shipper 1374,True,True,True,6/2/2017 18:00,6/5/2017 10:00,False,False,False,False,False,False,False,False,Laredo,TX ,Laredo,TX 
2121,206428601,9/13/2017 12:19,9/13/2017 12:19,9/13/2017 14:17,9/14/2017 10:00,9/18/2017 9:15,2200.0,2100.0,100.0,1395.6,DRV,,,False,0,Carrier 17203,Shipper 1374,True,True,True,9/14/2017 18:00,9/18/2017 15:45,False,False,False,False,False,False,False,False,Laredo,TX ,Laredo,TX 
2122,206438089,8/22/2017 11:37,8/22/2017 11:37,8/22/2017 13:35,8/23/2017 13:00,8/25/2017 15:15,2200.0,2100.0,100.0,1395.6,DRV,,,False,0,Carrier 1601608,Shipper 1374,True,True,True,8/23/2017 18:00,8/25/2017 15:45,False,False,False,False,False,False,False,False,Laredo,TX ,Laredo,TX 
2123,206657729,9/26/2017 14:27,9/26/2017 14:27,9/27/2017 12:23,9/27/2017 15:00,10/2/2017 11:00,2200.0,2100.0,100.0,1395.6,DRV,,,False,0,Carrier 1601608,Shipper 1374,True,True,True,9/27/2017 18:00,10/2/2017 8:00,False,False,False,False,False,False,False,False,Laredo,TX ,Laredo,TX 
2124,206516697,2/28/2017 10:45,2/28/2017 10:45,2/28/2017 11:06,2/28/2017 9:00,3/2/2017 15:00,2200.0,2000.0,200.0,1626.1,DRV,,,False,0,Carrier 305473,Shipper 1180,True,True,True,2/28/2017 16:00,3/2/2017 18:30,False,False,False,False,False,False,False,False,Walled Lake,MI ,Walled Lake,MI 
2125,206560473,8/21/2017 12:23,8/21/2017 12:23,8/22/2017 12:11,8/23/2017 10:00,8/25/2017 20:15,2200.0,2100.0,100.0,1324.8,DRV,,,False,0,Carrier 17677,Shipper 1374,False,True,True,8/23/2017 18:00,8/25/2017 21:00,False,False,False,False,False,False,False,False,Laredo,TX ,Laredo,TX 
2126,206531809,12/13/2017 13:13,12/13/2017 13:13,1/2/2018 11:30,1/2/2018 14:00,1/3/2018 10:15,2200.0,2500.0,-300.0,550.6,DRV,,source_list,False,1,Carrier 1027599,Shipper 585,True,True,True,1/2/2018 14:00,1/3/2018 10:00,False,False,False,False,False,False,False,False,Greenfield,IN ,Greenfield,IN 
2127,206476729,8/16/2017 12:48,8/16/2017 12:48,8/16/2017 13:02,8/16/2017 8:00,8/18/2017 10:08,2200.0,1900.0,300.0,1191.5,DRV,,,False,0,Carrier 33320,Shipper 585,False,True,True,8/16/2017 16:00,8/18/2017 10:30,False,False,False,False,False,False,False,False,Plant City,FL ,Plant City,FL 
2128,206425225,5/11/2017 11:26,5/11/2017 11:27,5/15/2017 17:11,5/16/2017 10:00,5/18/2017 9:45,2200.0,2150.0,50.0,1324.8,DRV,3.0,,False,0,Carrier 988304,Shipper 1374,True,True,True,5/16/2017 18:00,5/18/2017 11:00,False,False,False,False,False,False,False,False,Laredo,TX ,Laredo,TX 
2129,206516329,9/19/2017 17:06,9/19/2017 17:06,9/20/2017 12:14,9/20/2017 14:00,9/22/2017 11:00,2195.37,2120.0,75.37,825.3,DRV,,,False,0,Carrier 68912,Shipper 1249,True,True,True,9/20/2017 14:00,9/22/2017 13:00,False,False,False,False,False,False,False,False,Newark,NJ ,Newark,NJ 
2130,206516329,9/19/2017 17:06,9/19/2017 17:06,9/20/2017 12:14,9/20/2017 14:00,9/22/2017 11:00,2195.37,2120.0,75.37,825.3,DRV,,,False,0,Carrier 68912,Shipper 1375,True,True,True,9/20/2017 14:00,9/22/2017 13:00,False,False,False,False,False,False,False,False,Newark,NJ ,Newark,NJ 
2131,206516329,9/19/2017 17:06,9/19/2017 17:06,9/20/2017 12:14,9/20/2017 14:00,9/22/2017 11:00,2195.37,2120.0,75.37,825.3,DRV,,,False,0,Carrier 68912,Shipper 1386,True,True,True,9/20/2017 14:00,9/22/2017 13:00,False,False,False,False,False,False,False,False,Newark,NJ ,Newark,NJ 
2132,206516329,9/19/2017 17:06,9/19/2017 17:06,9/20/2017 12:14,9/20/2017 14:00,9/22/2017 11:00,2195.37,2120.0,75.37,825.3,DRV,,,False,0,Carrier 68912,Shipper 1248,True,True,True,9/20/2017 14:00,9/22/2017 13:00,False,False,False,False,False,False,False,False,Newark,NJ ,Newark,NJ 
2133,206516329,9/19/2017 17:06,9/19/2017 17:06,9/20/2017 12:14,9/20/2017 14:00,9/22/2017 11:00,2195.37,2120.0,75.37,825.3,DRV,,,False,0,Carrier 68912,Shipper 1387,True,True,True,9/20/2017 14:00,9/22/2017 13:00,False,False,False,False,False,False,False,False,Newark,NJ ,Newark,NJ 
2134,206516329,9/19/2017 17:06,9/19/2017 17:06,9/20/2017 12:14,9/20/2017 14:00,9/22/2017 11:00,2195.37,2120.0,75.37,825.3,DRV,,,False,0,Carrier 68912,Shipper 1388,True,True,True,9/20/2017 14:00,9/22/2017 13:00,False,False,False,False,False,False,False,False,Newark,NJ ,Newark,NJ 
2135,206484905,7/27/2017 13:12,7/27/2017 13:16,8/2/2017 11:48,8/2/2017 10:00,8/7/2017 9:30,2193.32,2150.0,43.32,1395.6,DRV,,,False,1,Carrier 1284839,Shipper 1374,True,True,True,8/2/2017 18:00,8/7/2017 15:45,False,False,False,False,False,False,False,False,Laredo,TX ,Laredo,TX 
2136,206466097,2/2/2017 11:33,2/2/2017 11:34,2/2/2017 14:36,2/3/2017 22:00,2/6/2017 13:30,2188.36,2050.0,138.36,140.0,DRV,,,False,0,Carrier 22817,Shipper 758,True,True,True,2/3/2017 22:00,2/6/2017 10:00,False,False,False,False,False,False,False,False,Janesville,WI ,Janesville,WI 
2137,206524297,2/2/2017 11:32,2/2/2017 11:32,2/2/2017 17:49,2/3/2017 22:00,2/11/2017 12:50,2188.36,2000.0,188.36,140.0,DRV,,,False,0,Carrier 686275,Shipper 758,True,False,False,2/3/2017 22:00,2/7/2017 8:00,False,False,False,False,False,False,False,False,Janesville,WI ,Janesville,WI 
2138,206474673,2/2/2017 11:34,2/2/2017 11:34,2/2/2017 16:35,2/3/2017 21:00,2/6/2017 9:37,2188.36,1900.0,288.36,140.0,DRV,,,False,0,Carrier 864486,Shipper 758,True,False,False,2/3/2017 21:00,2/6/2017 8:00,False,False,False,False,False,False,False,False,Janesville,WI ,Janesville,WI 
2139,206516025,2/2/2017 11:34,2/2/2017 11:34,2/3/2017 10:18,2/3/2017 22:00,2/7/2017 10:00,2188.36,2100.0,88.36,140.0,DRV,,,False,0,Carrier 1673649,Shipper 758,True,True,True,2/3/2017 22:00,2/7/2017 8:00,False,False,False,False,False,False,False,False,Janesville,WI ,Janesville,WI 
2140,206602841,8/2/2017 16:35,8/2/2017 16:35,8/4/2017 8:54,8/5/2017 12:00,8/8/2017 10:00,2186.72,2140.0,46.72,1080.5,DRV,,,False,0,Carrier 30737,Shipper 1249,False,True,False,8/5/2017 12:00,8/8/2017 4:00,False,False,False,False,False,False,False,False,Newark,NJ ,Newark,NJ 
2141,206602841,8/2/2017 16:35,8/2/2017 16:35,8/4/2017 8:54,8/5/2017 12:00,8/8/2017 10:00,2186.72,2140.0,46.72,1080.5,DRV,,,False,0,Carrier 30737,Shipper 1375,False,True,False,8/5/2017 12:00,8/8/2017 4:00,False,False,False,False,False,False,False,False,Newark,NJ ,Newark,NJ 
2142,206602841,8/2/2017 16:35,8/2/2017 16:35,8/4/2017 8:54,8/5/2017 12:00,8/8/2017 10:00,2186.72,2140.0,46.72,1080.5,DRV,,,False,0,Carrier 30737,Shipper 1386,False,True,False,8/5/2017 12:00,8/8/2017 4:00,False,False,False,False,False,False,False,False,Newark,NJ ,Newark,NJ 
2143,206602841,8/2/2017 16:35,8/2/2017 16:35,8/4/2017 8:54,8/5/2017 12:00,8/8/2017 10:00,2186.72,2140.0,46.72,1080.5,DRV,,,False,0,Carrier 30737,Shipper 1248,False,True,False,8/5/2017 12:00,8/8/2017 4:00,False,False,False,False,False,False,False,False,Newark,NJ ,Newark,NJ 
2144,206602841,8/2/2017 16:35,8/2/2017 16:35,8/4/2017 8:54,8/5/2017 12:00,8/8/2017 10:00,2186.72,2140.0,46.72,1080.5,DRV,,,False,0,Carrier 30737,Shipper 1387,False,True,False,8/5/2017 12:00,8/8/2017 4:00,False,False,False,False,False,False,False,False,Newark,NJ ,Newark,NJ 
2145,206602841,8/2/2017 16:35,8/2/2017 16:35,8/4/2017 8:54,8/5/2017 12:00,8/8/2017 10:00,2186.72,2140.0,46.72,1080.5,DRV,,,False,0,Carrier 30737,Shipper 1388,False,True,False,8/5/2017 12:00,8/8/2017 4:00,False,False,False,False,False,False,False,False,Newark,NJ ,Newark,NJ 
2146,206553713,6/27/2017 16:30,6/27/2017 16:30,7/3/2017 9:52,7/3/2017 17:00,7/5/2017 15:00,2184.62,3500.0,-1315.38,1086.8,DRV,,,False,1,Carrier 977560,Shipper 1249,True,True,True,7/3/2017 17:00,7/5/2017 14:00,False,False,False,False,False,False,False,False,St. Louis,MO ,St. Louis,MO 
2147,206553713,6/27/2017 16:30,6/27/2017 16:30,7/3/2017 9:52,7/3/2017 17:00,7/5/2017 15:00,2184.62,3500.0,-1315.38,1086.8,DRV,,,False,1,Carrier 977560,Shipper 1375,True,True,True,7/3/2017 17:00,7/5/2017 14:00,False,False,False,False,False,False,False,False,St. Louis,MO ,St. Louis,MO 
2148,206553713,6/27/2017 16:30,6/27/2017 16:30,7/3/2017 9:52,7/3/2017 17:00,7/5/2017 15:00,2184.62,3500.0,-1315.38,1086.8,DRV,,,False,1,Carrier 977560,Shipper 1386,True,True,True,7/3/2017 17:00,7/5/2017 14:00,False,False,False,False,False,False,False,False,St. Louis,MO ,St. Louis,MO 
2149,206553713,6/27/2017 16:30,6/27/2017 16:30,7/3/2017 9:52,7/3/2017 17:00,7/5/2017 15:00,2184.62,3500.0,-1315.38,1086.8,DRV,,,False,1,Carrier 977560,Shipper 1248,True,True,True,7/3/2017 17:00,7/5/2017 14:00,False,False,False,False,False,False,False,False,St. Louis,MO ,St. Louis,MO 
2150,206553713,6/27/2017 16:30,6/27/2017 16:30,7/3/2017 9:52,7/3/2017 17:00,7/5/2017 15:00,2184.62,3500.0,-1315.38,1086.8,DRV,,,False,1,Carrier 977560,Shipper 1387,True,True,True,7/3/2017 17:00,7/5/2017 14:00,False,False,False,False,False,False,False,False,St. Louis,MO ,St. Louis,MO 
2151,206553713,6/27/2017 16:30,6/27/2017 16:30,7/3/2017 9:52,7/3/2017 17:00,7/5/2017 15:00,2184.62,3500.0,-1315.38,1086.8,DRV,,,False,1,Carrier 977560,Shipper 1388,True,True,True,7/3/2017 17:00,7/5/2017 14:00,False,False,False,False,False,False,False,False,St. Louis,MO ,St. Louis,MO 
2152,206479201,10/18/2017 11:52,10/18/2017 11:55,10/26/2017 11:38,10/30/2017 18:00,11/1/2017 9:30,2182.4,1700.0,482.4,799.2,DRV,,,False,0,Carrier 1200987,Shipper 758,True,True,True,10/30/2017 18:00,11/1/2017 8:00,False,False,False,False,False,False,False,False,Idaho Falls,ID ,Idaho Falls,ID 
2153,206515713,7/24/2017 17:03,7/24/2017 17:03,7/26/2017 14:21,7/26/2017 16:00,7/28/2017 10:00,2180.1,2100.0,80.1,850.4,RFR,,,False,0,Carrier 1015306,Shipper 1249,True,True,True,7/26/2017 16:00,7/28/2017 16:00,False,False,False,False,False,False,False,False,Williamsburg,VA ,Williamsburg,VA 
2154,206515713,7/24/2017 17:03,7/24/2017 17:03,7/26/2017 14:21,7/26/2017 16:00,7/28/2017 10:00,2180.1,2100.0,80.1,850.4,RFR,,,False,0,Carrier 1015306,Shipper 1375,True,True,True,7/26/2017 16:00,7/28/2017 16:00,False,False,False,False,False,False,False,False,Williamsburg,VA ,Williamsburg,VA 
2155,206515713,7/24/2017 17:03,7/24/2017 17:03,7/26/2017 14:21,7/26/2017 16:00,7/28/2017 10:00,2180.1,2100.0,80.1,850.4,RFR,,,False,0,Carrier 1015306,Shipper 1386,True,True,True,7/26/2017 16:00,7/28/2017 16:00,False,False,False,False,False,False,False,False,Williamsburg,VA ,Williamsburg,VA 
2156,206515713,7/24/2017 17:03,7/24/2017 17:03,7/26/2017 14:21,7/26/2017 16:00,7/28/2017 10:00,2180.1,2100.0,80.1,850.4,RFR,,,False,0,Carrier 1015306,Shipper 1248,True,True,True,7/26/2017 16:00,7/28/2017 16:00,False,False,False,False,False,False,False,False,Williamsburg,VA ,Williamsburg,VA 
2157,206515713,7/24/2017 17:03,7/24/2017 17:03,7/26/2017 14:21,7/26/2017 16:00,7/28/2017 10:00,2180.1,2100.0,80.1,850.4,RFR,,,False,0,Carrier 1015306,Shipper 1387,True,True,True,7/26/2017 16:00,7/28/2017 16:00,False,False,False,False,False,False,False,False,Williamsburg,VA ,Williamsburg,VA 
2158,206515713,7/24/2017 17:03,7/24/2017 17:03,7/26/2017 14:21,7/26/2017 16:00,7/28/2017 10:00,2180.1,2100.0,80.1,850.4,RFR,,,False,0,Carrier 1015306,Shipper 1388,True,True,True,7/26/2017 16:00,7/28/2017 16:00,False,False,False,False,False,False,False,False,Williamsburg,VA ,Williamsburg,VA 
2159,206425257,10/12/2017 15:22,10/12/2017 15:22,10/19/2017 9:08,10/24/2017 18:00,10/26/2017 14:45,2175.2,1650.0,525.2,799.2,DRV,,,False,0,Carrier 31074,Shipper 758,True,True,True,10/24/2017 18:00,10/26/2017 9:00,False,False,False,False,False,False,False,False,Idaho Falls,ID ,Idaho Falls,ID 
2160,206565257,10/18/2017 16:21,10/18/2017 16:21,10/23/2017 8:14,10/23/2017 6:00,10/24/2017 9:00,2174.8,2150.0,24.8,585.1,DRV,,,False,0,Carrier 1493496,Shipper 1644,True,True,True,10/23/2017 12:00,10/24/2017 10:30,False,False,False,False,False,False,False,False,Florence,KY ,Florence,KY 
2161,206651521,3/23/2017 10:19,3/23/2017 10:19,3/23/2017 13:38,3/23/2017 16:00,3/28/2017 13:45,2173.82,2000.0,173.82,1587.2,DRV,4.0,,False,0,Carrier 32519,Shipper 1249,True,False,True,3/23/2017 16:00,3/28/2017 0:00,False,False,False,False,False,False,False,False,La Porte,TX ,La Porte,TX 
2162,206651521,3/23/2017 10:19,3/23/2017 10:19,3/23/2017 13:38,3/23/2017 16:00,3/28/2017 13:45,2173.82,2000.0,173.82,1587.2,DRV,4.0,,False,0,Carrier 32519,Shipper 1375,True,False,True,3/23/2017 16:00,3/28/2017 0:00,False,False,False,False,False,False,False,False,La Porte,TX ,La Porte,TX 
2163,206651521,3/23/2017 10:19,3/23/2017 10:19,3/23/2017 13:38,3/23/2017 16:00,3/28/2017 13:45,2173.82,2000.0,173.82,1587.2,DRV,4.0,,False,0,Carrier 32519,Shipper 1386,True,False,True,3/23/2017 16:00,3/28/2017 0:00,False,False,False,False,False,False,False,False,La Porte,TX ,La Porte,TX 
2164,206651521,3/23/2017 10:19,3/23/2017 10:19,3/23/2017 13:38,3/23/2017 16:00,3/28/2017 13:45,2173.82,2000.0,173.82,1587.2,DRV,4.0,,False,0,Carrier 32519,Shipper 1248,True,False,True,3/23/2017 16:00,3/28/2017 0:00,False,False,False,False,False,False,False,False,La Porte,TX ,La Porte,TX 
2165,206651521,3/23/2017 10:19,3/23/2017 10:19,3/23/2017 13:38,3/23/2017 16:00,3/28/2017 13:45,2173.82,2000.0,173.82,1587.2,DRV,4.0,,False,0,Carrier 32519,Shipper 1387,True,False,True,3/23/2017 16:00,3/28/2017 0:00,False,False,False,False,False,False,False,False,La Porte,TX ,La Porte,TX 
2166,206651521,3/23/2017 10:19,3/23/2017 10:19,3/23/2017 13:38,3/23/2017 16:00,3/28/2017 13:45,2173.82,2000.0,173.82,1587.2,DRV,4.0,,False,0,Carrier 32519,Shipper 1388,True,False,True,3/23/2017 16:00,3/28/2017 0:00,False,False,False,False,False,False,False,False,La Porte,TX ,La Porte,TX 
2167,206541921,6/27/2017 14:58,6/27/2017 14:59,6/29/2017 9:03,6/29/2017 7:00,6/30/2017 13:30,2173.54,2600.0,-426.46,675.6,DRV,,,False,0,Carrier 1044218,Shipper 973,False,False,False,6/28/2017 14:00,6/30/2017 11:30,False,False,False,False,False,False,False,False,Georgetown,SC ,Georgetown,SC 
2168,206479241,11/6/2017 17:43,11/6/2017 17:43,11/7/2017 13:44,11/8/2017 8:00,11/9/2017 12:20,2171.53,1200.0,971.53,425.0,DRV,,,False,0,Carrier 49199,Shipper 1249,True,True,True,11/8/2017 15:30,11/9/2017 11:00,False,False,False,False,False,False,False,False,Holiday City,OH ,Holiday City,OH 
2169,206479241,11/6/2017 17:43,11/6/2017 17:43,11/7/2017 13:44,11/8/2017 8:00,11/9/2017 12:20,2171.53,1200.0,971.53,425.0,DRV,,,False,0,Carrier 49199,Shipper 1375,True,True,True,11/8/2017 15:30,11/9/2017 11:00,False,False,False,False,False,False,False,False,Holiday City,OH ,Holiday City,OH 
2170,206479241,11/6/2017 17:43,11/6/2017 17:43,11/7/2017 13:44,11/8/2017 8:00,11/9/2017 12:20,2171.53,1200.0,971.53,425.0,DRV,,,False,0,Carrier 49199,Shipper 1386,True,True,True,11/8/2017 15:30,11/9/2017 11:00,False,False,False,False,False,False,False,False,Holiday City,OH ,Holiday City,OH 
2171,206479241,11/6/2017 17:43,11/6/2017 17:43,11/7/2017 13:44,11/8/2017 8:00,11/9/2017 12:20,2171.53,1200.0,971.53,425.0,DRV,,,False,0,Carrier 49199,Shipper 1248,True,True,True,11/8/2017 15:30,11/9/2017 11:00,False,False,False,False,False,False,False,False,Holiday City,OH ,Holiday City,OH 
2172,206479241,11/6/2017 17:43,11/6/2017 17:43,11/7/2017 13:44,11/8/2017 8:00,11/9/2017 12:20,2171.53,1200.0,971.53,425.0,DRV,,,False,0,Carrier 49199,Shipper 1387,True,True,True,11/8/2017 15:30,11/9/2017 11:00,False,False,False,False,False,False,False,False,Holiday City,OH ,Holiday City,OH 
2173,206479241,11/6/2017 17:43,11/6/2017 17:43,11/7/2017 13:44,11/8/2017 8:00,11/9/2017 12:20,2171.53,1200.0,971.53,425.0,DRV,,,False,0,Carrier 49199,Shipper 1388,True,True,True,11/8/2017 15:30,11/9/2017 11:00,False,False,False,False,False,False,False,False,Holiday City,OH ,Holiday City,OH 
2174,206435753,7/14/2017 10:33,7/14/2017 10:34,7/17/2017 10:23,7/17/2017 8:00,7/19/2017 7:45,2171.42,2300.0,-128.58,1314.5,DRV,,,False,0,Carrier 1549011,Shipper 973,True,True,True,7/17/2017 21:00,7/19/2017 11:00,False,False,False,False,False,False,False,False,Georgetown,SC ,Georgetown,SC 
2175,206475945,9/20/2017 16:34,9/20/2017 16:34,9/21/2017 12:18,9/21/2017 16:00,9/22/2017 15:31,2168.84,1950.0,218.84,441.4,RFR,,,False,0,Carrier 1695487,Shipper 1249,True,False,True,9/21/2017 16:00,9/22/2017 12:00,False,False,False,False,False,False,False,False,Williamsburg,VA ,Williamsburg,VA 
2176,206475945,9/20/2017 16:34,9/20/2017 16:34,9/21/2017 12:18,9/21/2017 16:00,9/22/2017 15:31,2168.84,1950.0,218.84,441.4,RFR,,,False,0,Carrier 1695487,Shipper 1375,True,False,True,9/21/2017 16:00,9/22/2017 12:00,False,False,False,False,False,False,False,False,Williamsburg,VA ,Williamsburg,VA 
2177,206475945,9/20/2017 16:34,9/20/2017 16:34,9/21/2017 12:18,9/21/2017 16:00,9/22/2017 15:31,2168.84,1950.0,218.84,441.4,RFR,,,False,0,Carrier 1695487,Shipper 1386,True,False,True,9/21/2017 16:00,9/22/2017 12:00,False,False,False,False,False,False,False,False,Williamsburg,VA ,Williamsburg,VA 
2178,206475945,9/20/2017 16:34,9/20/2017 16:34,9/21/2017 12:18,9/21/2017 16:00,9/22/2017 15:31,2168.84,1950.0,218.84,441.4,RFR,,,False,0,Carrier 1695487,Shipper 1248,True,False,True,9/21/2017 16:00,9/22/2017 12:00,False,False,False,False,False,False,False,False,Williamsburg,VA ,Williamsburg,VA 
2179,206475945,9/20/2017 16:34,9/20/2017 16:34,9/21/2017 12:18,9/21/2017 16:00,9/22/2017 15:31,2168.84,1950.0,218.84,441.4,RFR,,,False,0,Carrier 1695487,Shipper 1387,True,False,True,9/21/2017 16:00,9/22/2017 12:00,False,False,False,False,False,False,False,False,Williamsburg,VA ,Williamsburg,VA 
2180,206475945,9/20/2017 16:34,9/20/2017 16:34,9/21/2017 12:18,9/21/2017 16:00,9/22/2017 15:31,2168.84,1950.0,218.84,441.4,RFR,,,False,0,Carrier 1695487,Shipper 1388,True,False,True,9/21/2017 16:00,9/22/2017 12:00,False,False,False,False,False,False,False,False,Williamsburg,VA ,Williamsburg,VA 
2181,206658057,11/15/2017 16:34,11/15/2017 16:34,11/16/2017 8:20,11/16/2017 14:00,11/17/2017 8:30,2168.56,2000.0,168.56,730.7,RFR,,,False,0,Carrier 1640346,Shipper 1249,True,True,True,11/16/2017 14:00,11/17/2017 12:00,False,False,False,False,False,False,False,False,Fort Collins,CO ,Fort Collins,CO 
2182,206658057,11/15/2017 16:34,11/15/2017 16:34,11/16/2017 8:20,11/16/2017 14:00,11/17/2017 8:30,2168.56,2000.0,168.56,730.7,RFR,,,False,0,Carrier 1640346,Shipper 1375,True,True,True,11/16/2017 14:00,11/17/2017 12:00,False,False,False,False,False,False,False,False,Fort Collins,CO ,Fort Collins,CO 
2183,206658057,11/15/2017 16:34,11/15/2017 16:34,11/16/2017 8:20,11/16/2017 14:00,11/17/2017 8:30,2168.56,2000.0,168.56,730.7,RFR,,,False,0,Carrier 1640346,Shipper 1386,True,True,True,11/16/2017 14:00,11/17/2017 12:00,False,False,False,False,False,False,False,False,Fort Collins,CO ,Fort Collins,CO 
2184,206658057,11/15/2017 16:34,11/15/2017 16:34,11/16/2017 8:20,11/16/2017 14:00,11/17/2017 8:30,2168.56,2000.0,168.56,730.7,RFR,,,False,0,Carrier 1640346,Shipper 1248,True,True,True,11/16/2017 14:00,11/17/2017 12:00,False,False,False,False,False,False,False,False,Fort Collins,CO ,Fort Collins,CO 
2185,206658057,11/15/2017 16:34,11/15/2017 16:34,11/16/2017 8:20,11/16/2017 14:00,11/17/2017 8:30,2168.56,2000.0,168.56,730.7,RFR,,,False,0,Carrier 1640346,Shipper 1387,True,True,True,11/16/2017 14:00,11/17/2017 12:00,False,False,False,False,False,False,False,False,Fort Collins,CO ,Fort Collins,CO 
2186,206658057,11/15/2017 16:34,11/15/2017 16:34,11/16/2017 8:20,11/16/2017 14:00,11/17/2017 8:30,2168.56,2000.0,168.56,730.7,RFR,,,False,0,Carrier 1640346,Shipper 1388,True,True,True,11/16/2017 14:00,11/17/2017 12:00,False,False,False,False,False,False,False,False,Fort Collins,CO ,Fort Collins,CO 
2187,206658329,5/31/2017 13:58,5/31/2017 13:58,6/1/2017 9:26,6/1/2017 6:00,6/2/2017 11:15,2167.7,1750.0,417.7,267.6,DRV,,,False,0,Carrier 288241,Shipper 1249,True,True,True,6/1/2017 13:00,6/2/2017 15:00,False,False,False,False,False,False,False,False,Baldwinsville,NY ,Baldwinsville,NY 
2188,206600785,5/31/2017 13:59,5/31/2017 14:00,5/31/2017 19:16,6/1/2017 2:00,6/1/2017 9:45,2167.7,3000.0,-832.3,267.6,DRV,,,False,0,Carrier 1046323,Shipper 1249,True,True,True,6/1/2017 2:00,6/1/2017 15:00,False,False,False,False,False,False,False,False,Baldwinsville,NY ,Baldwinsville,NY 
2189,206658329,5/31/2017 13:58,5/31/2017 13:58,6/1/2017 9:26,6/1/2017 6:00,6/2/2017 11:15,2167.7,1750.0,417.7,267.6,DRV,,,False,0,Carrier 288241,Shipper 1375,True,True,True,6/1/2017 13:00,6/2/2017 15:00,False,False,False,False,False,False,False,False,Baldwinsville,NY ,Baldwinsville,NY 
2190,206600785,5/31/2017 13:59,5/31/2017 14:00,5/31/2017 19:16,6/1/2017 2:00,6/1/2017 9:45,2167.7,3000.0,-832.3,267.6,DRV,,,False,0,Carrier 1046323,Shipper 1375,True,True,True,6/1/2017 2:00,6/1/2017 15:00,False,False,False,False,False,False,False,False,Baldwinsville,NY ,Baldwinsville,NY 
2191,206658329,5/31/2017 13:58,5/31/2017 13:58,6/1/2017 9:26,6/1/2017 6:00,6/2/2017 11:15,2167.7,1750.0,417.7,267.6,DRV,,,False,0,Carrier 288241,Shipper 1386,True,True,True,6/1/2017 13:00,6/2/2017 15:00,False,False,False,False,False,False,False,False,Baldwinsville,NY ,Baldwinsville,NY 
2192,206600785,5/31/2017 13:59,5/31/2017 14:00,5/31/2017 19:16,6/1/2017 2:00,6/1/2017 9:45,2167.7,3000.0,-832.3,267.6,DRV,,,False,0,Carrier 1046323,Shipper 1386,True,True,True,6/1/2017 2:00,6/1/2017 15:00,False,False,False,False,False,False,False,False,Baldwinsville,NY ,Baldwinsville,NY 
2193,206658329,5/31/2017 13:58,5/31/2017 13:58,6/1/2017 9:26,6/1/2017 6:00,6/2/2017 11:15,2167.7,1750.0,417.7,267.6,DRV,,,False,0,Carrier 288241,Shipper 1248,True,True,True,6/1/2017 13:00,6/2/2017 15:00,False,False,False,False,False,False,False,False,Baldwinsville,NY ,Baldwinsville,NY 
2194,206600785,5/31/2017 13:59,5/31/2017 14:00,5/31/2017 19:16,6/1/2017 2:00,6/1/2017 9:45,2167.7,3000.0,-832.3,267.6,DRV,,,False,0,Carrier 1046323,Shipper 1248,True,True,True,6/1/2017 2:00,6/1/2017 15:00,False,False,False,False,False,False,False,False,Baldwinsville,NY ,Baldwinsville,NY 
2195,206658329,5/31/2017 13:58,5/31/2017 13:58,6/1/2017 9:26,6/1/2017 6:00,6/2/2017 11:15,2167.7,1750.0,417.7,267.6,DRV,,,False,0,Carrier 288241,Shipper 1387,True,True,True,6/1/2017 13:00,6/2/2017 15:00,False,False,False,False,False,False,False,False,Baldwinsville,NY ,Baldwinsville,NY 
2196,206600785,5/31/2017 13:59,5/31/2017 14:00,5/31/2017 19:16,6/1/2017 2:00,6/1/2017 9:45,2167.7,3000.0,-832.3,267.6,DRV,,,False,0,Carrier 1046323,Shipper 1387,True,True,True,6/1/2017 2:00,6/1/2017 15:00,False,False,False,False,False,False,False,False,Baldwinsville,NY ,Baldwinsville,NY 
2197,206658329,5/31/2017 13:58,5/31/2017 13:58,6/1/2017 9:26,6/1/2017 6:00,6/2/2017 11:15,2167.7,1750.0,417.7,267.6,DRV,,,False,0,Carrier 288241,Shipper 1388,True,True,True,6/1/2017 13:00,6/2/2017 15:00,False,False,False,False,False,False,False,False,Baldwinsville,NY ,Baldwinsville,NY 
2198,206600785,5/31/2017 13:59,5/31/2017 14:00,5/31/2017 19:16,6/1/2017 2:00,6/1/2017 9:45,2167.7,3000.0,-832.3,267.6,DRV,,,False,0,Carrier 1046323,Shipper 1388,True,True,True,6/1/2017 2:00,6/1/2017 15:00,False,False,False,False,False,False,False,False,Baldwinsville,NY ,Baldwinsville,NY 
2199,206428585,7/17/2017 14:45,7/17/2017 14:45,7/19/2017 11:02,7/19/2017 16:00,7/21/2017 10:30,2166.64,2500.0,-333.36,867.7,DRV,,,False,0,Carrier 4997,Shipper 841,True,True,True,7/19/2017 16:00,7/21/2017 12:00,False,False,False,False,False,False,False,False,Laceys Spring,AL ,Laceys Spring,AL 
2200,206692249,8/31/2017 13:01,8/31/2017 13:01,8/31/2017 13:55,9/1/2017 8:00,9/2/2017 0:30,2164.1,1400.0,764.1,337.4,DRV,,,False,0,Carrier 953052,Shipper 1249,True,True,True,9/1/2017 17:00,9/2/2017 0:00,False,False,False,False,False,False,False,False,Pleasant Prairie,WI ,Pleasant Prairie,WI 
2201,206692249,8/31/2017 13:01,8/31/2017 13:01,8/31/2017 13:55,9/1/2017 8:00,9/2/2017 0:30,2164.1,1400.0,764.1,337.4,DRV,,,False,0,Carrier 953052,Shipper 1375,True,True,True,9/1/2017 17:00,9/2/2017 0:00,False,False,False,False,False,False,False,False,Pleasant Prairie,WI ,Pleasant Prairie,WI 
2202,206605633,8/31/2017 12:57,8/31/2017 12:57,8/31/2017 13:51,9/1/2017 8:00,9/2/2017 0:30,2164.1,1300.0,864.1,337.4,DRV,,,False,0,Carrier 1043515,Shipper 1249,True,True,True,9/1/2017 17:00,9/2/2017 0:55,False,False,False,False,False,False,False,False,Pleasant Prairie,WI ,Pleasant Prairie,WI 
2203,206605633,8/31/2017 12:57,8/31/2017 12:57,8/31/2017 13:51,9/1/2017 8:00,9/2/2017 0:30,2164.1,1300.0,864.1,337.4,DRV,,,False,0,Carrier 1043515,Shipper 1375,True,True,True,9/1/2017 17:00,9/2/2017 0:55,False,False,False,False,False,False,False,False,Pleasant Prairie,WI ,Pleasant Prairie,WI 
2204,206692249,8/31/2017 13:01,8/31/2017 13:01,8/31/2017 13:55,9/1/2017 8:00,9/2/2017 0:30,2164.1,1400.0,764.1,337.4,DRV,,,False,0,Carrier 953052,Shipper 1386,True,True,True,9/1/2017 17:00,9/2/2017 0:00,False,False,False,False,False,False,False,False,Pleasant Prairie,WI ,Pleasant Prairie,WI 
2205,206692249,8/31/2017 13:01,8/31/2017 13:01,8/31/2017 13:55,9/1/2017 8:00,9/2/2017 0:30,2164.1,1400.0,764.1,337.4,DRV,,,False,0,Carrier 953052,Shipper 1248,True,True,True,9/1/2017 17:00,9/2/2017 0:00,False,False,False,False,False,False,False,False,Pleasant Prairie,WI ,Pleasant Prairie,WI 
2206,206605633,8/31/2017 12:57,8/31/2017 12:57,8/31/2017 13:51,9/1/2017 8:00,9/2/2017 0:30,2164.1,1300.0,864.1,337.4,DRV,,,False,0,Carrier 1043515,Shipper 1386,True,True,True,9/1/2017 17:00,9/2/2017 0:55,False,False,False,False,False,False,False,False,Pleasant Prairie,WI ,Pleasant Prairie,WI 
2207,206692249,8/31/2017 13:01,8/31/2017 13:01,8/31/2017 13:55,9/1/2017 8:00,9/2/2017 0:30,2164.1,1400.0,764.1,337.4,DRV,,,False,0,Carrier 953052,Shipper 1387,True,True,True,9/1/2017 17:00,9/2/2017 0:00,False,False,False,False,False,False,False,False,Pleasant Prairie,WI ,Pleasant Prairie,WI 
2208,206605633,8/31/2017 12:57,8/31/2017 12:57,8/31/2017 13:51,9/1/2017 8:00,9/2/2017 0:30,2164.1,1300.0,864.1,337.4,DRV,,,False,0,Carrier 1043515,Shipper 1248,True,True,True,9/1/2017 17:00,9/2/2017 0:55,False,False,False,False,False,False,False,False,Pleasant Prairie,WI ,Pleasant Prairie,WI 
2209,206605633,8/31/2017 12:57,8/31/2017 12:57,8/31/2017 13:51,9/1/2017 8:00,9/2/2017 0:30,2164.1,1300.0,864.1,337.4,DRV,,,False,0,Carrier 1043515,Shipper 1387,True,True,True,9/1/2017 17:00,9/2/2017 0:55,False,False,False,False,False,False,False,False,Pleasant Prairie,WI ,Pleasant Prairie,WI 
2210,206692249,8/31/2017 13:01,8/31/2017 13:01,8/31/2017 13:55,9/1/2017 8:00,9/2/2017 0:30,2164.1,1400.0,764.1,337.4,DRV,,,False,0,Carrier 953052,Shipper 1388,True,True,True,9/1/2017 17:00,9/2/2017 0:00,False,False,False,False,False,False,False,False,Pleasant Prairie,WI ,Pleasant Prairie,WI 
2211,206605633,8/31/2017 12:57,8/31/2017 12:57,8/31/2017 13:51,9/1/2017 8:00,9/2/2017 0:30,2164.1,1300.0,864.1,337.4,DRV,,,False,0,Carrier 1043515,Shipper 1388,True,True,True,9/1/2017 17:00,9/2/2017 0:55,False,False,False,False,False,False,False,False,Pleasant Prairie,WI ,Pleasant Prairie,WI 
2212,206505049,12/6/2017 15:17,12/6/2017 15:17,12/7/2017 13:13,12/7/2017 14:00,12/8/2017 10:12,2163.98,2400.0,-236.02,508.2,DRV,,,False,0,Carrier 1047452,Shipper 1644,False,True,True,12/7/2017 14:00,12/8/2017 22:00,False,False,False,False,False,False,False,False,Warren,OH ,Warren,OH 
2213,206500273,4/17/2017 17:13,4/17/2017 17:13,4/19/2017 9:08,4/19/2017 11:00,4/21/2017 9:00,2162.86,2000.0,162.86,599.0,RFR,4.0,,False,0,Carrier 51278,Shipper 1249,True,True,True,4/19/2017 11:00,4/21/2017 18:00,False,False,False,False,False,False,False,False,Granite City,IL ,Granite City,IL 
2214,206500273,4/17/2017 17:13,4/17/2017 17:13,4/19/2017 9:08,4/19/2017 11:00,4/21/2017 9:00,2162.86,2000.0,162.86,599.0,RFR,4.0,,False,0,Carrier 51278,Shipper 1375,True,True,True,4/19/2017 11:00,4/21/2017 18:00,False,False,False,False,False,False,False,False,Granite City,IL ,Granite City,IL 
2215,206500273,4/17/2017 17:13,4/17/2017 17:13,4/19/2017 9:08,4/19/2017 11:00,4/21/2017 9:00,2162.86,2000.0,162.86,599.0,RFR,4.0,,False,0,Carrier 51278,Shipper 1386,True,True,True,4/19/2017 11:00,4/21/2017 18:00,False,False,False,False,False,False,False,False,Granite City,IL ,Granite City,IL 
2216,206500273,4/17/2017 17:13,4/17/2017 17:13,4/19/2017 9:08,4/19/2017 11:00,4/21/2017 9:00,2162.86,2000.0,162.86,599.0,RFR,4.0,,False,0,Carrier 51278,Shipper 1248,True,True,True,4/19/2017 11:00,4/21/2017 18:00,False,False,False,False,False,False,False,False,Granite City,IL ,Granite City,IL 
2217,206500273,4/17/2017 17:13,4/17/2017 17:13,4/19/2017 9:08,4/19/2017 11:00,4/21/2017 9:00,2162.86,2000.0,162.86,599.0,RFR,4.0,,False,0,Carrier 51278,Shipper 1387,True,True,True,4/19/2017 11:00,4/21/2017 18:00,False,False,False,False,False,False,False,False,Granite City,IL ,Granite City,IL 
2218,206500273,4/17/2017 17:13,4/17/2017 17:13,4/19/2017 9:08,4/19/2017 11:00,4/21/2017 9:00,2162.86,2000.0,162.86,599.0,RFR,4.0,,False,0,Carrier 51278,Shipper 1388,True,True,True,4/19/2017 11:00,4/21/2017 18:00,False,False,False,False,False,False,False,False,Granite City,IL ,Granite City,IL 
2219,206690337,12/18/2017 9:16,12/18/2017 9:16,12/18/2017 13:16,12/18/2017 14:00,12/19/2017 7:30,2162.07,1900.0,262.07,523.3,DRV,,,False,0,Carrier 1135169,Shipper 1644,True,True,True,12/18/2017 14:00,12/19/2017 8:00,False,False,False,False,False,False,False,False,Erie,PA ,Erie,PA 
2220,206610873,6/20/2017 9:32,6/20/2017 9:32,6/21/2017 10:04,6/21/2017 9:00,6/22/2017 19:00,2160.7,1940.0,220.7,632.1,DRV,,,False,0,Carrier 1695369,Shipper 1249,True,False,True,6/21/2017 17:00,6/21/2017 16:00,False,False,False,False,False,False,False,False,De Soto,KS ,De Soto,KS 
2221,206610873,6/20/2017 9:32,6/20/2017 9:32,6/21/2017 10:04,6/21/2017 9:00,6/22/2017 19:00,2160.7,1940.0,220.7,632.1,DRV,,,False,0,Carrier 1695369,Shipper 1375,True,False,True,6/21/2017 17:00,6/21/2017 16:00,False,False,False,False,False,False,False,False,De Soto,KS ,De Soto,KS 
2222,206610873,6/20/2017 9:32,6/20/2017 9:32,6/21/2017 10:04,6/21/2017 9:00,6/22/2017 19:00,2160.7,1940.0,220.7,632.1,DRV,,,False,0,Carrier 1695369,Shipper 1386,True,False,True,6/21/2017 17:00,6/21/2017 16:00,False,False,False,False,False,False,False,False,De Soto,KS ,De Soto,KS 
2223,206610873,6/20/2017 9:32,6/20/2017 9:32,6/21/2017 10:04,6/21/2017 9:00,6/22/2017 19:00,2160.7,1940.0,220.7,632.1,DRV,,,False,0,Carrier 1695369,Shipper 1248,True,False,True,6/21/2017 17:00,6/21/2017 16:00,False,False,False,False,False,False,False,False,De Soto,KS ,De Soto,KS 
2224,206610873,6/20/2017 9:32,6/20/2017 9:32,6/21/2017 10:04,6/21/2017 9:00,6/22/2017 19:00,2160.7,1940.0,220.7,632.1,DRV,,,False,0,Carrier 1695369,Shipper 1387,True,False,True,6/21/2017 17:00,6/21/2017 16:00,False,False,False,False,False,False,False,False,De Soto,KS ,De Soto,KS 
2225,206610873,6/20/2017 9:32,6/20/2017 9:32,6/21/2017 10:04,6/21/2017 9:00,6/22/2017 19:00,2160.7,1940.0,220.7,632.1,DRV,,,False,0,Carrier 1695369,Shipper 1388,True,False,True,6/21/2017 17:00,6/21/2017 16:00,False,False,False,False,False,False,False,False,De Soto,KS ,De Soto,KS 
2226,206425321,12/18/2017 17:14,12/18/2017 17:14,12/19/2017 10:53,12/19/2017 17:00,12/20/2017 17:00,2160.56,2500.0,-339.44,747.5,DRV,,dat_in,False,0,Carrier 106325,Shipper 1249,True,True,True,12/19/2017 17:00,12/21/2017 14:00,False,False,False,False,False,False,False,False,St. Louis,MO ,St. Louis,MO 
2227,206425321,12/18/2017 17:14,12/18/2017 17:14,12/19/2017 10:53,12/19/2017 17:00,12/20/2017 17:00,2160.56,2500.0,-339.44,747.5,DRV,,dat_in,False,0,Carrier 106325,Shipper 1375,True,True,True,12/19/2017 17:00,12/21/2017 14:00,False,False,False,False,False,False,False,False,St. Louis,MO ,St. Louis,MO 
2228,206425321,12/18/2017 17:14,12/18/2017 17:14,12/19/2017 10:53,12/19/2017 17:00,12/20/2017 17:00,2160.56,2500.0,-339.44,747.5,DRV,,dat_in,False,0,Carrier 106325,Shipper 1386,True,True,True,12/19/2017 17:00,12/21/2017 14:00,False,False,False,False,False,False,False,False,St. Louis,MO ,St. Louis,MO 
2229,206425321,12/18/2017 17:14,12/18/2017 17:14,12/19/2017 10:53,12/19/2017 17:00,12/20/2017 17:00,2160.56,2500.0,-339.44,747.5,DRV,,dat_in,False,0,Carrier 106325,Shipper 1248,True,True,True,12/19/2017 17:00,12/21/2017 14:00,False,False,False,False,False,False,False,False,St. Louis,MO ,St. Louis,MO 
2230,206425321,12/18/2017 17:14,12/18/2017 17:14,12/19/2017 10:53,12/19/2017 17:00,12/20/2017 17:00,2160.56,2500.0,-339.44,747.5,DRV,,dat_in,False,0,Carrier 106325,Shipper 1387,True,True,True,12/19/2017 17:00,12/21/2017 14:00,False,False,False,False,False,False,False,False,St. Louis,MO ,St. Louis,MO 
2231,206425321,12/18/2017 17:14,12/18/2017 17:14,12/19/2017 10:53,12/19/2017 17:00,12/20/2017 17:00,2160.56,2500.0,-339.44,747.5,DRV,,dat_in,False,0,Carrier 106325,Shipper 1388,True,True,True,12/19/2017 17:00,12/21/2017 14:00,False,False,False,False,False,False,False,False,St. Louis,MO ,St. Louis,MO 
2232,206632857,5/16/2017 14:22,5/16/2017 14:22,5/18/2017 10:26,5/18/2017 10:00,5/19/2017 23:55,2156.6,2000.0,156.6,870.6,DRV,,,False,0,Carrier 1645011,Shipper 1249,False,True,False,5/18/2017 10:00,5/19/2017 23:00,False,False,False,False,False,False,False,False,Houston,TX ,Houston,TX 
2233,206632857,5/16/2017 14:22,5/16/2017 14:22,5/18/2017 10:26,5/18/2017 10:00,5/19/2017 23:55,2156.6,2000.0,156.6,870.6,DRV,,,False,0,Carrier 1645011,Shipper 1375,False,True,False,5/18/2017 10:00,5/19/2017 23:00,False,False,False,False,False,False,False,False,Houston,TX ,Houston,TX 
2234,206632857,5/16/2017 14:22,5/16/2017 14:22,5/18/2017 10:26,5/18/2017 10:00,5/19/2017 23:55,2156.6,2000.0,156.6,870.6,DRV,,,False,0,Carrier 1645011,Shipper 1386,False,True,False,5/18/2017 10:00,5/19/2017 23:00,False,False,False,False,False,False,False,False,Houston,TX ,Houston,TX 
2235,206632857,5/16/2017 14:22,5/16/2017 14:22,5/18/2017 10:26,5/18/2017 10:00,5/19/2017 23:55,2156.6,2000.0,156.6,870.6,DRV,,,False,0,Carrier 1645011,Shipper 1248,False,True,False,5/18/2017 10:00,5/19/2017 23:00,False,False,False,False,False,False,False,False,Houston,TX ,Houston,TX 
2236,206632857,5/16/2017 14:22,5/16/2017 14:22,5/18/2017 10:26,5/18/2017 10:00,5/19/2017 23:55,2156.6,2000.0,156.6,870.6,DRV,,,False,0,Carrier 1645011,Shipper 1387,False,True,False,5/18/2017 10:00,5/19/2017 23:00,False,False,False,False,False,False,False,False,Houston,TX ,Houston,TX 
2237,206632857,5/16/2017 14:22,5/16/2017 14:22,5/18/2017 10:26,5/18/2017 10:00,5/19/2017 23:55,2156.6,2000.0,156.6,870.6,DRV,,,False,0,Carrier 1645011,Shipper 1388,False,True,False,5/18/2017 10:00,5/19/2017 23:00,False,False,False,False,False,False,False,False,Houston,TX ,Houston,TX 
2238,206636553,9/25/2017 8:40,9/25/2017 8:40,9/25/2017 9:38,9/25/2017 15:00,9/26/2017 18:10,2156.0,1600.0,556.0,430.9,DRV,,,False,0,Carrier 53723,Shipper 1644,True,False,False,9/25/2017 15:00,9/26/2017 9:00,False,False,False,False,False,False,False,False,Springfield,TN ,Springfield,TN 
2239,206481905,12/19/2017 15:26,12/19/2017 15:26,12/19/2017 19:12,12/20/2017 16:00,12/22/2017 11:00,2154.83,2150.0,4.83,682.8,DRV,,dat_out,False,0,Carrier 1641256,Shipper 1644,True,True,True,12/20/2017 16:00,12/22/2017 9:00,False,False,False,False,False,False,False,False,Toledo,OH ,Toledo,OH 
2240,206473609,7/20/2017 13:15,7/20/2017 13:15,7/24/2017 11:52,7/24/2017 10:00,7/26/2017 9:50,2150.47,2400.0,-249.53,1395.6,DRV,,,False,0,Carrier 1482236,Shipper 1374,True,False,False,7/24/2017 18:00,7/25/2017 14:00,False,False,False,False,False,False,False,False,Laredo,TX ,Laredo,TX 
2241,206592033,2/10/2017 12:42,2/10/2017 12:43,2/14/2017 9:59,2/14/2017 8:00,2/16/2017 7:00,2150.0,2060.0,90.0,1224.4,RFR,4.0,,False,1,Carrier 1693570,Shipper 734,False,True,True,2/14/2017 12:00,2/16/2017 5:30,False,False,False,False,False,False,False,False,Wilkes-Barre,PA ,Wilkes-Barre,PA 
2242,206585281,4/11/2017 10:31,4/11/2017 10:32,4/18/2017 13:10,4/18/2017 10:00,4/20/2017 12:00,2150.0,2100.0,50.0,1324.8,DRV,,,False,0,Carrier 85072,Shipper 1374,True,True,True,4/18/2017 18:00,4/20/2017 16:00,False,False,False,False,False,False,False,False,Laredo,TX ,Laredo,TX 
2243,206584553,4/11/2017 10:34,4/11/2017 10:34,4/18/2017 13:28,4/18/2017 10:00,4/20/2017 17:40,2150.0,2050.0,100.0,1324.8,DRV,4.0,,False,0,Carrier 1040438,Shipper 1374,True,True,True,4/18/2017 18:00,4/20/2017 14:00,False,False,False,False,False,False,False,False,Laredo,TX ,Laredo,TX 
2244,206634937,5/8/2017 10:35,5/8/2017 10:35,5/10/2017 8:35,5/10/2017 10:00,5/12/2017 7:00,2150.0,2200.0,-50.0,1324.8,DRV,3.0,,False,0,Carrier 115448,Shipper 1374,False,True,True,5/10/2017 14:00,5/12/2017 10:00,False,False,False,False,False,False,False,False,Laredo,TX ,Laredo,TX 
2245,206512849,9/29/2017 14:12,9/29/2017 14:12,10/2/2017 12:29,10/3/2017 15:00,10/4/2017 16:15,2150.0,1500.0,650.0,714.2,RFR,,,False,0,Carrier 1444016,Shipper 585,True,True,True,10/3/2017 15:00,10/4/2017 13:00,False,False,False,False,False,False,False,False,Pittston,PA ,Pittston,PA 
2246,206554921,8/8/2017 16:47,8/8/2017 16:47,8/9/2017 7:14,8/9/2017 8:00,8/10/2017 3:00,2148.28,1170.0,978.28,459.7,DRV,,,False,0,Carrier 55977,Shipper 1249,True,True,True,8/9/2017 21:00,8/10/2017 12:00,False,False,False,False,False,False,False,False,Baldwinsville,NY ,Baldwinsville,NY 
2247,206554921,8/8/2017 16:47,8/8/2017 16:47,8/9/2017 7:14,8/9/2017 8:00,8/10/2017 3:00,2148.28,1170.0,978.28,459.7,DRV,,,False,0,Carrier 55977,Shipper 1375,True,True,True,8/9/2017 21:00,8/10/2017 12:00,False,False,False,False,False,False,False,False,Baldwinsville,NY ,Baldwinsville,NY 
2248,206554921,8/8/2017 16:47,8/8/2017 16:47,8/9/2017 7:14,8/9/2017 8:00,8/10/2017 3:00,2148.28,1170.0,978.28,459.7,DRV,,,False,0,Carrier 55977,Shipper 1386,True,True,True,8/9/2017 21:00,8/10/2017 12:00,False,False,False,False,False,False,False,False,Baldwinsville,NY ,Baldwinsville,NY 
2249,206554921,8/8/2017 16:47,8/8/2017 16:47,8/9/2017 7:14,8/9/2017 8:00,8/10/2017 3:00,2148.28,1170.0,978.28,459.7,DRV,,,False,0,Carrier 55977,Shipper 1248,True,True,True,8/9/2017 21:00,8/10/2017 12:00,False,False,False,False,False,False,False,False,Baldwinsville,NY ,Baldwinsville,NY 
2250,206554921,8/8/2017 16:47,8/8/2017 16:47,8/9/2017 7:14,8/9/2017 8:00,8/10/2017 3:00,2148.28,1170.0,978.28,459.7,DRV,,,False,0,Carrier 55977,Shipper 1387,True,True,True,8/9/2017 21:00,8/10/2017 12:00,False,False,False,False,False,False,False,False,Baldwinsville,NY ,Baldwinsville,NY 
2251,206554921,8/8/2017 16:47,8/8/2017 16:47,8/9/2017 7:14,8/9/2017 8:00,8/10/2017 3:00,2148.28,1170.0,978.28,459.7,DRV,,,False,0,Carrier 55977,Shipper 1388,True,True,True,8/9/2017 21:00,8/10/2017 12:00,False,False,False,False,False,False,False,False,Baldwinsville,NY ,Baldwinsville,NY 
2252,206437977,7/31/2017 18:37,7/31/2017 18:37,8/3/2017 16:29,8/3/2017 15:00,8/5/2017 8:58,2146.52,2800.0,-653.48,808.1,RFR,,,False,0,Carrier 80744,Shipper 1249,True,True,True,8/3/2017 15:00,8/5/2017 10:00,False,False,False,False,False,False,False,False,Granite City,IL ,Granite City,IL 
2253,206437977,7/31/2017 18:37,7/31/2017 18:37,8/3/2017 16:29,8/3/2017 15:00,8/5/2017 8:58,2146.52,2800.0,-653.48,808.1,RFR,,,False,0,Carrier 80744,Shipper 1375,True,True,True,8/3/2017 15:00,8/5/2017 10:00,False,False,False,False,False,False,False,False,Granite City,IL ,Granite City,IL 
2254,206437977,7/31/2017 18:37,7/31/2017 18:37,8/3/2017 16:29,8/3/2017 15:00,8/5/2017 8:58,2146.52,2800.0,-653.48,808.1,RFR,,,False,0,Carrier 80744,Shipper 1386,True,True,True,8/3/2017 15:00,8/5/2017 10:00,False,False,False,False,False,False,False,False,Granite City,IL ,Granite City,IL 
2255,206437977,7/31/2017 18:37,7/31/2017 18:37,8/3/2017 16:29,8/3/2017 15:00,8/5/2017 8:58,2146.52,2800.0,-653.48,808.1,RFR,,,False,0,Carrier 80744,Shipper 1248,True,True,True,8/3/2017 15:00,8/5/2017 10:00,False,False,False,False,False,False,False,False,Granite City,IL ,Granite City,IL 
2256,206437977,7/31/2017 18:37,7/31/2017 18:37,8/3/2017 16:29,8/3/2017 15:00,8/5/2017 8:58,2146.52,2800.0,-653.48,808.1,RFR,,,False,0,Carrier 80744,Shipper 1387,True,True,True,8/3/2017 15:00,8/5/2017 10:00,False,False,False,False,False,False,False,False,Granite City,IL ,Granite City,IL 
2257,206437977,7/31/2017 18:37,7/31/2017 18:37,8/3/2017 16:29,8/3/2017 15:00,8/5/2017 8:58,2146.52,2800.0,-653.48,808.1,RFR,,,False,0,Carrier 80744,Shipper 1388,True,True,True,8/3/2017 15:00,8/5/2017 10:00,False,False,False,False,False,False,False,False,Granite City,IL ,Granite City,IL 
2258,206659449,9/18/2017 13:47,9/18/2017 13:47,10/5/2017 10:28,10/6/2017 17:00,10/9/2017 11:30,2145.0,1800.0,345.0,1102.6,DRV,,,False,0,Carrier 1694438,Shipper 585,True,True,True,10/6/2017 17:00,10/9/2017 7:00,False,False,False,False,False,False,False,False,Plant City,FL ,Plant City,FL 
2259,206747849,9/28/2017 16:36,9/28/2017 16:37,9/29/2017 10:38,9/30/2017 13:00,10/2/2017 12:15,2143.84,1600.0,543.84,374.7,DRV,,,False,0,Carrier 89123,Shipper 1249,True,True,True,9/30/2017 13:00,10/2/2017 13:30,False,False,False,False,False,False,False,False,St. Louis,MO ,St. Louis,MO 
2260,206747849,9/28/2017 16:36,9/28/2017 16:37,9/29/2017 10:38,9/30/2017 13:00,10/2/2017 12:15,2143.84,1600.0,543.84,374.7,DRV,,,False,0,Carrier 89123,Shipper 1375,True,True,True,9/30/2017 13:00,10/2/2017 13:30,False,False,False,False,False,False,False,False,St. Louis,MO ,St. Louis,MO 
2261,206747849,9/28/2017 16:36,9/28/2017 16:37,9/29/2017 10:38,9/30/2017 13:00,10/2/2017 12:15,2143.84,1600.0,543.84,374.7,DRV,,,False,0,Carrier 89123,Shipper 1386,True,True,True,9/30/2017 13:00,10/2/2017 13:30,False,False,False,False,False,False,False,False,St. Louis,MO ,St. Louis,MO 
2262,206747849,9/28/2017 16:36,9/28/2017 16:37,9/29/2017 10:38,9/30/2017 13:00,10/2/2017 12:15,2143.84,1600.0,543.84,374.7,DRV,,,False,0,Carrier 89123,Shipper 1248,True,True,True,9/30/2017 13:00,10/2/2017 13:30,False,False,False,False,False,False,False,False,St. Louis,MO ,St. Louis,MO 
2263,206747849,9/28/2017 16:36,9/28/2017 16:37,9/29/2017 10:38,9/30/2017 13:00,10/2/2017 12:15,2143.84,1600.0,543.84,374.7,DRV,,,False,0,Carrier 89123,Shipper 1387,True,True,True,9/30/2017 13:00,10/2/2017 13:30,False,False,False,False,False,False,False,False,St. Louis,MO ,St. Louis,MO 
2264,206747849,9/28/2017 16:36,9/28/2017 16:37,9/29/2017 10:38,9/30/2017 13:00,10/2/2017 12:15,2143.84,1600.0,543.84,374.7,DRV,,,False,0,Carrier 89123,Shipper 1388,True,True,True,9/30/2017 13:00,10/2/2017 13:30,False,False,False,False,False,False,False,False,St. Louis,MO ,St. Louis,MO 
2265,206472585,12/29/2017 15:33,12/29/2017 15:34,1/8/2018 10:17,1/8/2018 14:00,1/10/2018 16:00,2141.0,3500.0,-1359.0,799.2,DRV,,dat_in,False,0,Carrier 40344,Shipper 758,True,True,True,1/8/2018 15:00,1/10/2018 15:00,False,False,False,False,False,False,False,False,Idaho Falls,ID ,Idaho Falls,ID 
2266,206560449,4/18/2017 10:53,4/18/2017 10:53,4/21/2017 14:08,4/24/2017 23:00,4/26/2017 12:45,2140.28,1750.0,390.28,780.1,RFR,4.0,,False,0,Carrier 75065,Shipper 758,True,True,True,4/24/2017 23:00,4/26/2017 10:00,False,False,False,False,False,False,False,False,Lodi,CA ,Lodi,CA 
2267,206643641,11/1/2017 16:27,11/1/2017 16:28,11/6/2017 8:28,11/6/2017 7:00,11/7/2017 9:30,2139.47,1900.0,239.47,653.5,DRV,,,False,2,Carrier 1542284,Shipper 1644,True,True,True,11/6/2017 12:00,11/7/2017 8:30,False,False,False,False,False,False,False,False,North Charleston,SC ,North Charleston,SC 
2268,206483289,11/16/2017 16:38,11/16/2017 16:38,11/27/2017 10:11,11/27/2017 18:00,11/28/2017 13:00,2139.44,2105.0,34.44,632.4,RFR,,,False,1,Carrier 690828,Shipper 1249,True,True,True,11/27/2017 18:00,11/28/2017 16:00,False,False,False,False,False,False,False,False,Aurora,CO ,Aurora,CO 
2269,206483289,11/16/2017 16:38,11/16/2017 16:38,11/27/2017 10:11,11/27/2017 18:00,11/28/2017 13:00,2139.44,2105.0,34.44,632.4,RFR,,,False,1,Carrier 690828,Shipper 1375,True,True,True,11/27/2017 18:00,11/28/2017 16:00,False,False,False,False,False,False,False,False,Aurora,CO ,Aurora,CO 
2270,206483289,11/16/2017 16:38,11/16/2017 16:38,11/27/2017 10:11,11/27/2017 18:00,11/28/2017 13:00,2139.44,2105.0,34.44,632.4,RFR,,,False,1,Carrier 690828,Shipper 1386,True,True,True,11/27/2017 18:00,11/28/2017 16:00,False,False,False,False,False,False,False,False,Aurora,CO ,Aurora,CO 
2271,206483289,11/16/2017 16:38,11/16/2017 16:38,11/27/2017 10:11,11/27/2017 18:00,11/28/2017 13:00,2139.44,2105.0,34.44,632.4,RFR,,,False,1,Carrier 690828,Shipper 1248,True,True,True,11/27/2017 18:00,11/28/2017 16:00,False,False,False,False,False,False,False,False,Aurora,CO ,Aurora,CO 
2272,206483289,11/16/2017 16:38,11/16/2017 16:38,11/27/2017 10:11,11/27/2017 18:00,11/28/2017 13:00,2139.44,2105.0,34.44,632.4,RFR,,,False,1,Carrier 690828,Shipper 1387,True,True,True,11/27/2017 18:00,11/28/2017 16:00,False,False,False,False,False,False,False,False,Aurora,CO ,Aurora,CO 
2273,206483289,11/16/2017 16:38,11/16/2017 16:38,11/27/2017 10:11,11/27/2017 18:00,11/28/2017 13:00,2139.44,2105.0,34.44,632.4,RFR,,,False,1,Carrier 690828,Shipper 1388,True,True,True,11/27/2017 18:00,11/28/2017 16:00,False,False,False,False,False,False,False,False,Aurora,CO ,Aurora,CO 
2274,206467041,12/7/2017 10:34,12/7/2017 10:34,12/19/2017 18:49,12/20/2017 13:00,12/22/2017 12:00,2134.6,2500.0,-365.4,799.2,DRV,,,False,0,Carrier 788499,Shipper 758,True,True,True,12/20/2017 13:00,12/22/2017 7:00,False,False,False,False,False,False,False,False,Idaho Falls,ID ,Idaho Falls,ID 
2275,206433769,11/8/2017 8:37,11/8/2017 8:37,11/8/2017 14:01,11/9/2017 11:00,11/10/2017 15:30,2132.89,1800.0,332.89,653.5,DRV,,,False,0,Carrier 71646,Shipper 1644,True,True,True,11/9/2017 11:00,11/10/2017 12:30,False,False,False,False,False,False,False,False,North Charleston,SC ,North Charleston,SC 
2276,206628969,9/7/2017 16:17,9/7/2017 16:17,9/14/2017 11:09,9/15/2017 17:00,9/18/2017 10:00,2132.8,2100.0,32.8,552.4,DRV,,,False,0,Carrier 11186,Shipper 1249,True,True,True,9/15/2017 17:00,9/18/2017 17:00,False,False,False,False,False,False,False,False,St. Louis,MO ,St. Louis,MO 
2277,206628969,9/7/2017 16:17,9/7/2017 16:17,9/14/2017 11:09,9/15/2017 17:00,9/18/2017 10:00,2132.8,2100.0,32.8,552.4,DRV,,,False,0,Carrier 11186,Shipper 1375,True,True,True,9/15/2017 17:00,9/18/2017 17:00,False,False,False,False,False,False,False,False,St. Louis,MO ,St. Louis,MO 
2278,206628969,9/7/2017 16:17,9/7/2017 16:17,9/14/2017 11:09,9/15/2017 17:00,9/18/2017 10:00,2132.8,2100.0,32.8,552.4,DRV,,,False,0,Carrier 11186,Shipper 1386,True,True,True,9/15/2017 17:00,9/18/2017 17:00,False,False,False,False,False,False,False,False,St. Louis,MO ,St. Louis,MO 
2279,206628969,9/7/2017 16:17,9/7/2017 16:17,9/14/2017 11:09,9/15/2017 17:00,9/18/2017 10:00,2132.8,2100.0,32.8,552.4,DRV,,,False,0,Carrier 11186,Shipper 1248,True,True,True,9/15/2017 17:00,9/18/2017 17:00,False,False,False,False,False,False,False,False,St. Louis,MO ,St. Louis,MO 
2280,206628969,9/7/2017 16:17,9/7/2017 16:17,9/14/2017 11:09,9/15/2017 17:00,9/18/2017 10:00,2132.8,2100.0,32.8,552.4,DRV,,,False,0,Carrier 11186,Shipper 1387,True,True,True,9/15/2017 17:00,9/18/2017 17:00,False,False,False,False,False,False,False,False,St. Louis,MO ,St. Louis,MO 
2281,206628969,9/7/2017 16:17,9/7/2017 16:17,9/14/2017 11:09,9/15/2017 17:00,9/18/2017 10:00,2132.8,2100.0,32.8,552.4,DRV,,,False,0,Carrier 11186,Shipper 1388,True,True,True,9/15/2017 17:00,9/18/2017 17:00,False,False,False,False,False,False,False,False,St. Louis,MO ,St. Louis,MO 
2282,206440905,6/9/2017 16:30,6/9/2017 16:30,6/12/2017 11:52,6/12/2017 14:00,6/13/2017 8:27,2132.66,1749.0,383.66,546.7,RFR,,,False,0,Carrier 944110,Shipper 1249,True,True,True,6/12/2017 14:00,6/13/2017 14:00,False,False,False,False,False,False,False,False,Granite City,IL ,Granite City,IL 
2283,206440905,6/9/2017 16:30,6/9/2017 16:30,6/12/2017 11:52,6/12/2017 14:00,6/13/2017 8:27,2132.66,1749.0,383.66,546.7,RFR,,,False,0,Carrier 944110,Shipper 1375,True,True,True,6/12/2017 14:00,6/13/2017 14:00,False,False,False,False,False,False,False,False,Granite City,IL ,Granite City,IL 
2284,206440905,6/9/2017 16:30,6/9/2017 16:30,6/12/2017 11:52,6/12/2017 14:00,6/13/2017 8:27,2132.66,1749.0,383.66,546.7,RFR,,,False,0,Carrier 944110,Shipper 1386,True,True,True,6/12/2017 14:00,6/13/2017 14:00,False,False,False,False,False,False,False,False,Granite City,IL ,Granite City,IL 
2285,206440905,6/9/2017 16:30,6/9/2017 16:30,6/12/2017 11:52,6/12/2017 14:00,6/13/2017 8:27,2132.66,1749.0,383.66,546.7,RFR,,,False,0,Carrier 944110,Shipper 1248,True,True,True,6/12/2017 14:00,6/13/2017 14:00,False,False,False,False,False,False,False,False,Granite City,IL ,Granite City,IL 
2286,206440905,6/9/2017 16:30,6/9/2017 16:30,6/12/2017 11:52,6/12/2017 14:00,6/13/2017 8:27,2132.66,1749.0,383.66,546.7,RFR,,,False,0,Carrier 944110,Shipper 1387,True,True,True,6/12/2017 14:00,6/13/2017 14:00,False,False,False,False,False,False,False,False,Granite City,IL ,Granite City,IL 
2287,206440905,6/9/2017 16:30,6/9/2017 16:30,6/12/2017 11:52,6/12/2017 14:00,6/13/2017 8:27,2132.66,1749.0,383.66,546.7,RFR,,,False,0,Carrier 944110,Shipper 1388,True,True,True,6/12/2017 14:00,6/13/2017 14:00,False,False,False,False,False,False,False,False,Granite City,IL ,Granite City,IL 
2288,206436209,5/5/2017 16:18,5/5/2017 16:18,5/8/2017 10:34,5/8/2017 13:00,5/9/2017 14:45,2131.75,2000.0,131.75,836.1,DRV,,,False,0,Carrier 11186,Shipper 1249,True,True,True,5/8/2017 13:00,5/9/2017 16:00,False,False,False,False,False,False,False,False,St. Louis,MO ,St. Louis,MO 
2289,206436209,5/5/2017 16:18,5/5/2017 16:18,5/8/2017 10:34,5/8/2017 13:00,5/9/2017 14:45,2131.75,2000.0,131.75,836.1,DRV,,,False,0,Carrier 11186,Shipper 1375,True,True,True,5/8/2017 13:00,5/9/2017 16:00,False,False,False,False,False,False,False,False,St. Louis,MO ,St. Louis,MO 
2290,206436209,5/5/2017 16:18,5/5/2017 16:18,5/8/2017 10:34,5/8/2017 13:00,5/9/2017 14:45,2131.75,2000.0,131.75,836.1,DRV,,,False,0,Carrier 11186,Shipper 1386,True,True,True,5/8/2017 13:00,5/9/2017 16:00,False,False,False,False,False,False,False,False,St. Louis,MO ,St. Louis,MO 
2291,206436209,5/5/2017 16:18,5/5/2017 16:18,5/8/2017 10:34,5/8/2017 13:00,5/9/2017 14:45,2131.75,2000.0,131.75,836.1,DRV,,,False,0,Carrier 11186,Shipper 1248,True,True,True,5/8/2017 13:00,5/9/2017 16:00,False,False,False,False,False,False,False,False,St. Louis,MO ,St. Louis,MO 
2292,206436209,5/5/2017 16:18,5/5/2017 16:18,5/8/2017 10:34,5/8/2017 13:00,5/9/2017 14:45,2131.75,2000.0,131.75,836.1,DRV,,,False,0,Carrier 11186,Shipper 1387,True,True,True,5/8/2017 13:00,5/9/2017 16:00,False,False,False,False,False,False,False,False,St. Louis,MO ,St. Louis,MO 
2293,206436209,5/5/2017 16:18,5/5/2017 16:18,5/8/2017 10:34,5/8/2017 13:00,5/9/2017 14:45,2131.75,2000.0,131.75,836.1,DRV,,,False,0,Carrier 11186,Shipper 1388,True,True,True,5/8/2017 13:00,5/9/2017 16:00,False,False,False,False,False,False,False,False,St. Louis,MO ,St. Louis,MO 
2294,206577705,11/10/2017 16:54,11/10/2017 16:54,11/20/2017 11:43,11/21/2017 0:00,11/22/2017 12:00,2130.56,2825.0,-694.44,778.9,RFR,,,False,0,Carrier 690828,Shipper 758,True,True,True,11/21/2017 0:00,11/22/2017 13:00,False,False,False,False,False,False,False,False,Lodi,CA ,Lodi,CA 
2295,206590625,12/18/2017 16:34,12/18/2017 16:34,12/21/2017 12:49,12/21/2017 12:00,12/22/2017 23:15,2125.56,5500.0,-3374.44,969.9,RFR,,,False,0,Carrier 1674128,Shipper 1249,False,False,False,12/21/2017 12:00,12/22/2017 17:00,False,False,False,False,False,False,False,False,Aurora,CO ,Aurora,CO 
2296,206590625,12/18/2017 16:34,12/18/2017 16:34,12/21/2017 12:49,12/21/2017 12:00,12/22/2017 23:15,2125.56,5500.0,-3374.44,969.9,RFR,,,False,0,Carrier 1674128,Shipper 1375,False,False,False,12/21/2017 12:00,12/22/2017 17:00,False,False,False,False,False,False,False,False,Aurora,CO ,Aurora,CO 
2297,206590625,12/18/2017 16:34,12/18/2017 16:34,12/21/2017 12:49,12/21/2017 12:00,12/22/2017 23:15,2125.56,5500.0,-3374.44,969.9,RFR,,,False,0,Carrier 1674128,Shipper 1386,False,False,False,12/21/2017 12:00,12/22/2017 17:00,False,False,False,False,False,False,False,False,Aurora,CO ,Aurora,CO 
2298,206590625,12/18/2017 16:34,12/18/2017 16:34,12/21/2017 12:49,12/21/2017 12:00,12/22/2017 23:15,2125.56,5500.0,-3374.44,969.9,RFR,,,False,0,Carrier 1674128,Shipper 1248,False,False,False,12/21/2017 12:00,12/22/2017 17:00,False,False,False,False,False,False,False,False,Aurora,CO ,Aurora,CO 
2299,206590625,12/18/2017 16:34,12/18/2017 16:34,12/21/2017 12:49,12/21/2017 12:00,12/22/2017 23:15,2125.56,5500.0,-3374.44,969.9,RFR,,,False,0,Carrier 1674128,Shipper 1387,False,False,False,12/21/2017 12:00,12/22/2017 17:00,False,False,False,False,False,False,False,False,Aurora,CO ,Aurora,CO 
2300,206590625,12/18/2017 16:34,12/18/2017 16:34,12/21/2017 12:49,12/21/2017 12:00,12/22/2017 23:15,2125.56,5500.0,-3374.44,969.9,RFR,,,False,0,Carrier 1674128,Shipper 1388,False,False,False,12/21/2017 12:00,12/22/2017 17:00,False,False,False,False,False,False,False,False,Aurora,CO ,Aurora,CO 
2301,206508497,5/1/2017 16:52,5/1/2017 16:52,5/3/2017 10:27,5/3/2017 16:00,5/5/2017 6:34,2124.64,2400.0,-275.36,668.6,RFR,,,False,0,Carrier 11186,Shipper 1249,True,False,True,5/3/2017 16:00,5/4/2017 14:00,False,False,False,False,False,False,False,False,Granite City,IL ,Granite City,IL 
2302,206508497,5/1/2017 16:52,5/1/2017 16:52,5/3/2017 10:27,5/3/2017 16:00,5/5/2017 6:34,2124.64,2400.0,-275.36,668.6,RFR,,,False,0,Carrier 11186,Shipper 1375,True,False,True,5/3/2017 16:00,5/4/2017 14:00,False,False,False,False,False,False,False,False,Granite City,IL ,Granite City,IL 
2303,206508497,5/1/2017 16:52,5/1/2017 16:52,5/3/2017 10:27,5/3/2017 16:00,5/5/2017 6:34,2124.64,2400.0,-275.36,668.6,RFR,,,False,0,Carrier 11186,Shipper 1386,True,False,True,5/3/2017 16:00,5/4/2017 14:00,False,False,False,False,False,False,False,False,Granite City,IL ,Granite City,IL 
2304,206508497,5/1/2017 16:52,5/1/2017 16:52,5/3/2017 10:27,5/3/2017 16:00,5/5/2017 6:34,2124.64,2400.0,-275.36,668.6,RFR,,,False,0,Carrier 11186,Shipper 1248,True,False,True,5/3/2017 16:00,5/4/2017 14:00,False,False,False,False,False,False,False,False,Granite City,IL ,Granite City,IL 
2305,206508497,5/1/2017 16:52,5/1/2017 16:52,5/3/2017 10:27,5/3/2017 16:00,5/5/2017 6:34,2124.64,2400.0,-275.36,668.6,RFR,,,False,0,Carrier 11186,Shipper 1387,True,False,True,5/3/2017 16:00,5/4/2017 14:00,False,False,False,False,False,False,False,False,Granite City,IL ,Granite City,IL 
2306,206508497,5/1/2017 16:52,5/1/2017 16:52,5/3/2017 10:27,5/3/2017 16:00,5/5/2017 6:34,2124.64,2400.0,-275.36,668.6,RFR,,,False,0,Carrier 11186,Shipper 1388,True,False,True,5/3/2017 16:00,5/4/2017 14:00,False,False,False,False,False,False,False,False,Granite City,IL ,Granite City,IL 
2307,206596833,12/18/2017 17:20,12/18/2017 17:20,12/19/2017 9:13,12/19/2017 7:00,12/20/2017 13:45,2120.01,1900.0,220.01,538.0,DRV,,dat_out,False,1,Carrier 1046654,Shipper 1249,True,True,True,12/19/2017 20:00,12/20/2017 23:55,False,False,False,False,False,False,False,False,Columbus,OH ,Columbus,OH 
2308,206596833,12/18/2017 17:20,12/18/2017 17:20,12/19/2017 9:13,12/19/2017 7:00,12/20/2017 13:45,2120.01,1900.0,220.01,538.0,DRV,,dat_out,False,1,Carrier 1046654,Shipper 1375,True,True,True,12/19/2017 20:00,12/20/2017 23:55,False,False,False,False,False,False,False,False,Columbus,OH ,Columbus,OH 
2309,206596833,12/18/2017 17:20,12/18/2017 17:20,12/19/2017 9:13,12/19/2017 7:00,12/20/2017 13:45,2120.01,1900.0,220.01,538.0,DRV,,dat_out,False,1,Carrier 1046654,Shipper 1386,True,True,True,12/19/2017 20:00,12/20/2017 23:55,False,False,False,False,False,False,False,False,Columbus,OH ,Columbus,OH 
2310,206596833,12/18/2017 17:20,12/18/2017 17:20,12/19/2017 9:13,12/19/2017 7:00,12/20/2017 13:45,2120.01,1900.0,220.01,538.0,DRV,,dat_out,False,1,Carrier 1046654,Shipper 1248,True,True,True,12/19/2017 20:00,12/20/2017 23:55,False,False,False,False,False,False,False,False,Columbus,OH ,Columbus,OH 
2311,206596833,12/18/2017 17:20,12/18/2017 17:20,12/19/2017 9:13,12/19/2017 7:00,12/20/2017 13:45,2120.01,1900.0,220.01,538.0,DRV,,dat_out,False,1,Carrier 1046654,Shipper 1387,True,True,True,12/19/2017 20:00,12/20/2017 23:55,False,False,False,False,False,False,False,False,Columbus,OH ,Columbus,OH 
2312,206596833,12/18/2017 17:20,12/18/2017 17:20,12/19/2017 9:13,12/19/2017 7:00,12/20/2017 13:45,2120.01,1900.0,220.01,538.0,DRV,,dat_out,False,1,Carrier 1046654,Shipper 1388,True,True,True,12/19/2017 20:00,12/20/2017 23:55,False,False,False,False,False,False,False,False,Columbus,OH ,Columbus,OH 
2313,206601921,8/14/2017 14:26,8/14/2017 14:30,8/15/2017 11:02,8/15/2017 10:00,8/17/2017 12:12,2120.0,2100.0,20.0,1395.6,DRV,,,False,0,Carrier 117607,Shipper 1374,True,True,True,8/15/2017 18:00,8/17/2017 15:45,False,False,False,False,False,False,False,False,Laredo,TX ,Laredo,TX 
2314,206472073,6/9/2017 16:29,6/9/2017 16:29,6/12/2017 11:59,6/12/2017 19:00,6/13/2017 11:00,2118.72,1800.0,318.72,461.1,RFR,,,False,0,Carrier 1241917,Shipper 1249,True,True,True,6/12/2017 19:00,6/13/2017 15:00,False,False,False,False,False,False,False,False,Granite City,IL ,Granite City,IL 
2315,206472073,6/9/2017 16:29,6/9/2017 16:29,6/12/2017 11:59,6/12/2017 19:00,6/13/2017 11:00,2118.72,1800.0,318.72,461.1,RFR,,,False,0,Carrier 1241917,Shipper 1375,True,True,True,6/12/2017 19:00,6/13/2017 15:00,False,False,False,False,False,False,False,False,Granite City,IL ,Granite City,IL 
2316,206472073,6/9/2017 16:29,6/9/2017 16:29,6/12/2017 11:59,6/12/2017 19:00,6/13/2017 11:00,2118.72,1800.0,318.72,461.1,RFR,,,False,0,Carrier 1241917,Shipper 1386,True,True,True,6/12/2017 19:00,6/13/2017 15:00,False,False,False,False,False,False,False,False,Granite City,IL ,Granite City,IL 
2317,206472073,6/9/2017 16:29,6/9/2017 16:29,6/12/2017 11:59,6/12/2017 19:00,6/13/2017 11:00,2118.72,1800.0,318.72,461.1,RFR,,,False,0,Carrier 1241917,Shipper 1248,True,True,True,6/12/2017 19:00,6/13/2017 15:00,False,False,False,False,False,False,False,False,Granite City,IL ,Granite City,IL 
2318,206472073,6/9/2017 16:29,6/9/2017 16:29,6/12/2017 11:59,6/12/2017 19:00,6/13/2017 11:00,2118.72,1800.0,318.72,461.1,RFR,,,False,0,Carrier 1241917,Shipper 1387,True,True,True,6/12/2017 19:00,6/13/2017 15:00,False,False,False,False,False,False,False,False,Granite City,IL ,Granite City,IL 
2319,206472073,6/9/2017 16:29,6/9/2017 16:29,6/12/2017 11:59,6/12/2017 19:00,6/13/2017 11:00,2118.72,1800.0,318.72,461.1,RFR,,,False,0,Carrier 1241917,Shipper 1388,True,True,True,6/12/2017 19:00,6/13/2017 15:00,False,False,False,False,False,False,False,False,Granite City,IL ,Granite City,IL 
2320,206526937,9/27/2017 18:13,9/27/2017 18:13,9/28/2017 15:33,9/28/2017 13:00,10/3/2017 14:30,2118.69,2900.0,-781.31,718.0,DRV,,,False,1,Carrier 1006210,Shipper 1644,True,True,True,9/28/2017 13:00,10/3/2017 12:00,False,False,False,False,False,False,False,False,Portage,IN ,Portage,IN 
2321,206513969,2/28/2017 14:46,2/28/2017 14:46,3/1/2017 13:17,3/2/2017 9:00,3/6/2017 11:00,2118.41,2000.0,118.41,1430.2,DRV,,,False,0,Carrier 65487,Shipper 1052,True,True,True,3/2/2017 17:00,3/6/2017 15:30,False,False,False,False,False,False,False,False,Laredo,TX ,Laredo,TX 
2322,206649017,11/1/2017 8:49,11/1/2017 8:49,11/2/2017 11:18,11/2/2017 14:00,11/3/2017 8:00,2117.4,2210.0,-92.6,534.0,RFR,,,False,0,Carrier 1635733,Shipper 1249,True,True,True,11/2/2017 14:00,11/3/2017 14:00,False,False,False,False,False,False,False,False,St. Louis,MO ,St. Louis,MO 
2323,206649017,11/1/2017 8:49,11/1/2017 8:49,11/2/2017 11:18,11/2/2017 14:00,11/3/2017 8:00,2117.4,2210.0,-92.6,534.0,RFR,,,False,0,Carrier 1635733,Shipper 1375,True,True,True,11/2/2017 14:00,11/3/2017 14:00,False,False,False,False,False,False,False,False,St. Louis,MO ,St. Louis,MO 
2324,206649017,11/1/2017 8:49,11/1/2017 8:49,11/2/2017 11:18,11/2/2017 14:00,11/3/2017 8:00,2117.4,2210.0,-92.6,534.0,RFR,,,False,0,Carrier 1635733,Shipper 1386,True,True,True,11/2/2017 14:00,11/3/2017 14:00,False,False,False,False,False,False,False,False,St. Louis,MO ,St. Louis,MO 
2325,206649017,11/1/2017 8:49,11/1/2017 8:49,11/2/2017 11:18,11/2/2017 14:00,11/3/2017 8:00,2117.4,2210.0,-92.6,534.0,RFR,,,False,0,Carrier 1635733,Shipper 1248,True,True,True,11/2/2017 14:00,11/3/2017 14:00,False,False,False,False,False,False,False,False,St. Louis,MO ,St. Louis,MO 
2326,206649017,11/1/2017 8:49,11/1/2017 8:49,11/2/2017 11:18,11/2/2017 14:00,11/3/2017 8:00,2117.4,2210.0,-92.6,534.0,RFR,,,False,0,Carrier 1635733,Shipper 1387,True,True,True,11/2/2017 14:00,11/3/2017 14:00,False,False,False,False,False,False,False,False,St. Louis,MO ,St. Louis,MO 
2327,206649017,11/1/2017 8:49,11/1/2017 8:49,11/2/2017 11:18,11/2/2017 14:00,11/3/2017 8:00,2117.4,2210.0,-92.6,534.0,RFR,,,False,0,Carrier 1635733,Shipper 1388,True,True,True,11/2/2017 14:00,11/3/2017 14:00,False,False,False,False,False,False,False,False,St. Louis,MO ,St. Louis,MO 
2328,206428385,12/26/2017 9:51,12/26/2017 9:51,1/2/2018 9:42,1/2/2018 12:00,1/8/2018 8:00,2116.34,3950.0,-1833.66,565.7,DRV,,carrier_capacity,False,0,Carrier 30549,Shipper 1644,True,True,True,1/2/2018 12:00,1/3/2018 15:00,False,False,False,False,False,False,False,False,Decatur,IN ,Decatur,IN 
2329,206573657,12/26/2017 9:46,12/26/2017 9:46,1/2/2018 14:49,1/3/2018 9:00,1/16/2018 8:00,2116.34,1540.0,576.34,565.7,DRV,,carrier_capacity,True,1,Carrier 19121,Shipper 1644,True,True,True,1/3/2018 9:00,1/4/2018 12:00,False,False,False,False,False,False,False,False,Decatur,IN ,Decatur,IN 
2330,206578753,1/13/2017 15:49,1/13/2017 15:49,1/13/2017 16:08,1/13/2017 3:00,1/14/2017 4:00,2116.0,1612.9,503.1,140.0,RFR,,,False,0,Carrier 968589,Shipper 758,,,,1/14/2017 2:00,1/14/2017 2:00,False,False,False,False,False,False,False,False,Portland,OR ,Portland,OR 
2331,206558481,12/14/2017 16:53,12/14/2017 16:53,12/15/2017 13:46,12/17/2017 16:00,12/18/2017 15:00,2115.52,2250.0,-134.48,666.6,DRV,,dat_in,False,0,Carrier 1695548,Shipper 1249,True,True,True,12/17/2017 16:00,12/18/2017 13:00,False,False,False,False,False,False,False,False,St. Louis,MO ,St. Louis,MO 
2332,206558481,12/14/2017 16:53,12/14/2017 16:53,12/15/2017 13:46,12/17/2017 16:00,12/18/2017 15:00,2115.52,2250.0,-134.48,666.6,DRV,,dat_in,False,0,Carrier 1695548,Shipper 1375,True,True,True,12/17/2017 16:00,12/18/2017 13:00,False,False,False,False,False,False,False,False,St. Louis,MO ,St. Louis,MO 
2333,206558481,12/14/2017 16:53,12/14/2017 16:53,12/15/2017 13:46,12/17/2017 16:00,12/18/2017 15:00,2115.52,2250.0,-134.48,666.6,DRV,,dat_in,False,0,Carrier 1695548,Shipper 1386,True,True,True,12/17/2017 16:00,12/18/2017 13:00,False,False,False,False,False,False,False,False,St. Louis,MO ,St. Louis,MO 
2334,206558481,12/14/2017 16:53,12/14/2017 16:53,12/15/2017 13:46,12/17/2017 16:00,12/18/2017 15:00,2115.52,2250.0,-134.48,666.6,DRV,,dat_in,False,0,Carrier 1695548,Shipper 1248,True,True,True,12/17/2017 16:00,12/18/2017 13:00,False,False,False,False,False,False,False,False,St. Louis,MO ,St. Louis,MO 
2335,206558481,12/14/2017 16:53,12/14/2017 16:53,12/15/2017 13:46,12/17/2017 16:00,12/18/2017 15:00,2115.52,2250.0,-134.48,666.6,DRV,,dat_in,False,0,Carrier 1695548,Shipper 1387,True,True,True,12/17/2017 16:00,12/18/2017 13:00,False,False,False,False,False,False,False,False,St. Louis,MO ,St. Louis,MO 
2336,206558481,12/14/2017 16:53,12/14/2017 16:53,12/15/2017 13:46,12/17/2017 16:00,12/18/2017 15:00,2115.52,2250.0,-134.48,666.6,DRV,,dat_in,False,0,Carrier 1695548,Shipper 1388,True,True,True,12/17/2017 16:00,12/18/2017 13:00,False,False,False,False,False,False,False,False,St. Louis,MO ,St. Louis,MO 
2337,206595617,10/3/2017 16:16,10/3/2017 16:16,10/3/2017 18:19,10/3/2017 23:00,10/4/2017 13:00,2114.02,1800.0,314.02,344.0,RFR,,,False,0,Carrier 1036102,Shipper 1249,True,True,True,10/3/2017 23:00,10/4/2017 17:00,False,False,False,False,False,False,False,False,Aurora,CO ,Aurora,CO 
2338,206595617,10/3/2017 16:16,10/3/2017 16:16,10/3/2017 18:19,10/3/2017 23:00,10/4/2017 13:00,2114.02,1800.0,314.02,344.0,RFR,,,False,0,Carrier 1036102,Shipper 1375,True,True,True,10/3/2017 23:00,10/4/2017 17:00,False,False,False,False,False,False,False,False,Aurora,CO ,Aurora,CO 
2339,206595617,10/3/2017 16:16,10/3/2017 16:16,10/3/2017 18:19,10/3/2017 23:00,10/4/2017 13:00,2114.02,1800.0,314.02,344.0,RFR,,,False,0,Carrier 1036102,Shipper 1386,True,True,True,10/3/2017 23:00,10/4/2017 17:00,False,False,False,False,False,False,False,False,Aurora,CO ,Aurora,CO 
2340,206595617,10/3/2017 16:16,10/3/2017 16:16,10/3/2017 18:19,10/3/2017 23:00,10/4/2017 13:00,2114.02,1800.0,314.02,344.0,RFR,,,False,0,Carrier 1036102,Shipper 1248,True,True,True,10/3/2017 23:00,10/4/2017 17:00,False,False,False,False,False,False,False,False,Aurora,CO ,Aurora,CO 
2341,206595617,10/3/2017 16:16,10/3/2017 16:16,10/3/2017 18:19,10/3/2017 23:00,10/4/2017 13:00,2114.02,1800.0,314.02,344.0,RFR,,,False,0,Carrier 1036102,Shipper 1387,True,True,True,10/3/2017 23:00,10/4/2017 17:00,False,False,False,False,False,False,False,False,Aurora,CO ,Aurora,CO 
2342,206595617,10/3/2017 16:16,10/3/2017 16:16,10/3/2017 18:19,10/3/2017 23:00,10/4/2017 13:00,2114.02,1800.0,314.02,344.0,RFR,,,False,0,Carrier 1036102,Shipper 1388,True,True,True,10/3/2017 23:00,10/4/2017 17:00,False,False,False,False,False,False,False,False,Aurora,CO ,Aurora,CO 
2343,206631481,7/19/2017 16:41,7/19/2017 16:41,7/21/2017 10:41,7/24/2017 0:00,7/25/2017 8:00,2111.89,2108.0,3.89,460.8,RFR,,,False,0,Carrier 11186,Shipper 1249,True,True,True,7/24/2017 0:00,7/25/2017 15:30,False,False,False,False,False,False,False,False,Granite City,IL ,Granite City,IL 
2344,206631481,7/19/2017 16:41,7/19/2017 16:41,7/21/2017 10:41,7/24/2017 0:00,7/25/2017 8:00,2111.89,2108.0,3.89,460.8,RFR,,,False,0,Carrier 11186,Shipper 1375,True,True,True,7/24/2017 0:00,7/25/2017 15:30,False,False,False,False,False,False,False,False,Granite City,IL ,Granite City,IL 
2345,206631481,7/19/2017 16:41,7/19/2017 16:41,7/21/2017 10:41,7/24/2017 0:00,7/25/2017 8:00,2111.89,2108.0,3.89,460.8,RFR,,,False,0,Carrier 11186,Shipper 1386,True,True,True,7/24/2017 0:00,7/25/2017 15:30,False,False,False,False,False,False,False,False,Granite City,IL ,Granite City,IL 
2346,206631481,7/19/2017 16:41,7/19/2017 16:41,7/21/2017 10:41,7/24/2017 0:00,7/25/2017 8:00,2111.89,2108.0,3.89,460.8,RFR,,,False,0,Carrier 11186,Shipper 1248,True,True,True,7/24/2017 0:00,7/25/2017 15:30,False,False,False,False,False,False,False,False,Granite City,IL ,Granite City,IL 
2347,206631481,7/19/2017 16:41,7/19/2017 16:41,7/21/2017 10:41,7/24/2017 0:00,7/25/2017 8:00,2111.89,2108.0,3.89,460.8,RFR,,,False,0,Carrier 11186,Shipper 1387,True,True,True,7/24/2017 0:00,7/25/2017 15:30,False,False,False,False,False,False,False,False,Granite City,IL ,Granite City,IL 
2348,206631481,7/19/2017 16:41,7/19/2017 16:41,7/21/2017 10:41,7/24/2017 0:00,7/25/2017 8:00,2111.89,2108.0,3.89,460.8,RFR,,,False,0,Carrier 11186,Shipper 1388,True,True,True,7/24/2017 0:00,7/25/2017 15:30,False,False,False,False,False,False,False,False,Granite City,IL ,Granite City,IL 
2349,206425497,9/28/2017 16:23,9/28/2017 16:23,9/30/2017 15:49,9/30/2017 18:00,10/2/2017 10:15,2107.1,2200.0,-92.9,917.3,RFR,,,False,2,Carrier 1056206,Shipper 1249,True,True,True,9/30/2017 18:00,10/2/2017 15:00,False,False,False,False,False,False,False,False,Fort Collins,CO ,Fort Collins,CO 
2350,206425497,9/28/2017 16:23,9/28/2017 16:23,9/30/2017 15:49,9/30/2017 18:00,10/2/2017 10:15,2107.1,2200.0,-92.9,917.3,RFR,,,False,2,Carrier 1056206,Shipper 1375,True,True,True,9/30/2017 18:00,10/2/2017 15:00,False,False,False,False,False,False,False,False,Fort Collins,CO ,Fort Collins,CO 
2351,206425497,9/28/2017 16:23,9/28/2017 16:23,9/30/2017 15:49,9/30/2017 18:00,10/2/2017 10:15,2107.1,2200.0,-92.9,917.3,RFR,,,False,2,Carrier 1056206,Shipper 1386,True,True,True,9/30/2017 18:00,10/2/2017 15:00,False,False,False,False,False,False,False,False,Fort Collins,CO ,Fort Collins,CO 
2352,206425497,9/28/2017 16:23,9/28/2017 16:23,9/30/2017 15:49,9/30/2017 18:00,10/2/2017 10:15,2107.1,2200.0,-92.9,917.3,RFR,,,False,2,Carrier 1056206,Shipper 1248,True,True,True,9/30/2017 18:00,10/2/2017 15:00,False,False,False,False,False,False,False,False,Fort Collins,CO ,Fort Collins,CO 
2353,206425497,9/28/2017 16:23,9/28/2017 16:23,9/30/2017 15:49,9/30/2017 18:00,10/2/2017 10:15,2107.1,2200.0,-92.9,917.3,RFR,,,False,2,Carrier 1056206,Shipper 1387,True,True,True,9/30/2017 18:00,10/2/2017 15:00,False,False,False,False,False,False,False,False,Fort Collins,CO ,Fort Collins,CO 
2354,206425497,9/28/2017 16:23,9/28/2017 16:23,9/30/2017 15:49,9/30/2017 18:00,10/2/2017 10:15,2107.1,2200.0,-92.9,917.3,RFR,,,False,2,Carrier 1056206,Shipper 1388,True,True,True,9/30/2017 18:00,10/2/2017 15:00,False,False,False,False,False,False,False,False,Fort Collins,CO ,Fort Collins,CO 
2355,206468633,11/9/2017 10:10,11/9/2017 10:11,11/10/2017 13:12,11/20/2017 20:00,11/22/2017 12:00,2105.56,2020.0,85.56,778.9,RFR,,,False,0,Carrier 86454,Shipper 758,True,True,True,11/20/2017 20:00,11/22/2017 9:00,False,False,False,False,False,False,False,False,Lodi,CA ,Lodi,CA 
2356,206510305,11/10/2017 12:09,11/10/2017 12:09,11/13/2017 13:10,11/20/2017 18:00,11/22/2017 12:00,2105.56,2020.0,85.56,778.9,RFR,,,False,0,Carrier 86454,Shipper 758,True,True,True,11/20/2017 18:00,11/22/2017 9:00,False,False,False,False,False,False,False,False,Lodi,CA ,Lodi,CA 
2357,206704321,2/15/2017 11:22,2/15/2017 11:22,2/16/2017 15:41,2/17/2017 8:00,2/20/2017 9:30,2100.0,2000.0,100.0,1273.8,DRV,,,False,0,Carrier 1619790,Shipper 590,True,True,True,2/17/2017 15:00,2/20/2017 15:00,False,False,False,False,False,False,False,False,Bridgewater,NJ ,Bridgewater,NJ 
2358,206525417,3/21/2017 10:44,3/21/2017 10:45,3/23/2017 12:02,3/24/2017 8:00,3/27/2017 14:44,2100.0,2000.0,100.0,1273.8,DRV,,,False,0,Carrier 1350533,Shipper 590,True,True,True,3/24/2017 15:00,3/27/2017 15:30,False,False,False,False,False,False,False,False,Bridgewater,NJ ,Bridgewater,NJ 
2359,206425241,6/22/2017 12:17,6/22/2017 12:17,6/23/2017 12:01,6/23/2017 13:00,6/27/2017 11:00,2100.0,2600.0,-500.0,1260.3,DRV,,,False,0,Carrier 1048375,Shipper 937,False,False,False,6/23/2017 13:00,6/27/2017 7:00,False,False,False,False,False,False,False,False,Tampa,FL ,Tampa,FL 
2360,206424649,12/13/2017 13:21,12/13/2017 13:21,12/29/2017 12:36,1/2/2018 14:00,1/3/2018 13:24,2100.0,1950.0,150.0,554.1,DRV,,,False,1,Carrier 1695839,Shipper 585,False,False,False,1/2/2018 14:00,1/3/2018 10:00,False,False,False,False,False,False,False,False,Greenfield,IN ,Greenfield,IN 
2361,206480889,1/6/2017 16:38,1/6/2017 16:39,1/12/2017 17:19,1/13/2017 18:00,1/16/2017 9:33,2100.0,3000.0,-900.0,140.0,DRV,4.0,,False,2,Carrier 114280,Shipper 758,True,True,True,1/13/2017 18:00,1/16/2017 7:00,False,False,False,False,False,False,False,False,Idaho Falls,ID ,Idaho Falls,ID 
2362,206611433,1/30/2017 15:32,1/30/2017 15:37,2/1/2017 14:46,2/1/2017 8:00,2/3/2017 9:00,2100.0,2200.0,-100.0,949.2,DRV,3.0,,False,0,Carrier 1327784,Shipper 623,True,True,True,2/1/2017 17:00,2/3/2017 7:00,False,False,False,False,False,False,False,False,Wild Rose,WI ,Wild Rose,WI 
2363,206541937,8/18/2017 16:18,8/18/2017 16:19,8/21/2017 8:22,8/21/2017 13:00,8/22/2017 16:00,2100.0,1700.0,400.0,1143.3,DRV,,,False,0,Carrier 1066326,Shipper 585,True,True,True,8/21/2017 13:00,8/22/2017 18:00,False,False,False,False,False,False,False,False,Plant City,FL ,Plant City,FL 
2364,206516041,7/13/2017 11:24,7/13/2017 11:24,7/13/2017 12:39,7/13/2017 8:00,7/15/2017 10:15,2100.0,1900.0,200.0,1102.6,DRV,,,False,0,Carrier 975370,Shipper 585,True,True,True,7/13/2017 17:00,7/15/2017 9:00,False,False,False,False,False,False,False,False,Plant City,FL ,Plant City,FL 
2365,206522105,7/19/2017 16:46,7/19/2017 16:46,7/21/2017 13:32,7/22/2017 14:00,7/24/2017 10:00,2099.84,2050.0,49.84,877.1,RFR,,,False,1,Carrier 44490,Shipper 1249,True,True,True,7/22/2017 14:00,7/24/2017 17:00,False,False,False,False,False,False,False,False,Granite City,IL ,Granite City,IL 
2366,206522105,7/19/2017 16:46,7/19/2017 16:46,7/21/2017 13:32,7/22/2017 14:00,7/24/2017 10:00,2099.84,2050.0,49.84,877.1,RFR,,,False,1,Carrier 44490,Shipper 1375,True,True,True,7/22/2017 14:00,7/24/2017 17:00,False,False,False,False,False,False,False,False,Granite City,IL ,Granite City,IL 
2367,206522105,7/19/2017 16:46,7/19/2017 16:46,7/21/2017 13:32,7/22/2017 14:00,7/24/2017 10:00,2099.84,2050.0,49.84,877.1,RFR,,,False,1,Carrier 44490,Shipper 1386,True,True,True,7/22/2017 14:00,7/24/2017 17:00,False,False,False,False,False,False,False,False,Granite City,IL ,Granite City,IL 
2368,206522105,7/19/2017 16:46,7/19/2017 16:46,7/21/2017 13:32,7/22/2017 14:00,7/24/2017 10:00,2099.84,2050.0,49.84,877.1,RFR,,,False,1,Carrier 44490,Shipper 1248,True,True,True,7/22/2017 14:00,7/24/2017 17:00,False,False,False,False,False,False,False,False,Granite City,IL ,Granite City,IL 
2369,206522105,7/19/2017 16:46,7/19/2017 16:46,7/21/2017 13:32,7/22/2017 14:00,7/24/2017 10:00,2099.84,2050.0,49.84,877.1,RFR,,,False,1,Carrier 44490,Shipper 1387,True,True,True,7/22/2017 14:00,7/24/2017 17:00,False,False,False,False,False,False,False,False,Granite City,IL ,Granite City,IL 
2370,206522105,7/19/2017 16:46,7/19/2017 16:46,7/21/2017 13:32,7/22/2017 14:00,7/24/2017 10:00,2099.84,2050.0,49.84,877.1,RFR,,,False,1,Carrier 44490,Shipper 1388,True,True,True,7/22/2017 14:00,7/24/2017 17:00,False,False,False,False,False,False,False,False,Granite City,IL ,Granite City,IL 
2371,206491337,8/8/2017 16:57,8/8/2017 16:57,8/10/2017 13:08,8/10/2017 7:00,8/11/2017 12:30,2099.48,1200.0,899.48,300.0,DRV,,,False,1,Carrier 1411282,Shipper 1249,True,True,True,8/10/2017 15:00,8/11/2017 20:00,False,False,False,False,False,False,False,False,Baldwinsville,NY ,Baldwinsville,NY 
2372,206491337,8/8/2017 16:57,8/8/2017 16:57,8/10/2017 13:08,8/10/2017 7:00,8/11/2017 12:30,2099.48,1200.0,899.48,300.0,DRV,,,False,1,Carrier 1411282,Shipper 1375,True,True,True,8/10/2017 15:00,8/11/2017 20:00,False,False,False,False,False,False,False,False,Baldwinsville,NY ,Baldwinsville,NY 
2373,206491337,8/8/2017 16:57,8/8/2017 16:57,8/10/2017 13:08,8/10/2017 7:00,8/11/2017 12:30,2099.48,1200.0,899.48,300.0,DRV,,,False,1,Carrier 1411282,Shipper 1386,True,True,True,8/10/2017 15:00,8/11/2017 20:00,False,False,False,False,False,False,False,False,Baldwinsville,NY ,Baldwinsville,NY 
2374,206491337,8/8/2017 16:57,8/8/2017 16:57,8/10/2017 13:08,8/10/2017 7:00,8/11/2017 12:30,2099.48,1200.0,899.48,300.0,DRV,,,False,1,Carrier 1411282,Shipper 1248,True,True,True,8/10/2017 15:00,8/11/2017 20:00,False,False,False,False,False,False,False,False,Baldwinsville,NY ,Baldwinsville,NY 
2375,206491337,8/8/2017 16:57,8/8/2017 16:57,8/10/2017 13:08,8/10/2017 7:00,8/11/2017 12:30,2099.48,1200.0,899.48,300.0,DRV,,,False,1,Carrier 1411282,Shipper 1387,True,True,True,8/10/2017 15:00,8/11/2017 20:00,False,False,False,False,False,False,False,False,Baldwinsville,NY ,Baldwinsville,NY 
2376,206491337,8/8/2017 16:57,8/8/2017 16:57,8/10/2017 13:08,8/10/2017 7:00,8/11/2017 12:30,2099.48,1200.0,899.48,300.0,DRV,,,False,1,Carrier 1411282,Shipper 1388,True,True,True,8/10/2017 15:00,8/11/2017 20:00,False,False,False,False,False,False,False,False,Baldwinsville,NY ,Baldwinsville,NY 
2377,206544177,9/13/2017 9:58,9/13/2017 10:01,9/14/2017 11:01,9/18/2017 9:00,9/20/2017 12:15,2095.71,1700.0,395.71,880.4,DRV,,,False,0,Carrier 994528,Shipper 944,True,True,True,9/18/2017 16:30,9/20/2017 10:30,False,False,False,False,False,False,False,False,Holdrege,NE ,Holdrege,NE 
2378,206606441,9/20/2017 17:00,9/20/2017 17:00,9/22/2017 13:25,9/23/2017 17:00,9/25/2017 14:54,2093.54,2000.0,93.54,1044.0,DRV,,,False,0,Carrier 2279,Shipper 1249,False,True,False,9/23/2017 17:00,9/25/2017 15:00,False,False,False,False,False,False,False,False,Fort Collins,CO ,Fort Collins,CO 
2379,206606441,9/20/2017 17:00,9/20/2017 17:00,9/22/2017 13:25,9/23/2017 17:00,9/25/2017 14:54,2093.54,2000.0,93.54,1044.0,DRV,,,False,0,Carrier 2279,Shipper 1375,False,True,False,9/23/2017 17:00,9/25/2017 15:00,False,False,False,False,False,False,False,False,Fort Collins,CO ,Fort Collins,CO 
2380,206606441,9/20/2017 17:00,9/20/2017 17:00,9/22/2017 13:25,9/23/2017 17:00,9/25/2017 14:54,2093.54,2000.0,93.54,1044.0,DRV,,,False,0,Carrier 2279,Shipper 1386,False,True,False,9/23/2017 17:00,9/25/2017 15:00,False,False,False,False,False,False,False,False,Fort Collins,CO ,Fort Collins,CO 
2381,206606441,9/20/2017 17:00,9/20/2017 17:00,9/22/2017 13:25,9/23/2017 17:00,9/25/2017 14:54,2093.54,2000.0,93.54,1044.0,DRV,,,False,0,Carrier 2279,Shipper 1248,False,True,False,9/23/2017 17:00,9/25/2017 15:00,False,False,False,False,False,False,False,False,Fort Collins,CO ,Fort Collins,CO 
2382,206606441,9/20/2017 17:00,9/20/2017 17:00,9/22/2017 13:25,9/23/2017 17:00,9/25/2017 14:54,2093.54,2000.0,93.54,1044.0,DRV,,,False,0,Carrier 2279,Shipper 1387,False,True,False,9/23/2017 17:00,9/25/2017 15:00,False,False,False,False,False,False,False,False,Fort Collins,CO ,Fort Collins,CO 
2383,206606441,9/20/2017 17:00,9/20/2017 17:00,9/22/2017 13:25,9/23/2017 17:00,9/25/2017 14:54,2093.54,2000.0,93.54,1044.0,DRV,,,False,0,Carrier 2279,Shipper 1388,False,True,False,9/23/2017 17:00,9/25/2017 15:00,False,False,False,False,False,False,False,False,Fort Collins,CO ,Fort Collins,CO 
2384,206427737,5/25/2017 14:37,5/25/2017 14:37,5/26/2017 11:40,5/28/2017 23:00,5/30/2017 11:00,2091.67,1500.0,591.67,396.6,RFR,,,False,0,Carrier 104870,Shipper 1249,True,True,True,5/28/2017 23:00,5/30/2017 15:00,False,False,False,False,False,False,False,False,Columbus,OH ,Columbus,OH 
2385,206427737,5/25/2017 14:37,5/25/2017 14:37,5/26/2017 11:40,5/28/2017 23:00,5/30/2017 11:00,2091.67,1500.0,591.67,396.6,RFR,,,False,0,Carrier 104870,Shipper 1375,True,True,True,5/28/2017 23:00,5/30/2017 15:00,False,False,False,False,False,False,False,False,Columbus,OH ,Columbus,OH 
2386,206427737,5/25/2017 14:37,5/25/2017 14:37,5/26/2017 11:40,5/28/2017 23:00,5/30/2017 11:00,2091.67,1500.0,591.67,396.6,RFR,,,False,0,Carrier 104870,Shipper 1386,True,True,True,5/28/2017 23:00,5/30/2017 15:00,False,False,False,False,False,False,False,False,Columbus,OH ,Columbus,OH 
2387,206427737,5/25/2017 14:37,5/25/2017 14:37,5/26/2017 11:40,5/28/2017 23:00,5/30/2017 11:00,2091.67,1500.0,591.67,396.6,RFR,,,False,0,Carrier 104870,Shipper 1248,True,True,True,5/28/2017 23:00,5/30/2017 15:00,False,False,False,False,False,False,False,False,Columbus,OH ,Columbus,OH 
2388,206427737,5/25/2017 14:37,5/25/2017 14:37,5/26/2017 11:40,5/28/2017 23:00,5/30/2017 11:00,2091.67,1500.0,591.67,396.6,RFR,,,False,0,Carrier 104870,Shipper 1387,True,True,True,5/28/2017 23:00,5/30/2017 15:00,False,False,False,False,False,False,False,False,Columbus,OH ,Columbus,OH 
2389,206427737,5/25/2017 14:37,5/25/2017 14:37,5/26/2017 11:40,5/28/2017 23:00,5/30/2017 11:00,2091.67,1500.0,591.67,396.6,RFR,,,False,0,Carrier 104870,Shipper 1388,True,True,True,5/28/2017 23:00,5/30/2017 15:00,False,False,False,False,False,False,False,False,Columbus,OH ,Columbus,OH 
2390,206641121,5/26/2017 14:24,5/26/2017 14:24,5/30/2017 16:20,5/30/2017 18:00,5/31/2017 12:45,2090.48,1300.0,790.48,87.4,DRV,,,False,0,Carrier 1586735,Shipper 1249,True,True,True,5/30/2017 18:00,5/31/2017 13:00,False,False,False,False,False,False,False,False,Newark,NJ ,Newark,NJ 
2391,206641121,5/26/2017 14:24,5/26/2017 14:24,5/30/2017 16:20,5/30/2017 18:00,5/31/2017 12:45,2090.48,1300.0,790.48,87.4,DRV,,,False,0,Carrier 1586735,Shipper 1375,True,True,True,5/30/2017 18:00,5/31/2017 13:00,False,False,False,False,False,False,False,False,Newark,NJ ,Newark,NJ 
2392,206641121,5/26/2017 14:24,5/26/2017 14:24,5/30/2017 16:20,5/30/2017 18:00,5/31/2017 12:45,2090.48,1300.0,790.48,87.4,DRV,,,False,0,Carrier 1586735,Shipper 1386,True,True,True,5/30/2017 18:00,5/31/2017 13:00,False,False,False,False,False,False,False,False,Newark,NJ ,Newark,NJ 
2393,206641121,5/26/2017 14:24,5/26/2017 14:24,5/30/2017 16:20,5/30/2017 18:00,5/31/2017 12:45,2090.48,1300.0,790.48,87.4,DRV,,,False,0,Carrier 1586735,Shipper 1248,True,True,True,5/30/2017 18:00,5/31/2017 13:00,False,False,False,False,False,False,False,False,Newark,NJ ,Newark,NJ 
2394,206641121,5/26/2017 14:24,5/26/2017 14:24,5/30/2017 16:20,5/30/2017 18:00,5/31/2017 12:45,2090.48,1300.0,790.48,87.4,DRV,,,False,0,Carrier 1586735,Shipper 1387,True,True,True,5/30/2017 18:00,5/31/2017 13:00,False,False,False,False,False,False,False,False,Newark,NJ ,Newark,NJ 
2395,206641121,5/26/2017 14:24,5/26/2017 14:24,5/30/2017 16:20,5/30/2017 18:00,5/31/2017 12:45,2090.48,1300.0,790.48,87.4,DRV,,,False,0,Carrier 1586735,Shipper 1388,True,True,True,5/30/2017 18:00,5/31/2017 13:00,False,False,False,False,False,False,False,False,Newark,NJ ,Newark,NJ 
2396,206705825,8/3/2017 12:20,8/3/2017 12:20,8/3/2017 15:27,8/4/2017 8:00,8/7/2017 10:00,2090.0,2140.0,-50.0,1293.4,DRV,,,False,0,Carrier 1317551,Shipper 585,True,True,True,8/4/2017 16:00,8/7/2017 9:00,False,False,False,False,False,False,False,False,Plant City,FL ,Plant City,FL 
2397,206482601,7/19/2017 16:33,7/19/2017 16:33,7/21/2017 16:04,7/23/2017 16:00,7/25/2017 10:00,2088.63,2500.0,-411.37,676.7,DRV,,,False,0,Carrier 1053118,Shipper 1249,True,True,True,7/23/2017 16:00,7/25/2017 5:00,False,False,False,False,False,False,False,False,Cartersville,GA ,Cartersville,GA 
2398,206482601,7/19/2017 16:33,7/19/2017 16:33,7/21/2017 16:04,7/23/2017 16:00,7/25/2017 10:00,2088.63,2500.0,-411.37,676.7,DRV,,,False,0,Carrier 1053118,Shipper 1375,True,True,True,7/23/2017 16:00,7/25/2017 5:00,False,False,False,False,False,False,False,False,Cartersville,GA ,Cartersville,GA 
2399,206482601,7/19/2017 16:33,7/19/2017 16:33,7/21/2017 16:04,7/23/2017 16:00,7/25/2017 10:00,2088.63,2500.0,-411.37,676.7,DRV,,,False,0,Carrier 1053118,Shipper 1386,True,True,True,7/23/2017 16:00,7/25/2017 5:00,False,False,False,False,False,False,False,False,Cartersville,GA ,Cartersville,GA 
2400,206482601,7/19/2017 16:33,7/19/2017 16:33,7/21/2017 16:04,7/23/2017 16:00,7/25/2017 10:00,2088.63,2500.0,-411.37,676.7,DRV,,,False,0,Carrier 1053118,Shipper 1248,True,True,True,7/23/2017 16:00,7/25/2017 5:00,False,False,False,False,False,False,False,False,Cartersville,GA ,Cartersville,GA 
2401,206482601,7/19/2017 16:33,7/19/2017 16:33,7/21/2017 16:04,7/23/2017 16:00,7/25/2017 10:00,2088.63,2500.0,-411.37,676.7,DRV,,,False,0,Carrier 1053118,Shipper 1387,True,True,True,7/23/2017 16:00,7/25/2017 5:00,False,False,False,False,False,False,False,False,Cartersville,GA ,Cartersville,GA 
2402,206482601,7/19/2017 16:33,7/19/2017 16:33,7/21/2017 16:04,7/23/2017 16:00,7/25/2017 10:00,2088.63,2500.0,-411.37,676.7,DRV,,,False,0,Carrier 1053118,Shipper 1388,True,True,True,7/23/2017 16:00,7/25/2017 5:00,False,False,False,False,False,False,False,False,Cartersville,GA ,Cartersville,GA 
2403,206589009,9/27/2017 16:32,9/27/2017 16:32,9/28/2017 10:11,9/29/2017 16:00,10/2/2017 10:20,2085.76,1800.0,285.76,870.4,DRV,,,True,0,Carrier 154651,Shipper 1249,True,True,True,9/29/2017 16:00,10/2/2017 15:00,False,False,False,False,False,False,False,False,Newark,NJ ,Newark,NJ 
2404,206589009,9/27/2017 16:32,9/27/2017 16:32,9/28/2017 10:11,9/29/2017 16:00,10/2/2017 10:20,2085.76,1800.0,285.76,870.4,DRV,,,True,0,Carrier 154651,Shipper 1375,True,True,True,9/29/2017 16:00,10/2/2017 15:00,False,False,False,False,False,False,False,False,Newark,NJ ,Newark,NJ 
2405,206589009,9/27/2017 16:32,9/27/2017 16:32,9/28/2017 10:11,9/29/2017 16:00,10/2/2017 10:20,2085.76,1800.0,285.76,870.4,DRV,,,True,0,Carrier 154651,Shipper 1386,True,True,True,9/29/2017 16:00,10/2/2017 15:00,False,False,False,False,False,False,False,False,Newark,NJ ,Newark,NJ 
2406,206589009,9/27/2017 16:32,9/27/2017 16:32,9/28/2017 10:11,9/29/2017 16:00,10/2/2017 10:20,2085.76,1800.0,285.76,870.4,DRV,,,True,0,Carrier 154651,Shipper 1248,True,True,True,9/29/2017 16:00,10/2/2017 15:00,False,False,False,False,False,False,False,False,Newark,NJ ,Newark,NJ 
2407,206589009,9/27/2017 16:32,9/27/2017 16:32,9/28/2017 10:11,9/29/2017 16:00,10/2/2017 10:20,2085.76,1800.0,285.76,870.4,DRV,,,True,0,Carrier 154651,Shipper 1387,True,True,True,9/29/2017 16:00,10/2/2017 15:00,False,False,False,False,False,False,False,False,Newark,NJ ,Newark,NJ 
2408,206589009,9/27/2017 16:32,9/27/2017 16:32,9/28/2017 10:11,9/29/2017 16:00,10/2/2017 10:20,2085.76,1800.0,285.76,870.4,DRV,,,True,0,Carrier 154651,Shipper 1388,True,True,True,9/29/2017 16:00,10/2/2017 15:00,False,False,False,False,False,False,False,False,Newark,NJ ,Newark,NJ 
2409,206422841,5/26/2017 9:25,5/26/2017 9:26,5/26/2017 14:19,5/30/2017 14:00,5/31/2017 10:45,2082.26,1700.0,382.26,478.5,DRV,,,False,0,Carrier 57804,Shipper 1249,True,True,True,5/30/2017 14:00,5/31/2017 8:00,False,False,False,False,False,False,False,False,Columbus,OH ,Columbus,OH 
2410,206422841,5/26/2017 9:25,5/26/2017 9:26,5/26/2017 14:19,5/30/2017 14:00,5/31/2017 10:45,2082.26,1700.0,382.26,478.5,DRV,,,False,0,Carrier 57804,Shipper 1375,True,True,True,5/30/2017 14:00,5/31/2017 8:00,False,False,False,False,False,False,False,False,Columbus,OH ,Columbus,OH 
2411,206422841,5/26/2017 9:25,5/26/2017 9:26,5/26/2017 14:19,5/30/2017 14:00,5/31/2017 10:45,2082.26,1700.0,382.26,478.5,DRV,,,False,0,Carrier 57804,Shipper 1386,True,True,True,5/30/2017 14:00,5/31/2017 8:00,False,False,False,False,False,False,False,False,Columbus,OH ,Columbus,OH 
2412,206422841,5/26/2017 9:25,5/26/2017 9:26,5/26/2017 14:19,5/30/2017 14:00,5/31/2017 10:45,2082.26,1700.0,382.26,478.5,DRV,,,False,0,Carrier 57804,Shipper 1248,True,True,True,5/30/2017 14:00,5/31/2017 8:00,False,False,False,False,False,False,False,False,Columbus,OH ,Columbus,OH 
2413,206422841,5/26/2017 9:25,5/26/2017 9:26,5/26/2017 14:19,5/30/2017 14:00,5/31/2017 10:45,2082.26,1700.0,382.26,478.5,DRV,,,False,0,Carrier 57804,Shipper 1387,True,True,True,5/30/2017 14:00,5/31/2017 8:00,False,False,False,False,False,False,False,False,Columbus,OH ,Columbus,OH 
2414,206422841,5/26/2017 9:25,5/26/2017 9:26,5/26/2017 14:19,5/30/2017 14:00,5/31/2017 10:45,2082.26,1700.0,382.26,478.5,DRV,,,False,0,Carrier 57804,Shipper 1388,True,True,True,5/30/2017 14:00,5/31/2017 8:00,False,False,False,False,False,False,False,False,Columbus,OH ,Columbus,OH 
2415,206694281,11/8/2017 9:20,11/8/2017 9:20,11/9/2017 12:37,11/9/2017 10:00,11/10/2017 11:30,2078.69,1900.0,178.69,561.3,DRV,,,False,2,Carrier 1695645,Shipper 1644,True,True,True,11/9/2017 10:00,11/10/2017 9:30,False,False,False,False,False,False,False,False,Naperville,IL ,Naperville,IL 
2416,206549553,7/19/2017 16:14,7/19/2017 16:14,7/20/2017 9:00,7/20/2017 14:00,7/25/2017 6:00,2075.04,1300.0,775.04,397.3,DRV,,,False,0,Carrier 1113585,Shipper 1249,True,False,True,7/20/2017 14:00,7/24/2017 6:00,False,False,False,False,False,False,False,False,Baldwinsville,NY ,Baldwinsville,NY 
2417,206549553,7/19/2017 16:14,7/19/2017 16:14,7/20/2017 9:00,7/20/2017 14:00,7/25/2017 6:00,2075.04,1300.0,775.04,397.3,DRV,,,False,0,Carrier 1113585,Shipper 1375,True,False,True,7/20/2017 14:00,7/24/2017 6:00,False,False,False,False,False,False,False,False,Baldwinsville,NY ,Baldwinsville,NY 
2418,206549553,7/19/2017 16:14,7/19/2017 16:14,7/20/2017 9:00,7/20/2017 14:00,7/25/2017 6:00,2075.04,1300.0,775.04,397.3,DRV,,,False,0,Carrier 1113585,Shipper 1386,True,False,True,7/20/2017 14:00,7/24/2017 6:00,False,False,False,False,False,False,False,False,Baldwinsville,NY ,Baldwinsville,NY 
2419,206549553,7/19/2017 16:14,7/19/2017 16:14,7/20/2017 9:00,7/20/2017 14:00,7/25/2017 6:00,2075.04,1300.0,775.04,397.3,DRV,,,False,0,Carrier 1113585,Shipper 1248,True,False,True,7/20/2017 14:00,7/24/2017 6:00,False,False,False,False,False,False,False,False,Baldwinsville,NY ,Baldwinsville,NY 
2420,206549553,7/19/2017 16:14,7/19/2017 16:14,7/20/2017 9:00,7/20/2017 14:00,7/25/2017 6:00,2075.04,1300.0,775.04,397.3,DRV,,,False,0,Carrier 1113585,Shipper 1387,True,False,True,7/20/2017 14:00,7/24/2017 6:00,False,False,False,False,False,False,False,False,Baldwinsville,NY ,Baldwinsville,NY 
2421,206549553,7/19/2017 16:14,7/19/2017 16:14,7/20/2017 9:00,7/20/2017 14:00,7/25/2017 6:00,2075.04,1300.0,775.04,397.3,DRV,,,False,0,Carrier 1113585,Shipper 1388,True,False,True,7/20/2017 14:00,7/24/2017 6:00,False,False,False,False,False,False,False,False,Baldwinsville,NY ,Baldwinsville,NY 
2422,206557577,1/6/2017 12:38,1/6/2017 12:38,1/6/2017 13:57,1/6/2017 15:00,1/9/2017 14:00,2075.0,1900.0,175.0,140.0,DRV,4.0,,False,0,Carrier 59030,Shipper 758,True,True,True,1/7/2017 0:00,1/9/2017 9:00,False,False,False,False,False,False,False,False,Lodi,CA ,Lodi,CA 
2423,206560817,1/6/2017 12:28,1/6/2017 12:28,1/6/2017 14:03,1/6/2017 15:00,1/9/2017 9:30,2075.0,1900.0,175.0,140.0,DRV,4.0,,False,0,Carrier 59030,Shipper 758,True,True,True,1/7/2017 0:00,1/9/2017 10:00,False,False,False,False,False,False,False,False,Lodi,CA ,Lodi,CA 
2424,206467561,1/10/2017 12:46,1/10/2017 12:46,1/13/2017 10:51,1/13/2017 15:00,1/16/2017 11:00,2075.0,2000.0,75.0,1331.0,DRV,,,False,1,Carrier 1693535,Shipper 585,True,True,True,1/13/2017 15:00,1/16/2017 9:00,False,False,False,False,False,False,False,False,Plant City,FL ,Plant City,FL 
2425,206621497,1/10/2017 12:51,1/10/2017 12:52,1/16/2017 11:08,1/16/2017 12:00,1/18/2017 16:00,2075.0,2000.0,75.0,1331.0,DRV,,,False,1,Carrier 1693536,Shipper 585,True,True,True,1/16/2017 12:00,1/18/2017 15:00,False,False,False,False,False,False,False,False,Plant City,FL ,Plant City,FL 
2426,206708801,4/12/2017 10:16,4/12/2017 10:16,4/13/2017 10:20,4/13/2017 14:00,4/14/2017 10:30,2074.52,2000.0,74.52,659.5,RFR,,,False,0,Carrier 1184908,Shipper 727,True,True,True,4/13/2017 16:00,4/14/2017 14:00,False,False,False,False,False,False,False,False,Wilson,NC ,Wilson,NC 
2427,206708801,4/12/2017 10:16,4/12/2017 10:16,4/13/2017 10:20,4/13/2017 14:00,4/14/2017 10:30,2074.52,2000.0,74.52,659.5,RFR,,,False,0,Carrier 1184908,Shipper 1855,True,True,True,4/13/2017 16:00,4/14/2017 14:00,False,False,False,False,False,False,False,False,Wilson,NC ,Wilson,NC 
2428,206688641,9/8/2017 19:10,9/8/2017 19:10,9/15/2017 7:50,9/15/2017 14:00,9/16/2017 8:00,2072.67,1000.0,1072.67,179.3,DRV,,,False,1,Carrier 1265515,Shipper 1249,True,True,True,9/15/2017 14:00,9/16/2017 6:00,False,False,False,False,False,False,False,False,Carlisle,PA ,Carlisle,PA 
2429,206688641,9/8/2017 19:10,9/8/2017 19:10,9/15/2017 7:50,9/15/2017 14:00,9/16/2017 8:00,2072.67,1000.0,1072.67,179.3,DRV,,,False,1,Carrier 1265515,Shipper 1375,True,True,True,9/15/2017 14:00,9/16/2017 6:00,False,False,False,False,False,False,False,False,Carlisle,PA ,Carlisle,PA 
2430,206688641,9/8/2017 19:10,9/8/2017 19:10,9/15/2017 7:50,9/15/2017 14:00,9/16/2017 8:00,2072.67,1000.0,1072.67,179.3,DRV,,,False,1,Carrier 1265515,Shipper 1386,True,True,True,9/15/2017 14:00,9/16/2017 6:00,False,False,False,False,False,False,False,False,Carlisle,PA ,Carlisle,PA 
2431,206688641,9/8/2017 19:10,9/8/2017 19:10,9/15/2017 7:50,9/15/2017 14:00,9/16/2017 8:00,2072.67,1000.0,1072.67,179.3,DRV,,,False,1,Carrier 1265515,Shipper 1248,True,True,True,9/15/2017 14:00,9/16/2017 6:00,False,False,False,False,False,False,False,False,Carlisle,PA ,Carlisle,PA 
2432,206688641,9/8/2017 19:10,9/8/2017 19:10,9/15/2017 7:50,9/15/2017 14:00,9/16/2017 8:00,2072.67,1000.0,1072.67,179.3,DRV,,,False,1,Carrier 1265515,Shipper 1387,True,True,True,9/15/2017 14:00,9/16/2017 6:00,False,False,False,False,False,False,False,False,Carlisle,PA ,Carlisle,PA 
2433,206688641,9/8/2017 19:10,9/8/2017 19:10,9/15/2017 7:50,9/15/2017 14:00,9/16/2017 8:00,2072.67,1000.0,1072.67,179.3,DRV,,,False,1,Carrier 1265515,Shipper 1388,True,True,True,9/15/2017 14:00,9/16/2017 6:00,False,False,False,False,False,False,False,False,Carlisle,PA ,Carlisle,PA 
2434,206484889,6/19/2017 10:50,6/19/2017 10:51,6/20/2017 14:02,6/21/2017 10:00,6/22/2017 14:00,2070.54,1800.0,270.54,765.9,RFR,,,False,0,Carrier 563947,Shipper 882,False,True,True,6/21/2017 12:00,6/22/2017 22:00,False,False,False,False,False,False,False,False,Broomfield,CO ,Broomfield,CO 
2435,206504665,6/16/2017 9:00,6/16/2017 9:01,6/19/2017 10:37,6/19/2017 10:00,6/21/2017 11:00,2069.67,2200.0,-130.33,1406.8,DRV,,,False,0,Carrier 955781,Shipper 973,True,True,True,6/19/2017 19:00,6/22/2017 16:00,False,False,False,False,False,False,False,False,Casa Grande,AZ ,Casa Grande,AZ 
2436,206617793,10/4/2017 11:22,10/4/2017 11:23,10/7/2017 13:07,10/9/2017 12:00,10/10/2017 9:23,2069.0,2000.0,69.0,389.8,DRV,,,False,0,Carrier 1695552,Shipper 1078,True,True,True,10/9/2017 12:00,10/10/2017 14:30,False,False,False,False,False,True,False,False,Columbus,OH ,Columbus,OH 
2437,206505337,9/27/2017 17:13,9/27/2017 17:14,9/28/2017 7:57,9/28/2017 7:00,9/29/2017 5:00,2066.1,1400.0,666.1,252.6,DRV,,,False,0,Carrier 1039528,Shipper 1249,True,True,True,9/28/2017 23:00,9/29/2017 23:00,False,False,False,False,False,False,False,False,Newark,NJ ,Newark,NJ 
2438,206505337,9/27/2017 17:13,9/27/2017 17:14,9/28/2017 7:57,9/28/2017 7:00,9/29/2017 5:00,2066.1,1400.0,666.1,252.6,DRV,,,False,0,Carrier 1039528,Shipper 1375,True,True,True,9/28/2017 23:00,9/29/2017 23:00,False,False,False,False,False,False,False,False,Newark,NJ ,Newark,NJ 
2439,206505337,9/27/2017 17:13,9/27/2017 17:14,9/28/2017 7:57,9/28/2017 7:00,9/29/2017 5:00,2066.1,1400.0,666.1,252.6,DRV,,,False,0,Carrier 1039528,Shipper 1386,True,True,True,9/28/2017 23:00,9/29/2017 23:00,False,False,False,False,False,False,False,False,Newark,NJ ,Newark,NJ 
2440,206505337,9/27/2017 17:13,9/27/2017 17:14,9/28/2017 7:57,9/28/2017 7:00,9/29/2017 5:00,2066.1,1400.0,666.1,252.6,DRV,,,False,0,Carrier 1039528,Shipper 1248,True,True,True,9/28/2017 23:00,9/29/2017 23:00,False,False,False,False,False,False,False,False,Newark,NJ ,Newark,NJ 
2441,206505337,9/27/2017 17:13,9/27/2017 17:14,9/28/2017 7:57,9/28/2017 7:00,9/29/2017 5:00,2066.1,1400.0,666.1,252.6,DRV,,,False,0,Carrier 1039528,Shipper 1387,True,True,True,9/28/2017 23:00,9/29/2017 23:00,False,False,False,False,False,False,False,False,Newark,NJ ,Newark,NJ 
2442,206505337,9/27/2017 17:13,9/27/2017 17:14,9/28/2017 7:57,9/28/2017 7:00,9/29/2017 5:00,2066.1,1400.0,666.1,252.6,DRV,,,False,0,Carrier 1039528,Shipper 1388,True,True,True,9/28/2017 23:00,9/29/2017 23:00,False,False,False,False,False,False,False,False,Newark,NJ ,Newark,NJ 
2443,206560457,4/24/2017 10:20,4/24/2017 10:20,5/5/2017 14:27,5/5/2017 20:00,5/9/2017 19:30,2065.28,2540.0,-474.72,778.9,RFR,3.0,,False,2,Carrier 86454,Shipper 758,True,True,True,5/5/2017 20:00,5/9/2017 13:00,False,False,False,False,False,False,False,False,Lodi,CA ,Lodi,CA 
2444,206507065,9/27/2017 17:02,9/27/2017 17:02,9/28/2017 16:07,9/29/2017 12:00,9/30/2017 10:25,2063.39,1780.0,283.39,921.3,DRV,,,False,0,Carrier 1080029,Shipper 1249,True,True,True,9/29/2017 12:00,10/2/2017 16:00,False,False,False,False,False,False,False,False,Fort Collins,CO ,Fort Collins,CO 
2445,206507065,9/27/2017 17:02,9/27/2017 17:02,9/28/2017 16:07,9/29/2017 12:00,9/30/2017 10:25,2063.39,1780.0,283.39,921.3,DRV,,,False,0,Carrier 1080029,Shipper 1375,True,True,True,9/29/2017 12:00,10/2/2017 16:00,False,False,False,False,False,False,False,False,Fort Collins,CO ,Fort Collins,CO 
2446,206507065,9/27/2017 17:02,9/27/2017 17:02,9/28/2017 16:07,9/29/2017 12:00,9/30/2017 10:25,2063.39,1780.0,283.39,921.3,DRV,,,False,0,Carrier 1080029,Shipper 1386,True,True,True,9/29/2017 12:00,10/2/2017 16:00,False,False,False,False,False,False,False,False,Fort Collins,CO ,Fort Collins,CO 
2447,206507065,9/27/2017 17:02,9/27/2017 17:02,9/28/2017 16:07,9/29/2017 12:00,9/30/2017 10:25,2063.39,1780.0,283.39,921.3,DRV,,,False,0,Carrier 1080029,Shipper 1248,True,True,True,9/29/2017 12:00,10/2/2017 16:00,False,False,False,False,False,False,False,False,Fort Collins,CO ,Fort Collins,CO 
2448,206507065,9/27/2017 17:02,9/27/2017 17:02,9/28/2017 16:07,9/29/2017 12:00,9/30/2017 10:25,2063.39,1780.0,283.39,921.3,DRV,,,False,0,Carrier 1080029,Shipper 1387,True,True,True,9/29/2017 12:00,10/2/2017 16:00,False,False,False,False,False,False,False,False,Fort Collins,CO ,Fort Collins,CO 
2449,206507065,9/27/2017 17:02,9/27/2017 17:02,9/28/2017 16:07,9/29/2017 12:00,9/30/2017 10:25,2063.39,1780.0,283.39,921.3,DRV,,,False,0,Carrier 1080029,Shipper 1388,True,True,True,9/29/2017 12:00,10/2/2017 16:00,False,False,False,False,False,False,False,False,Fort Collins,CO ,Fort Collins,CO 
2450,206600033,9/8/2017 19:13,9/8/2017 19:13,9/11/2017 9:07,9/11/2017 14:00,9/12/2017 12:00,2061.82,1700.0,361.82,440.3,DRV,,,False,0,Carrier 1608374,Shipper 1249,True,True,True,9/11/2017 14:00,9/12/2017 10:00,False,False,False,False,False,False,False,False,Williamsburg,VA ,Williamsburg,VA 
2451,206600033,9/8/2017 19:13,9/8/2017 19:13,9/11/2017 9:07,9/11/2017 14:00,9/12/2017 12:00,2061.82,1700.0,361.82,440.3,DRV,,,False,0,Carrier 1608374,Shipper 1375,True,True,True,9/11/2017 14:00,9/12/2017 10:00,False,False,False,False,False,False,False,False,Williamsburg,VA ,Williamsburg,VA 
2452,206600033,9/8/2017 19:13,9/8/2017 19:13,9/11/2017 9:07,9/11/2017 14:00,9/12/2017 12:00,2061.82,1700.0,361.82,440.3,DRV,,,False,0,Carrier 1608374,Shipper 1386,True,True,True,9/11/2017 14:00,9/12/2017 10:00,False,False,False,False,False,False,False,False,Williamsburg,VA ,Williamsburg,VA 
2453,206600033,9/8/2017 19:13,9/8/2017 19:13,9/11/2017 9:07,9/11/2017 14:00,9/12/2017 12:00,2061.82,1700.0,361.82,440.3,DRV,,,False,0,Carrier 1608374,Shipper 1248,True,True,True,9/11/2017 14:00,9/12/2017 10:00,False,False,False,False,False,False,False,False,Williamsburg,VA ,Williamsburg,VA 
2454,206600033,9/8/2017 19:13,9/8/2017 19:13,9/11/2017 9:07,9/11/2017 14:00,9/12/2017 12:00,2061.82,1700.0,361.82,440.3,DRV,,,False,0,Carrier 1608374,Shipper 1387,True,True,True,9/11/2017 14:00,9/12/2017 10:00,False,False,False,False,False,False,False,False,Williamsburg,VA ,Williamsburg,VA 
2455,206600033,9/8/2017 19:13,9/8/2017 19:13,9/11/2017 9:07,9/11/2017 14:00,9/12/2017 12:00,2061.82,1700.0,361.82,440.3,DRV,,,False,0,Carrier 1608374,Shipper 1388,True,True,True,9/11/2017 14:00,9/12/2017 10:00,False,False,False,False,False,False,False,False,Williamsburg,VA ,Williamsburg,VA 
2456,206425249,9/18/2017 13:51,9/18/2017 13:51,10/4/2017 13:30,10/6/2017 17:00,10/9/2017 6:47,2060.0,2060.0,0.0,1102.6,DRV,,,False,1,Carrier 31074,Shipper 585,True,True,True,10/6/2017 17:00,10/9/2017 6:00,False,False,False,False,False,False,False,False,Plant City,FL ,Plant City,FL 
2457,206486793,6/26/2017 16:53,6/26/2017 16:53,6/29/2017 11:16,6/29/2017 13:00,6/30/2017 11:00,2058.18,2050.0,8.18,599.7,RFR,,,False,1,Carrier 1242567,Shipper 1249,True,True,True,6/29/2017 13:00,6/30/2017 12:00,False,False,False,False,False,False,False,False,La Porte,TX ,La Porte,TX 
2458,206486793,6/26/2017 16:53,6/26/2017 16:53,6/29/2017 11:16,6/29/2017 13:00,6/30/2017 11:00,2058.18,2050.0,8.18,599.7,RFR,,,False,1,Carrier 1242567,Shipper 1375,True,True,True,6/29/2017 13:00,6/30/2017 12:00,False,False,False,False,False,False,False,False,La Porte,TX ,La Porte,TX 
2459,206486793,6/26/2017 16:53,6/26/2017 16:53,6/29/2017 11:16,6/29/2017 13:00,6/30/2017 11:00,2058.18,2050.0,8.18,599.7,RFR,,,False,1,Carrier 1242567,Shipper 1386,True,True,True,6/29/2017 13:00,6/30/2017 12:00,False,False,False,False,False,False,False,False,La Porte,TX ,La Porte,TX 
2460,206486793,6/26/2017 16:53,6/26/2017 16:53,6/29/2017 11:16,6/29/2017 13:00,6/30/2017 11:00,2058.18,2050.0,8.18,599.7,RFR,,,False,1,Carrier 1242567,Shipper 1248,True,True,True,6/29/2017 13:00,6/30/2017 12:00,False,False,False,False,False,False,False,False,La Porte,TX ,La Porte,TX 
2461,206486793,6/26/2017 16:53,6/26/2017 16:53,6/29/2017 11:16,6/29/2017 13:00,6/30/2017 11:00,2058.18,2050.0,8.18,599.7,RFR,,,False,1,Carrier 1242567,Shipper 1387,True,True,True,6/29/2017 13:00,6/30/2017 12:00,False,False,False,False,False,False,False,False,La Porte,TX ,La Porte,TX 
2462,206486793,6/26/2017 16:53,6/26/2017 16:53,6/29/2017 11:16,6/29/2017 13:00,6/30/2017 11:00,2058.18,2050.0,8.18,599.7,RFR,,,False,1,Carrier 1242567,Shipper 1388,True,True,True,6/29/2017 13:00,6/30/2017 12:00,False,False,False,False,False,False,False,False,La Porte,TX ,La Porte,TX 
2463,206576089,5/23/2017 12:53,5/23/2017 12:54,5/23/2017 17:01,5/24/2017 17:00,5/26/2017 8:00,2057.62,1900.0,157.62,465.7,RFR,,,False,0,Carrier 11186,Shipper 1249,True,False,True,5/24/2017 17:00,5/25/2017 6:00,False,False,False,False,False,False,False,False,Granite City,IL ,Granite City,IL 
2464,206576089,5/23/2017 12:53,5/23/2017 12:54,5/23/2017 17:01,5/24/2017 17:00,5/26/2017 8:00,2057.62,1900.0,157.62,465.7,RFR,,,False,0,Carrier 11186,Shipper 1375,True,False,True,5/24/2017 17:00,5/25/2017 6:00,False,False,False,False,False,False,False,False,Granite City,IL ,Granite City,IL 
2465,206576089,5/23/2017 12:53,5/23/2017 12:54,5/23/2017 17:01,5/24/2017 17:00,5/26/2017 8:00,2057.62,1900.0,157.62,465.7,RFR,,,False,0,Carrier 11186,Shipper 1386,True,False,True,5/24/2017 17:00,5/25/2017 6:00,False,False,False,False,False,False,False,False,Granite City,IL ,Granite City,IL 
2466,206576089,5/23/2017 12:53,5/23/2017 12:54,5/23/2017 17:01,5/24/2017 17:00,5/26/2017 8:00,2057.62,1900.0,157.62,465.7,RFR,,,False,0,Carrier 11186,Shipper 1248,True,False,True,5/24/2017 17:00,5/25/2017 6:00,False,False,False,False,False,False,False,False,Granite City,IL ,Granite City,IL 
2467,206576089,5/23/2017 12:53,5/23/2017 12:54,5/23/2017 17:01,5/24/2017 17:00,5/26/2017 8:00,2057.62,1900.0,157.62,465.7,RFR,,,False,0,Carrier 11186,Shipper 1387,True,False,True,5/24/2017 17:00,5/25/2017 6:00,False,False,False,False,False,False,False,False,Granite City,IL ,Granite City,IL 
2468,206576089,5/23/2017 12:53,5/23/2017 12:54,5/23/2017 17:01,5/24/2017 17:00,5/26/2017 8:00,2057.62,1900.0,157.62,465.7,RFR,,,False,0,Carrier 11186,Shipper 1388,True,False,True,5/24/2017 17:00,5/25/2017 6:00,False,False,False,False,False,False,False,False,Granite City,IL ,Granite City,IL 
2469,206579825,9/14/2017 17:41,9/14/2017 17:41,9/15/2017 12:18,9/16/2017 12:00,9/18/2017 8:40,2057.02,1800.0,257.02,649.3,DRV,,,False,1,Carrier 55001,Shipper 1249,True,True,True,9/16/2017 12:00,9/18/2017 16:30,False,False,False,False,False,False,False,False,St. Louis,MO ,St. Louis,MO 
2470,206579825,9/14/2017 17:41,9/14/2017 17:41,9/15/2017 12:18,9/16/2017 12:00,9/18/2017 8:40,2057.02,1800.0,257.02,649.3,DRV,,,False,1,Carrier 55001,Shipper 1375,True,True,True,9/16/2017 12:00,9/18/2017 16:30,False,False,False,False,False,False,False,False,St. Louis,MO ,St. Louis,MO 
2471,206579825,9/14/2017 17:41,9/14/2017 17:41,9/15/2017 12:18,9/16/2017 12:00,9/18/2017 8:40,2057.02,1800.0,257.02,649.3,DRV,,,False,1,Carrier 55001,Shipper 1386,True,True,True,9/16/2017 12:00,9/18/2017 16:30,False,False,False,False,False,False,False,False,St. Louis,MO ,St. Louis,MO 
2472,206579825,9/14/2017 17:41,9/14/2017 17:41,9/15/2017 12:18,9/16/2017 12:00,9/18/2017 8:40,2057.02,1800.0,257.02,649.3,DRV,,,False,1,Carrier 55001,Shipper 1248,True,True,True,9/16/2017 12:00,9/18/2017 16:30,False,False,False,False,False,False,False,False,St. Louis,MO ,St. Louis,MO 
2473,206579825,9/14/2017 17:41,9/14/2017 17:41,9/15/2017 12:18,9/16/2017 12:00,9/18/2017 8:40,2057.02,1800.0,257.02,649.3,DRV,,,False,1,Carrier 55001,Shipper 1387,True,True,True,9/16/2017 12:00,9/18/2017 16:30,False,False,False,False,False,False,False,False,St. Louis,MO ,St. Louis,MO 
2474,206579825,9/14/2017 17:41,9/14/2017 17:41,9/15/2017 12:18,9/16/2017 12:00,9/18/2017 8:40,2057.02,1800.0,257.02,649.3,DRV,,,False,1,Carrier 55001,Shipper 1388,True,True,True,9/16/2017 12:00,9/18/2017 16:30,False,False,False,False,False,False,False,False,St. Louis,MO ,St. Louis,MO 
2475,206605641,11/1/2017 11:23,11/1/2017 11:23,11/2/2017 8:34,11/13/2017 18:00,11/15/2017 12:00,2055.56,1980.0,75.56,778.9,RFR,,,False,0,Carrier 86454,Shipper 758,True,True,True,11/13/2017 18:00,11/15/2017 10:00,False,False,False,False,False,False,False,False,Lodi,CA ,Lodi,CA 
2476,206481833,11/6/2017 14:28,11/6/2017 14:28,11/7/2017 9:58,11/15/2017 18:00,11/17/2017 14:30,2055.56,1980.0,75.56,778.9,RFR,,,False,0,Carrier 86454,Shipper 758,True,True,True,11/15/2017 18:00,11/17/2017 9:00,False,False,False,False,False,False,False,False,Lodi,CA ,Lodi,CA 
2477,206539257,8/24/2017 17:17,8/24/2017 17:17,8/25/2017 14:26,8/25/2017 7:00,8/28/2017 7:00,2051.17,2000.0,51.17,685.5,DRV,,,False,0,Carrier 1674038,Shipper 1249,True,True,True,8/25/2017 21:00,8/28/2017 11:00,False,False,False,False,False,False,False,False,Columbus,OH ,Columbus,OH 
2478,206539257,8/24/2017 17:17,8/24/2017 17:17,8/25/2017 14:26,8/25/2017 7:00,8/28/2017 7:00,2051.17,2000.0,51.17,685.5,DRV,,,False,0,Carrier 1674038,Shipper 1375,True,True,True,8/25/2017 21:00,8/28/2017 11:00,False,False,False,False,False,False,False,False,Columbus,OH ,Columbus,OH 
2479,206539257,8/24/2017 17:17,8/24/2017 17:17,8/25/2017 14:26,8/25/2017 7:00,8/28/2017 7:00,2051.17,2000.0,51.17,685.5,DRV,,,False,0,Carrier 1674038,Shipper 1386,True,True,True,8/25/2017 21:00,8/28/2017 11:00,False,False,False,False,False,False,False,False,Columbus,OH ,Columbus,OH 
2480,206539257,8/24/2017 17:17,8/24/2017 17:17,8/25/2017 14:26,8/25/2017 7:00,8/28/2017 7:00,2051.17,2000.0,51.17,685.5,DRV,,,False,0,Carrier 1674038,Shipper 1248,True,True,True,8/25/2017 21:00,8/28/2017 11:00,False,False,False,False,False,False,False,False,Columbus,OH ,Columbus,OH 
2481,206539257,8/24/2017 17:17,8/24/2017 17:17,8/25/2017 14:26,8/25/2017 7:00,8/28/2017 7:00,2051.17,2000.0,51.17,685.5,DRV,,,False,0,Carrier 1674038,Shipper 1387,True,True,True,8/25/2017 21:00,8/28/2017 11:00,False,False,False,False,False,False,False,False,Columbus,OH ,Columbus,OH 
2482,206539257,8/24/2017 17:17,8/24/2017 17:17,8/25/2017 14:26,8/25/2017 7:00,8/28/2017 7:00,2051.17,2000.0,51.17,685.5,DRV,,,False,0,Carrier 1674038,Shipper 1388,True,True,True,8/25/2017 21:00,8/28/2017 11:00,False,False,False,False,False,False,False,False,Columbus,OH ,Columbus,OH 
2483,206440345,8/23/2017 16:33,8/23/2017 16:33,8/25/2017 8:23,8/26/2017 17:00,8/27/2017 23:00,2050.95,1830.0,220.95,649.3,DRV,,,False,0,Carrier 31074,Shipper 1249,True,True,True,8/26/2017 17:00,8/28/2017 16:30,False,False,False,False,False,False,False,False,St. Louis,MO ,St. Louis,MO 
2484,206440345,8/23/2017 16:33,8/23/2017 16:33,8/25/2017 8:23,8/26/2017 17:00,8/27/2017 23:00,2050.95,1830.0,220.95,649.3,DRV,,,False,0,Carrier 31074,Shipper 1375,True,True,True,8/26/2017 17:00,8/28/2017 16:30,False,False,False,False,False,False,False,False,St. Louis,MO ,St. Louis,MO 
2485,206440345,8/23/2017 16:33,8/23/2017 16:33,8/25/2017 8:23,8/26/2017 17:00,8/27/2017 23:00,2050.95,1830.0,220.95,649.3,DRV,,,False,0,Carrier 31074,Shipper 1386,True,True,True,8/26/2017 17:00,8/28/2017 16:30,False,False,False,False,False,False,False,False,St. Louis,MO ,St. Louis,MO 
2486,206440345,8/23/2017 16:33,8/23/2017 16:33,8/25/2017 8:23,8/26/2017 17:00,8/27/2017 23:00,2050.95,1830.0,220.95,649.3,DRV,,,False,0,Carrier 31074,Shipper 1248,True,True,True,8/26/2017 17:00,8/28/2017 16:30,False,False,False,False,False,False,False,False,St. Louis,MO ,St. Louis,MO 
2487,206440345,8/23/2017 16:33,8/23/2017 16:33,8/25/2017 8:23,8/26/2017 17:00,8/27/2017 23:00,2050.95,1830.0,220.95,649.3,DRV,,,False,0,Carrier 31074,Shipper 1387,True,True,True,8/26/2017 17:00,8/28/2017 16:30,False,False,False,False,False,False,False,False,St. Louis,MO ,St. Louis,MO 
2488,206440345,8/23/2017 16:33,8/23/2017 16:33,8/25/2017 8:23,8/26/2017 17:00,8/27/2017 23:00,2050.95,1830.0,220.95,649.3,DRV,,,False,0,Carrier 31074,Shipper 1388,True,True,True,8/26/2017 17:00,8/28/2017 16:30,False,False,False,False,False,False,False,False,St. Louis,MO ,St. Louis,MO 
2489,206485465,10/20/2017 16:51,10/20/2017 16:51,10/24/2017 18:29,10/24/2017 17:00,10/26/2017 0:30,2050.32,2750.0,-699.68,515.6,DRV,,,False,0,Carrier 1299707,Shipper 1249,True,True,True,10/25/2017 3:00,10/26/2017 23:00,False,False,False,False,False,False,False,False,St. Louis,MO ,St. Louis,MO 
2490,206485465,10/20/2017 16:51,10/20/2017 16:51,10/24/2017 18:29,10/24/2017 17:00,10/26/2017 0:30,2050.32,2750.0,-699.68,515.6,DRV,,,False,0,Carrier 1299707,Shipper 1375,True,True,True,10/25/2017 3:00,10/26/2017 23:00,False,False,False,False,False,False,False,False,St. Louis,MO ,St. Louis,MO 
2491,206485465,10/20/2017 16:51,10/20/2017 16:51,10/24/2017 18:29,10/24/2017 17:00,10/26/2017 0:30,2050.32,2750.0,-699.68,515.6,DRV,,,False,0,Carrier 1299707,Shipper 1386,True,True,True,10/25/2017 3:00,10/26/2017 23:00,False,False,False,False,False,False,False,False,St. Louis,MO ,St. Louis,MO 
2492,206485465,10/20/2017 16:51,10/20/2017 16:51,10/24/2017 18:29,10/24/2017 17:00,10/26/2017 0:30,2050.32,2750.0,-699.68,515.6,DRV,,,False,0,Carrier 1299707,Shipper 1248,True,True,True,10/25/2017 3:00,10/26/2017 23:00,False,False,False,False,False,False,False,False,St. Louis,MO ,St. Louis,MO 
2493,206485465,10/20/2017 16:51,10/20/2017 16:51,10/24/2017 18:29,10/24/2017 17:00,10/26/2017 0:30,2050.32,2750.0,-699.68,515.6,DRV,,,False,0,Carrier 1299707,Shipper 1387,True,True,True,10/25/2017 3:00,10/26/2017 23:00,False,False,False,False,False,False,False,False,St. Louis,MO ,St. Louis,MO 
2494,206485465,10/20/2017 16:51,10/20/2017 16:51,10/24/2017 18:29,10/24/2017 17:00,10/26/2017 0:30,2050.32,2750.0,-699.68,515.6,DRV,,,False,0,Carrier 1299707,Shipper 1388,True,True,True,10/25/2017 3:00,10/26/2017 23:00,False,False,False,False,False,False,False,False,St. Louis,MO ,St. Louis,MO 
2495,206558265,6/2/2017 13:00,6/2/2017 13:00,6/2/2017 14:10,6/2/2017 15:00,6/5/2017 8:45,2050.0,2200.0,-150.0,996.3,DRV,,,False,0,Carrier 963502,Shipper 585,True,True,True,6/2/2017 15:00,6/5/2017 10:00,False,False,False,False,False,False,False,False,Plant City,FL ,Plant City,FL 
2496,206597769,9/18/2017 17:09,9/18/2017 17:09,9/21/2017 8:49,9/21/2017 7:00,9/22/2017 10:45,2043.84,2100.0,-56.16,589.4,RFR,,,False,1,Carrier 1479797,Shipper 1249,True,True,True,9/21/2017 13:00,9/22/2017 14:00,False,False,False,False,False,False,False,False,Granite City,IL ,Granite City,IL 
2497,206597769,9/18/2017 17:09,9/18/2017 17:09,9/21/2017 8:49,9/21/2017 7:00,9/22/2017 10:45,2043.84,2100.0,-56.16,589.4,RFR,,,False,1,Carrier 1479797,Shipper 1375,True,True,True,9/21/2017 13:00,9/22/2017 14:00,False,False,False,False,False,False,False,False,Granite City,IL ,Granite City,IL 
2498,206597769,9/18/2017 17:09,9/18/2017 17:09,9/21/2017 8:49,9/21/2017 7:00,9/22/2017 10:45,2043.84,2100.0,-56.16,589.4,RFR,,,False,1,Carrier 1479797,Shipper 1386,True,True,True,9/21/2017 13:00,9/22/2017 14:00,False,False,False,False,False,False,False,False,Granite City,IL ,Granite City,IL 
2499,206597769,9/18/2017 17:09,9/18/2017 17:09,9/21/2017 8:49,9/21/2017 7:00,9/22/2017 10:45,2043.84,2100.0,-56.16,589.4,RFR,,,False,1,Carrier 1479797,Shipper 1248,True,True,True,9/21/2017 13:00,9/22/2017 14:00,False,False,False,False,False,False,False,False,Granite City,IL ,Granite City,IL 
2500,206597769,9/18/2017 17:09,9/18/2017 17:09,9/21/2017 8:49,9/21/2017 7:00,9/22/2017 10:45,2043.84,2100.0,-56.16,589.4,RFR,,,False,1,Carrier 1479797,Shipper 1387,True,True,True,9/21/2017 13:00,9/22/2017 14:00,False,False,False,False,False,False,False,False,Granite City,IL ,Granite City,IL 
2501,206597769,9/18/2017 17:09,9/18/2017 17:09,9/21/2017 8:49,9/21/2017 7:00,9/22/2017 10:45,2043.84,2100.0,-56.16,589.4,RFR,,,False,1,Carrier 1479797,Shipper 1388,True,True,True,9/21/2017 13:00,9/22/2017 14:00,False,False,False,False,False,False,False,False,Granite City,IL ,Granite City,IL 
2502,206640825,9/12/2017 16:39,9/12/2017 16:39,9/14/2017 12:10,9/14/2017 23:00,9/15/2017 14:00,2042.98,1600.0,442.98,372.4,RFR,,,False,0,Carrier 1695511,Shipper 1249,True,True,True,9/14/2017 23:00,9/15/2017 15:00,False,False,False,False,False,False,False,False,Granite City,IL ,Granite City,IL 
2503,206640825,9/12/2017 16:39,9/12/2017 16:39,9/14/2017 12:10,9/14/2017 23:00,9/15/2017 14:00,2042.98,1600.0,442.98,372.4,RFR,,,False,0,Carrier 1695511,Shipper 1375,True,True,True,9/14/2017 23:00,9/15/2017 15:00,False,False,False,False,False,False,False,False,Granite City,IL ,Granite City,IL 
2504,206640825,9/12/2017 16:39,9/12/2017 16:39,9/14/2017 12:10,9/14/2017 23:00,9/15/2017 14:00,2042.98,1600.0,442.98,372.4,RFR,,,False,0,Carrier 1695511,Shipper 1386,True,True,True,9/14/2017 23:00,9/15/2017 15:00,False,False,False,False,False,False,False,False,Granite City,IL ,Granite City,IL 
2505,206640825,9/12/2017 16:39,9/12/2017 16:39,9/14/2017 12:10,9/14/2017 23:00,9/15/2017 14:00,2042.98,1600.0,442.98,372.4,RFR,,,False,0,Carrier 1695511,Shipper 1248,True,True,True,9/14/2017 23:00,9/15/2017 15:00,False,False,False,False,False,False,False,False,Granite City,IL ,Granite City,IL 
2506,206640825,9/12/2017 16:39,9/12/2017 16:39,9/14/2017 12:10,9/14/2017 23:00,9/15/2017 14:00,2042.98,1600.0,442.98,372.4,RFR,,,False,0,Carrier 1695511,Shipper 1387,True,True,True,9/14/2017 23:00,9/15/2017 15:00,False,False,False,False,False,False,False,False,Granite City,IL ,Granite City,IL 
2507,206640825,9/12/2017 16:39,9/12/2017 16:39,9/14/2017 12:10,9/14/2017 23:00,9/15/2017 14:00,2042.98,1600.0,442.98,372.4,RFR,,,False,0,Carrier 1695511,Shipper 1388,True,True,True,9/14/2017 23:00,9/15/2017 15:00,False,False,False,False,False,False,False,False,Granite City,IL ,Granite City,IL 
2508,206429961,5/30/2017 14:41,5/30/2017 14:41,5/31/2017 9:23,5/31/2017 20:00,6/2/2017 9:00,2041.79,1800.0,241.79,743.5,DRV,,,False,0,Carrier 48399,Shipper 1249,True,True,True,5/31/2017 20:00,6/2/2017 8:00,False,False,False,False,False,False,False,False,Fort Collins,CO ,Fort Collins,CO 
2509,206429961,5/30/2017 14:41,5/30/2017 14:41,5/31/2017 9:23,5/31/2017 20:00,6/2/2017 9:00,2041.79,1800.0,241.79,743.5,DRV,,,False,0,Carrier 48399,Shipper 1375,True,True,True,5/31/2017 20:00,6/2/2017 8:00,False,False,False,False,False,False,False,False,Fort Collins,CO ,Fort Collins,CO 
2510,206429961,5/30/2017 14:41,5/30/2017 14:41,5/31/2017 9:23,5/31/2017 20:00,6/2/2017 9:00,2041.79,1800.0,241.79,743.5,DRV,,,False,0,Carrier 48399,Shipper 1386,True,True,True,5/31/2017 20:00,6/2/2017 8:00,False,False,False,False,False,False,False,False,Fort Collins,CO ,Fort Collins,CO 
2511,206429961,5/30/2017 14:41,5/30/2017 14:41,5/31/2017 9:23,5/31/2017 20:00,6/2/2017 9:00,2041.79,1800.0,241.79,743.5,DRV,,,False,0,Carrier 48399,Shipper 1248,True,True,True,5/31/2017 20:00,6/2/2017 8:00,False,False,False,False,False,False,False,False,Fort Collins,CO ,Fort Collins,CO 
2512,206429961,5/30/2017 14:41,5/30/2017 14:41,5/31/2017 9:23,5/31/2017 20:00,6/2/2017 9:00,2041.79,1800.0,241.79,743.5,DRV,,,False,0,Carrier 48399,Shipper 1387,True,True,True,5/31/2017 20:00,6/2/2017 8:00,False,False,False,False,False,False,False,False,Fort Collins,CO ,Fort Collins,CO 
2513,206429961,5/30/2017 14:41,5/30/2017 14:41,5/31/2017 9:23,5/31/2017 20:00,6/2/2017 9:00,2041.79,1800.0,241.79,743.5,DRV,,,False,0,Carrier 48399,Shipper 1388,True,True,True,5/31/2017 20:00,6/2/2017 8:00,False,False,False,False,False,False,False,False,Fort Collins,CO ,Fort Collins,CO 
2514,206448257,8/21/2017 10:51,8/21/2017 10:52,8/26/2017 9:11,8/28/2017 17:00,8/30/2017 13:30,2041.67,1940.0,101.67,1278.7,DRV,,,False,0,Carrier 1438707,Shipper 1249,True,True,True,8/28/2017 17:00,8/30/2017 13:00,False,False,False,False,False,False,False,False,Fort Collins,CO ,Fort Collins,CO 
2515,206448257,8/21/2017 10:51,8/21/2017 10:52,8/26/2017 9:11,8/28/2017 17:00,8/30/2017 13:30,2041.67,1940.0,101.67,1278.7,DRV,,,False,0,Carrier 1438707,Shipper 1375,True,True,True,8/28/2017 17:00,8/30/2017 13:00,False,False,False,False,False,False,False,False,Fort Collins,CO ,Fort Collins,CO 
2516,206448257,8/21/2017 10:51,8/21/2017 10:52,8/26/2017 9:11,8/28/2017 17:00,8/30/2017 13:30,2041.67,1940.0,101.67,1278.7,DRV,,,False,0,Carrier 1438707,Shipper 1386,True,True,True,8/28/2017 17:00,8/30/2017 13:00,False,False,False,False,False,False,False,False,Fort Collins,CO ,Fort Collins,CO 
2517,206448257,8/21/2017 10:51,8/21/2017 10:52,8/26/2017 9:11,8/28/2017 17:00,8/30/2017 13:30,2041.67,1940.0,101.67,1278.7,DRV,,,False,0,Carrier 1438707,Shipper 1248,True,True,True,8/28/2017 17:00,8/30/2017 13:00,False,False,False,False,False,False,False,False,Fort Collins,CO ,Fort Collins,CO 
2518,206448257,8/21/2017 10:51,8/21/2017 10:52,8/26/2017 9:11,8/28/2017 17:00,8/30/2017 13:30,2041.67,1940.0,101.67,1278.7,DRV,,,False,0,Carrier 1438707,Shipper 1387,True,True,True,8/28/2017 17:00,8/30/2017 13:00,False,False,False,False,False,False,False,False,Fort Collins,CO ,Fort Collins,CO 
2519,206448257,8/21/2017 10:51,8/21/2017 10:52,8/26/2017 9:11,8/28/2017 17:00,8/30/2017 13:30,2041.67,1940.0,101.67,1278.7,DRV,,,False,0,Carrier 1438707,Shipper 1388,True,True,True,8/28/2017 17:00,8/30/2017 13:00,False,False,False,False,False,False,False,False,Fort Collins,CO ,Fort Collins,CO 
2520,206665257,9/8/2017 19:36,9/8/2017 19:36,9/9/2017 11:51,9/10/2017 18:00,9/11/2017 4:10,2041.02,2000.0,41.02,268.7,DRV,,,False,0,Carrier 24626,Shipper 1249,True,True,True,9/10/2017 18:00,9/11/2017 6:00,False,False,False,False,False,False,False,False,Williamsburg,VA ,Williamsburg,VA 
2521,206665257,9/8/2017 19:36,9/8/2017 19:36,9/9/2017 11:51,9/10/2017 18:00,9/11/2017 4:10,2041.02,2000.0,41.02,268.7,DRV,,,False,0,Carrier 24626,Shipper 1375,True,True,True,9/10/2017 18:00,9/11/2017 6:00,False,False,False,False,False,False,False,False,Williamsburg,VA ,Williamsburg,VA 
2522,206665257,9/8/2017 19:36,9/8/2017 19:36,9/9/2017 11:51,9/10/2017 18:00,9/11/2017 4:10,2041.02,2000.0,41.02,268.7,DRV,,,False,0,Carrier 24626,Shipper 1386,True,True,True,9/10/2017 18:00,9/11/2017 6:00,False,False,False,False,False,False,False,False,Williamsburg,VA ,Williamsburg,VA 
2523,206665257,9/8/2017 19:36,9/8/2017 19:36,9/9/2017 11:51,9/10/2017 18:00,9/11/2017 4:10,2041.02,2000.0,41.02,268.7,DRV,,,False,0,Carrier 24626,Shipper 1248,True,True,True,9/10/2017 18:00,9/11/2017 6:00,False,False,False,False,False,False,False,False,Williamsburg,VA ,Williamsburg,VA 
2524,206665257,9/8/2017 19:36,9/8/2017 19:36,9/9/2017 11:51,9/10/2017 18:00,9/11/2017 4:10,2041.02,2000.0,41.02,268.7,DRV,,,False,0,Carrier 24626,Shipper 1387,True,True,True,9/10/2017 18:00,9/11/2017 6:00,False,False,False,False,False,False,False,False,Williamsburg,VA ,Williamsburg,VA 
2525,206665257,9/8/2017 19:36,9/8/2017 19:36,9/9/2017 11:51,9/10/2017 18:00,9/11/2017 4:10,2041.02,2000.0,41.02,268.7,DRV,,,False,0,Carrier 24626,Shipper 1388,True,True,True,9/10/2017 18:00,9/11/2017 6:00,False,False,False,False,False,False,False,False,Williamsburg,VA ,Williamsburg,VA 
2526,206435777,11/7/2017 12:24,11/7/2017 12:24,11/8/2017 9:38,11/8/2017 12:00,11/9/2017 11:06,2040.57,1900.0,140.57,561.3,DRV,,,False,0,Carrier 451864,Shipper 1644,True,True,True,11/8/2017 12:00,11/9/2017 8:30,False,False,False,False,False,False,False,False,Naperville,IL ,Naperville,IL 
2527,206527361,2/28/2017 12:26,2/28/2017 12:27,3/3/2017 11:28,3/8/2017 20:00,3/10/2017 13:30,2040.28,1600.0,440.28,778.9,RFR,3.0,,False,0,Carrier 73246,Shipper 758,True,True,True,3/8/2017 20:00,3/10/2017 12:00,False,False,False,False,False,False,False,False,Lodi,CA ,Lodi,CA 
2528,206438081,8/3/2017 16:03,8/3/2017 16:03,8/3/2017 17:59,8/4/2017 9:00,8/7/2017 9:00,2040.0,1800.0,240.0,1102.6,DRV,,,False,0,Carrier 651583,Shipper 585,True,True,True,8/4/2017 16:00,8/7/2017 7:00,False,False,False,False,False,False,False,False,Plant City,FL ,Plant City,FL 
2529,206488825,5/31/2017 14:18,5/31/2017 14:18,5/31/2017 19:46,6/1/2017 0:00,6/1/2017 6:58,2038.33,1900.0,138.33,168.4,DRV,,,False,0,Carrier 685179,Shipper 1249,True,True,True,6/1/2017 0:00,6/1/2017 10:00,False,False,False,False,False,False,False,False,Williamsburg,VA ,Williamsburg,VA 
2530,206488825,5/31/2017 14:18,5/31/2017 14:18,5/31/2017 19:46,6/1/2017 0:00,6/1/2017 6:58,2038.33,1900.0,138.33,168.4,DRV,,,False,0,Carrier 685179,Shipper 1375,True,True,True,6/1/2017 0:00,6/1/2017 10:00,False,False,False,False,False,False,False,False,Williamsburg,VA ,Williamsburg,VA 
2531,206488825,5/31/2017 14:18,5/31/2017 14:18,5/31/2017 19:46,6/1/2017 0:00,6/1/2017 6:58,2038.33,1900.0,138.33,168.4,DRV,,,False,0,Carrier 685179,Shipper 1386,True,True,True,6/1/2017 0:00,6/1/2017 10:00,False,False,False,False,False,False,False,False,Williamsburg,VA ,Williamsburg,VA 
2532,206488825,5/31/2017 14:18,5/31/2017 14:18,5/31/2017 19:46,6/1/2017 0:00,6/1/2017 6:58,2038.33,1900.0,138.33,168.4,DRV,,,False,0,Carrier 685179,Shipper 1248,True,True,True,6/1/2017 0:00,6/1/2017 10:00,False,False,False,False,False,False,False,False,Williamsburg,VA ,Williamsburg,VA 
2533,206488825,5/31/2017 14:18,5/31/2017 14:18,5/31/2017 19:46,6/1/2017 0:00,6/1/2017 6:58,2038.33,1900.0,138.33,168.4,DRV,,,False,0,Carrier 685179,Shipper 1387,True,True,True,6/1/2017 0:00,6/1/2017 10:00,False,False,False,False,False,False,False,False,Williamsburg,VA ,Williamsburg,VA 
2534,206488825,5/31/2017 14:18,5/31/2017 14:18,5/31/2017 19:46,6/1/2017 0:00,6/1/2017 6:58,2038.33,1900.0,138.33,168.4,DRV,,,False,0,Carrier 685179,Shipper 1388,True,True,True,6/1/2017 0:00,6/1/2017 10:00,False,False,False,False,False,False,False,False,Williamsburg,VA ,Williamsburg,VA 
2535,206554553,4/17/2017 17:42,4/17/2017 17:42,4/19/2017 16:50,4/20/2017 6:00,4/22/2017 8:00,2037.1,2350.0,-312.9,625.1,RFR,,,False,0,Carrier 1008878,Shipper 1249,,,,4/20/2017 6:00,4/22/2017 10:00,False,False,False,False,False,False,False,False,Granite City,IL ,Granite City,IL 
2536,206554553,4/17/2017 17:42,4/17/2017 17:42,4/19/2017 16:50,4/20/2017 6:00,4/22/2017 8:00,2037.1,2350.0,-312.9,625.1,RFR,,,False,0,Carrier 1008878,Shipper 1375,,,,4/20/2017 6:00,4/22/2017 10:00,False,False,False,False,False,False,False,False,Granite City,IL ,Granite City,IL 
2537,206554553,4/17/2017 17:42,4/17/2017 17:42,4/19/2017 16:50,4/20/2017 6:00,4/22/2017 8:00,2037.1,2350.0,-312.9,625.1,RFR,,,False,0,Carrier 1008878,Shipper 1386,,,,4/20/2017 6:00,4/22/2017 10:00,False,False,False,False,False,False,False,False,Granite City,IL ,Granite City,IL 
2538,206554553,4/17/2017 17:42,4/17/2017 17:42,4/19/2017 16:50,4/20/2017 6:00,4/22/2017 8:00,2037.1,2350.0,-312.9,625.1,RFR,,,False,0,Carrier 1008878,Shipper 1248,,,,4/20/2017 6:00,4/22/2017 10:00,False,False,False,False,False,False,False,False,Granite City,IL ,Granite City,IL 
2539,206554553,4/17/2017 17:42,4/17/2017 17:42,4/19/2017 16:50,4/20/2017 6:00,4/22/2017 8:00,2037.1,2350.0,-312.9,625.1,RFR,,,False,0,Carrier 1008878,Shipper 1387,,,,4/20/2017 6:00,4/22/2017 10:00,False,False,False,False,False,False,False,False,Granite City,IL ,Granite City,IL 
2540,206554553,4/17/2017 17:42,4/17/2017 17:42,4/19/2017 16:50,4/20/2017 6:00,4/22/2017 8:00,2037.1,2350.0,-312.9,625.1,RFR,,,False,0,Carrier 1008878,Shipper 1388,,,,4/20/2017 6:00,4/22/2017 10:00,False,False,False,False,False,False,False,False,Granite City,IL ,Granite City,IL 
2541,206533985,10/20/2017 15:34,10/20/2017 15:34,10/25/2017 9:37,10/25/2017 15:00,10/26/2017 17:05,2036.34,1900.0,136.34,605.4,DRV,,,False,0,Carrier 985182,Shipper 758,True,False,False,10/25/2017 15:00,10/26/2017 11:00,False,False,False,False,False,False,False,False,Idaho Falls,ID ,Idaho Falls,ID 
2542,206552521,8/4/2017 16:17,8/4/2017 16:17,8/8/2017 15:23,8/8/2017 19:00,8/10/2017 12:00,2035.65,2300.0,-264.35,1216.0,DRV,,,False,1,Carrier 1695438,Shipper 1249,True,True,True,8/8/2017 19:00,8/10/2017 10:00,False,False,False,False,False,False,False,False,Fort Collins,CO ,Fort Collins,CO 
2543,206552521,8/4/2017 16:17,8/4/2017 16:17,8/8/2017 15:23,8/8/2017 19:00,8/10/2017 12:00,2035.65,2300.0,-264.35,1216.0,DRV,,,False,1,Carrier 1695438,Shipper 1375,True,True,True,8/8/2017 19:00,8/10/2017 10:00,False,False,False,False,False,False,False,False,Fort Collins,CO ,Fort Collins,CO 
2544,206552521,8/4/2017 16:17,8/4/2017 16:17,8/8/2017 15:23,8/8/2017 19:00,8/10/2017 12:00,2035.65,2300.0,-264.35,1216.0,DRV,,,False,1,Carrier 1695438,Shipper 1386,True,True,True,8/8/2017 19:00,8/10/2017 10:00,False,False,False,False,False,False,False,False,Fort Collins,CO ,Fort Collins,CO 
2545,206552521,8/4/2017 16:17,8/4/2017 16:17,8/8/2017 15:23,8/8/2017 19:00,8/10/2017 12:00,2035.65,2300.0,-264.35,1216.0,DRV,,,False,1,Carrier 1695438,Shipper 1248,True,True,True,8/8/2017 19:00,8/10/2017 10:00,False,False,False,False,False,False,False,False,Fort Collins,CO ,Fort Collins,CO 
2546,206552521,8/4/2017 16:17,8/4/2017 16:17,8/8/2017 15:23,8/8/2017 19:00,8/10/2017 12:00,2035.65,2300.0,-264.35,1216.0,DRV,,,False,1,Carrier 1695438,Shipper 1387,True,True,True,8/8/2017 19:00,8/10/2017 10:00,False,False,False,False,False,False,False,False,Fort Collins,CO ,Fort Collins,CO 
2547,206552521,8/4/2017 16:17,8/4/2017 16:17,8/8/2017 15:23,8/8/2017 19:00,8/10/2017 12:00,2035.65,2300.0,-264.35,1216.0,DRV,,,False,1,Carrier 1695438,Shipper 1388,True,True,True,8/8/2017 19:00,8/10/2017 10:00,False,False,False,False,False,False,False,False,Fort Collins,CO ,Fort Collins,CO 
2548,206712025,5/12/2017 16:34,5/12/2017 16:34,5/13/2017 16:33,5/14/2017 7:00,5/15/2017 12:00,2034.07,2000.0,34.07,661.4,DRV,,,False,0,Carrier 61452,Shipper 1249,True,True,True,5/14/2017 12:00,5/15/2017 14:00,False,False,False,False,False,False,False,False,Cartersville,GA ,Cartersville,GA 
2549,206712025,5/12/2017 16:34,5/12/2017 16:34,5/13/2017 16:33,5/14/2017 7:00,5/15/2017 12:00,2034.07,2000.0,34.07,661.4,DRV,,,False,0,Carrier 61452,Shipper 1375,True,True,True,5/14/2017 12:00,5/15/2017 14:00,False,False,False,False,False,False,False,False,Cartersville,GA ,Cartersville,GA 
2550,206712025,5/12/2017 16:34,5/12/2017 16:34,5/13/2017 16:33,5/14/2017 7:00,5/15/2017 12:00,2034.07,2000.0,34.07,661.4,DRV,,,False,0,Carrier 61452,Shipper 1386,True,True,True,5/14/2017 12:00,5/15/2017 14:00,False,False,False,False,False,False,False,False,Cartersville,GA ,Cartersville,GA 
2551,206712025,5/12/2017 16:34,5/12/2017 16:34,5/13/2017 16:33,5/14/2017 7:00,5/15/2017 12:00,2034.07,2000.0,34.07,661.4,DRV,,,False,0,Carrier 61452,Shipper 1248,True,True,True,5/14/2017 12:00,5/15/2017 14:00,False,False,False,False,False,False,False,False,Cartersville,GA ,Cartersville,GA 
2552,206712025,5/12/2017 16:34,5/12/2017 16:34,5/13/2017 16:33,5/14/2017 7:00,5/15/2017 12:00,2034.07,2000.0,34.07,661.4,DRV,,,False,0,Carrier 61452,Shipper 1387,True,True,True,5/14/2017 12:00,5/15/2017 14:00,False,False,False,False,False,False,False,False,Cartersville,GA ,Cartersville,GA 
2553,206712025,5/12/2017 16:34,5/12/2017 16:34,5/13/2017 16:33,5/14/2017 7:00,5/15/2017 12:00,2034.07,2000.0,34.07,661.4,DRV,,,False,0,Carrier 61452,Shipper 1388,True,True,True,5/14/2017 12:00,5/15/2017 14:00,False,False,False,False,False,False,False,False,Cartersville,GA ,Cartersville,GA 
2554,206573953,5/26/2017 14:15,5/26/2017 14:15,5/26/2017 17:35,5/29/2017 21:00,5/31/2017 12:15,2033.48,1500.0,533.48,210.8,DRV,,,False,0,Carrier 31074,Shipper 1249,True,True,True,5/29/2017 21:00,5/31/2017 12:00,False,False,False,False,False,False,False,False,Williamsburg,VA ,Williamsburg,VA 
2555,206573953,5/26/2017 14:15,5/26/2017 14:15,5/26/2017 17:35,5/29/2017 21:00,5/31/2017 12:15,2033.48,1500.0,533.48,210.8,DRV,,,False,0,Carrier 31074,Shipper 1375,True,True,True,5/29/2017 21:00,5/31/2017 12:00,False,False,False,False,False,False,False,False,Williamsburg,VA ,Williamsburg,VA 
2556,206573953,5/26/2017 14:15,5/26/2017 14:15,5/26/2017 17:35,5/29/2017 21:00,5/31/2017 12:15,2033.48,1500.0,533.48,210.8,DRV,,,False,0,Carrier 31074,Shipper 1386,True,True,True,5/29/2017 21:00,5/31/2017 12:00,False,False,False,False,False,False,False,False,Williamsburg,VA ,Williamsburg,VA 
2557,206573953,5/26/2017 14:15,5/26/2017 14:15,5/26/2017 17:35,5/29/2017 21:00,5/31/2017 12:15,2033.48,1500.0,533.48,210.8,DRV,,,False,0,Carrier 31074,Shipper 1248,True,True,True,5/29/2017 21:00,5/31/2017 12:00,False,False,False,False,False,False,False,False,Williamsburg,VA ,Williamsburg,VA 
2558,206573953,5/26/2017 14:15,5/26/2017 14:15,5/26/2017 17:35,5/29/2017 21:00,5/31/2017 12:15,2033.48,1500.0,533.48,210.8,DRV,,,False,0,Carrier 31074,Shipper 1387,True,True,True,5/29/2017 21:00,5/31/2017 12:00,False,False,False,False,False,False,False,False,Williamsburg,VA ,Williamsburg,VA 
2559,206573953,5/26/2017 14:15,5/26/2017 14:15,5/26/2017 17:35,5/29/2017 21:00,5/31/2017 12:15,2033.48,1500.0,533.48,210.8,DRV,,,False,0,Carrier 31074,Shipper 1388,True,True,True,5/29/2017 21:00,5/31/2017 12:00,False,False,False,False,False,False,False,False,Williamsburg,VA ,Williamsburg,VA 
2560,206478209,5/26/2017 14:09,5/26/2017 14:09,5/26/2017 15:41,5/29/2017 1:00,5/29/2017 7:00,2033.3,1500.0,533.3,187.9,DRV,,,False,0,Carrier 31074,Shipper 1249,True,True,True,5/29/2017 1:00,5/29/2017 12:00,False,False,False,False,False,False,False,False,Williamsburg,VA ,Williamsburg,VA 
2561,206440033,5/26/2017 14:06,5/26/2017 14:06,5/26/2017 15:40,5/29/2017 1:00,5/29/2017 9:00,2033.3,1500.0,533.3,187.9,DRV,,,False,0,Carrier 31074,Shipper 1249,True,True,True,5/29/2017 1:00,5/29/2017 12:00,False,False,False,False,False,False,False,False,Williamsburg,VA ,Williamsburg,VA 
2562,206478209,5/26/2017 14:09,5/26/2017 14:09,5/26/2017 15:41,5/29/2017 1:00,5/29/2017 7:00,2033.3,1500.0,533.3,187.9,DRV,,,False,0,Carrier 31074,Shipper 1375,True,True,True,5/29/2017 1:00,5/29/2017 12:00,False,False,False,False,False,False,False,False,Williamsburg,VA ,Williamsburg,VA 
2563,206440033,5/26/2017 14:06,5/26/2017 14:06,5/26/2017 15:40,5/29/2017 1:00,5/29/2017 9:00,2033.3,1500.0,533.3,187.9,DRV,,,False,0,Carrier 31074,Shipper 1375,True,True,True,5/29/2017 1:00,5/29/2017 12:00,False,False,False,False,False,False,False,False,Williamsburg,VA ,Williamsburg,VA 
2564,206478209,5/26/2017 14:09,5/26/2017 14:09,5/26/2017 15:41,5/29/2017 1:00,5/29/2017 7:00,2033.3,1500.0,533.3,187.9,DRV,,,False,0,Carrier 31074,Shipper 1386,True,True,True,5/29/2017 1:00,5/29/2017 12:00,False,False,False,False,False,False,False,False,Williamsburg,VA ,Williamsburg,VA 
2565,206440033,5/26/2017 14:06,5/26/2017 14:06,5/26/2017 15:40,5/29/2017 1:00,5/29/2017 9:00,2033.3,1500.0,533.3,187.9,DRV,,,False,0,Carrier 31074,Shipper 1386,True,True,True,5/29/2017 1:00,5/29/2017 12:00,False,False,False,False,False,False,False,False,Williamsburg,VA ,Williamsburg,VA 
2566,206478209,5/26/2017 14:09,5/26/2017 14:09,5/26/2017 15:41,5/29/2017 1:00,5/29/2017 7:00,2033.3,1500.0,533.3,187.9,DRV,,,False,0,Carrier 31074,Shipper 1248,True,True,True,5/29/2017 1:00,5/29/2017 12:00,False,False,False,False,False,False,False,False,Williamsburg,VA ,Williamsburg,VA 
2567,206440033,5/26/2017 14:06,5/26/2017 14:06,5/26/2017 15:40,5/29/2017 1:00,5/29/2017 9:00,2033.3,1500.0,533.3,187.9,DRV,,,False,0,Carrier 31074,Shipper 1248,True,True,True,5/29/2017 1:00,5/29/2017 12:00,False,False,False,False,False,False,False,False,Williamsburg,VA ,Williamsburg,VA 
2568,206478209,5/26/2017 14:09,5/26/2017 14:09,5/26/2017 15:41,5/29/2017 1:00,5/29/2017 7:00,2033.3,1500.0,533.3,187.9,DRV,,,False,0,Carrier 31074,Shipper 1387,True,True,True,5/29/2017 1:00,5/29/2017 12:00,False,False,False,False,False,False,False,False,Williamsburg,VA ,Williamsburg,VA 
2569,206440033,5/26/2017 14:06,5/26/2017 14:06,5/26/2017 15:40,5/29/2017 1:00,5/29/2017 9:00,2033.3,1500.0,533.3,187.9,DRV,,,False,0,Carrier 31074,Shipper 1387,True,True,True,5/29/2017 1:00,5/29/2017 12:00,False,False,False,False,False,False,False,False,Williamsburg,VA ,Williamsburg,VA 
2570,206478209,5/26/2017 14:09,5/26/2017 14:09,5/26/2017 15:41,5/29/2017 1:00,5/29/2017 7:00,2033.3,1500.0,533.3,187.9,DRV,,,False,0,Carrier 31074,Shipper 1388,True,True,True,5/29/2017 1:00,5/29/2017 12:00,False,False,False,False,False,False,False,False,Williamsburg,VA ,Williamsburg,VA 
2571,206440033,5/26/2017 14:06,5/26/2017 14:06,5/26/2017 15:40,5/29/2017 1:00,5/29/2017 9:00,2033.3,1500.0,533.3,187.9,DRV,,,False,0,Carrier 31074,Shipper 1388,True,True,True,5/29/2017 1:00,5/29/2017 12:00,False,False,False,False,False,False,False,False,Williamsburg,VA ,Williamsburg,VA 
2572,206433313,6/27/2017 15:47,6/27/2017 15:47,6/29/2017 8:28,6/29/2017 7:00,6/30/2017 8:20,2032.69,1950.0,82.69,662.2,DRV,,,False,0,Carrier 1049222,Shipper 973,True,True,True,6/29/2017 14:00,6/30/2017 16:00,False,False,False,False,False,False,False,False,Georgetown,SC ,Georgetown,SC 
2573,206484265,5/26/2017 14:00,5/26/2017 14:00,5/26/2017 16:20,5/31/2017 18:00,6/1/2017 12:00,2031.68,1000.0,1031.68,173.3,DRV,,,False,0,Carrier 1612575,Shipper 1249,True,True,True,5/31/2017 18:00,6/1/2017 10:30,False,False,False,False,False,False,False,False,Fort Collins,CO ,Fort Collins,CO 
2574,206484265,5/26/2017 14:00,5/26/2017 14:00,5/26/2017 16:20,5/31/2017 18:00,6/1/2017 12:00,2031.68,1000.0,1031.68,173.3,DRV,,,False,0,Carrier 1612575,Shipper 1375,True,True,True,5/31/2017 18:00,6/1/2017 10:30,False,False,False,False,False,False,False,False,Fort Collins,CO ,Fort Collins,CO 
2575,206484265,5/26/2017 14:00,5/26/2017 14:00,5/26/2017 16:20,5/31/2017 18:00,6/1/2017 12:00,2031.68,1000.0,1031.68,173.3,DRV,,,False,0,Carrier 1612575,Shipper 1386,True,True,True,5/31/2017 18:00,6/1/2017 10:30,False,False,False,False,False,False,False,False,Fort Collins,CO ,Fort Collins,CO 
2576,206484265,5/26/2017 14:00,5/26/2017 14:00,5/26/2017 16:20,5/31/2017 18:00,6/1/2017 12:00,2031.68,1000.0,1031.68,173.3,DRV,,,False,0,Carrier 1612575,Shipper 1248,True,True,True,5/31/2017 18:00,6/1/2017 10:30,False,False,False,False,False,False,False,False,Fort Collins,CO ,Fort Collins,CO 
2577,206484265,5/26/2017 14:00,5/26/2017 14:00,5/26/2017 16:20,5/31/2017 18:00,6/1/2017 12:00,2031.68,1000.0,1031.68,173.3,DRV,,,False,0,Carrier 1612575,Shipper 1387,True,True,True,5/31/2017 18:00,6/1/2017 10:30,False,False,False,False,False,False,False,False,Fort Collins,CO ,Fort Collins,CO 
2578,206484265,5/26/2017 14:00,5/26/2017 14:00,5/26/2017 16:20,5/31/2017 18:00,6/1/2017 12:00,2031.68,1000.0,1031.68,173.3,DRV,,,False,0,Carrier 1612575,Shipper 1388,True,True,True,5/31/2017 18:00,6/1/2017 10:30,False,False,False,False,False,False,False,False,Fort Collins,CO ,Fort Collins,CO 
2579,206690297,8/14/2017 9:35,8/14/2017 9:35,8/22/2017 12:37,8/23/2017 13:00,8/25/2017 10:45,2030.0,1900.0,130.0,1273.9,DRV,,,False,0,Carrier 370235,Shipper 585,True,True,True,8/23/2017 13:00,8/25/2017 11:00,False,False,False,False,False,False,False,False,Plant City,FL ,Plant City,FL 
2580,206541361,8/3/2017 11:06,8/3/2017 11:06,8/3/2017 13:09,8/4/2017 8:00,8/7/2017 10:30,2030.0,1900.0,130.0,1273.9,DRV,,,False,0,Carrier 370235,Shipper 585,True,False,False,8/4/2017 16:00,8/7/2017 9:00,False,False,False,False,False,False,False,False,Plant City,FL ,Plant City,FL 
2581,206473641,8/4/2017 15:52,8/4/2017 15:52,8/18/2017 9:23,8/18/2017 8:00,8/21/2017 7:00,2030.0,1900.0,130.0,1273.9,DRV,,,False,0,Carrier 1215413,Shipper 585,True,True,True,8/18/2017 16:00,8/21/2017 6:00,False,False,False,False,False,False,False,False,Plant City,FL ,Plant City,FL 
2582,206486601,8/28/2017 9:24,8/28/2017 9:25,9/27/2017 14:03,9/29/2017 15:00,10/2/2017 9:25,2030.0,1900.0,130.0,1273.9,DRV,,,False,0,Carrier 1693338,Shipper 585,True,True,True,9/29/2017 17:00,10/2/2017 9:00,False,False,False,False,False,False,False,False,Plant City,FL ,Plant City,FL 
2583,206467977,9/20/2017 17:06,9/20/2017 17:06,9/25/2017 8:57,9/24/2017 15:00,9/26/2017 13:45,2028.98,2300.0,-271.02,1010.6,DRV,,,False,2,Carrier 1695527,Shipper 1249,True,True,True,9/24/2017 16:00,9/26/2017 10:00,False,False,False,False,False,False,False,False,Fort Collins,CO ,Fort Collins,CO 
2584,206467977,9/20/2017 17:06,9/20/2017 17:06,9/25/2017 8:57,9/24/2017 15:00,9/26/2017 13:45,2028.98,2300.0,-271.02,1010.6,DRV,,,False,2,Carrier 1695527,Shipper 1375,True,True,True,9/24/2017 16:00,9/26/2017 10:00,False,False,False,False,False,False,False,False,Fort Collins,CO ,Fort Collins,CO 
2585,206467977,9/20/2017 17:06,9/20/2017 17:06,9/25/2017 8:57,9/24/2017 15:00,9/26/2017 13:45,2028.98,2300.0,-271.02,1010.6,DRV,,,False,2,Carrier 1695527,Shipper 1386,True,True,True,9/24/2017 16:00,9/26/2017 10:00,False,False,False,False,False,False,False,False,Fort Collins,CO ,Fort Collins,CO 
2586,206467977,9/20/2017 17:06,9/20/2017 17:06,9/25/2017 8:57,9/24/2017 15:00,9/26/2017 13:45,2028.98,2300.0,-271.02,1010.6,DRV,,,False,2,Carrier 1695527,Shipper 1248,True,True,True,9/24/2017 16:00,9/26/2017 10:00,False,False,False,False,False,False,False,False,Fort Collins,CO ,Fort Collins,CO 
2587,206467977,9/20/2017 17:06,9/20/2017 17:06,9/25/2017 8:57,9/24/2017 15:00,9/26/2017 13:45,2028.98,2300.0,-271.02,1010.6,DRV,,,False,2,Carrier 1695527,Shipper 1387,True,True,True,9/24/2017 16:00,9/26/2017 10:00,False,False,False,False,False,False,False,False,Fort Collins,CO ,Fort Collins,CO 
2588,206467977,9/20/2017 17:06,9/20/2017 17:06,9/25/2017 8:57,9/24/2017 15:00,9/26/2017 13:45,2028.98,2300.0,-271.02,1010.6,DRV,,,False,2,Carrier 1695527,Shipper 1388,True,True,True,9/24/2017 16:00,9/26/2017 10:00,False,False,False,False,False,False,False,False,Fort Collins,CO ,Fort Collins,CO 
2589,206575641,6/6/2017 17:40,6/6/2017 17:40,6/9/2017 11:11,6/11/2017 9:00,6/12/2017 14:15,2027.42,2100.0,-72.58,581.6,DRV,,,False,0,Carrier 4094,Shipper 1249,True,True,True,6/11/2017 14:00,6/12/2017 17:00,False,False,False,False,False,False,False,False,Granite City,IL ,Granite City,IL 
2590,206575641,6/6/2017 17:40,6/6/2017 17:40,6/9/2017 11:11,6/11/2017 9:00,6/12/2017 14:15,2027.42,2100.0,-72.58,581.6,DRV,,,False,0,Carrier 4094,Shipper 1375,True,True,True,6/11/2017 14:00,6/12/2017 17:00,False,False,False,False,False,False,False,False,Granite City,IL ,Granite City,IL 
2591,206575641,6/6/2017 17:40,6/6/2017 17:40,6/9/2017 11:11,6/11/2017 9:00,6/12/2017 14:15,2027.42,2100.0,-72.58,581.6,DRV,,,False,0,Carrier 4094,Shipper 1386,True,True,True,6/11/2017 14:00,6/12/2017 17:00,False,False,False,False,False,False,False,False,Granite City,IL ,Granite City,IL 
2592,206575641,6/6/2017 17:40,6/6/2017 17:40,6/9/2017 11:11,6/11/2017 9:00,6/12/2017 14:15,2027.42,2100.0,-72.58,581.6,DRV,,,False,0,Carrier 4094,Shipper 1248,True,True,True,6/11/2017 14:00,6/12/2017 17:00,False,False,False,False,False,False,False,False,Granite City,IL ,Granite City,IL 
2593,206575641,6/6/2017 17:40,6/6/2017 17:40,6/9/2017 11:11,6/11/2017 9:00,6/12/2017 14:15,2027.42,2100.0,-72.58,581.6,DRV,,,False,0,Carrier 4094,Shipper 1387,True,True,True,6/11/2017 14:00,6/12/2017 17:00,False,False,False,False,False,False,False,False,Granite City,IL ,Granite City,IL 
2594,206575641,6/6/2017 17:40,6/6/2017 17:40,6/9/2017 11:11,6/11/2017 9:00,6/12/2017 14:15,2027.42,2100.0,-72.58,581.6,DRV,,,False,0,Carrier 4094,Shipper 1388,True,True,True,6/11/2017 14:00,6/12/2017 17:00,False,False,False,False,False,False,False,False,Granite City,IL ,Granite City,IL 
2595,206597705,4/7/2017 17:06,4/7/2017 17:06,4/10/2017 9:16,4/10/2017 6:00,4/12/2017 11:30,2026.0,1700.0,326.0,720.5,RFR,3.0,,False,0,Carrier 1630193,Shipper 1249,True,True,True,4/10/2017 15:00,4/12/2017 14:00,False,False,False,False,False,False,False,False,Houston,TX ,Houston,TX 
2596,206597705,4/7/2017 17:06,4/7/2017 17:06,4/10/2017 9:16,4/10/2017 6:00,4/12/2017 11:30,2026.0,1700.0,326.0,720.5,RFR,3.0,,False,0,Carrier 1630193,Shipper 1375,True,True,True,4/10/2017 15:00,4/12/2017 14:00,False,False,False,False,False,False,False,False,Houston,TX ,Houston,TX 
2597,206597705,4/7/2017 17:06,4/7/2017 17:06,4/10/2017 9:16,4/10/2017 6:00,4/12/2017 11:30,2026.0,1700.0,326.0,720.5,RFR,3.0,,False,0,Carrier 1630193,Shipper 1386,True,True,True,4/10/2017 15:00,4/12/2017 14:00,False,False,False,False,False,False,False,False,Houston,TX ,Houston,TX 
2598,206597705,4/7/2017 17:06,4/7/2017 17:06,4/10/2017 9:16,4/10/2017 6:00,4/12/2017 11:30,2026.0,1700.0,326.0,720.5,RFR,3.0,,False,0,Carrier 1630193,Shipper 1248,True,True,True,4/10/2017 15:00,4/12/2017 14:00,False,False,False,False,False,False,False,False,Houston,TX ,Houston,TX 
2599,206597705,4/7/2017 17:06,4/7/2017 17:06,4/10/2017 9:16,4/10/2017 6:00,4/12/2017 11:30,2026.0,1700.0,326.0,720.5,RFR,3.0,,False,0,Carrier 1630193,Shipper 1387,True,True,True,4/10/2017 15:00,4/12/2017 14:00,False,False,False,False,False,False,False,False,Houston,TX ,Houston,TX 
2600,206597705,4/7/2017 17:06,4/7/2017 17:06,4/10/2017 9:16,4/10/2017 6:00,4/12/2017 11:30,2026.0,1700.0,326.0,720.5,RFR,3.0,,False,0,Carrier 1630193,Shipper 1388,True,True,True,4/10/2017 15:00,4/12/2017 14:00,False,False,False,False,False,False,False,False,Houston,TX ,Houston,TX 
2601,206466769,5/18/2017 13:29,5/18/2017 13:29,5/18/2017 17:49,5/19/2017 4:00,5/19/2017 16:00,2025.38,1500.0,525.38,438.4,RFR,,,False,0,Carrier 1695267,Shipper 1249,True,True,True,5/19/2017 4:00,5/19/2017 18:00,False,False,False,False,False,False,False,False,La Porte,TX ,La Porte,TX 
2602,206466769,5/18/2017 13:29,5/18/2017 13:29,5/18/2017 17:49,5/19/2017 4:00,5/19/2017 16:00,2025.38,1500.0,525.38,438.4,RFR,,,False,0,Carrier 1695267,Shipper 1375,True,True,True,5/19/2017 4:00,5/19/2017 18:00,False,False,False,False,False,False,False,False,La Porte,TX ,La Porte,TX 
2603,206466769,5/18/2017 13:29,5/18/2017 13:29,5/18/2017 17:49,5/19/2017 4:00,5/19/2017 16:00,2025.38,1500.0,525.38,438.4,RFR,,,False,0,Carrier 1695267,Shipper 1386,True,True,True,5/19/2017 4:00,5/19/2017 18:00,False,False,False,False,False,False,False,False,La Porte,TX ,La Porte,TX 
2604,206466769,5/18/2017 13:29,5/18/2017 13:29,5/18/2017 17:49,5/19/2017 4:00,5/19/2017 16:00,2025.38,1500.0,525.38,438.4,RFR,,,False,0,Carrier 1695267,Shipper 1248,True,True,True,5/19/2017 4:00,5/19/2017 18:00,False,False,False,False,False,False,False,False,La Porte,TX ,La Porte,TX 
2605,206466769,5/18/2017 13:29,5/18/2017 13:29,5/18/2017 17:49,5/19/2017 4:00,5/19/2017 16:00,2025.38,1500.0,525.38,438.4,RFR,,,False,0,Carrier 1695267,Shipper 1387,True,True,True,5/19/2017 4:00,5/19/2017 18:00,False,False,False,False,False,False,False,False,La Porte,TX ,La Porte,TX 
2606,206466769,5/18/2017 13:29,5/18/2017 13:29,5/18/2017 17:49,5/19/2017 4:00,5/19/2017 16:00,2025.38,1500.0,525.38,438.4,RFR,,,False,0,Carrier 1695267,Shipper 1388,True,True,True,5/19/2017 4:00,5/19/2017 18:00,False,False,False,False,False,False,False,False,La Porte,TX ,La Porte,TX 
2607,206554929,9/27/2017 10:13,9/27/2017 10:14,10/2/2017 14:02,10/2/2017 14:00,10/5/2017 13:00,2025.0,1875.0,150.0,1057.1,DRV,,,False,0,Carrier 91000,Shipper 585,True,True,True,10/2/2017 17:00,10/5/2017 6:30,False,False,False,False,False,False,False,False,Plant City,FL ,Plant City,FL 
2608,206665345,10/6/2017 16:05,10/6/2017 16:05,10/11/2017 8:13,10/11/2017 15:00,10/13/2017 15:10,2025.0,1500.0,525.0,714.2,RFR,,,False,0,Carrier 1374222,Shipper 585,True,True,True,10/11/2017 15:00,10/13/2017 13:00,False,False,False,False,False,False,False,False,Pittston,PA ,Pittston,PA 
2609,206727209,6/20/2017 17:48,6/20/2017 17:49,6/23/2017 14:19,6/23/2017 15:00,6/26/2017 13:40,2024.0,2700.0,-676.0,772.6,DRV,,,False,0,Carrier 1445198,Shipper 1184,True,True,True,6/23/2017 15:00,6/26/2017 11:00,False,False,False,False,False,False,False,False,Atlanta,GA ,Atlanta,GA 
2610,206516393,12/14/2017 16:18,12/14/2017 16:18,12/15/2017 12:09,12/17/2017 17:00,12/18/2017 11:50,2021.68,2300.0,-278.32,423.6,RFR,,dat_in,False,0,Carrier 109254,Shipper 1249,True,True,True,12/17/2017 17:00,12/18/2017 15:00,False,False,False,False,False,False,False,False,St. Louis,MO ,St. Louis,MO 
2611,206516393,12/14/2017 16:18,12/14/2017 16:18,12/15/2017 12:09,12/17/2017 17:00,12/18/2017 11:50,2021.68,2300.0,-278.32,423.6,RFR,,dat_in,False,0,Carrier 109254,Shipper 1375,True,True,True,12/17/2017 17:00,12/18/2017 15:00,False,False,False,False,False,False,False,False,St. Louis,MO ,St. Louis,MO 
2612,206516393,12/14/2017 16:18,12/14/2017 16:18,12/15/2017 12:09,12/17/2017 17:00,12/18/2017 11:50,2021.68,2300.0,-278.32,423.6,RFR,,dat_in,False,0,Carrier 109254,Shipper 1386,True,True,True,12/17/2017 17:00,12/18/2017 15:00,False,False,False,False,False,False,False,False,St. Louis,MO ,St. Louis,MO 
2613,206516393,12/14/2017 16:18,12/14/2017 16:18,12/15/2017 12:09,12/17/2017 17:00,12/18/2017 11:50,2021.68,2300.0,-278.32,423.6,RFR,,dat_in,False,0,Carrier 109254,Shipper 1248,True,True,True,12/17/2017 17:00,12/18/2017 15:00,False,False,False,False,False,False,False,False,St. Louis,MO ,St. Louis,MO 
2614,206516393,12/14/2017 16:18,12/14/2017 16:18,12/15/2017 12:09,12/17/2017 17:00,12/18/2017 11:50,2021.68,2300.0,-278.32,423.6,RFR,,dat_in,False,0,Carrier 109254,Shipper 1387,True,True,True,12/17/2017 17:00,12/18/2017 15:00,False,False,False,False,False,False,False,False,St. Louis,MO ,St. Louis,MO 
2615,206516393,12/14/2017 16:18,12/14/2017 16:18,12/15/2017 12:09,12/17/2017 17:00,12/18/2017 11:50,2021.68,2300.0,-278.32,423.6,RFR,,dat_in,False,0,Carrier 109254,Shipper 1388,True,True,True,12/17/2017 17:00,12/18/2017 15:00,False,False,False,False,False,False,False,False,St. Louis,MO ,St. Louis,MO 
2616,206696801,4/24/2017 10:03,4/24/2017 10:03,4/24/2017 12:25,4/25/2017 8:00,4/27/2017 11:00,2021.1,2000.0,21.1,1134.3,RFR,4.0,,False,0,Carrier 1177925,Shipper 1104,True,True,True,4/25/2017 16:00,4/27/2017 13:00,False,False,False,False,False,False,False,False,Brooklyn,NY ,Brooklyn,NY 
2617,206554753,11/13/2017 15:12,11/13/2017 15:12,11/14/2017 14:10,11/14/2017 11:00,11/15/2017 23:50,2017.58,1900.0,117.58,574.7,DRV,,,False,1,Carrier 1500012,Shipper 758,True,True,True,11/15/2017 1:00,11/15/2017 18:30,False,False,False,False,False,False,False,False,Fresno,CA ,Fresno,CA 
2618,206708681,3/6/2017 16:19,3/6/2017 16:19,3/7/2017 12:49,3/15/2017 18:00,3/17/2017 13:00,2015.28,1700.0,315.28,778.9,RFR,,,False,0,Carrier 73246,Shipper 758,True,True,True,3/15/2017 18:00,3/17/2017 11:00,False,False,False,False,False,False,False,False,Lodi,CA ,Lodi,CA 
2619,206508505,5/24/2017 18:04,5/24/2017 18:05,5/24/2017 18:25,5/24/2017 21:00,5/25/2017 10:17,2014.94,810.0,1204.94,84.4,DRV,,,False,0,Carrier 1052359,Shipper 1249,True,True,True,5/24/2017 21:00,5/25/2017 13:30,False,False,False,False,False,False,False,False,Newark,NJ ,Newark,NJ 
2620,206508505,5/24/2017 18:04,5/24/2017 18:05,5/24/2017 18:25,5/24/2017 21:00,5/25/2017 10:17,2014.94,810.0,1204.94,84.4,DRV,,,False,0,Carrier 1052359,Shipper 1375,True,True,True,5/24/2017 21:00,5/25/2017 13:30,False,False,False,False,False,False,False,False,Newark,NJ ,Newark,NJ 
2621,206508505,5/24/2017 18:04,5/24/2017 18:05,5/24/2017 18:25,5/24/2017 21:00,5/25/2017 10:17,2014.94,810.0,1204.94,84.4,DRV,,,False,0,Carrier 1052359,Shipper 1386,True,True,True,5/24/2017 21:00,5/25/2017 13:30,False,False,False,False,False,False,False,False,Newark,NJ ,Newark,NJ 
2622,206508505,5/24/2017 18:04,5/24/2017 18:05,5/24/2017 18:25,5/24/2017 21:00,5/25/2017 10:17,2014.94,810.0,1204.94,84.4,DRV,,,False,0,Carrier 1052359,Shipper 1248,True,True,True,5/24/2017 21:00,5/25/2017 13:30,False,False,False,False,False,False,False,False,Newark,NJ ,Newark,NJ 
2623,206508505,5/24/2017 18:04,5/24/2017 18:05,5/24/2017 18:25,5/24/2017 21:00,5/25/2017 10:17,2014.94,810.0,1204.94,84.4,DRV,,,False,0,Carrier 1052359,Shipper 1387,True,True,True,5/24/2017 21:00,5/25/2017 13:30,False,False,False,False,False,False,False,False,Newark,NJ ,Newark,NJ 
2624,206508505,5/24/2017 18:04,5/24/2017 18:05,5/24/2017 18:25,5/24/2017 21:00,5/25/2017 10:17,2014.94,810.0,1204.94,84.4,DRV,,,False,0,Carrier 1052359,Shipper 1388,True,True,True,5/24/2017 21:00,5/25/2017 13:30,False,False,False,False,False,False,False,False,Newark,NJ ,Newark,NJ 
2625,206584329,6/20/2017 9:26,6/20/2017 9:26,6/20/2017 12:51,6/20/2017 14:00,6/21/2017 15:30,2014.87,1843.33,171.54,632.1,DRV,,,False,0,Carrier 1035879,Shipper 1249,True,True,True,6/20/2017 17:00,6/21/2017 12:00,False,False,False,False,False,False,False,False,De Soto,KS ,De Soto,KS 
2626,206584329,6/20/2017 9:26,6/20/2017 9:26,6/20/2017 12:51,6/20/2017 14:00,6/21/2017 15:30,2014.87,1843.33,171.54,632.1,DRV,,,False,0,Carrier 1035879,Shipper 1375,True,True,True,6/20/2017 17:00,6/21/2017 12:00,False,False,False,False,False,False,False,False,De Soto,KS ,De Soto,KS 
2627,206584329,6/20/2017 9:26,6/20/2017 9:26,6/20/2017 12:51,6/20/2017 14:00,6/21/2017 15:30,2014.87,1843.33,171.54,632.1,DRV,,,False,0,Carrier 1035879,Shipper 1386,True,True,True,6/20/2017 17:00,6/21/2017 12:00,False,False,False,False,False,False,False,False,De Soto,KS ,De Soto,KS 
2628,206584329,6/20/2017 9:26,6/20/2017 9:26,6/20/2017 12:51,6/20/2017 14:00,6/21/2017 15:30,2014.87,1843.33,171.54,632.1,DRV,,,False,0,Carrier 1035879,Shipper 1248,True,True,True,6/20/2017 17:00,6/21/2017 12:00,False,False,False,False,False,False,False,False,De Soto,KS ,De Soto,KS 
2629,206584329,6/20/2017 9:26,6/20/2017 9:26,6/20/2017 12:51,6/20/2017 14:00,6/21/2017 15:30,2014.87,1843.33,171.54,632.1,DRV,,,False,0,Carrier 1035879,Shipper 1387,True,True,True,6/20/2017 17:00,6/21/2017 12:00,False,False,False,False,False,False,False,False,De Soto,KS ,De Soto,KS 
2630,206584329,6/20/2017 9:26,6/20/2017 9:26,6/20/2017 12:51,6/20/2017 14:00,6/21/2017 15:30,2014.87,1843.33,171.54,632.1,DRV,,,False,0,Carrier 1035879,Shipper 1388,True,True,True,6/20/2017 17:00,6/21/2017 12:00,False,False,False,False,False,False,False,False,De Soto,KS ,De Soto,KS 
2631,206432761,9/6/2017 11:05,9/6/2017 11:05,9/27/2017 14:05,9/29/2017 15:00,10/2/2017 9:25,2010.0,1880.0,130.0,1272.7,DRV,,,False,0,Carrier 1693338,Shipper 585,True,True,True,9/29/2017 17:00,10/2/2017 9:00,False,False,False,False,False,False,False,False,Plant City,FL ,Plant City,FL 
2632,206643713,12/4/2017 17:56,12/4/2017 17:56,12/5/2017 9:09,12/5/2017 14:00,12/6/2017 9:00,2008.36,1600.0,408.36,555.6,RFR,,,False,0,Carrier 1368850,Shipper 1249,True,True,True,12/5/2017 14:00,12/6/2017 7:45,False,False,False,False,False,False,False,False,Williamsburg,VA ,Williamsburg,VA 
2633,206643713,12/4/2017 17:56,12/4/2017 17:56,12/5/2017 9:09,12/5/2017 14:00,12/6/2017 9:00,2008.36,1600.0,408.36,555.6,RFR,,,False,0,Carrier 1368850,Shipper 1375,True,True,True,12/5/2017 14:00,12/6/2017 7:45,False,False,False,False,False,False,False,False,Williamsburg,VA ,Williamsburg,VA 
2634,206643713,12/4/2017 17:56,12/4/2017 17:56,12/5/2017 9:09,12/5/2017 14:00,12/6/2017 9:00,2008.36,1600.0,408.36,555.6,RFR,,,False,0,Carrier 1368850,Shipper 1386,True,True,True,12/5/2017 14:00,12/6/2017 7:45,False,False,False,False,False,False,False,False,Williamsburg,VA ,Williamsburg,VA 
2635,206643713,12/4/2017 17:56,12/4/2017 17:56,12/5/2017 9:09,12/5/2017 14:00,12/6/2017 9:00,2008.36,1600.0,408.36,555.6,RFR,,,False,0,Carrier 1368850,Shipper 1248,True,True,True,12/5/2017 14:00,12/6/2017 7:45,False,False,False,False,False,False,False,False,Williamsburg,VA ,Williamsburg,VA 
2636,206643713,12/4/2017 17:56,12/4/2017 17:56,12/5/2017 9:09,12/5/2017 14:00,12/6/2017 9:00,2008.36,1600.0,408.36,555.6,RFR,,,False,0,Carrier 1368850,Shipper 1387,True,True,True,12/5/2017 14:00,12/6/2017 7:45,False,False,False,False,False,False,False,False,Williamsburg,VA ,Williamsburg,VA 
2637,206643713,12/4/2017 17:56,12/4/2017 17:56,12/5/2017 9:09,12/5/2017 14:00,12/6/2017 9:00,2008.36,1600.0,408.36,555.6,RFR,,,False,0,Carrier 1368850,Shipper 1388,True,True,True,12/5/2017 14:00,12/6/2017 7:45,False,False,False,False,False,False,False,False,Williamsburg,VA ,Williamsburg,VA 
2638,206624009,8/1/2017 16:02,8/1/2017 16:02,8/9/2017 14:24,8/11/2017 8:00,8/14/2017 8:00,2005.12,1950.0,55.12,1273.9,DRV,,,False,0,Carrier 31074,Shipper 585,True,True,True,8/11/2017 16:00,8/14/2017 7:00,False,False,False,False,False,False,False,False,Plant City,FL ,Plant City,FL 
2639,206591121,5/31/2017 12:50,5/31/2017 12:50,5/31/2017 13:25,5/31/2017 8:00,6/2/2017 9:30,2000.0,1700.0,300.0,1020.6,DRV,,,False,0,Carrier 1461574,Shipper 744,True,True,True,5/31/2017 15:00,6/2/2017 15:00,False,False,False,False,False,False,False,False,Conover,NC ,Conover,NC 
2640,206584041,8/29/2017 11:52,8/29/2017 11:52,8/29/2017 11:54,8/29/2017 16:00,8/31/2017 4:59,2000.0,1900.0,100.0,1237.7,DRV,,,False,0,Carrier 1695483,Shipper 585,True,True,True,8/29/2017 18:00,8/30/2017 14:00,False,False,False,False,False,False,False,False,Plant City,FL ,Plant City,FL 
2641,206541953,11/20/2017 15:47,11/20/2017 15:47,11/21/2017 10:55,11/24/2017 15:00,11/27/2017 8:30,2000.0,2000.0,0.0,1109.4,DRV,,,False,0,Carrier 1041911,Shipper 585,True,True,True,11/24/2017 15:00,11/27/2017 12:30,False,False,False,False,False,False,False,False,Plant City,FL ,Plant City,FL 
2642,206460801,4/27/2017 17:09,4/27/2017 17:10,5/1/2017 16:24,5/2/2017 10:00,5/4/2017 8:00,1998.63,1950.0,48.63,1533.4,DRV,3.0,,False,0,Carrier 88114,Shipper 811,True,True,True,5/2/2017 17:30,5/4/2017 16:00,False,False,False,False,False,False,False,False,Johnstown,CO ,Johnstown,CO 
2643,206503721,8/28/2017 10:46,8/28/2017 10:46,8/28/2017 16:22,8/28/2017 19:00,8/30/2017 10:30,1996.79,2000.0,-3.21,649.3,DRV,,,False,0,Carrier 1695476,Shipper 1249,False,True,False,8/29/2017 0:55,8/30/2017 16:00,False,False,False,False,False,False,False,False,St. Louis,MO ,St. Louis,MO 
2644,206503721,8/28/2017 10:46,8/28/2017 10:46,8/28/2017 16:22,8/28/2017 19:00,8/30/2017 10:30,1996.79,2000.0,-3.21,649.3,DRV,,,False,0,Carrier 1695476,Shipper 1375,False,True,False,8/29/2017 0:55,8/30/2017 16:00,False,False,False,False,False,False,False,False,St. Louis,MO ,St. Louis,MO 
2645,206503721,8/28/2017 10:46,8/28/2017 10:46,8/28/2017 16:22,8/28/2017 19:00,8/30/2017 10:30,1996.79,2000.0,-3.21,649.3,DRV,,,False,0,Carrier 1695476,Shipper 1386,False,True,False,8/29/2017 0:55,8/30/2017 16:00,False,False,False,False,False,False,False,False,St. Louis,MO ,St. Louis,MO 
2646,206503721,8/28/2017 10:46,8/28/2017 10:46,8/28/2017 16:22,8/28/2017 19:00,8/30/2017 10:30,1996.79,2000.0,-3.21,649.3,DRV,,,False,0,Carrier 1695476,Shipper 1248,False,True,False,8/29/2017 0:55,8/30/2017 16:00,False,False,False,False,False,False,False,False,St. Louis,MO ,St. Louis,MO 
2647,206503721,8/28/2017 10:46,8/28/2017 10:46,8/28/2017 16:22,8/28/2017 19:00,8/30/2017 10:30,1996.79,2000.0,-3.21,649.3,DRV,,,False,0,Carrier 1695476,Shipper 1387,False,True,False,8/29/2017 0:55,8/30/2017 16:00,False,False,False,False,False,False,False,False,St. Louis,MO ,St. Louis,MO 
2648,206503721,8/28/2017 10:46,8/28/2017 10:46,8/28/2017 16:22,8/28/2017 19:00,8/30/2017 10:30,1996.79,2000.0,-3.21,649.3,DRV,,,False,0,Carrier 1695476,Shipper 1388,False,True,False,8/29/2017 0:55,8/30/2017 16:00,False,False,False,False,False,False,False,False,St. Louis,MO ,St. Louis,MO 
2649,206425441,1/11/2017 12:34,1/11/2017 12:34,1/11/2017 14:03,1/12/2017 10:00,1/13/2017 19:02,1995.0,1950.0,45.0,801.0,RFR,,,False,0,Carrier 1037993,Shipper 758,True,True,True,1/12/2017 10:00,1/13/2017 15:00,False,False,False,False,False,False,False,False,South Jordan,UT ,South Jordan,UT 
2650,206567297,8/8/2017 8:12,8/8/2017 8:12,8/8/2017 10:05,8/9/2017 8:00,8/11/2017 10:15,1990.0,1950.0,40.0,1391.8,DRV,,,False,0,Carrier 1055607,Shipper 590,True,True,True,8/9/2017 15:00,8/11/2017 10:00,False,False,False,False,False,False,False,False,Bridgewater,NJ ,Bridgewater,NJ 
2651,206560865,9/21/2017 13:15,9/21/2017 13:15,9/21/2017 13:25,9/22/2017 7:00,9/25/2017 10:00,1987.9,1100.0,887.9,516.0,FBE,,,False,0,Carrier 991295,Shipper 1644,True,True,True,9/22/2017 15:30,9/25/2017 16:00,False,False,False,False,False,False,False,False,Connelly Springs,NC ,Connelly Springs,NC 
2652,206425625,12/13/2017 17:18,12/13/2017 17:18,12/14/2017 9:42,12/14/2017 10:00,12/15/2017 11:05,1987.44,1500.0,487.44,632.4,RFR,,,False,0,Carrier 8914,Shipper 1249,True,True,True,12/14/2017 16:00,12/15/2017 16:00,False,False,False,False,False,False,False,False,Aurora,CO ,Aurora,CO 
2653,206425625,12/13/2017 17:18,12/13/2017 17:18,12/14/2017 9:42,12/14/2017 10:00,12/15/2017 11:05,1987.44,1500.0,487.44,632.4,RFR,,,False,0,Carrier 8914,Shipper 1375,True,True,True,12/14/2017 16:00,12/15/2017 16:00,False,False,False,False,False,False,False,False,Aurora,CO ,Aurora,CO 
2654,206425625,12/13/2017 17:18,12/13/2017 17:18,12/14/2017 9:42,12/14/2017 10:00,12/15/2017 11:05,1987.44,1500.0,487.44,632.4,RFR,,,False,0,Carrier 8914,Shipper 1386,True,True,True,12/14/2017 16:00,12/15/2017 16:00,False,False,False,False,False,False,False,False,Aurora,CO ,Aurora,CO 
2655,206425625,12/13/2017 17:18,12/13/2017 17:18,12/14/2017 9:42,12/14/2017 10:00,12/15/2017 11:05,1987.44,1500.0,487.44,632.4,RFR,,,False,0,Carrier 8914,Shipper 1248,True,True,True,12/14/2017 16:00,12/15/2017 16:00,False,False,False,False,False,False,False,False,Aurora,CO ,Aurora,CO 
2656,206425625,12/13/2017 17:18,12/13/2017 17:18,12/14/2017 9:42,12/14/2017 10:00,12/15/2017 11:05,1987.44,1500.0,487.44,632.4,RFR,,,False,0,Carrier 8914,Shipper 1387,True,True,True,12/14/2017 16:00,12/15/2017 16:00,False,False,False,False,False,False,False,False,Aurora,CO ,Aurora,CO 
2657,206425625,12/13/2017 17:18,12/13/2017 17:18,12/14/2017 9:42,12/14/2017 10:00,12/15/2017 11:05,1987.44,1500.0,487.44,632.4,RFR,,,False,0,Carrier 8914,Shipper 1388,True,True,True,12/14/2017 16:00,12/15/2017 16:00,False,False,False,False,False,False,False,False,Aurora,CO ,Aurora,CO 
2658,206571665,4/13/2017 12:06,4/13/2017 12:06,4/13/2017 13:06,4/13/2017 12:00,4/17/2017 11:00,1987.0,1950.0,37.0,1156.3,DRV,4.0,,False,0,Carrier 660799,Shipper 496,True,True,True,4/13/2017 16:00,4/17/2017 10:00,False,False,False,False,False,False,False,False,Delano,MN ,Delano,MN 
2659,206571665,4/13/2017 12:06,4/13/2017 12:06,4/13/2017 13:06,4/13/2017 12:00,4/17/2017 11:00,1987.0,1950.0,37.0,1156.3,DRV,4.0,,False,0,Carrier 660799,Shipper 1414,True,True,True,4/13/2017 16:00,4/17/2017 10:00,False,False,False,False,False,False,False,False,Delano,MN ,Delano,MN 
2660,206423049,9/8/2017 18:55,9/8/2017 18:56,9/12/2017 10:55,9/12/2017 7:00,9/13/2017 10:00,1985.95,1567.0,418.95,233.4,DRV,,,False,0,Carrier 114823,Shipper 1249,True,True,True,9/12/2017 21:00,9/13/2017 23:00,False,False,False,False,False,False,False,False,Erie,PA ,Erie,PA 
2661,206423049,9/8/2017 18:55,9/8/2017 18:56,9/12/2017 10:55,9/12/2017 7:00,9/13/2017 10:00,1985.95,1567.0,418.95,233.4,DRV,,,False,0,Carrier 114823,Shipper 1375,True,True,True,9/12/2017 21:00,9/13/2017 23:00,False,False,False,False,False,False,False,False,Erie,PA ,Erie,PA 
2662,206423049,9/8/2017 18:55,9/8/2017 18:56,9/12/2017 10:55,9/12/2017 7:00,9/13/2017 10:00,1985.95,1567.0,418.95,233.4,DRV,,,False,0,Carrier 114823,Shipper 1386,True,True,True,9/12/2017 21:00,9/13/2017 23:00,False,False,False,False,False,False,False,False,Erie,PA ,Erie,PA 
2663,206423049,9/8/2017 18:55,9/8/2017 18:56,9/12/2017 10:55,9/12/2017 7:00,9/13/2017 10:00,1985.95,1567.0,418.95,233.4,DRV,,,False,0,Carrier 114823,Shipper 1248,True,True,True,9/12/2017 21:00,9/13/2017 23:00,False,False,False,False,False,False,False,False,Erie,PA ,Erie,PA 
2664,206423049,9/8/2017 18:55,9/8/2017 18:56,9/12/2017 10:55,9/12/2017 7:00,9/13/2017 10:00,1985.95,1567.0,418.95,233.4,DRV,,,False,0,Carrier 114823,Shipper 1387,True,True,True,9/12/2017 21:00,9/13/2017 23:00,False,False,False,False,False,False,False,False,Erie,PA ,Erie,PA 
2665,206423049,9/8/2017 18:55,9/8/2017 18:56,9/12/2017 10:55,9/12/2017 7:00,9/13/2017 10:00,1985.95,1567.0,418.95,233.4,DRV,,,False,0,Carrier 114823,Shipper 1388,True,True,True,9/12/2017 21:00,9/13/2017 23:00,False,False,False,False,False,False,False,False,Erie,PA ,Erie,PA 
2666,206478505,11/6/2017 16:36,11/6/2017 16:36,11/7/2017 13:42,11/8/2017 13:00,11/9/2017 14:00,1984.51,1750.0,234.51,641.5,DRV,,,False,0,Carrier 49199,Shipper 1249,True,True,True,11/8/2017 13:00,11/9/2017 16:30,False,False,False,False,False,False,False,False,Granite City,IL ,Granite City,IL 
2667,206478505,11/6/2017 16:36,11/6/2017 16:36,11/7/2017 13:42,11/8/2017 13:00,11/9/2017 14:00,1984.51,1750.0,234.51,641.5,DRV,,,False,0,Carrier 49199,Shipper 1375,True,True,True,11/8/2017 13:00,11/9/2017 16:30,False,False,False,False,False,False,False,False,Granite City,IL ,Granite City,IL 
2668,206478505,11/6/2017 16:36,11/6/2017 16:36,11/7/2017 13:42,11/8/2017 13:00,11/9/2017 14:00,1984.51,1750.0,234.51,641.5,DRV,,,False,0,Carrier 49199,Shipper 1386,True,True,True,11/8/2017 13:00,11/9/2017 16:30,False,False,False,False,False,False,False,False,Granite City,IL ,Granite City,IL 
2669,206478505,11/6/2017 16:36,11/6/2017 16:36,11/7/2017 13:42,11/8/2017 13:00,11/9/2017 14:00,1984.51,1750.0,234.51,641.5,DRV,,,False,0,Carrier 49199,Shipper 1248,True,True,True,11/8/2017 13:00,11/9/2017 16:30,False,False,False,False,False,False,False,False,Granite City,IL ,Granite City,IL 
2670,206478505,11/6/2017 16:36,11/6/2017 16:36,11/7/2017 13:42,11/8/2017 13:00,11/9/2017 14:00,1984.51,1750.0,234.51,641.5,DRV,,,False,0,Carrier 49199,Shipper 1387,True,True,True,11/8/2017 13:00,11/9/2017 16:30,False,False,False,False,False,False,False,False,Granite City,IL ,Granite City,IL 
2671,206478505,11/6/2017 16:36,11/6/2017 16:36,11/7/2017 13:42,11/8/2017 13:00,11/9/2017 14:00,1984.51,1750.0,234.51,641.5,DRV,,,False,0,Carrier 49199,Shipper 1388,True,True,True,11/8/2017 13:00,11/9/2017 16:30,False,False,False,False,False,False,False,False,Granite City,IL ,Granite City,IL 
2672,206541049,5/10/2017 12:57,5/10/2017 12:57,5/10/2017 18:13,5/11/2017 12:00,5/12/2017 12:45,1983.9,1800.0,183.9,607.1,RFR,,,False,0,Carrier 1688582,Shipper 1249,True,True,True,5/11/2017 12:00,5/12/2017 15:00,False,False,False,False,False,False,False,False,La Porte,TX ,La Porte,TX 
2673,206541049,5/10/2017 12:57,5/10/2017 12:57,5/10/2017 18:13,5/11/2017 12:00,5/12/2017 12:45,1983.9,1800.0,183.9,607.1,RFR,,,False,0,Carrier 1688582,Shipper 1375,True,True,True,5/11/2017 12:00,5/12/2017 15:00,False,False,False,False,False,False,False,False,La Porte,TX ,La Porte,TX 
2674,206541049,5/10/2017 12:57,5/10/2017 12:57,5/10/2017 18:13,5/11/2017 12:00,5/12/2017 12:45,1983.9,1800.0,183.9,607.1,RFR,,,False,0,Carrier 1688582,Shipper 1386,True,True,True,5/11/2017 12:00,5/12/2017 15:00,False,False,False,False,False,False,False,False,La Porte,TX ,La Porte,TX 
2675,206541049,5/10/2017 12:57,5/10/2017 12:57,5/10/2017 18:13,5/11/2017 12:00,5/12/2017 12:45,1983.9,1800.0,183.9,607.1,RFR,,,False,0,Carrier 1688582,Shipper 1248,True,True,True,5/11/2017 12:00,5/12/2017 15:00,False,False,False,False,False,False,False,False,La Porte,TX ,La Porte,TX 
2676,206541049,5/10/2017 12:57,5/10/2017 12:57,5/10/2017 18:13,5/11/2017 12:00,5/12/2017 12:45,1983.9,1800.0,183.9,607.1,RFR,,,False,0,Carrier 1688582,Shipper 1387,True,True,True,5/11/2017 12:00,5/12/2017 15:00,False,False,False,False,False,False,False,False,La Porte,TX ,La Porte,TX 
2677,206541049,5/10/2017 12:57,5/10/2017 12:57,5/10/2017 18:13,5/11/2017 12:00,5/12/2017 12:45,1983.9,1800.0,183.9,607.1,RFR,,,False,0,Carrier 1688582,Shipper 1388,True,True,True,5/11/2017 12:00,5/12/2017 15:00,False,False,False,False,False,False,False,False,La Porte,TX ,La Porte,TX 
2678,206572553,11/10/2017 8:38,11/10/2017 8:38,11/10/2017 10:11,11/10/2017 7:00,11/13/2017 12:51,1983.43,1300.0,683.43,252.1,DRV,,,False,0,Carrier 1693961,Shipper 1249,True,True,True,11/10/2017 23:00,11/13/2017 23:00,False,False,False,False,False,False,False,False,Newark,NJ ,Newark,NJ 
2679,206572553,11/10/2017 8:38,11/10/2017 8:38,11/10/2017 10:11,11/10/2017 7:00,11/13/2017 12:51,1983.43,1300.0,683.43,252.1,DRV,,,False,0,Carrier 1693961,Shipper 1375,True,True,True,11/10/2017 23:00,11/13/2017 23:00,False,False,False,False,False,False,False,False,Newark,NJ ,Newark,NJ 
2680,206572553,11/10/2017 8:38,11/10/2017 8:38,11/10/2017 10:11,11/10/2017 7:00,11/13/2017 12:51,1983.43,1300.0,683.43,252.1,DRV,,,False,0,Carrier 1693961,Shipper 1386,True,True,True,11/10/2017 23:00,11/13/2017 23:00,False,False,False,False,False,False,False,False,Newark,NJ ,Newark,NJ 
2681,206572553,11/10/2017 8:38,11/10/2017 8:38,11/10/2017 10:11,11/10/2017 7:00,11/13/2017 12:51,1983.43,1300.0,683.43,252.1,DRV,,,False,0,Carrier 1693961,Shipper 1248,True,True,True,11/10/2017 23:00,11/13/2017 23:00,False,False,False,False,False,False,False,False,Newark,NJ ,Newark,NJ 
2682,206572553,11/10/2017 8:38,11/10/2017 8:38,11/10/2017 10:11,11/10/2017 7:00,11/13/2017 12:51,1983.43,1300.0,683.43,252.1,DRV,,,False,0,Carrier 1693961,Shipper 1387,True,True,True,11/10/2017 23:00,11/13/2017 23:00,False,False,False,False,False,False,False,False,Newark,NJ ,Newark,NJ 
2683,206572553,11/10/2017 8:38,11/10/2017 8:38,11/10/2017 10:11,11/10/2017 7:00,11/13/2017 12:51,1983.43,1300.0,683.43,252.1,DRV,,,False,0,Carrier 1693961,Shipper 1388,True,True,True,11/10/2017 23:00,11/13/2017 23:00,False,False,False,False,False,False,False,False,Newark,NJ ,Newark,NJ 
2684,206591161,9/27/2017 15:46,9/27/2017 15:46,10/2/2017 9:36,10/3/2017 9:00,10/4/2017 10:00,1976.51,1850.0,126.51,551.4,DRV,,,False,0,Carrier 85419,Shipper 1644,True,True,True,10/3/2017 11:00,10/4/2017 8:30,False,False,False,False,False,False,False,False,Bolingbrook,IL ,Bolingbrook,IL 
2685,206595281,8/31/2017 10:54,8/31/2017 10:54,9/18/2017 14:26,9/19/2017 15:30,9/21/2017 2:25,1975.0,2097.0,-122.0,560.0,RFR,,,False,0,Carrier 591477,Shipper 585,True,True,True,9/19/2017 15:30,9/20/2017 22:00,False,False,False,False,False,False,False,False,Sioux City,IA ,Sioux City,IA 
2686,206554441,11/9/2017 17:47,11/9/2017 17:47,11/9/2017 18:22,11/9/2017 15:00,11/10/2017 12:25,1972.17,1200.0,772.17,209.3,DRV,,,False,0,Carrier 1695651,Shipper 1249,True,True,True,11/9/2017 23:55,11/10/2017 10:00,False,False,False,False,False,False,False,False,Newark,NJ ,Newark,NJ 
2687,206554441,11/9/2017 17:47,11/9/2017 17:47,11/9/2017 18:22,11/9/2017 15:00,11/10/2017 12:25,1972.17,1200.0,772.17,209.3,DRV,,,False,0,Carrier 1695651,Shipper 1375,True,True,True,11/9/2017 23:55,11/10/2017 10:00,False,False,False,False,False,False,False,False,Newark,NJ ,Newark,NJ 
2688,206554441,11/9/2017 17:47,11/9/2017 17:47,11/9/2017 18:22,11/9/2017 15:00,11/10/2017 12:25,1972.17,1200.0,772.17,209.3,DRV,,,False,0,Carrier 1695651,Shipper 1386,True,True,True,11/9/2017 23:55,11/10/2017 10:00,False,False,False,False,False,False,False,False,Newark,NJ ,Newark,NJ 
2689,206554441,11/9/2017 17:47,11/9/2017 17:47,11/9/2017 18:22,11/9/2017 15:00,11/10/2017 12:25,1972.17,1200.0,772.17,209.3,DRV,,,False,0,Carrier 1695651,Shipper 1248,True,True,True,11/9/2017 23:55,11/10/2017 10:00,False,False,False,False,False,False,False,False,Newark,NJ ,Newark,NJ 
2690,206554441,11/9/2017 17:47,11/9/2017 17:47,11/9/2017 18:22,11/9/2017 15:00,11/10/2017 12:25,1972.17,1200.0,772.17,209.3,DRV,,,False,0,Carrier 1695651,Shipper 1387,True,True,True,11/9/2017 23:55,11/10/2017 10:00,False,False,False,False,False,False,False,False,Newark,NJ ,Newark,NJ 
2691,206554441,11/9/2017 17:47,11/9/2017 17:47,11/9/2017 18:22,11/9/2017 15:00,11/10/2017 12:25,1972.17,1200.0,772.17,209.3,DRV,,,False,0,Carrier 1695651,Shipper 1388,True,True,True,11/9/2017 23:55,11/10/2017 10:00,False,False,False,False,False,False,False,False,Newark,NJ ,Newark,NJ 
2692,206693849,3/13/2017 11:26,3/13/2017 11:26,3/14/2017 14:42,3/14/2017 8:00,3/16/2017 10:33,1971.54,2075.0,-103.46,826.6,RFR,4.0,,False,0,Carrier 1655530,Shipper 1104,True,True,True,3/14/2017 17:00,3/16/2017 8:00,False,False,False,False,False,False,False,False,Statesboro,GA ,Statesboro,GA 
2693,206585785,8/18/2017 16:48,8/18/2017 16:48,8/22/2017 8:38,8/22/2017 14:00,8/24/2017 14:00,1970.28,1880.0,90.28,773.0,DRV,,,False,0,Carrier 1046760,Shipper 1249,True,True,True,8/22/2017 14:00,8/24/2017 13:00,False,False,False,False,False,False,False,False,Baldwinsville,NY ,Baldwinsville,NY 
2694,206585785,8/18/2017 16:48,8/18/2017 16:48,8/22/2017 8:38,8/22/2017 14:00,8/24/2017 14:00,1970.28,1880.0,90.28,773.0,DRV,,,False,0,Carrier 1046760,Shipper 1375,True,True,True,8/22/2017 14:00,8/24/2017 13:00,False,False,False,False,False,False,False,False,Baldwinsville,NY ,Baldwinsville,NY 
2695,206585785,8/18/2017 16:48,8/18/2017 16:48,8/22/2017 8:38,8/22/2017 14:00,8/24/2017 14:00,1970.28,1880.0,90.28,773.0,DRV,,,False,0,Carrier 1046760,Shipper 1386,True,True,True,8/22/2017 14:00,8/24/2017 13:00,False,False,False,False,False,False,False,False,Baldwinsville,NY ,Baldwinsville,NY 
2696,206585785,8/18/2017 16:48,8/18/2017 16:48,8/22/2017 8:38,8/22/2017 14:00,8/24/2017 14:00,1970.28,1880.0,90.28,773.0,DRV,,,False,0,Carrier 1046760,Shipper 1248,True,True,True,8/22/2017 14:00,8/24/2017 13:00,False,False,False,False,False,False,False,False,Baldwinsville,NY ,Baldwinsville,NY 
2697,206585785,8/18/2017 16:48,8/18/2017 16:48,8/22/2017 8:38,8/22/2017 14:00,8/24/2017 14:00,1970.28,1880.0,90.28,773.0,DRV,,,False,0,Carrier 1046760,Shipper 1387,True,True,True,8/22/2017 14:00,8/24/2017 13:00,False,False,False,False,False,False,False,False,Baldwinsville,NY ,Baldwinsville,NY 
2698,206585785,8/18/2017 16:48,8/18/2017 16:48,8/22/2017 8:38,8/22/2017 14:00,8/24/2017 14:00,1970.28,1880.0,90.28,773.0,DRV,,,False,0,Carrier 1046760,Shipper 1388,True,True,True,8/22/2017 14:00,8/24/2017 13:00,False,False,False,False,False,False,False,False,Baldwinsville,NY ,Baldwinsville,NY 
2699,206544449,6/7/2017 10:10,6/7/2017 10:10,6/7/2017 14:09,6/8/2017 7:00,6/9/2017 7:00,1965.28,1900.0,65.28,671.2,DRV,,,False,0,Carrier 88202,Shipper 989,True,True,True,6/8/2017 15:00,6/9/2017 14:30,False,False,False,False,False,False,False,False,Ellerbe,NC ,Ellerbe,NC 
2700,206651329,10/27/2017 17:11,10/27/2017 17:11,10/31/2017 10:21,10/31/2017 22:00,11/2/2017 10:40,1964.71,1900.0,64.71,1268.1,DRV,,,False,0,Carrier 75147,Shipper 1249,True,True,True,10/31/2017 22:00,11/2/2017 16:00,False,False,False,False,False,False,False,False,Fort Collins,CO ,Fort Collins,CO 
2701,206651329,10/27/2017 17:11,10/27/2017 17:11,10/31/2017 10:21,10/31/2017 22:00,11/2/2017 10:40,1964.71,1900.0,64.71,1268.1,DRV,,,False,0,Carrier 75147,Shipper 1375,True,True,True,10/31/2017 22:00,11/2/2017 16:00,False,False,False,False,False,False,False,False,Fort Collins,CO ,Fort Collins,CO 
2702,206651329,10/27/2017 17:11,10/27/2017 17:11,10/31/2017 10:21,10/31/2017 22:00,11/2/2017 10:40,1964.71,1900.0,64.71,1268.1,DRV,,,False,0,Carrier 75147,Shipper 1386,True,True,True,10/31/2017 22:00,11/2/2017 16:00,False,False,False,False,False,False,False,False,Fort Collins,CO ,Fort Collins,CO 
2703,206651329,10/27/2017 17:11,10/27/2017 17:11,10/31/2017 10:21,10/31/2017 22:00,11/2/2017 10:40,1964.71,1900.0,64.71,1268.1,DRV,,,False,0,Carrier 75147,Shipper 1248,True,True,True,10/31/2017 22:00,11/2/2017 16:00,False,False,False,False,False,False,False,False,Fort Collins,CO ,Fort Collins,CO 
2704,206651329,10/27/2017 17:11,10/27/2017 17:11,10/31/2017 10:21,10/31/2017 22:00,11/2/2017 10:40,1964.71,1900.0,64.71,1268.1,DRV,,,False,0,Carrier 75147,Shipper 1387,True,True,True,10/31/2017 22:00,11/2/2017 16:00,False,False,False,False,False,False,False,False,Fort Collins,CO ,Fort Collins,CO 
2705,206651329,10/27/2017 17:11,10/27/2017 17:11,10/31/2017 10:21,10/31/2017 22:00,11/2/2017 10:40,1964.71,1900.0,64.71,1268.1,DRV,,,False,0,Carrier 75147,Shipper 1388,True,True,True,10/31/2017 22:00,11/2/2017 16:00,False,False,False,False,False,False,False,False,Fort Collins,CO ,Fort Collins,CO 
2706,206573609,11/6/2017 17:54,11/6/2017 17:54,11/7/2017 11:48,11/9/2017 8:00,11/10/2017 10:10,1963.53,1275.0,688.53,425.0,DRV,,,False,0,Carrier 487188,Shipper 1249,True,True,True,11/9/2017 15:30,11/10/2017 9:30,False,False,False,False,False,False,False,False,Holiday City,OH ,Holiday City,OH 
2707,206573609,11/6/2017 17:54,11/6/2017 17:54,11/7/2017 11:48,11/9/2017 8:00,11/10/2017 10:10,1963.53,1275.0,688.53,425.0,DRV,,,False,0,Carrier 487188,Shipper 1375,True,True,True,11/9/2017 15:30,11/10/2017 9:30,False,False,False,False,False,False,False,False,Holiday City,OH ,Holiday City,OH 
2708,206573609,11/6/2017 17:54,11/6/2017 17:54,11/7/2017 11:48,11/9/2017 8:00,11/10/2017 10:10,1963.53,1275.0,688.53,425.0,DRV,,,False,0,Carrier 487188,Shipper 1386,True,True,True,11/9/2017 15:30,11/10/2017 9:30,False,False,False,False,False,False,False,False,Holiday City,OH ,Holiday City,OH 
2709,206573609,11/6/2017 17:54,11/6/2017 17:54,11/7/2017 11:48,11/9/2017 8:00,11/10/2017 10:10,1963.53,1275.0,688.53,425.0,DRV,,,False,0,Carrier 487188,Shipper 1248,True,True,True,11/9/2017 15:30,11/10/2017 9:30,False,False,False,False,False,False,False,False,Holiday City,OH ,Holiday City,OH 
2710,206573609,11/6/2017 17:54,11/6/2017 17:54,11/7/2017 11:48,11/9/2017 8:00,11/10/2017 10:10,1963.53,1275.0,688.53,425.0,DRV,,,False,0,Carrier 487188,Shipper 1387,True,True,True,11/9/2017 15:30,11/10/2017 9:30,False,False,False,False,False,False,False,False,Holiday City,OH ,Holiday City,OH 
2711,206573609,11/6/2017 17:54,11/6/2017 17:54,11/7/2017 11:48,11/9/2017 8:00,11/10/2017 10:10,1963.53,1275.0,688.53,425.0,DRV,,,False,0,Carrier 487188,Shipper 1388,True,True,True,11/9/2017 15:30,11/10/2017 9:30,False,False,False,False,False,False,False,False,Holiday City,OH ,Holiday City,OH 
2712,206601513,6/6/2017 18:17,6/6/2017 18:17,6/9/2017 13:47,6/9/2017 19:00,6/11/2017 20:00,1963.23,2150.0,-186.77,622.9,RFR,,,False,0,Carrier 1215234,Shipper 1249,True,True,True,6/9/2017 19:00,6/10/2017 15:00,False,False,False,False,False,False,False,False,Columbus,OH ,Columbus,OH 
2713,206601513,6/6/2017 18:17,6/6/2017 18:17,6/9/2017 13:47,6/9/2017 19:00,6/11/2017 20:00,1963.23,2150.0,-186.77,622.9,RFR,,,False,0,Carrier 1215234,Shipper 1375,True,True,True,6/9/2017 19:00,6/10/2017 15:00,False,False,False,False,False,False,False,False,Columbus,OH ,Columbus,OH 
2714,206601513,6/6/2017 18:17,6/6/2017 18:17,6/9/2017 13:47,6/9/2017 19:00,6/11/2017 20:00,1963.23,2150.0,-186.77,622.9,RFR,,,False,0,Carrier 1215234,Shipper 1386,True,True,True,6/9/2017 19:00,6/10/2017 15:00,False,False,False,False,False,False,False,False,Columbus,OH ,Columbus,OH 
2715,206601513,6/6/2017 18:17,6/6/2017 18:17,6/9/2017 13:47,6/9/2017 19:00,6/11/2017 20:00,1963.23,2150.0,-186.77,622.9,RFR,,,False,0,Carrier 1215234,Shipper 1248,True,True,True,6/9/2017 19:00,6/10/2017 15:00,False,False,False,False,False,False,False,False,Columbus,OH ,Columbus,OH 
2716,206601513,6/6/2017 18:17,6/6/2017 18:17,6/9/2017 13:47,6/9/2017 19:00,6/11/2017 20:00,1963.23,2150.0,-186.77,622.9,RFR,,,False,0,Carrier 1215234,Shipper 1387,True,True,True,6/9/2017 19:00,6/10/2017 15:00,False,False,False,False,False,False,False,False,Columbus,OH ,Columbus,OH 
2717,206601513,6/6/2017 18:17,6/6/2017 18:17,6/9/2017 13:47,6/9/2017 19:00,6/11/2017 20:00,1963.23,2150.0,-186.77,622.9,RFR,,,False,0,Carrier 1215234,Shipper 1388,True,True,True,6/9/2017 19:00,6/10/2017 15:00,False,False,False,False,False,False,False,False,Columbus,OH ,Columbus,OH 
2718,206523793,6/13/2017 16:25,6/13/2017 16:26,6/15/2017 9:37,6/16/2017 8:00,6/17/2017 9:15,1957.02,1400.0,557.02,491.0,RFR,,,False,0,Carrier 93102,Shipper 1249,True,True,True,6/16/2017 8:00,6/17/2017 7:00,False,False,False,False,False,False,False,False,Granite City,IL ,Granite City,IL 
2719,206523793,6/13/2017 16:25,6/13/2017 16:26,6/15/2017 9:37,6/16/2017 8:00,6/17/2017 9:15,1957.02,1400.0,557.02,491.0,RFR,,,False,0,Carrier 93102,Shipper 1375,True,True,True,6/16/2017 8:00,6/17/2017 7:00,False,False,False,False,False,False,False,False,Granite City,IL ,Granite City,IL 
2720,206523793,6/13/2017 16:25,6/13/2017 16:26,6/15/2017 9:37,6/16/2017 8:00,6/17/2017 9:15,1957.02,1400.0,557.02,491.0,RFR,,,False,0,Carrier 93102,Shipper 1386,True,True,True,6/16/2017 8:00,6/17/2017 7:00,False,False,False,False,False,False,False,False,Granite City,IL ,Granite City,IL 
2721,206523793,6/13/2017 16:25,6/13/2017 16:26,6/15/2017 9:37,6/16/2017 8:00,6/17/2017 9:15,1957.02,1400.0,557.02,491.0,RFR,,,False,0,Carrier 93102,Shipper 1248,True,True,True,6/16/2017 8:00,6/17/2017 7:00,False,False,False,False,False,False,False,False,Granite City,IL ,Granite City,IL 
2722,206523793,6/13/2017 16:25,6/13/2017 16:26,6/15/2017 9:37,6/16/2017 8:00,6/17/2017 9:15,1957.02,1400.0,557.02,491.0,RFR,,,False,0,Carrier 93102,Shipper 1387,True,True,True,6/16/2017 8:00,6/17/2017 7:00,False,False,False,False,False,False,False,False,Granite City,IL ,Granite City,IL 
2723,206523793,6/13/2017 16:25,6/13/2017 16:26,6/15/2017 9:37,6/16/2017 8:00,6/17/2017 9:15,1957.02,1400.0,557.02,491.0,RFR,,,False,0,Carrier 93102,Shipper 1388,True,True,True,6/16/2017 8:00,6/17/2017 7:00,False,False,False,False,False,False,False,False,Granite City,IL ,Granite City,IL 
2724,206754329,12/19/2017 12:18,12/19/2017 12:18,1/5/2018 14:01,1/5/2018 20:00,1/8/2018 10:45,1955.56,2800.0,-844.44,778.9,RFR,,source_list,False,0,Carrier 73246,Shipper 758,True,True,True,1/5/2018 20:00,1/8/2018 10:00,False,False,False,False,False,False,False,False,Lodi,CA ,Lodi,CA 
2725,206649049,12/15/2017 9:43,12/15/2017 9:44,1/2/2018 16:25,1/3/2018 18:00,1/5/2018 10:55,1955.56,2550.0,-594.44,778.9,RFR,,,False,0,Carrier 55452,Shipper 758,True,True,True,1/3/2018 18:00,1/5/2018 9:00,False,False,False,False,False,False,False,False,Lodi,CA ,Lodi,CA 
2726,206758321,11/1/2017 11:14,11/1/2017 11:14,11/17/2017 12:14,11/17/2017 20:00,11/20/2017 12:00,1955.56,2800.0,-844.44,778.9,RFR,,,False,1,Carrier 41951,Shipper 758,True,True,True,11/17/2017 20:00,11/20/2017 13:00,False,False,False,False,False,False,False,False,Lodi,CA ,Lodi,CA 
2727,206595337,12/13/2017 12:41,12/13/2017 12:41,1/2/2018 10:54,1/2/2018 18:00,1/4/2018 11:00,1955.56,2800.0,-844.44,778.9,RFR,,,False,0,Carrier 73246,Shipper 758,True,True,True,1/2/2018 18:00,1/4/2018 9:00,False,False,False,False,False,False,False,False,Lodi,CA ,Lodi,CA 
2728,206593769,11/20/2017 17:15,11/20/2017 17:15,11/27/2017 16:24,12/1/2017 18:00,12/4/2017 10:35,1955.56,2100.0,-144.44,778.9,DRV,,,False,0,Carrier 73246,Shipper 758,True,True,True,12/1/2017 18:00,12/4/2017 9:00,False,False,False,False,False,False,False,False,Lodi,CA ,Lodi,CA 
2729,206434857,12/15/2017 14:58,12/15/2017 14:58,1/2/2018 12:49,1/2/2018 20:00,1/4/2018 10:56,1955.56,2800.0,-844.44,778.9,RFR,,carrier_capacity,False,0,Carrier 73246,Shipper 758,True,True,True,1/2/2018 20:00,1/4/2018 11:00,False,False,False,False,False,False,False,False,Lodi,CA ,Lodi,CA 
2730,206470089,11/3/2017 12:30,11/3/2017 12:30,11/15/2017 11:17,11/15/2017 20:00,11/17/2017 10:30,1955.56,2200.0,-244.44,778.9,RFR,,,False,1,Carrier 968232,Shipper 758,True,True,True,11/15/2017 20:00,11/17/2017 9:00,False,False,False,False,False,False,False,False,Lodi,CA ,Lodi,CA 
2731,206427337,12/29/2017 9:46,12/29/2017 9:46,1/8/2018 10:45,1/8/2018 23:00,1/10/2018 11:30,1955.56,2800.0,-844.44,778.9,DRV,,carrier_capacity,False,0,Carrier 73246,Shipper 758,True,True,True,1/8/2018 23:00,1/10/2018 11:00,False,False,False,False,False,False,False,False,Lodi,CA ,Lodi,CA 
2732,206466865,11/27/2017 12:33,11/27/2017 12:33,12/4/2017 8:35,12/4/2017 18:00,12/6/2017 10:00,1955.56,2200.0,-244.44,778.9,RFR,,dat_in,False,1,Carrier 73246,Shipper 758,True,True,True,12/4/2017 18:00,12/6/2017 10:00,False,False,False,False,False,False,False,False,Lodi,CA ,Lodi,CA 
2733,206696865,12/15/2017 9:49,12/15/2017 9:49,1/2/2018 16:30,1/3/2018 20:00,1/5/2018 11:00,1955.56,2550.0,-594.44,778.9,RFR,,source_list,False,0,Carrier 1695186,Shipper 758,True,True,True,1/3/2018 20:00,1/5/2018 9:00,False,False,False,False,False,False,False,False,Lodi,CA ,Lodi,CA 
2734,206586033,11/16/2017 17:19,11/16/2017 17:19,11/27/2017 15:48,11/28/2017 20:00,11/30/2017 11:00,1955.56,2300.0,-344.44,778.9,RFR,,,False,0,Carrier 1617031,Shipper 758,True,True,True,11/28/2017 20:00,11/30/2017 9:00,False,False,False,False,False,False,False,False,Lodi,CA ,Lodi,CA 
2735,206441129,12/29/2017 9:44,12/29/2017 9:44,1/8/2018 10:48,1/8/2018 22:00,1/10/2018 11:00,1955.56,2500.0,-544.44,778.9,RFR,,source_list,False,0,Carrier 63367,Shipper 758,True,True,True,1/8/2018 22:00,1/10/2018 9:00,False,False,False,False,False,False,False,False,Lodi,CA ,Lodi,CA 
2736,206665369,11/27/2017 11:05,11/27/2017 11:05,2/20/2018 13:49,3/13/2018 20:00,3/15/2018 13:50,1955.56,1950.0,5.56,778.9,RFR,,,False,2,Carrier 86454,Shipper 758,True,True,True,3/13/2018 20:00,3/15/2018 10:00,False,False,False,False,False,False,True,False,Lodi,CA ,Lodi,CA 
2737,206606057,11/15/2017 11:59,11/15/2017 12:00,11/22/2017 11:05,11/27/2017 20:00,11/29/2017 11:24,1955.56,1950.0,5.56,778.9,RFR,,,False,0,Carrier 86454,Shipper 758,True,True,True,11/27/2017 20:00,11/29/2017 10:00,False,False,False,False,False,False,False,False,Lodi,CA ,Lodi,CA 
2738,206665737,11/27/2017 12:28,11/27/2017 12:28,11/28/2017 10:29,12/4/2017 17:00,12/6/2017 13:00,1955.56,1950.0,5.56,778.9,RFR,,,False,0,Carrier 86454,Shipper 758,True,True,True,12/4/2017 17:00,12/6/2017 10:00,False,False,False,False,False,False,False,False,Lodi,CA ,Lodi,CA 
2739,206665361,11/15/2017 13:32,11/15/2017 13:32,11/16/2017 13:20,11/27/2017 18:00,11/29/2017 11:25,1955.56,1900.0,55.56,778.9,RFR,,,False,0,Carrier 86454,Shipper 758,True,True,True,11/27/2017 18:00,11/29/2017 10:00,False,False,False,False,False,False,False,False,Lodi,CA ,Lodi,CA 
2740,206606049,11/2/2017 10:57,11/2/2017 10:57,11/3/2017 9:47,11/14/2017 20:00,11/16/2017 13:00,1955.56,1900.0,55.56,778.9,RFR,,,False,0,Carrier 86454,Shipper 758,True,True,True,11/14/2017 20:00,11/16/2017 10:00,False,False,False,False,False,False,False,False,Lodi,CA ,Lodi,CA 
2741,206494465,11/3/2017 11:26,11/3/2017 11:26,11/6/2017 13:04,11/14/2017 21:00,11/16/2017 13:00,1955.56,1900.0,55.56,778.9,RFR,,,False,0,Carrier 86454,Shipper 758,True,True,True,11/14/2017 21:00,11/16/2017 10:00,False,False,False,False,False,False,False,False,Lodi,CA ,Lodi,CA 
2742,206516065,11/20/2017 17:17,11/20/2017 17:17,11/28/2017 10:28,12/1/2017 20:00,12/4/2017 10:15,1955.56,1950.0,5.56,778.9,DRV,,,False,0,Carrier 86454,Shipper 758,True,True,True,12/1/2017 20:00,12/4/2017 9:00,False,False,False,False,False,False,False,False,Lodi,CA ,Lodi,CA 
2743,206625401,12/19/2017 12:16,12/19/2017 12:16,1/4/2018 14:13,1/5/2018 18:00,1/8/2018 10:40,1955.56,2400.0,-444.44,778.9,RFR,,carrier_capacity,False,0,Carrier 1086443,Shipper 758,True,True,True,1/5/2018 18:00,1/8/2018 9:00,False,False,False,False,False,False,False,False,Lodi,CA ,Lodi,CA 
2744,206574897,11/29/2017 9:09,11/29/2017 9:10,12/5/2017 15:38,12/8/2017 20:00,12/11/2017 11:00,1955.56,2050.0,-94.44,778.9,RFR,,,False,0,Carrier 1086443,Shipper 758,False,True,True,12/8/2017 20:00,12/11/2017 9:00,False,False,False,False,False,False,False,False,Lodi,CA ,Lodi,CA 
2745,206492537,11/16/2017 17:15,11/16/2017 17:15,11/27/2017 14:41,11/28/2017 18:00,11/30/2017 10:58,1955.56,2200.0,-244.44,778.9,RFR,,,False,0,Carrier 46296,Shipper 758,True,True,True,11/28/2017 18:00,11/30/2017 9:00,False,False,False,False,False,False,False,False,Lodi,CA ,Lodi,CA 
2746,206543905,9/26/2017 15:28,9/26/2017 15:28,9/27/2017 8:52,9/27/2017 7:00,9/28/2017 3:30,1955.52,1500.0,455.52,290.5,DRV,,,False,0,Carrier 1695536,Shipper 1249,True,True,True,9/27/2017 15:00,9/28/2017 23:00,False,False,False,False,False,False,False,False,Baldwinsville,NY ,Baldwinsville,NY 
2747,206543905,9/26/2017 15:28,9/26/2017 15:28,9/27/2017 8:52,9/27/2017 7:00,9/28/2017 3:30,1955.52,1500.0,455.52,290.5,DRV,,,False,0,Carrier 1695536,Shipper 1375,True,True,True,9/27/2017 15:00,9/28/2017 23:00,False,False,False,False,False,False,False,False,Baldwinsville,NY ,Baldwinsville,NY 
2748,206543905,9/26/2017 15:28,9/26/2017 15:28,9/27/2017 8:52,9/27/2017 7:00,9/28/2017 3:30,1955.52,1500.0,455.52,290.5,DRV,,,False,0,Carrier 1695536,Shipper 1386,True,True,True,9/27/2017 15:00,9/28/2017 23:00,False,False,False,False,False,False,False,False,Baldwinsville,NY ,Baldwinsville,NY 
2749,206543905,9/26/2017 15:28,9/26/2017 15:28,9/27/2017 8:52,9/27/2017 7:00,9/28/2017 3:30,1955.52,1500.0,455.52,290.5,DRV,,,False,0,Carrier 1695536,Shipper 1248,True,True,True,9/27/2017 15:00,9/28/2017 23:00,False,False,False,False,False,False,False,False,Baldwinsville,NY ,Baldwinsville,NY 
2750,206543905,9/26/2017 15:28,9/26/2017 15:28,9/27/2017 8:52,9/27/2017 7:00,9/28/2017 3:30,1955.52,1500.0,455.52,290.5,DRV,,,False,0,Carrier 1695536,Shipper 1387,True,True,True,9/27/2017 15:00,9/28/2017 23:00,False,False,False,False,False,False,False,False,Baldwinsville,NY ,Baldwinsville,NY 
2751,206543905,9/26/2017 15:28,9/26/2017 15:28,9/27/2017 8:52,9/27/2017 7:00,9/28/2017 3:30,1955.52,1500.0,455.52,290.5,DRV,,,False,0,Carrier 1695536,Shipper 1388,True,True,True,9/27/2017 15:00,9/28/2017 23:00,False,False,False,False,False,False,False,False,Baldwinsville,NY ,Baldwinsville,NY 
2752,206626729,9/26/2017 15:31,9/26/2017 15:31,9/27/2017 10:24,9/27/2017 7:00,9/28/2017 7:30,1955.22,1900.0,55.22,290.5,DRV,,,False,0,Carrier 1296652,Shipper 1249,True,True,True,9/27/2017 15:00,9/28/2017 23:00,False,False,False,False,False,False,False,False,Baldwinsville,NY ,Baldwinsville,NY 
2753,206626729,9/26/2017 15:31,9/26/2017 15:31,9/27/2017 10:24,9/27/2017 7:00,9/28/2017 7:30,1955.22,1900.0,55.22,290.5,DRV,,,False,0,Carrier 1296652,Shipper 1375,True,True,True,9/27/2017 15:00,9/28/2017 23:00,False,False,False,False,False,False,False,False,Baldwinsville,NY ,Baldwinsville,NY 
2754,206626729,9/26/2017 15:31,9/26/2017 15:31,9/27/2017 10:24,9/27/2017 7:00,9/28/2017 7:30,1955.22,1900.0,55.22,290.5,DRV,,,False,0,Carrier 1296652,Shipper 1386,True,True,True,9/27/2017 15:00,9/28/2017 23:00,False,False,False,False,False,False,False,False,Baldwinsville,NY ,Baldwinsville,NY 
2755,206626729,9/26/2017 15:31,9/26/2017 15:31,9/27/2017 10:24,9/27/2017 7:00,9/28/2017 7:30,1955.22,1900.0,55.22,290.5,DRV,,,False,0,Carrier 1296652,Shipper 1248,True,True,True,9/27/2017 15:00,9/28/2017 23:00,False,False,False,False,False,False,False,False,Baldwinsville,NY ,Baldwinsville,NY 
2756,206626729,9/26/2017 15:31,9/26/2017 15:31,9/27/2017 10:24,9/27/2017 7:00,9/28/2017 7:30,1955.22,1900.0,55.22,290.5,DRV,,,False,0,Carrier 1296652,Shipper 1387,True,True,True,9/27/2017 15:00,9/28/2017 23:00,False,False,False,False,False,False,False,False,Baldwinsville,NY ,Baldwinsville,NY 
2757,206626729,9/26/2017 15:31,9/26/2017 15:31,9/27/2017 10:24,9/27/2017 7:00,9/28/2017 7:30,1955.22,1900.0,55.22,290.5,DRV,,,False,0,Carrier 1296652,Shipper 1388,True,True,True,9/27/2017 15:00,9/28/2017 23:00,False,False,False,False,False,False,False,False,Baldwinsville,NY ,Baldwinsville,NY 
2758,206597785,9/27/2017 18:06,9/27/2017 18:06,9/28/2017 15:33,9/28/2017 13:00,10/3/2017 9:00,1953.5,2900.0,-946.5,718.0,DRV,,,False,1,Carrier 1006210,Shipper 1644,True,True,True,9/28/2017 13:00,10/3/2017 7:30,False,False,False,False,False,False,False,False,Portage,IN ,Portage,IN 
2759,206601545,8/8/2017 16:55,8/8/2017 16:55,8/10/2017 9:55,8/10/2017 7:00,8/11/2017 12:00,1953.48,1300.0,653.48,300.0,DRV,,,False,0,Carrier 55977,Shipper 1249,True,True,True,8/10/2017 15:00,8/11/2017 20:00,False,False,False,False,False,False,False,False,Baldwinsville,NY ,Baldwinsville,NY 
2760,206601545,8/8/2017 16:55,8/8/2017 16:55,8/10/2017 9:55,8/10/2017 7:00,8/11/2017 12:00,1953.48,1300.0,653.48,300.0,DRV,,,False,0,Carrier 55977,Shipper 1375,True,True,True,8/10/2017 15:00,8/11/2017 20:00,False,False,False,False,False,False,False,False,Baldwinsville,NY ,Baldwinsville,NY 
2761,206601545,8/8/2017 16:55,8/8/2017 16:55,8/10/2017 9:55,8/10/2017 7:00,8/11/2017 12:00,1953.48,1300.0,653.48,300.0,DRV,,,False,0,Carrier 55977,Shipper 1386,True,True,True,8/10/2017 15:00,8/11/2017 20:00,False,False,False,False,False,False,False,False,Baldwinsville,NY ,Baldwinsville,NY 
2762,206601545,8/8/2017 16:55,8/8/2017 16:55,8/10/2017 9:55,8/10/2017 7:00,8/11/2017 12:00,1953.48,1300.0,653.48,300.0,DRV,,,False,0,Carrier 55977,Shipper 1248,True,True,True,8/10/2017 15:00,8/11/2017 20:00,False,False,False,False,False,False,False,False,Baldwinsville,NY ,Baldwinsville,NY 
2763,206601545,8/8/2017 16:55,8/8/2017 16:55,8/10/2017 9:55,8/10/2017 7:00,8/11/2017 12:00,1953.48,1300.0,653.48,300.0,DRV,,,False,0,Carrier 55977,Shipper 1387,True,True,True,8/10/2017 15:00,8/11/2017 20:00,False,False,False,False,False,False,False,False,Baldwinsville,NY ,Baldwinsville,NY 
2764,206601545,8/8/2017 16:55,8/8/2017 16:55,8/10/2017 9:55,8/10/2017 7:00,8/11/2017 12:00,1953.48,1300.0,653.48,300.0,DRV,,,False,0,Carrier 55977,Shipper 1388,True,True,True,8/10/2017 15:00,8/11/2017 20:00,False,False,False,False,False,False,False,False,Baldwinsville,NY ,Baldwinsville,NY 
2765,206504777,7/6/2017 17:15,7/6/2017 17:15,7/11/2017 12:34,7/18/2017 21:00,7/20/2017 11:00,1952.22,2400.0,-447.78,778.9,RFR,,,False,0,Carrier 1086443,Shipper 758,True,True,True,7/18/2017 21:00,7/20/2017 10:00,False,False,False,False,False,False,False,False,Lodi,CA ,Lodi,CA 
2766,206461385,7/6/2017 16:13,7/6/2017 16:13,7/11/2017 12:34,7/18/2017 20:00,7/20/2017 11:00,1952.22,2400.0,-447.78,778.9,RFR,,,False,0,Carrier 1086443,Shipper 758,True,True,True,7/18/2017 20:00,7/20/2017 10:00,False,False,False,False,False,False,False,False,Lodi,CA ,Lodi,CA 
2767,206481305,5/30/2017 19:11,5/30/2017 19:11,6/12/2017 10:04,6/12/2017 20:00,6/14/2017 10:25,1950.81,2700.0,-749.19,778.9,RFR,,,False,0,Carrier 1086443,Shipper 758,True,True,True,6/12/2017 20:00,6/14/2017 9:00,False,False,False,False,False,False,False,False,Lodi,CA ,Lodi,CA 
2768,206649593,11/29/2017 9:13,11/29/2017 9:13,12/8/2017 13:23,12/11/2017 20:00,12/13/2017 10:30,1949.42,2100.0,-150.58,778.9,RFR,,source_list,False,0,Carrier 73246,Shipper 758,True,True,True,12/11/2017 20:00,12/13/2017 9:00,False,False,False,False,False,False,False,False,Lodi,CA ,Lodi,CA 
2769,206438553,11/29/2017 13:46,11/29/2017 13:46,12/11/2017 13:10,12/11/2017 18:00,12/13/2017 13:30,1949.42,2100.0,-150.58,778.9,RFR,,,False,1,Carrier 977018,Shipper 758,True,True,True,12/11/2017 18:00,12/13/2017 10:00,False,False,False,False,False,False,False,False,Lodi,CA ,Lodi,CA 
2770,206586417,10/27/2017 8:52,10/27/2017 8:52,11/7/2017 16:56,11/7/2017 20:00,11/9/2017 10:45,1949.42,2300.0,-350.58,778.9,RFR,,,False,1,Carrier 1617031,Shipper 758,True,True,True,11/7/2017 20:00,11/9/2017 10:00,False,False,False,False,False,False,False,False,Lodi,CA ,Lodi,CA 
2771,206610889,11/30/2017 12:33,11/30/2017 12:33,12/11/2017 10:52,12/12/2017 18:00,12/14/2017 12:00,1949.42,2000.0,-50.58,778.9,RFR,,carrier_capacity,False,0,Carrier 86454,Shipper 758,True,True,True,12/12/2017 18:00,12/14/2017 9:00,False,False,False,False,False,False,False,False,Lodi,CA ,Lodi,CA 
2772,206608521,12/4/2017 9:38,12/4/2017 9:38,12/11/2017 10:51,12/13/2017 18:00,12/15/2017 12:00,1949.42,2000.0,-50.58,778.9,RFR,,carrier_capacity,False,0,Carrier 86454,Shipper 758,True,True,True,12/13/2017 18:00,12/15/2017 9:00,False,False,False,False,False,False,False,False,Lodi,CA ,Lodi,CA 
2773,206559065,12/8/2017 13:02,12/8/2017 13:02,12/26/2017 11:16,12/26/2017 20:00,12/28/2017 11:30,1949.42,2750.0,-800.58,778.9,RFR,,source_list,False,0,Carrier 75065,Shipper 758,True,True,True,12/26/2017 20:00,12/28/2017 9:00,False,False,False,False,False,False,False,False,Lodi,CA ,Lodi,CA 
2774,206523193,10/10/2017 8:56,10/10/2017 8:56,10/18/2017 13:42,11/8/2017 20:00,11/10/2017 10:21,1949.42,1900.0,49.42,778.9,RFR,,,False,0,Carrier 86454,Shipper 758,True,True,True,11/8/2017 20:00,11/10/2017 9:00,False,False,False,False,False,False,False,False,Lodi,CA ,Lodi,CA 
2775,206625641,12/7/2017 12:34,12/7/2017 12:34,12/12/2017 10:37,12/12/2017 20:00,12/14/2017 12:00,1949.42,2200.0,-250.58,778.9,RFR,,,False,0,Carrier 46296,Shipper 758,True,True,True,12/12/2017 20:00,12/14/2017 11:00,False,False,False,False,False,False,False,False,Lodi,CA ,Lodi,CA 
2776,206571273,12/12/2017 14:55,12/12/2017 14:56,12/19/2017 18:31,12/20/2017 18:00,12/22/2017 11:30,1949.42,2850.0,-900.58,778.9,RFR,,carrier_capacity,False,1,Carrier 46296,Shipper 758,True,True,True,12/20/2017 18:00,12/22/2017 11:00,False,False,False,False,False,False,False,False,Lodi,CA ,Lodi,CA 
2777,206574873,10/27/2017 8:57,10/27/2017 8:57,11/7/2017 11:46,11/7/2017 18:00,11/9/2017 13:00,1949.42,1950.0,-0.58,778.9,RFR,,,False,1,Carrier 1086443,Shipper 758,False,True,True,11/7/2017 18:00,11/9/2017 10:00,False,False,False,False,False,False,False,False,Lodi,CA ,Lodi,CA 
2778,206572257,12/12/2017 14:58,12/12/2017 14:58,12/20/2017 9:54,12/20/2017 20:00,12/22/2017 11:30,1949.42,2850.0,-900.58,778.9,DRV,,carrier_capacity,False,2,Carrier 46296,Shipper 758,True,True,True,12/20/2017 20:00,12/22/2017 11:00,False,False,False,False,False,False,False,False,Lodi,CA ,Lodi,CA 
2779,206514865,12/21/2017 10:12,12/21/2017 10:12,12/26/2017 9:37,12/26/2017 18:00,12/28/2017 11:30,1949.42,2750.0,-800.58,778.9,RFR,,carrier_capacity,False,0,Carrier 46296,Shipper 758,True,True,True,12/26/2017 18:00,12/28/2017 10:00,False,False,False,False,False,False,False,False,Lodi,CA ,Lodi,CA 
2780,206642697,9/26/2017 16:28,9/26/2017 16:28,9/28/2017 18:16,9/29/2017 21:00,10/3/2017 12:07,1948.8,2000.0,-51.2,450.2,DRV,,,False,0,Carrier 89123,Shipper 1249,True,True,True,9/29/2017 21:00,10/3/2017 15:00,False,False,False,False,False,False,False,False,St. Louis,MO ,St. Louis,MO 
2781,206642697,9/26/2017 16:28,9/26/2017 16:28,9/28/2017 18:16,9/29/2017 21:00,10/3/2017 12:07,1948.8,2000.0,-51.2,450.2,DRV,,,False,0,Carrier 89123,Shipper 1375,True,True,True,9/29/2017 21:00,10/3/2017 15:00,False,False,False,False,False,False,False,False,St. Louis,MO ,St. Louis,MO 
2782,206642697,9/26/2017 16:28,9/26/2017 16:28,9/28/2017 18:16,9/29/2017 21:00,10/3/2017 12:07,1948.8,2000.0,-51.2,450.2,DRV,,,False,0,Carrier 89123,Shipper 1386,True,True,True,9/29/2017 21:00,10/3/2017 15:00,False,False,False,False,False,False,False,False,St. Louis,MO ,St. Louis,MO 
2783,206642697,9/26/2017 16:28,9/26/2017 16:28,9/28/2017 18:16,9/29/2017 21:00,10/3/2017 12:07,1948.8,2000.0,-51.2,450.2,DRV,,,False,0,Carrier 89123,Shipper 1248,True,True,True,9/29/2017 21:00,10/3/2017 15:00,False,False,False,False,False,False,False,False,St. Louis,MO ,St. Louis,MO 
2784,206642697,9/26/2017 16:28,9/26/2017 16:28,9/28/2017 18:16,9/29/2017 21:00,10/3/2017 12:07,1948.8,2000.0,-51.2,450.2,DRV,,,False,0,Carrier 89123,Shipper 1387,True,True,True,9/29/2017 21:00,10/3/2017 15:00,False,False,False,False,False,False,False,False,St. Louis,MO ,St. Louis,MO 
2785,206642697,9/26/2017 16:28,9/26/2017 16:28,9/28/2017 18:16,9/29/2017 21:00,10/3/2017 12:07,1948.8,2000.0,-51.2,450.2,DRV,,,False,0,Carrier 89123,Shipper 1388,True,True,True,9/29/2017 21:00,10/3/2017 15:00,False,False,False,False,False,False,False,False,St. Louis,MO ,St. Louis,MO 
2786,206497185,8/28/2017 10:23,8/28/2017 10:24,8/28/2017 11:23,8/29/2017 18:00,8/31/2017 14:30,1948.49,1500.0,448.49,694.0,RFR,,,False,0,Carrier 31074,Shipper 1249,True,True,True,8/29/2017 18:00,8/31/2017 15:00,False,False,False,False,False,False,False,False,St. Louis,MO ,St. Louis,MO 
2787,206497185,8/28/2017 10:23,8/28/2017 10:24,8/28/2017 11:23,8/29/2017 18:00,8/31/2017 14:30,1948.49,1500.0,448.49,694.0,RFR,,,False,0,Carrier 31074,Shipper 1375,True,True,True,8/29/2017 18:00,8/31/2017 15:00,False,False,False,False,False,False,False,False,St. Louis,MO ,St. Louis,MO 
2788,206497185,8/28/2017 10:23,8/28/2017 10:24,8/28/2017 11:23,8/29/2017 18:00,8/31/2017 14:30,1948.49,1500.0,448.49,694.0,RFR,,,False,0,Carrier 31074,Shipper 1386,True,True,True,8/29/2017 18:00,8/31/2017 15:00,False,False,False,False,False,False,False,False,St. Louis,MO ,St. Louis,MO 
2789,206497185,8/28/2017 10:23,8/28/2017 10:24,8/28/2017 11:23,8/29/2017 18:00,8/31/2017 14:30,1948.49,1500.0,448.49,694.0,RFR,,,False,0,Carrier 31074,Shipper 1248,True,True,True,8/29/2017 18:00,8/31/2017 15:00,False,False,False,False,False,False,False,False,St. Louis,MO ,St. Louis,MO 
2790,206497185,8/28/2017 10:23,8/28/2017 10:24,8/28/2017 11:23,8/29/2017 18:00,8/31/2017 14:30,1948.49,1500.0,448.49,694.0,RFR,,,False,0,Carrier 31074,Shipper 1387,True,True,True,8/29/2017 18:00,8/31/2017 15:00,False,False,False,False,False,False,False,False,St. Louis,MO ,St. Louis,MO 
2791,206497185,8/28/2017 10:23,8/28/2017 10:24,8/28/2017 11:23,8/29/2017 18:00,8/31/2017 14:30,1948.49,1500.0,448.49,694.0,RFR,,,False,0,Carrier 31074,Shipper 1388,True,True,True,8/29/2017 18:00,8/31/2017 15:00,False,False,False,False,False,False,False,False,St. Louis,MO ,St. Louis,MO 
2792,206522185,12/1/2017 16:53,12/1/2017 16:53,12/4/2017 11:41,12/5/2017 11:00,12/6/2017 20:00,1947.58,1800.0,147.58,574.7,DRV,,dat_in,False,0,Carrier 105166,Shipper 758,True,True,True,12/6/2017 1:00,12/6/2017 18:00,False,False,False,False,False,False,False,False,Fresno,CA ,Fresno,CA 
2793,206486609,9/15/2017 16:36,9/15/2017 16:36,9/19/2017 7:33,9/19/2017 15:00,9/23/2017 8:20,1943.16,1600.0,343.16,382.6,RFR,,,False,0,Carrier 1473237,Shipper 1249,True,True,True,9/19/2017 15:00,9/23/2017 7:00,False,False,False,False,False,False,False,False,St. Louis,MO ,St. Louis,MO 
2794,206486609,9/15/2017 16:36,9/15/2017 16:36,9/19/2017 7:33,9/19/2017 15:00,9/23/2017 8:20,1943.16,1600.0,343.16,382.6,RFR,,,False,0,Carrier 1473237,Shipper 1375,True,True,True,9/19/2017 15:00,9/23/2017 7:00,False,False,False,False,False,False,False,False,St. Louis,MO ,St. Louis,MO 
2795,206486609,9/15/2017 16:36,9/15/2017 16:36,9/19/2017 7:33,9/19/2017 15:00,9/23/2017 8:20,1943.16,1600.0,343.16,382.6,RFR,,,False,0,Carrier 1473237,Shipper 1386,True,True,True,9/19/2017 15:00,9/23/2017 7:00,False,False,False,False,False,False,False,False,St. Louis,MO ,St. Louis,MO 
2796,206486609,9/15/2017 16:36,9/15/2017 16:36,9/19/2017 7:33,9/19/2017 15:00,9/23/2017 8:20,1943.16,1600.0,343.16,382.6,RFR,,,False,0,Carrier 1473237,Shipper 1248,True,True,True,9/19/2017 15:00,9/23/2017 7:00,False,False,False,False,False,False,False,False,St. Louis,MO ,St. Louis,MO 
2797,206486609,9/15/2017 16:36,9/15/2017 16:36,9/19/2017 7:33,9/19/2017 15:00,9/23/2017 8:20,1943.16,1600.0,343.16,382.6,RFR,,,False,0,Carrier 1473237,Shipper 1387,True,True,True,9/19/2017 15:00,9/23/2017 7:00,False,False,False,False,False,False,False,False,St. Louis,MO ,St. Louis,MO 
2798,206486609,9/15/2017 16:36,9/15/2017 16:36,9/19/2017 7:33,9/19/2017 15:00,9/23/2017 8:20,1943.16,1600.0,343.16,382.6,RFR,,,False,0,Carrier 1473237,Shipper 1388,True,True,True,9/19/2017 15:00,9/23/2017 7:00,False,False,False,False,False,False,False,False,St. Louis,MO ,St. Louis,MO 
2799,206644513,4/26/2017 10:36,4/26/2017 10:36,4/27/2017 10:13,4/27/2017 8:00,4/29/2017 9:00,1942.02,2100.0,-157.98,758.6,RFR,3.0,,False,1,Carrier 56439,Shipper 1104,True,True,True,4/27/2017 21:00,4/29/2017 7:00,False,False,False,False,False,False,False,False,Lake Park,GA ,Lake Park,GA 
2800,206530113,3/10/2017 16:20,3/10/2017 16:20,3/17/2017 16:00,3/22/2017 18:00,3/24/2017 11:00,1940.28,1600.0,340.28,778.9,RFR,,,False,0,Carrier 73246,Shipper 758,True,True,True,3/22/2017 18:00,3/24/2017 12:00,False,False,False,False,False,False,False,False,Lodi,CA ,Lodi,CA 
2801,206625209,9/20/2017 16:27,9/20/2017 16:27,9/25/2017 8:43,9/25/2017 14:00,9/26/2017 8:00,1937.62,1500.0,437.62,384.2,DRV,,,False,0,Carrier 1265786,Shipper 1249,True,True,True,9/25/2017 14:00,9/26/2017 6:30,False,False,False,False,False,False,False,False,Williamsburg,VA ,Williamsburg,VA 
2802,206625209,9/20/2017 16:27,9/20/2017 16:27,9/25/2017 8:43,9/25/2017 14:00,9/26/2017 8:00,1937.62,1500.0,437.62,384.2,DRV,,,False,0,Carrier 1265786,Shipper 1375,True,True,True,9/25/2017 14:00,9/26/2017 6:30,False,False,False,False,False,False,False,False,Williamsburg,VA ,Williamsburg,VA 
2803,206625209,9/20/2017 16:27,9/20/2017 16:27,9/25/2017 8:43,9/25/2017 14:00,9/26/2017 8:00,1937.62,1500.0,437.62,384.2,DRV,,,False,0,Carrier 1265786,Shipper 1386,True,True,True,9/25/2017 14:00,9/26/2017 6:30,False,False,False,False,False,False,False,False,Williamsburg,VA ,Williamsburg,VA 
2804,206625209,9/20/2017 16:27,9/20/2017 16:27,9/25/2017 8:43,9/25/2017 14:00,9/26/2017 8:00,1937.62,1500.0,437.62,384.2,DRV,,,False,0,Carrier 1265786,Shipper 1248,True,True,True,9/25/2017 14:00,9/26/2017 6:30,False,False,False,False,False,False,False,False,Williamsburg,VA ,Williamsburg,VA 
2805,206625209,9/20/2017 16:27,9/20/2017 16:27,9/25/2017 8:43,9/25/2017 14:00,9/26/2017 8:00,1937.62,1500.0,437.62,384.2,DRV,,,False,0,Carrier 1265786,Shipper 1387,True,True,True,9/25/2017 14:00,9/26/2017 6:30,False,False,False,False,False,False,False,False,Williamsburg,VA ,Williamsburg,VA 
2806,206625209,9/20/2017 16:27,9/20/2017 16:27,9/25/2017 8:43,9/25/2017 14:00,9/26/2017 8:00,1937.62,1500.0,437.62,384.2,DRV,,,False,0,Carrier 1265786,Shipper 1388,True,True,True,9/25/2017 14:00,9/26/2017 6:30,False,False,False,False,False,False,False,False,Williamsburg,VA ,Williamsburg,VA 
2807,206727233,12/18/2017 18:39,12/18/2017 18:39,12/19/2017 13:06,12/19/2017 14:00,12/20/2017 16:00,1936.21,2300.0,-363.79,659.4,RFR,,,False,0,Carrier 1080860,Shipper 1249,True,True,True,12/19/2017 14:00,12/20/2017 16:30,False,False,False,False,False,False,False,False,Fairfield,CA ,Fairfield,CA 
2808,206727233,12/18/2017 18:39,12/18/2017 18:39,12/19/2017 13:06,12/19/2017 14:00,12/20/2017 16:00,1936.21,2300.0,-363.79,659.4,RFR,,,False,0,Carrier 1080860,Shipper 1375,True,True,True,12/19/2017 14:00,12/20/2017 16:30,False,False,False,False,False,False,False,False,Fairfield,CA ,Fairfield,CA 
2809,206727233,12/18/2017 18:39,12/18/2017 18:39,12/19/2017 13:06,12/19/2017 14:00,12/20/2017 16:00,1936.21,2300.0,-363.79,659.4,RFR,,,False,0,Carrier 1080860,Shipper 1386,True,True,True,12/19/2017 14:00,12/20/2017 16:30,False,False,False,False,False,False,False,False,Fairfield,CA ,Fairfield,CA 
2810,206727233,12/18/2017 18:39,12/18/2017 18:39,12/19/2017 13:06,12/19/2017 14:00,12/20/2017 16:00,1936.21,2300.0,-363.79,659.4,RFR,,,False,0,Carrier 1080860,Shipper 1248,True,True,True,12/19/2017 14:00,12/20/2017 16:30,False,False,False,False,False,False,False,False,Fairfield,CA ,Fairfield,CA 
2811,206727233,12/18/2017 18:39,12/18/2017 18:39,12/19/2017 13:06,12/19/2017 14:00,12/20/2017 16:00,1936.21,2300.0,-363.79,659.4,RFR,,,False,0,Carrier 1080860,Shipper 1387,True,True,True,12/19/2017 14:00,12/20/2017 16:30,False,False,False,False,False,False,False,False,Fairfield,CA ,Fairfield,CA 
2812,206727233,12/18/2017 18:39,12/18/2017 18:39,12/19/2017 13:06,12/19/2017 14:00,12/20/2017 16:00,1936.21,2300.0,-363.79,659.4,RFR,,,False,0,Carrier 1080860,Shipper 1388,True,True,True,12/19/2017 14:00,12/20/2017 16:30,False,False,False,False,False,False,False,False,Fairfield,CA ,Fairfield,CA 
2813,206657625,3/28/2017 16:52,3/28/2017 16:53,3/30/2017 11:44,3/30/2017 9:00,4/3/2017 14:00,1934.84,2000.0,-65.16,893.1,RFR,3.0,,False,0,Carrier 54470,Shipper 1249,False,True,False,3/30/2017 9:00,4/3/2017 19:00,False,False,False,False,False,False,False,False,Aurora,CO ,Aurora,CO 
2814,206657625,3/28/2017 16:52,3/28/2017 16:53,3/30/2017 11:44,3/30/2017 9:00,4/3/2017 14:00,1934.84,2000.0,-65.16,893.1,RFR,3.0,,False,0,Carrier 54470,Shipper 1375,False,True,False,3/30/2017 9:00,4/3/2017 19:00,False,False,False,False,False,False,False,False,Aurora,CO ,Aurora,CO 
2815,206657625,3/28/2017 16:52,3/28/2017 16:53,3/30/2017 11:44,3/30/2017 9:00,4/3/2017 14:00,1934.84,2000.0,-65.16,893.1,RFR,3.0,,False,0,Carrier 54470,Shipper 1386,False,True,False,3/30/2017 9:00,4/3/2017 19:00,False,False,False,False,False,False,False,False,Aurora,CO ,Aurora,CO 
2816,206657625,3/28/2017 16:52,3/28/2017 16:53,3/30/2017 11:44,3/30/2017 9:00,4/3/2017 14:00,1934.84,2000.0,-65.16,893.1,RFR,3.0,,False,0,Carrier 54470,Shipper 1248,False,True,False,3/30/2017 9:00,4/3/2017 19:00,False,False,False,False,False,False,False,False,Aurora,CO ,Aurora,CO 
2817,206657625,3/28/2017 16:52,3/28/2017 16:53,3/30/2017 11:44,3/30/2017 9:00,4/3/2017 14:00,1934.84,2000.0,-65.16,893.1,RFR,3.0,,False,0,Carrier 54470,Shipper 1387,False,True,False,3/30/2017 9:00,4/3/2017 19:00,False,False,False,False,False,False,False,False,Aurora,CO ,Aurora,CO 
2818,206657625,3/28/2017 16:52,3/28/2017 16:53,3/30/2017 11:44,3/30/2017 9:00,4/3/2017 14:00,1934.84,2000.0,-65.16,893.1,RFR,3.0,,False,0,Carrier 54470,Shipper 1388,False,True,False,3/30/2017 9:00,4/3/2017 19:00,False,False,False,False,False,False,False,False,Aurora,CO ,Aurora,CO 
2819,206649505,5/16/2017 14:25,5/16/2017 14:26,5/18/2017 9:17,5/18/2017 11:00,5/20/2017 10:30,1928.02,2300.0,-371.98,1027.9,DRV,4.0,,False,0,Carrier 862163,Shipper 1249,True,True,True,5/18/2017 13:00,5/20/2017 12:00,False,False,False,False,False,False,False,False,Houston,TX ,Houston,TX 
2820,206649505,5/16/2017 14:25,5/16/2017 14:26,5/18/2017 9:17,5/18/2017 11:00,5/20/2017 10:30,1928.02,2300.0,-371.98,1027.9,DRV,4.0,,False,0,Carrier 862163,Shipper 1375,True,True,True,5/18/2017 13:00,5/20/2017 12:00,False,False,False,False,False,False,False,False,Houston,TX ,Houston,TX 
2821,206649505,5/16/2017 14:25,5/16/2017 14:26,5/18/2017 9:17,5/18/2017 11:00,5/20/2017 10:30,1928.02,2300.0,-371.98,1027.9,DRV,4.0,,False,0,Carrier 862163,Shipper 1386,True,True,True,5/18/2017 13:00,5/20/2017 12:00,False,False,False,False,False,False,False,False,Houston,TX ,Houston,TX 
2822,206649505,5/16/2017 14:25,5/16/2017 14:26,5/18/2017 9:17,5/18/2017 11:00,5/20/2017 10:30,1928.02,2300.0,-371.98,1027.9,DRV,4.0,,False,0,Carrier 862163,Shipper 1248,True,True,True,5/18/2017 13:00,5/20/2017 12:00,False,False,False,False,False,False,False,False,Houston,TX ,Houston,TX 
2823,206649505,5/16/2017 14:25,5/16/2017 14:26,5/18/2017 9:17,5/18/2017 11:00,5/20/2017 10:30,1928.02,2300.0,-371.98,1027.9,DRV,4.0,,False,0,Carrier 862163,Shipper 1387,True,True,True,5/18/2017 13:00,5/20/2017 12:00,False,False,False,False,False,False,False,False,Houston,TX ,Houston,TX 
2824,206649505,5/16/2017 14:25,5/16/2017 14:26,5/18/2017 9:17,5/18/2017 11:00,5/20/2017 10:30,1928.02,2300.0,-371.98,1027.9,DRV,4.0,,False,0,Carrier 862163,Shipper 1388,True,True,True,5/18/2017 13:00,5/20/2017 12:00,False,False,False,False,False,False,False,False,Houston,TX ,Houston,TX 
2825,206487969,8/7/2017 16:23,8/7/2017 16:23,8/7/2017 17:32,8/8/2017 15:00,8/9/2017 12:00,1926.97,1400.0,526.97,983.6,RFR,,,False,0,Carrier 25652,Shipper 1249,True,True,True,8/8/2017 15:00,8/10/2017 16:00,False,False,False,False,False,False,False,False,Fort Collins,CO ,Fort Collins,CO 
2826,206487969,8/7/2017 16:23,8/7/2017 16:23,8/7/2017 17:32,8/8/2017 15:00,8/9/2017 12:00,1926.97,1400.0,526.97,983.6,RFR,,,False,0,Carrier 25652,Shipper 1375,True,True,True,8/8/2017 15:00,8/10/2017 16:00,False,False,False,False,False,False,False,False,Fort Collins,CO ,Fort Collins,CO 
2827,206487969,8/7/2017 16:23,8/7/2017 16:23,8/7/2017 17:32,8/8/2017 15:00,8/9/2017 12:00,1926.97,1400.0,526.97,983.6,RFR,,,False,0,Carrier 25652,Shipper 1386,True,True,True,8/8/2017 15:00,8/10/2017 16:00,False,False,False,False,False,False,False,False,Fort Collins,CO ,Fort Collins,CO 
2828,206487969,8/7/2017 16:23,8/7/2017 16:23,8/7/2017 17:32,8/8/2017 15:00,8/9/2017 12:00,1926.97,1400.0,526.97,983.6,RFR,,,False,0,Carrier 25652,Shipper 1248,True,True,True,8/8/2017 15:00,8/10/2017 16:00,False,False,False,False,False,False,False,False,Fort Collins,CO ,Fort Collins,CO 
2829,206487969,8/7/2017 16:23,8/7/2017 16:23,8/7/2017 17:32,8/8/2017 15:00,8/9/2017 12:00,1926.97,1400.0,526.97,983.6,RFR,,,False,0,Carrier 25652,Shipper 1387,True,True,True,8/8/2017 15:00,8/10/2017 16:00,False,False,False,False,False,False,False,False,Fort Collins,CO ,Fort Collins,CO 
2830,206487969,8/7/2017 16:23,8/7/2017 16:23,8/7/2017 17:32,8/8/2017 15:00,8/9/2017 12:00,1926.97,1400.0,526.97,983.6,RFR,,,False,0,Carrier 25652,Shipper 1388,True,True,True,8/8/2017 15:00,8/10/2017 16:00,False,False,False,False,False,False,False,False,Fort Collins,CO ,Fort Collins,CO 
2831,206479257,11/13/2017 10:47,11/13/2017 10:47,11/13/2017 16:22,11/14/2017 13:00,11/15/2017 14:40,1926.67,1540.0,386.67,390.6,DRV,,,True,0,Carrier 69267,Shipper 1644,True,True,True,11/14/2017 13:00,11/15/2017 14:00,False,False,False,False,False,False,False,False,Rossville,GA ,Rossville,GA 
2832,206488937,4/7/2017 16:18,4/7/2017 16:19,4/11/2017 13:50,4/11/2017 18:00,4/13/2017 9:08,1925.4,2400.0,-474.6,668.8,RFR,,,False,0,Carrier 11186,Shipper 1249,True,True,True,4/11/2017 18:00,4/13/2017 14:00,False,False,False,False,False,False,False,False,Granite City,IL ,Granite City,IL 
2833,206488937,4/7/2017 16:18,4/7/2017 16:19,4/11/2017 13:50,4/11/2017 18:00,4/13/2017 9:08,1925.4,2400.0,-474.6,668.8,RFR,,,False,0,Carrier 11186,Shipper 1375,True,True,True,4/11/2017 18:00,4/13/2017 14:00,False,False,False,False,False,False,False,False,Granite City,IL ,Granite City,IL 
2834,206488937,4/7/2017 16:18,4/7/2017 16:19,4/11/2017 13:50,4/11/2017 18:00,4/13/2017 9:08,1925.4,2400.0,-474.6,668.8,RFR,,,False,0,Carrier 11186,Shipper 1386,True,True,True,4/11/2017 18:00,4/13/2017 14:00,False,False,False,False,False,False,False,False,Granite City,IL ,Granite City,IL 
2835,206488937,4/7/2017 16:18,4/7/2017 16:19,4/11/2017 13:50,4/11/2017 18:00,4/13/2017 9:08,1925.4,2400.0,-474.6,668.8,RFR,,,False,0,Carrier 11186,Shipper 1248,True,True,True,4/11/2017 18:00,4/13/2017 14:00,False,False,False,False,False,False,False,False,Granite City,IL ,Granite City,IL 
2836,206488937,4/7/2017 16:18,4/7/2017 16:19,4/11/2017 13:50,4/11/2017 18:00,4/13/2017 9:08,1925.4,2400.0,-474.6,668.8,RFR,,,False,0,Carrier 11186,Shipper 1387,True,True,True,4/11/2017 18:00,4/13/2017 14:00,False,False,False,False,False,False,False,False,Granite City,IL ,Granite City,IL 
2837,206488937,4/7/2017 16:18,4/7/2017 16:19,4/11/2017 13:50,4/11/2017 18:00,4/13/2017 9:08,1925.4,2400.0,-474.6,668.8,RFR,,,False,0,Carrier 11186,Shipper 1388,True,True,True,4/11/2017 18:00,4/13/2017 14:00,False,False,False,False,False,False,False,False,Granite City,IL ,Granite City,IL 
2838,206581857,4/12/2017 10:55,4/12/2017 10:55,4/13/2017 9:47,4/13/2017 8:00,4/17/2017 12:00,1924.0,2120.0,-196.0,1724.3,DRV,3.0,,False,0,Carrier 1008888,Shipper 590,True,True,True,4/13/2017 15:00,4/17/2017 8:00,False,False,False,False,False,False,False,False,Bridgewater,NJ ,Bridgewater,NJ 
2839,206648985,9/6/2017 15:13,9/6/2017 15:13,9/18/2017 10:32,9/18/2017 21:00,9/20/2017 10:20,1923.3,2000.0,-76.7,778.9,RFR,,,False,0,Carrier 968232,Shipper 758,True,True,True,9/18/2017 21:00,9/20/2017 9:00,False,False,False,False,False,False,False,False,Lodi,CA ,Lodi,CA 
2840,206421905,9/15/2017 8:49,9/15/2017 8:49,9/20/2017 15:38,9/26/2017 21:00,9/28/2017 14:30,1923.3,1900.0,23.3,778.9,RFR,,,False,0,Carrier 957189,Shipper 758,True,True,True,9/26/2017 21:00,9/28/2017 11:00,False,False,False,False,False,False,False,False,Lodi,CA ,Lodi,CA 
2841,206470073,9/15/2017 14:36,9/15/2017 14:36,9/20/2017 12:05,9/25/2017 20:00,9/27/2017 11:00,1923.3,1950.0,-26.7,778.9,RFR,,,False,0,Carrier 73246,Shipper 758,True,True,True,9/25/2017 20:00,9/27/2017 9:00,False,False,False,False,False,False,False,False,Lodi,CA ,Lodi,CA 
2842,206441057,9/15/2017 8:52,9/15/2017 8:52,9/26/2017 14:51,9/26/2017 20:00,9/28/2017 12:00,1923.3,1900.0,23.3,778.9,RFR,,,False,1,Carrier 1061231,Shipper 758,True,True,True,9/26/2017 20:00,9/28/2017 11:00,False,False,False,False,False,False,False,False,Lodi,CA ,Lodi,CA 
2843,206606465,10/24/2017 9:14,10/24/2017 9:14,11/6/2017 8:58,11/6/2017 22:00,11/8/2017 11:00,1923.3,1900.0,23.3,778.9,RFR,,,False,1,Carrier 86454,Shipper 758,True,True,True,11/6/2017 22:00,11/8/2017 11:00,False,False,False,False,False,False,False,False,Lodi,CA ,Lodi,CA 
2844,206559985,10/18/2017 8:52,10/18/2017 8:52,10/19/2017 14:10,10/30/2017 18:00,11/1/2017 11:30,1923.3,1900.0,23.3,778.9,RFR,,,False,0,Carrier 86454,Shipper 758,True,True,True,10/30/2017 18:00,11/1/2017 10:00,False,False,False,False,False,False,False,False,Lodi,CA ,Lodi,CA 
2845,206626585,8/31/2017 8:24,8/31/2017 8:24,9/7/2017 15:51,9/12/2017 20:00,9/14/2017 10:45,1923.3,1950.0,-26.7,778.9,RFR,,,False,0,Carrier 1086443,Shipper 758,True,True,True,9/12/2017 20:00,9/14/2017 9:00,False,False,False,False,False,False,False,False,Lodi,CA ,Lodi,CA 
2846,206625369,9/5/2017 8:59,9/5/2017 8:59,9/15/2017 13:16,9/18/2017 20:00,9/20/2017 10:00,1923.3,1950.0,-26.7,778.9,RFR,,,False,0,Carrier 1086443,Shipper 758,True,True,True,9/18/2017 20:00,9/20/2017 9:00,False,False,False,False,False,False,False,False,Lodi,CA ,Lodi,CA 
2847,206622409,10/24/2017 8:26,10/24/2017 8:26,10/25/2017 13:20,10/31/2017 20:00,11/2/2017 12:00,1923.3,1900.0,23.3,778.9,RFR,,,False,0,Carrier 1086443,Shipper 758,True,True,True,10/31/2017 20:00,11/2/2017 10:00,False,False,False,False,False,False,False,False,Lodi,CA ,Lodi,CA 
2848,206570825,9/1/2017 8:38,9/1/2017 8:38,9/12/2017 11:21,9/12/2017 18:00,9/14/2017 11:35,1923.3,1950.0,-26.7,778.9,RFR,,,False,1,Carrier 1695505,Shipper 758,True,True,True,9/12/2017 18:00,9/14/2017 9:00,False,False,False,False,False,False,False,False,Lodi,CA ,Lodi,CA 
2849,206571233,9/29/2017 16:01,9/29/2017 16:01,10/8/2017 14:10,10/9/2017 21:00,10/11/2017 10:33,1923.3,2200.0,-276.7,778.9,RFR,,,False,0,Carrier 1633828,Shipper 758,True,True,True,10/9/2017 21:00,10/11/2017 10:00,False,False,False,False,False,False,False,False,Lodi,CA ,Lodi,CA 
2850,206427009,8/30/2017 14:22,8/30/2017 14:22,9/7/2017 9:52,9/11/2017 18:00,9/13/2017 11:40,1923.3,1900.0,23.3,778.9,RFR,,,False,0,Carrier 1113930,Shipper 758,True,True,True,9/11/2017 18:00,9/13/2017 9:00,False,False,False,False,False,False,False,False,Lodi,CA ,Lodi,CA 
2851,206506169,8/29/2017 13:24,8/29/2017 13:25,8/30/2017 13:44,9/11/2017 20:00,9/13/2017 12:00,1923.3,1900.0,23.3,778.9,RFR,,,False,0,Carrier 1086443,Shipper 758,True,True,True,9/11/2017 20:00,9/13/2017 9:00,False,False,False,False,False,False,False,False,Lodi,CA ,Lodi,CA 
2852,206427097,9/26/2017 10:30,9/26/2017 10:30,10/9/2017 12:32,10/10/2017 22:00,10/12/2017 14:30,1923.3,1950.0,-26.7,778.9,RFR,,,False,1,Carrier 1086443,Shipper 758,True,True,True,10/10/2017 22:00,10/12/2017 12:00,False,False,False,False,False,False,False,False,Lodi,CA ,Lodi,CA 
2853,206541881,5/11/2017 16:40,5/11/2017 16:40,5/15/2017 10:42,5/15/2017 23:00,5/17/2017 7:45,1920.96,2275.0,-354.04,685.5,DRV,,,False,0,Carrier 944957,Shipper 1249,True,True,True,5/15/2017 23:00,5/17/2017 12:00,False,False,False,False,False,False,False,False,Granite City,IL ,Granite City,IL 
2854,206541881,5/11/2017 16:40,5/11/2017 16:40,5/15/2017 10:42,5/15/2017 23:00,5/17/2017 7:45,1920.96,2275.0,-354.04,685.5,DRV,,,False,0,Carrier 944957,Shipper 1375,True,True,True,5/15/2017 23:00,5/17/2017 12:00,False,False,False,False,False,False,False,False,Granite City,IL ,Granite City,IL 
2855,206541881,5/11/2017 16:40,5/11/2017 16:40,5/15/2017 10:42,5/15/2017 23:00,5/17/2017 7:45,1920.96,2275.0,-354.04,685.5,DRV,,,False,0,Carrier 944957,Shipper 1386,True,True,True,5/15/2017 23:00,5/17/2017 12:00,False,False,False,False,False,False,False,False,Granite City,IL ,Granite City,IL 
2856,206541881,5/11/2017 16:40,5/11/2017 16:40,5/15/2017 10:42,5/15/2017 23:00,5/17/2017 7:45,1920.96,2275.0,-354.04,685.5,DRV,,,False,0,Carrier 944957,Shipper 1248,True,True,True,5/15/2017 23:00,5/17/2017 12:00,False,False,False,False,False,False,False,False,Granite City,IL ,Granite City,IL 
2857,206541881,5/11/2017 16:40,5/11/2017 16:40,5/15/2017 10:42,5/15/2017 23:00,5/17/2017 7:45,1920.96,2275.0,-354.04,685.5,DRV,,,False,0,Carrier 944957,Shipper 1387,True,True,True,5/15/2017 23:00,5/17/2017 12:00,False,False,False,False,False,False,False,False,Granite City,IL ,Granite City,IL 
2858,206541881,5/11/2017 16:40,5/11/2017 16:40,5/15/2017 10:42,5/15/2017 23:00,5/17/2017 7:45,1920.96,2275.0,-354.04,685.5,DRV,,,False,0,Carrier 944957,Shipper 1388,True,True,True,5/15/2017 23:00,5/17/2017 12:00,False,False,False,False,False,False,False,False,Granite City,IL ,Granite City,IL 
2859,206438313,4/11/2017 16:39,4/11/2017 16:39,4/13/2017 9:11,4/13/2017 9:00,4/14/2017 13:30,1920.14,1600.0,320.14,744.8,RFR,4.0,,False,0,Carrier 117597,Shipper 1249,True,True,True,4/13/2017 9:00,4/14/2017 13:30,False,False,False,False,False,False,False,False,Houston,TX ,Houston,TX 
2860,206438313,4/11/2017 16:39,4/11/2017 16:39,4/13/2017 9:11,4/13/2017 9:00,4/14/2017 13:30,1920.14,1600.0,320.14,744.8,RFR,4.0,,False,0,Carrier 117597,Shipper 1375,True,True,True,4/13/2017 9:00,4/14/2017 13:30,False,False,False,False,False,False,False,False,Houston,TX ,Houston,TX 
2861,206438313,4/11/2017 16:39,4/11/2017 16:39,4/13/2017 9:11,4/13/2017 9:00,4/14/2017 13:30,1920.14,1600.0,320.14,744.8,RFR,4.0,,False,0,Carrier 117597,Shipper 1386,True,True,True,4/13/2017 9:00,4/14/2017 13:30,False,False,False,False,False,False,False,False,Houston,TX ,Houston,TX 
2862,206438313,4/11/2017 16:39,4/11/2017 16:39,4/13/2017 9:11,4/13/2017 9:00,4/14/2017 13:30,1920.14,1600.0,320.14,744.8,RFR,4.0,,False,0,Carrier 117597,Shipper 1248,True,True,True,4/13/2017 9:00,4/14/2017 13:30,False,False,False,False,False,False,False,False,Houston,TX ,Houston,TX 
2863,206438313,4/11/2017 16:39,4/11/2017 16:39,4/13/2017 9:11,4/13/2017 9:00,4/14/2017 13:30,1920.14,1600.0,320.14,744.8,RFR,4.0,,False,0,Carrier 117597,Shipper 1387,True,True,True,4/13/2017 9:00,4/14/2017 13:30,False,False,False,False,False,False,False,False,Houston,TX ,Houston,TX 
2864,206438313,4/11/2017 16:39,4/11/2017 16:39,4/13/2017 9:11,4/13/2017 9:00,4/14/2017 13:30,1920.14,1600.0,320.14,744.8,RFR,4.0,,False,0,Carrier 117597,Shipper 1388,True,True,True,4/13/2017 9:00,4/14/2017 13:30,False,False,False,False,False,False,False,False,Houston,TX ,Houston,TX 
2865,206728057,12/18/2017 17:12,12/18/2017 17:12,12/20/2017 11:07,12/20/2017 15:00,12/21/2017 13:02,1918.88,3000.0,-1081.12,602.9,DRV,,,False,0,Carrier 1695805,Shipper 1249,True,True,True,12/20/2017 15:00,12/21/2017 14:00,False,False,False,False,False,False,False,False,St. Louis,MO ,St. Louis,MO 
2866,206728057,12/18/2017 17:12,12/18/2017 17:12,12/20/2017 11:07,12/20/2017 15:00,12/21/2017 13:02,1918.88,3000.0,-1081.12,602.9,DRV,,,False,0,Carrier 1695805,Shipper 1375,True,True,True,12/20/2017 15:00,12/21/2017 14:00,False,False,False,False,False,False,False,False,St. Louis,MO ,St. Louis,MO 
2867,206728057,12/18/2017 17:12,12/18/2017 17:12,12/20/2017 11:07,12/20/2017 15:00,12/21/2017 13:02,1918.88,3000.0,-1081.12,602.9,DRV,,,False,0,Carrier 1695805,Shipper 1386,True,True,True,12/20/2017 15:00,12/21/2017 14:00,False,False,False,False,False,False,False,False,St. Louis,MO ,St. Louis,MO 
2868,206728057,12/18/2017 17:12,12/18/2017 17:12,12/20/2017 11:07,12/20/2017 15:00,12/21/2017 13:02,1918.88,3000.0,-1081.12,602.9,DRV,,,False,0,Carrier 1695805,Shipper 1248,True,True,True,12/20/2017 15:00,12/21/2017 14:00,False,False,False,False,False,False,False,False,St. Louis,MO ,St. Louis,MO 
2869,206728057,12/18/2017 17:12,12/18/2017 17:12,12/20/2017 11:07,12/20/2017 15:00,12/21/2017 13:02,1918.88,3000.0,-1081.12,602.9,DRV,,,False,0,Carrier 1695805,Shipper 1387,True,True,True,12/20/2017 15:00,12/21/2017 14:00,False,False,False,False,False,False,False,False,St. Louis,MO ,St. Louis,MO 
2870,206728057,12/18/2017 17:12,12/18/2017 17:12,12/20/2017 11:07,12/20/2017 15:00,12/21/2017 13:02,1918.88,3000.0,-1081.12,602.9,DRV,,,False,0,Carrier 1695805,Shipper 1388,True,True,True,12/20/2017 15:00,12/21/2017 14:00,False,False,False,False,False,False,False,False,St. Louis,MO ,St. Louis,MO 
2871,206652121,10/3/2017 17:16,10/3/2017 17:16,10/10/2017 12:30,10/16/2017 18:00,10/18/2017 10:30,1916.39,1950.0,-33.61,778.9,RFR,,,False,0,Carrier 73246,Shipper 758,True,True,True,10/16/2017 18:00,10/18/2017 9:00,False,False,False,False,False,False,False,False,Lodi,CA ,Lodi,CA 
2872,206598185,10/9/2017 8:45,10/9/2017 8:45,10/10/2017 12:38,10/18/2017 18:00,10/20/2017 10:00,1916.39,1950.0,-33.61,778.9,RFR,,,False,0,Carrier 73246,Shipper 758,True,True,True,10/18/2017 18:00,10/20/2017 11:00,False,False,False,False,False,False,False,False,Lodi,CA ,Lodi,CA 
2873,206598449,10/6/2017 9:08,10/6/2017 9:08,10/17/2017 16:43,10/17/2017 20:00,10/19/2017 12:36,1916.39,2000.0,-83.61,778.9,RFR,,,False,1,Carrier 1469175,Shipper 758,True,False,False,10/17/2017 20:00,10/19/2017 9:00,False,False,False,False,False,False,False,False,Lodi,CA ,Lodi,CA 
2874,206662433,10/16/2017 8:34,10/16/2017 8:34,10/17/2017 11:00,10/24/2017 22:00,10/26/2017 13:00,1916.39,1900.0,16.39,778.9,RFR,,,False,0,Carrier 86454,Shipper 758,True,True,True,10/24/2017 22:00,10/26/2017 10:00,False,False,False,False,False,False,False,False,Lodi,CA ,Lodi,CA 
2875,206606449,10/6/2017 9:14,10/6/2017 9:14,10/10/2017 13:24,10/17/2017 18:00,10/19/2017 11:30,1916.39,1900.0,16.39,778.9,RFR,,,False,0,Carrier 86454,Shipper 758,True,True,True,10/17/2017 18:00,10/19/2017 9:00,False,False,False,False,False,False,False,False,Lodi,CA ,Lodi,CA 
2876,206558297,10/9/2017 9:09,10/9/2017 9:09,10/10/2017 13:24,10/18/2017 20:00,10/20/2017 12:00,1916.39,1900.0,16.39,778.9,RFR,,,False,0,Carrier 86454,Shipper 758,True,True,True,10/18/2017 20:00,10/20/2017 10:00,False,False,False,False,False,False,False,False,Lodi,CA ,Lodi,CA 
2877,206558305,10/11/2017 9:39,10/11/2017 9:39,10/12/2017 14:50,10/20/2017 21:00,10/23/2017 12:00,1916.39,1900.0,16.39,778.9,RFR,,,False,0,Carrier 86454,Shipper 758,True,True,True,10/20/2017 21:00,10/23/2017 9:00,False,False,False,False,False,False,False,False,Lodi,CA ,Lodi,CA 
2878,206436993,10/3/2017 17:26,10/3/2017 17:26,10/10/2017 13:23,10/16/2017 20:00,10/18/2017 10:55,1916.39,1900.0,16.39,778.9,RFR,,,False,0,Carrier 86454,Shipper 758,True,True,True,10/16/2017 20:00,10/18/2017 9:00,False,False,False,False,False,False,False,False,Lodi,CA ,Lodi,CA 
2879,206558289,9/27/2017 11:01,9/27/2017 11:01,10/4/2017 16:03,10/10/2017 20:00,10/12/2017 10:49,1916.39,1950.0,-33.61,778.9,RFR,,,False,0,Carrier 86454,Shipper 758,True,True,True,10/10/2017 20:00,10/12/2017 9:00,False,False,False,False,False,False,False,False,Lodi,CA ,Lodi,CA 
2880,206494457,9/29/2017 9:09,9/29/2017 9:09,10/4/2017 16:03,10/10/2017 21:00,10/12/2017 11:30,1916.39,1950.0,-33.61,778.9,RFR,,,False,0,Carrier 86454,Shipper 758,True,True,True,10/10/2017 21:00,10/12/2017 9:00,False,False,False,False,False,False,False,False,Lodi,CA ,Lodi,CA 
2881,206486329,10/10/2017 10:51,10/10/2017 10:51,10/10/2017 13:24,10/20/2017 20:00,10/23/2017 11:30,1916.39,1900.0,16.39,778.9,RFR,,,False,0,Carrier 86454,Shipper 758,True,True,True,10/20/2017 20:00,10/23/2017 9:00,False,False,False,False,False,False,False,False,Lodi,CA ,Lodi,CA 
2882,206436985,9/28/2017 9:21,9/28/2017 9:21,10/4/2017 16:04,10/9/2017 20:00,10/11/2017 11:00,1916.39,1950.0,-33.61,778.9,RFR,,,False,0,Carrier 86454,Shipper 758,True,True,True,10/9/2017 20:00,10/11/2017 9:00,False,False,False,False,False,False,False,False,Lodi,CA ,Lodi,CA 
2883,206592825,12/18/2017 9:32,12/18/2017 9:32,12/20/2017 8:05,12/21/2017 12:00,12/22/2017 10:45,1914.02,1100.0,814.02,530.0,DRV,,,False,0,Carrier 32794,Shipper 1644,True,True,True,12/21/2017 12:00,12/22/2017 8:00,False,False,False,False,False,False,False,False,Xenia,OH ,Xenia,OH 
2884,206594497,8/23/2017 16:42,8/23/2017 16:42,8/25/2017 13:05,8/26/2017 16:00,8/28/2017 9:30,1912.51,1800.0,112.51,755.6,DRV,,,False,0,Carrier 1103124,Shipper 1249,True,True,True,8/26/2017 16:00,8/28/2017 16:00,False,False,False,False,False,False,False,False,St. Louis,MO ,St. Louis,MO 
2885,206594497,8/23/2017 16:42,8/23/2017 16:42,8/25/2017 13:05,8/26/2017 16:00,8/28/2017 9:30,1912.51,1800.0,112.51,755.6,DRV,,,False,0,Carrier 1103124,Shipper 1375,True,True,True,8/26/2017 16:00,8/28/2017 16:00,False,False,False,False,False,False,False,False,St. Louis,MO ,St. Louis,MO 
2886,206594497,8/23/2017 16:42,8/23/2017 16:42,8/25/2017 13:05,8/26/2017 16:00,8/28/2017 9:30,1912.51,1800.0,112.51,755.6,DRV,,,False,0,Carrier 1103124,Shipper 1386,True,True,True,8/26/2017 16:00,8/28/2017 16:00,False,False,False,False,False,False,False,False,St. Louis,MO ,St. Louis,MO 
2887,206594497,8/23/2017 16:42,8/23/2017 16:42,8/25/2017 13:05,8/26/2017 16:00,8/28/2017 9:30,1912.51,1800.0,112.51,755.6,DRV,,,False,0,Carrier 1103124,Shipper 1248,True,True,True,8/26/2017 16:00,8/28/2017 16:00,False,False,False,False,False,False,False,False,St. Louis,MO ,St. Louis,MO 
2888,206594497,8/23/2017 16:42,8/23/2017 16:42,8/25/2017 13:05,8/26/2017 16:00,8/28/2017 9:30,1912.51,1800.0,112.51,755.6,DRV,,,False,0,Carrier 1103124,Shipper 1387,True,True,True,8/26/2017 16:00,8/28/2017 16:00,False,False,False,False,False,False,False,False,St. Louis,MO ,St. Louis,MO 
2889,206594497,8/23/2017 16:42,8/23/2017 16:42,8/25/2017 13:05,8/26/2017 16:00,8/28/2017 9:30,1912.51,1800.0,112.51,755.6,DRV,,,False,0,Carrier 1103124,Shipper 1388,True,True,True,8/26/2017 16:00,8/28/2017 16:00,False,False,False,False,False,False,False,False,St. Louis,MO ,St. Louis,MO 
2890,206507689,11/3/2017 15:31,11/3/2017 15:33,11/6/2017 8:24,11/7/2017 13:00,11/8/2017 9:30,1911.02,1540.0,371.02,390.6,DRV,,,True,0,Carrier 69267,Shipper 1644,True,True,True,11/7/2017 13:00,11/8/2017 14:00,False,False,False,False,False,False,False,False,Rossville,GA ,Rossville,GA 
2891,206531785,8/25/2017 10:03,8/25/2017 10:03,9/8/2017 12:30,9/11/2017 22:00,9/13/2017 19:15,1910.25,1900.0,10.25,778.9,RFR,,,False,1,Carrier 1489000,Shipper 758,True,True,True,9/11/2017 22:00,9/13/2017 13:00,False,False,False,False,False,False,False,False,Lodi,CA ,Lodi,CA 
2892,206625609,8/23/2017 9:55,8/23/2017 9:55,8/30/2017 13:45,9/5/2017 20:00,9/7/2017 11:00,1910.25,1900.0,10.25,778.9,RFR,,,False,0,Carrier 1086443,Shipper 758,True,True,True,9/5/2017 20:00,9/7/2017 9:00,False,False,False,False,False,False,False,False,Lodi,CA ,Lodi,CA 
2893,206620745,8/25/2017 9:58,8/25/2017 9:58,8/30/2017 13:44,9/6/2017 18:00,9/8/2017 10:30,1910.25,1900.0,10.25,778.9,RFR,,,False,0,Carrier 1086443,Shipper 758,True,True,True,9/6/2017 18:00,9/8/2017 9:00,False,False,False,False,False,False,False,False,Lodi,CA ,Lodi,CA 
2894,206571697,8/23/2017 9:51,8/23/2017 9:51,8/30/2017 13:44,9/5/2017 18:00,9/7/2017 10:00,1910.25,1900.0,10.25,778.9,RFR,,,False,0,Carrier 1086443,Shipper 758,True,True,True,9/5/2017 18:00,9/7/2017 9:00,False,False,False,False,False,False,False,False,Lodi,CA ,Lodi,CA 
2895,206667609,10/27/2017 16:11,10/27/2017 16:11,10/31/2017 12:59,10/31/2017 14:00,11/2/2017 7:00,1904.76,3200.0,-1295.24,536.4,DRV,,,False,0,Carrier 3351,Shipper 1644,True,True,True,10/31/2017 14:00,11/1/2017 12:00,False,False,False,False,False,False,False,False,Decatur,IN ,Decatur,IN 
2896,206513705,10/27/2017 13:01,10/27/2017 13:01,11/3/2017 11:37,11/3/2017 8:00,11/7/2017 10:00,1904.76,2600.0,-695.24,536.4,DRV,,,False,0,Carrier 13049,Shipper 1644,False,True,True,11/3/2017 12:00,11/4/2017 17:00,False,False,False,False,False,False,False,False,Decatur,IN ,Decatur,IN 
2897,206425953,10/27/2017 13:08,10/27/2017 13:08,10/30/2017 12:38,10/30/2017 14:00,11/3/2017 14:30,1904.76,4050.0,-2145.24,536.4,DRV,,,False,0,Carrier 1423854,Shipper 1644,True,True,True,10/30/2017 14:00,10/31/2017 12:00,False,False,False,False,False,False,False,False,Decatur,IN ,Decatur,IN 
2898,206774153,11/20/2017 9:04,11/20/2017 9:04,11/22/2017 8:16,11/28/2017 9:00,11/29/2017 11:15,1904.34,1800.0,104.34,551.4,DRV,,,False,0,Carrier 1244161,Shipper 1644,True,True,True,11/28/2017 9:00,11/29/2017 8:30,False,False,False,False,False,False,False,False,Bolingbrook,IL ,Bolingbrook,IL 
2899,206461449,11/16/2017 14:59,11/16/2017 14:59,11/16/2017 15:46,11/17/2017 13:00,11/18/2017 14:40,1903.53,1846.0,57.53,631.2,DRV,,,True,0,Carrier 19121,Shipper 1644,True,True,True,11/17/2017 13:00,11/18/2017 14:30,False,False,False,False,False,False,False,False,Madison Heights,MI ,Madison Heights,MI 
2900,206534105,5/30/2017 14:14,5/30/2017 14:14,5/30/2017 19:00,5/31/2017 11:00,6/1/2017 7:15,1903.44,2045.0,-141.56,305.6,DRV,,,False,0,Carrier 54272,Shipper 1249,True,True,True,5/31/2017 11:00,6/1/2017 14:30,False,False,False,False,False,False,False,False,Granite City,IL ,Granite City,IL 
2901,206534105,5/30/2017 14:14,5/30/2017 14:14,5/30/2017 19:00,5/31/2017 11:00,6/1/2017 7:15,1903.44,2045.0,-141.56,305.6,DRV,,,False,0,Carrier 54272,Shipper 1375,True,True,True,5/31/2017 11:00,6/1/2017 14:30,False,False,False,False,False,False,False,False,Granite City,IL ,Granite City,IL 
2902,206534105,5/30/2017 14:14,5/30/2017 14:14,5/30/2017 19:00,5/31/2017 11:00,6/1/2017 7:15,1903.44,2045.0,-141.56,305.6,DRV,,,False,0,Carrier 54272,Shipper 1386,True,True,True,5/31/2017 11:00,6/1/2017 14:30,False,False,False,False,False,False,False,False,Granite City,IL ,Granite City,IL 
2903,206534105,5/30/2017 14:14,5/30/2017 14:14,5/30/2017 19:00,5/31/2017 11:00,6/1/2017 7:15,1903.44,2045.0,-141.56,305.6,DRV,,,False,0,Carrier 54272,Shipper 1248,True,True,True,5/31/2017 11:00,6/1/2017 14:30,False,False,False,False,False,False,False,False,Granite City,IL ,Granite City,IL 
2904,206534105,5/30/2017 14:14,5/30/2017 14:14,5/30/2017 19:00,5/31/2017 11:00,6/1/2017 7:15,1903.44,2045.0,-141.56,305.6,DRV,,,False,0,Carrier 54272,Shipper 1387,True,True,True,5/31/2017 11:00,6/1/2017 14:30,False,False,False,False,False,False,False,False,Granite City,IL ,Granite City,IL 
2905,206534105,5/30/2017 14:14,5/30/2017 14:14,5/30/2017 19:00,5/31/2017 11:00,6/1/2017 7:15,1903.44,2045.0,-141.56,305.6,DRV,,,False,0,Carrier 54272,Shipper 1388,True,True,True,5/31/2017 11:00,6/1/2017 14:30,False,False,False,False,False,False,False,False,Granite City,IL ,Granite City,IL 
2906,206484281,7/25/2017 13:33,7/25/2017 13:33,7/26/2017 16:13,7/26/2017 19:00,7/28/2017 11:15,1900.0,1300.0,600.0,751.5,RFR,,,False,0,Carrier 671652,Shipper 1498,True,True,True,7/26/2017 19:00,7/28/2017 16:30,False,False,False,False,False,False,False,False,Garfield,NM ,Garfield,NM 
2907,206464905,3/24/2017 11:56,3/24/2017 11:56,3/24/2017 12:37,3/24/2017 8:00,3/27/2017 10:10,1900.0,1600.0,300.0,1626.1,DRV,,,False,0,Carrier 107046,Shipper 1180,True,True,True,3/24/2017 16:00,3/27/2017 11:00,False,False,False,False,False,False,False,False,Walled Lake,MI ,Walled Lake,MI 
2908,206734105,5/25/2017 14:48,5/25/2017 14:48,5/26/2017 10:46,5/26/2017 14:00,5/29/2017 9:00,1898.62,1800.0,98.62,637.6,DRV,,,False,0,Carrier 31074,Shipper 1249,True,True,True,5/26/2017 14:00,5/29/2017 18:00,False,False,False,False,False,False,False,False,Merrimack,NH ,Merrimack,NH 
2909,206734105,5/25/2017 14:48,5/25/2017 14:48,5/26/2017 10:46,5/26/2017 14:00,5/29/2017 9:00,1898.62,1800.0,98.62,637.6,DRV,,,False,0,Carrier 31074,Shipper 1375,True,True,True,5/26/2017 14:00,5/29/2017 18:00,False,False,False,False,False,False,False,False,Merrimack,NH ,Merrimack,NH 
2910,206734105,5/25/2017 14:48,5/25/2017 14:48,5/26/2017 10:46,5/26/2017 14:00,5/29/2017 9:00,1898.62,1800.0,98.62,637.6,DRV,,,False,0,Carrier 31074,Shipper 1386,True,True,True,5/26/2017 14:00,5/29/2017 18:00,False,False,False,False,False,False,False,False,Merrimack,NH ,Merrimack,NH 
2911,206734105,5/25/2017 14:48,5/25/2017 14:48,5/26/2017 10:46,5/26/2017 14:00,5/29/2017 9:00,1898.62,1800.0,98.62,637.6,DRV,,,False,0,Carrier 31074,Shipper 1248,True,True,True,5/26/2017 14:00,5/29/2017 18:00,False,False,False,False,False,False,False,False,Merrimack,NH ,Merrimack,NH 
2912,206734105,5/25/2017 14:48,5/25/2017 14:48,5/26/2017 10:46,5/26/2017 14:00,5/29/2017 9:00,1898.62,1800.0,98.62,637.6,DRV,,,False,0,Carrier 31074,Shipper 1387,True,True,True,5/26/2017 14:00,5/29/2017 18:00,False,False,False,False,False,False,False,False,Merrimack,NH ,Merrimack,NH 
2913,206734105,5/25/2017 14:48,5/25/2017 14:48,5/26/2017 10:46,5/26/2017 14:00,5/29/2017 9:00,1898.62,1800.0,98.62,637.6,DRV,,,False,0,Carrier 31074,Shipper 1388,True,True,True,5/26/2017 14:00,5/29/2017 18:00,False,False,False,False,False,False,False,False,Merrimack,NH ,Merrimack,NH 
2914,206621545,8/21/2017 8:21,8/21/2017 8:21,8/24/2017 12:35,8/29/2017 20:00,8/31/2017 12:00,1897.19,1850.0,47.19,778.9,RFR,,,False,0,Carrier 31074,Shipper 758,True,True,True,8/29/2017 20:00,8/31/2017 9:00,False,False,False,False,False,False,False,False,Lodi,CA ,Lodi,CA 
2915,206440105,8/16/2017 17:12,8/16/2017 17:12,8/25/2017 12:41,8/28/2017 20:00,8/30/2017 10:30,1897.19,1950.0,-52.81,778.9,RFR,,,False,0,Carrier 1086443,Shipper 758,False,True,True,8/28/2017 20:00,8/30/2017 9:00,False,False,False,False,False,False,False,False,Lodi,CA ,Lodi,CA 
2916,206481113,8/16/2017 17:16,8/16/2017 17:16,8/25/2017 11:57,8/28/2017 18:00,8/30/2017 10:30,1897.19,1950.0,-52.81,778.9,RFR,,,False,0,Carrier 1086443,Shipper 758,True,True,True,8/28/2017 18:00,8/30/2017 9:00,False,False,False,False,False,False,False,False,Lodi,CA ,Lodi,CA 
2917,206536793,9/28/2017 16:44,9/28/2017 16:44,10/2/2017 7:55,10/2/2017 8:00,10/2/2017 23:00,1897.1,1500.0,397.1,328.8,DRV,,,False,0,Carrier 1031249,Shipper 1249,True,True,True,10/2/2017 14:00,10/2/2017 23:55,False,False,False,False,False,False,False,False,Johnstown,PA ,Johnstown,PA 
2918,206536793,9/28/2017 16:44,9/28/2017 16:44,10/2/2017 7:55,10/2/2017 8:00,10/2/2017 23:00,1897.1,1500.0,397.1,328.8,DRV,,,False,0,Carrier 1031249,Shipper 1375,True,True,True,10/2/2017 14:00,10/2/2017 23:55,False,False,False,False,False,False,False,False,Johnstown,PA ,Johnstown,PA 
2919,206536793,9/28/2017 16:44,9/28/2017 16:44,10/2/2017 7:55,10/2/2017 8:00,10/2/2017 23:00,1897.1,1500.0,397.1,328.8,DRV,,,False,0,Carrier 1031249,Shipper 1386,True,True,True,10/2/2017 14:00,10/2/2017 23:55,False,False,False,False,False,False,False,False,Johnstown,PA ,Johnstown,PA 
2920,206536793,9/28/2017 16:44,9/28/2017 16:44,10/2/2017 7:55,10/2/2017 8:00,10/2/2017 23:00,1897.1,1500.0,397.1,328.8,DRV,,,False,0,Carrier 1031249,Shipper 1248,True,True,True,10/2/2017 14:00,10/2/2017 23:55,False,False,False,False,False,False,False,False,Johnstown,PA ,Johnstown,PA 
2921,206536793,9/28/2017 16:44,9/28/2017 16:44,10/2/2017 7:55,10/2/2017 8:00,10/2/2017 23:00,1897.1,1500.0,397.1,328.8,DRV,,,False,0,Carrier 1031249,Shipper 1387,True,True,True,10/2/2017 14:00,10/2/2017 23:55,False,False,False,False,False,False,False,False,Johnstown,PA ,Johnstown,PA 
2922,206536793,9/28/2017 16:44,9/28/2017 16:44,10/2/2017 7:55,10/2/2017 8:00,10/2/2017 23:00,1897.1,1500.0,397.1,328.8,DRV,,,False,0,Carrier 1031249,Shipper 1388,True,True,True,10/2/2017 14:00,10/2/2017 23:55,False,False,False,False,False,False,False,False,Johnstown,PA ,Johnstown,PA 
2923,206491017,4/3/2017 16:39,4/3/2017 16:39,4/7/2017 12:17,4/7/2017 12:00,4/10/2017 9:30,1896.28,2400.0,-503.72,1507.2,DRV,,,False,0,Carrier 54470,Shipper 1249,False,True,False,4/7/2017 12:00,4/10/2017 17:00,False,False,False,False,False,False,False,False,Newark,NJ ,Newark,NJ 
2924,206491017,4/3/2017 16:39,4/3/2017 16:39,4/7/2017 12:17,4/7/2017 12:00,4/10/2017 9:30,1896.28,2400.0,-503.72,1507.2,DRV,,,False,0,Carrier 54470,Shipper 1375,False,True,False,4/7/2017 12:00,4/10/2017 17:00,False,False,False,False,False,False,False,False,Newark,NJ ,Newark,NJ 
2925,206491017,4/3/2017 16:39,4/3/2017 16:39,4/7/2017 12:17,4/7/2017 12:00,4/10/2017 9:30,1896.28,2400.0,-503.72,1507.2,DRV,,,False,0,Carrier 54470,Shipper 1386,False,True,False,4/7/2017 12:00,4/10/2017 17:00,False,False,False,False,False,False,False,False,Newark,NJ ,Newark,NJ 
2926,206491017,4/3/2017 16:39,4/3/2017 16:39,4/7/2017 12:17,4/7/2017 12:00,4/10/2017 9:30,1896.28,2400.0,-503.72,1507.2,DRV,,,False,0,Carrier 54470,Shipper 1248,False,True,False,4/7/2017 12:00,4/10/2017 17:00,False,False,False,False,False,False,False,False,Newark,NJ ,Newark,NJ 
2927,206491017,4/3/2017 16:39,4/3/2017 16:39,4/7/2017 12:17,4/7/2017 12:00,4/10/2017 9:30,1896.28,2400.0,-503.72,1507.2,DRV,,,False,0,Carrier 54470,Shipper 1387,False,True,False,4/7/2017 12:00,4/10/2017 17:00,False,False,False,False,False,False,False,False,Newark,NJ ,Newark,NJ 
2928,206491017,4/3/2017 16:39,4/3/2017 16:39,4/7/2017 12:17,4/7/2017 12:00,4/10/2017 9:30,1896.28,2400.0,-503.72,1507.2,DRV,,,False,0,Carrier 54470,Shipper 1388,False,True,False,4/7/2017 12:00,4/10/2017 17:00,False,False,False,False,False,False,False,False,Newark,NJ ,Newark,NJ 
2929,206468593,9/8/2017 19:14,9/8/2017 19:14,9/11/2017 13:43,9/14/2017 14:00,9/16/2017 11:00,1895.67,900.0,995.67,179.3,DRV,,,False,0,Carrier 79585,Shipper 1249,True,True,True,9/14/2017 14:00,9/16/2017 11:00,False,False,False,False,False,False,False,False,Carlisle,PA ,Carlisle,PA 
2930,206468593,9/8/2017 19:14,9/8/2017 19:14,9/11/2017 13:43,9/14/2017 14:00,9/16/2017 11:00,1895.67,900.0,995.67,179.3,DRV,,,False,0,Carrier 79585,Shipper 1375,True,True,True,9/14/2017 14:00,9/16/2017 11:00,False,False,False,False,False,False,False,False,Carlisle,PA ,Carlisle,PA 
2931,206468593,9/8/2017 19:14,9/8/2017 19:14,9/11/2017 13:43,9/14/2017 14:00,9/16/2017 11:00,1895.67,900.0,995.67,179.3,DRV,,,False,0,Carrier 79585,Shipper 1386,True,True,True,9/14/2017 14:00,9/16/2017 11:00,False,False,False,False,False,False,False,False,Carlisle,PA ,Carlisle,PA 
2932,206468593,9/8/2017 19:14,9/8/2017 19:14,9/11/2017 13:43,9/14/2017 14:00,9/16/2017 11:00,1895.67,900.0,995.67,179.3,DRV,,,False,0,Carrier 79585,Shipper 1248,True,True,True,9/14/2017 14:00,9/16/2017 11:00,False,False,False,False,False,False,False,False,Carlisle,PA ,Carlisle,PA 
2933,206468593,9/8/2017 19:14,9/8/2017 19:14,9/11/2017 13:43,9/14/2017 14:00,9/16/2017 11:00,1895.67,900.0,995.67,179.3,DRV,,,False,0,Carrier 79585,Shipper 1387,True,True,True,9/14/2017 14:00,9/16/2017 11:00,False,False,False,False,False,False,False,False,Carlisle,PA ,Carlisle,PA 
2934,206468593,9/8/2017 19:14,9/8/2017 19:14,9/11/2017 13:43,9/14/2017 14:00,9/16/2017 11:00,1895.67,900.0,995.67,179.3,DRV,,,False,0,Carrier 79585,Shipper 1388,True,True,True,9/14/2017 14:00,9/16/2017 11:00,False,False,False,False,False,False,False,False,Carlisle,PA ,Carlisle,PA 
2935,206512705,4/24/2017 18:11,4/24/2017 18:12,5/4/2017 9:54,5/5/2017 22:00,5/8/2017 13:00,1890.28,1750.0,140.28,778.9,RFR,3.0,,False,0,Carrier 1548596,Shipper 758,True,True,True,5/5/2017 22:00,5/8/2017 9:00,False,False,False,False,False,False,False,False,Lodi,CA ,Lodi,CA 
2936,206589345,4/21/2017 16:56,4/21/2017 16:56,5/3/2017 8:46,5/3/2017 20:00,5/5/2017 11:00,1890.28,1650.0,240.28,778.9,RFR,4.0,,False,0,Carrier 1695245,Shipper 758,True,True,True,5/3/2017 20:00,5/5/2017 11:00,False,False,False,False,False,False,False,False,Lodi,CA ,Lodi,CA 
2937,206758249,4/19/2017 9:25,4/19/2017 9:25,4/26/2017 9:07,4/26/2017 21:00,4/28/2017 12:30,1890.28,1880.0,10.28,778.9,RFR,,,False,0,Carrier 73246,Shipper 758,True,True,True,4/26/2017 21:00,4/28/2017 10:00,False,False,False,False,False,False,False,False,Lodi,CA ,Lodi,CA 
2938,206478137,5/1/2017 11:27,5/1/2017 11:27,5/10/2017 18:22,5/10/2017 18:00,5/12/2017 15:00,1890.28,2000.0,-109.72,778.9,RFR,,,False,1,Carrier 1292114,Shipper 758,False,True,True,5/10/2017 18:00,5/12/2017 15:00,False,False,False,False,False,False,False,False,Lodi,CA ,Lodi,CA 
2939,206466601,5/1/2017 11:46,5/1/2017 11:46,5/10/2017 13:41,5/10/2017 21:00,5/12/2017 10:45,1890.28,2000.0,-109.72,778.9,RFR,3.0,,False,0,Carrier 24508,Shipper 758,True,True,True,5/10/2017 21:00,5/12/2017 10:00,False,False,False,False,False,False,False,False,Lodi,CA ,Lodi,CA 
2940,206598377,2/28/2017 13:17,2/28/2017 13:17,3/3/2017 11:20,3/8/2017 17:00,3/10/2017 13:30,1890.28,1600.0,290.28,778.9,RFR,3.0,,False,0,Carrier 73246,Shipper 758,True,True,True,3/8/2017 17:00,3/10/2017 12:00,False,False,False,False,False,False,False,False,Lodi,CA ,Lodi,CA 
2941,206651513,3/7/2017 18:31,3/7/2017 18:31,3/10/2017 15:35,3/17/2017 18:00,3/20/2017 11:00,1890.28,1600.0,290.28,778.9,RFR,,,False,0,Carrier 73246,Shipper 758,True,True,True,3/17/2017 18:00,3/20/2017 9:00,False,False,False,False,False,False,False,False,Lodi,CA ,Lodi,CA 
2942,206530185,3/10/2017 16:32,3/10/2017 16:32,3/17/2017 16:00,3/22/2017 17:00,3/24/2017 15:15,1890.28,1600.0,290.28,778.9,RFR,,,False,0,Carrier 73246,Shipper 758,True,True,True,3/22/2017 17:00,3/24/2017 12:00,False,False,False,False,False,False,False,False,Lodi,CA ,Lodi,CA 
2943,206422369,4/4/2017 12:38,4/4/2017 12:38,4/11/2017 11:08,4/14/2017 20:00,4/17/2017 14:40,1890.28,1600.0,290.28,780.1,RFR,3.0,,False,0,Carrier 754417,Shipper 758,True,True,True,4/14/2017 20:00,4/17/2017 9:00,False,False,False,False,False,False,False,False,Lodi,CA ,Lodi,CA 
2944,206758225,3/6/2017 16:16,3/6/2017 16:17,3/7/2017 12:52,3/15/2017 20:00,3/17/2017 13:00,1890.28,1600.0,290.28,778.9,RFR,,,False,0,Carrier 73246,Shipper 758,True,True,True,3/15/2017 20:00,3/17/2017 12:00,False,False,False,False,False,False,False,False,Lodi,CA ,Lodi,CA 
2945,206437713,3/10/2017 16:24,3/10/2017 16:25,3/20/2017 10:00,3/22/2017 20:00,3/24/2017 16:00,1890.28,1600.0,290.28,778.9,RFR,3.0,,False,0,Carrier 73246,Shipper 758,True,True,True,3/22/2017 20:00,3/24/2017 12:00,False,False,False,False,False,False,False,False,Lodi,CA ,Lodi,CA 
2946,206432897,4/19/2017 9:30,4/19/2017 9:30,4/25/2017 17:51,4/26/2017 16:00,4/28/2017 10:30,1890.28,1800.0,90.28,778.9,RFR,,,False,0,Carrier 47895,Shipper 758,True,True,True,4/26/2017 16:00,4/28/2017 12:00,False,False,False,False,False,False,False,False,Lodi,CA ,Lodi,CA 
2947,206633561,5/1/2017 10:46,5/1/2017 10:47,5/10/2017 11:48,5/10/2017 20:00,5/12/2017 9:00,1890.28,1900.0,-9.72,778.9,RFR,3.0,,False,0,Carrier 63367,Shipper 758,True,True,True,5/10/2017 20:00,5/12/2017 10:00,False,False,False,False,False,False,False,False,Lodi,CA ,Lodi,CA 
2948,206584217,5/1/2017 15:31,5/1/2017 15:31,5/10/2017 16:17,5/10/2017 22:00,5/12/2017 10:00,1890.28,2090.0,-199.72,778.9,RFR,,,False,0,Carrier 63367,Shipper 758,True,True,True,5/10/2017 22:00,5/12/2017 10:00,False,False,False,False,False,False,False,False,Lodi,CA ,Lodi,CA 
2949,206544153,4/6/2017 13:04,4/6/2017 13:05,4/17/2017 17:38,4/18/2017 20:00,4/20/2017 11:30,1890.28,1700.0,190.28,780.1,RFR,,,False,0,Carrier 1084782,Shipper 758,True,True,True,4/18/2017 20:00,4/20/2017 10:00,False,False,False,False,False,False,False,False,Lodi,CA ,Lodi,CA 
2950,206606377,4/14/2017 15:59,4/14/2017 15:59,4/26/2017 15:08,4/26/2017 20:00,4/28/2017 11:00,1890.28,1750.0,140.28,780.1,RFR,3.0,,False,1,Carrier 75065,Shipper 758,True,True,True,4/26/2017 20:00,4/28/2017 9:00,False,False,False,False,False,False,False,False,Lodi,CA ,Lodi,CA 
2951,206605849,3/31/2017 17:07,3/31/2017 17:07,4/7/2017 10:49,4/7/2017 23:00,4/10/2017 12:30,1890.28,1800.0,90.28,780.1,RFR,4.0,,False,0,Carrier 86454,Shipper 758,False,True,True,4/7/2017 23:00,4/10/2017 10:00,False,False,False,False,False,False,False,False,Lodi,CA ,Lodi,CA 
2952,206719801,4/3/2017 14:25,4/3/2017 14:25,4/12/2017 12:00,4/12/2017 21:00,4/14/2017 13:00,1890.28,1750.0,140.28,780.1,RFR,,,False,0,Carrier 75065,Shipper 758,True,True,True,4/12/2017 21:00,4/14/2017 9:00,False,False,False,False,False,False,False,False,Lodi,CA ,Lodi,CA 
2953,206558009,3/31/2017 17:10,3/31/2017 17:10,4/7/2017 11:27,4/8/2017 0:00,4/10/2017 11:30,1890.28,1750.0,140.28,780.1,RFR,3.0,,False,0,Carrier 75065,Shipper 758,True,True,True,4/8/2017 0:00,4/10/2017 11:00,False,False,False,False,False,False,False,False,Lodi,CA ,Lodi,CA 
2954,206729449,8/4/2017 9:10,8/4/2017 9:10,8/7/2017 15:03,8/16/2017 20:00,8/18/2017 12:00,1890.28,2000.0,-109.72,778.9,RFR,,,False,0,Carrier 1086443,Shipper 758,True,True,True,8/16/2017 20:00,8/18/2017 10:00,False,False,False,False,False,False,False,False,Lodi,CA ,Lodi,CA 
2955,206625577,8/2/2017 17:51,8/2/2017 17:51,8/7/2017 15:02,8/14/2017 20:00,8/16/2017 13:00,1890.28,2000.0,-109.72,778.9,RFR,,,False,0,Carrier 1086443,Shipper 758,True,True,True,8/14/2017 20:00,8/16/2017 10:00,False,False,False,False,False,False,False,False,Lodi,CA ,Lodi,CA 
2956,206622105,5/3/2017 15:02,5/3/2017 15:02,5/15/2017 12:05,5/15/2017 21:00,5/17/2017 11:15,1890.28,2000.0,-109.72,778.9,RFR,,,False,0,Carrier 1086443,Shipper 758,True,True,True,5/15/2017 21:00,5/17/2017 10:00,False,False,False,False,False,False,False,False,Lodi,CA ,Lodi,CA 
2957,206622345,5/8/2017 9:21,5/8/2017 9:22,5/17/2017 10:36,5/17/2017 20:00,5/19/2017 10:30,1890.28,2000.0,-109.72,778.9,RFR,3.0,,False,0,Carrier 1086443,Shipper 758,True,True,True,5/17/2017 20:00,5/19/2017 11:00,False,False,False,False,False,False,False,False,Lodi,CA ,Lodi,CA 
2958,206570057,4/13/2017 13:33,4/13/2017 13:33,4/18/2017 16:51,4/19/2017 20:00,4/21/2017 11:30,1890.28,1700.0,190.28,780.1,RFR,4.0,,False,0,Carrier 1086443,Shipper 758,True,True,True,4/19/2017 20:00,4/21/2017 12:00,False,False,False,False,False,False,False,False,Lodi,CA ,Lodi,CA 
2959,206622905,4/18/2017 10:46,4/18/2017 10:46,4/24/2017 12:00,4/24/2017 20:00,4/26/2017 15:00,1890.28,1800.0,90.28,780.1,RFR,,,False,0,Carrier 1385680,Shipper 758,True,True,True,4/24/2017 20:00,4/26/2017 12:00,False,False,False,False,False,False,False,False,Lodi,CA ,Lodi,CA 
2960,206573529,5/3/2017 13:58,5/3/2017 13:58,5/15/2017 12:11,5/15/2017 20:00,5/17/2017 11:15,1890.28,2000.0,-109.72,778.9,RFR,,,False,0,Carrier 1086443,Shipper 758,True,True,True,5/15/2017 20:00,5/17/2017 9:00,False,False,False,False,False,False,False,False,Lodi,CA ,Lodi,CA 
2961,206513353,8/8/2017 11:10,8/8/2017 11:10,8/14/2017 17:55,8/18/2017 20:00,8/21/2017 10:00,1890.28,2000.0,-109.72,778.9,RFR,,,False,0,Carrier 1086443,Shipper 758,True,True,True,8/18/2017 20:00,8/21/2017 9:00,False,False,False,False,False,False,False,False,Lodi,CA ,Lodi,CA 
2962,206497833,8/2/2017 17:43,8/2/2017 17:43,8/7/2017 15:02,8/14/2017 18:00,8/16/2017 13:00,1890.28,2000.0,-109.72,778.9,RFR,,,False,0,Carrier 1086443,Shipper 758,False,True,True,8/14/2017 18:00,8/16/2017 10:00,False,False,False,False,False,False,False,False,Lodi,CA ,Lodi,CA 
2963,206505945,8/4/2017 9:19,8/4/2017 9:19,8/7/2017 15:03,8/15/2017 20:00,8/17/2017 12:00,1890.28,2000.0,-109.72,778.9,RFR,,,False,0,Carrier 1086443,Shipper 758,True,True,True,8/15/2017 20:00,8/17/2017 10:00,False,False,False,False,False,False,False,False,Lodi,CA ,Lodi,CA 
2964,206429993,8/9/2017 18:53,8/9/2017 18:53,8/16/2017 19:03,8/21/2017 20:00,8/23/2017 9:00,1890.28,1950.0,-59.72,778.9,RFR,,,False,1,Carrier 1086443,Shipper 758,True,True,True,8/21/2017 20:00,8/23/2017 9:00,False,False,False,False,False,False,False,False,Lodi,CA ,Lodi,CA 
2965,206424041,4/3/2017 14:22,4/3/2017 14:22,4/12/2017 14:18,4/12/2017 20:00,4/14/2017 11:24,1890.28,2000.0,-109.72,780.1,RFR,,,False,0,Carrier 969434,Shipper 758,True,True,True,4/12/2017 20:00,4/14/2017 10:00,False,False,False,False,False,False,False,False,Lodi,CA ,Lodi,CA 
2966,206512817,8/10/2017 17:23,8/10/2017 17:23,8/16/2017 19:03,8/22/2017 20:00,8/24/2017 10:00,1890.28,1950.0,-59.72,778.9,RFR,,,False,0,Carrier 1086443,Shipper 758,True,True,True,8/22/2017 20:00,8/24/2017 10:00,False,False,False,False,False,False,False,False,Lodi,CA ,Lodi,CA 
2967,206505361,4/25/2017 14:19,4/25/2017 14:19,4/26/2017 9:32,4/26/2017 8:00,4/28/2017 8:52,1890.0,1770.0,120.0,1273.8,DRV,,,False,0,Carrier 38929,Shipper 590,True,True,True,4/26/2017 15:00,4/28/2017 9:00,False,False,False,False,False,False,False,False,Bridgewater,NJ ,Bridgewater,NJ 
2968,206440689,11/27/2017 18:34,11/27/2017 18:34,11/29/2017 10:39,11/29/2017 8:00,11/30/2017 8:00,1889.65,1850.0,39.65,0.0,DRV,,,False,1,Carrier 744432,Shipper 1644,True,True,True,11/29/2017 15:00,11/30/2017 14:30,False,False,False,False,False,False,False,False,Columbus,IN ,Columbus,IN 
2969,206643041,5/4/2017 17:39,5/4/2017 17:39,5/8/2017 11:25,5/8/2017 17:00,5/10/2017 19:25,1888.42,2400.0,-511.58,808.1,RFR,,,False,1,Carrier 623469,Shipper 1249,True,True,True,5/8/2017 17:00,5/10/2017 12:00,False,False,False,False,False,False,False,False,Jacksonville,FL ,Jacksonville,FL 
2970,206643041,5/4/2017 17:39,5/4/2017 17:39,5/8/2017 11:25,5/8/2017 17:00,5/10/2017 19:25,1888.42,2400.0,-511.58,808.1,RFR,,,False,1,Carrier 623469,Shipper 1375,True,True,True,5/8/2017 17:00,5/10/2017 12:00,False,False,False,False,False,False,False,False,Jacksonville,FL ,Jacksonville,FL 
2971,206643041,5/4/2017 17:39,5/4/2017 17:39,5/8/2017 11:25,5/8/2017 17:00,5/10/2017 19:25,1888.42,2400.0,-511.58,808.1,RFR,,,False,1,Carrier 623469,Shipper 1386,True,True,True,5/8/2017 17:00,5/10/2017 12:00,False,False,False,False,False,False,False,False,Jacksonville,FL ,Jacksonville,FL 
2972,206643041,5/4/2017 17:39,5/4/2017 17:39,5/8/2017 11:25,5/8/2017 17:00,5/10/2017 19:25,1888.42,2400.0,-511.58,808.1,RFR,,,False,1,Carrier 623469,Shipper 1248,True,True,True,5/8/2017 17:00,5/10/2017 12:00,False,False,False,False,False,False,False,False,Jacksonville,FL ,Jacksonville,FL 
2973,206643041,5/4/2017 17:39,5/4/2017 17:39,5/8/2017 11:25,5/8/2017 17:00,5/10/2017 19:25,1888.42,2400.0,-511.58,808.1,RFR,,,False,1,Carrier 623469,Shipper 1387,True,True,True,5/8/2017 17:00,5/10/2017 12:00,False,False,False,False,False,False,False,False,Jacksonville,FL ,Jacksonville,FL 
2974,206643041,5/4/2017 17:39,5/4/2017 17:39,5/8/2017 11:25,5/8/2017 17:00,5/10/2017 19:25,1888.42,2400.0,-511.58,808.1,RFR,,,False,1,Carrier 623469,Shipper 1388,True,True,True,5/8/2017 17:00,5/10/2017 12:00,False,False,False,False,False,False,False,False,Jacksonville,FL ,Jacksonville,FL 
2975,206478185,5/4/2017 17:36,5/4/2017 17:36,5/8/2017 12:02,5/8/2017 7:00,5/10/2017 10:40,1888.42,2300.0,-411.58,808.1,RFR,,,False,0,Carrier 674439,Shipper 1249,True,True,True,5/8/2017 14:00,5/10/2017 8:00,False,False,False,False,False,False,False,False,Jacksonville,FL ,Jacksonville,FL 
2976,206478185,5/4/2017 17:36,5/4/2017 17:36,5/8/2017 12:02,5/8/2017 7:00,5/10/2017 10:40,1888.42,2300.0,-411.58,808.1,RFR,,,False,0,Carrier 674439,Shipper 1375,True,True,True,5/8/2017 14:00,5/10/2017 8:00,False,False,False,False,False,False,False,False,Jacksonville,FL ,Jacksonville,FL 
2977,206478185,5/4/2017 17:36,5/4/2017 17:36,5/8/2017 12:02,5/8/2017 7:00,5/10/2017 10:40,1888.42,2300.0,-411.58,808.1,RFR,,,False,0,Carrier 674439,Shipper 1386,True,True,True,5/8/2017 14:00,5/10/2017 8:00,False,False,False,False,False,False,False,False,Jacksonville,FL ,Jacksonville,FL 
2978,206478185,5/4/2017 17:36,5/4/2017 17:36,5/8/2017 12:02,5/8/2017 7:00,5/10/2017 10:40,1888.42,2300.0,-411.58,808.1,RFR,,,False,0,Carrier 674439,Shipper 1248,True,True,True,5/8/2017 14:00,5/10/2017 8:00,False,False,False,False,False,False,False,False,Jacksonville,FL ,Jacksonville,FL 
2979,206478185,5/4/2017 17:36,5/4/2017 17:36,5/8/2017 12:02,5/8/2017 7:00,5/10/2017 10:40,1888.42,2300.0,-411.58,808.1,RFR,,,False,0,Carrier 674439,Shipper 1387,True,True,True,5/8/2017 14:00,5/10/2017 8:00,False,False,False,False,False,False,False,False,Jacksonville,FL ,Jacksonville,FL 
2980,206478185,5/4/2017 17:36,5/4/2017 17:36,5/8/2017 12:02,5/8/2017 7:00,5/10/2017 10:40,1888.42,2300.0,-411.58,808.1,RFR,,,False,0,Carrier 674439,Shipper 1388,True,True,True,5/8/2017 14:00,5/10/2017 8:00,False,False,False,False,False,False,False,False,Jacksonville,FL ,Jacksonville,FL 
2981,206692289,12/11/2017 11:53,12/11/2017 12:04,12/15/2017 14:40,12/16/2017 9:00,12/17/2017 11:00,1887.25,1750.0,137.25,653.4,DRV,,dat_in,False,1,Carrier 944110,Shipper 944,True,True,True,12/16/2017 11:00,12/17/2017 10:00,False,False,False,False,False,True,False,False,McCook,NE ,McCook,NE 
2982,206541353,6/5/2017 10:53,6/5/2017 10:54,6/13/2017 14:12,6/14/2017 21:00,6/16/2017 10:45,1884.14,2600.0,-715.86,778.9,RFR,,,False,0,Carrier 1045595,Shipper 758,True,True,True,6/14/2017 21:00,6/16/2017 11:00,False,False,False,False,False,False,False,False,Lodi,CA ,Lodi,CA 
2983,206708713,5/30/2017 19:28,5/30/2017 19:28,6/7/2017 10:12,6/7/2017 21:00,6/9/2017 11:00,1884.14,2600.0,-715.86,778.9,RFR,,,False,0,Carrier 41951,Shipper 758,True,True,True,6/7/2017 21:00,6/9/2017 10:00,False,False,False,False,False,False,False,False,Lodi,CA ,Lodi,CA 
2984,206552329,6/15/2017 11:40,6/15/2017 11:40,6/21/2017 10:33,6/21/2017 20:00,6/23/2017 13:35,1884.14,2500.0,-615.86,778.9,RFR,,,False,0,Carrier 102291,Shipper 758,True,True,True,6/21/2017 20:00,6/23/2017 12:00,False,False,False,False,False,False,False,False,Lodi,CA ,Lodi,CA 
2985,206601897,6/16/2017 14:38,6/16/2017 14:38,6/27/2017 10:21,6/27/2017 18:00,6/29/2017 10:00,1884.14,2600.0,-715.86,778.9,RFR,,,False,0,Carrier 102291,Shipper 758,True,True,True,6/27/2017 18:00,6/29/2017 10:00,False,False,False,False,False,False,False,False,Lodi,CA ,Lodi,CA 
2986,206650345,3/24/2017 13:06,3/24/2017 13:06,4/4/2017 12:10,4/5/2017 21:00,4/7/2017 15:40,1884.14,1600.0,284.14,778.9,RFR,4.0,,False,0,Carrier 1215347,Shipper 758,True,False,False,4/5/2017 21:00,4/7/2017 9:00,False,False,False,False,False,False,False,False,Lodi,CA ,Lodi,CA 
2987,206774065,5/15/2017 15:19,5/15/2017 15:19,5/24/2017 14:43,5/24/2017 18:00,5/26/2017 11:00,1884.14,2400.0,-515.86,778.9,RFR,,,False,0,Carrier 41951,Shipper 758,True,True,True,5/24/2017 18:00,5/26/2017 9:00,False,False,False,False,False,False,False,False,Lodi,CA ,Lodi,CA 
2988,206486193,3/20/2017 13:32,3/20/2017 13:32,3/29/2017 12:01,3/29/2017 21:00,3/31/2017 17:00,1884.14,1800.0,84.14,778.9,RFR,4.0,,False,1,Carrier 1679421,Shipper 758,True,True,True,3/29/2017 21:00,3/31/2017 12:00,False,False,False,False,False,False,False,False,Lodi,CA ,Lodi,CA 
2989,206648961,6/5/2017 10:47,6/5/2017 10:47,6/13/2017 14:06,6/14/2017 20:00,6/16/2017 11:30,1884.14,2650.0,-765.86,778.9,RFR,,,False,0,Carrier 41951,Shipper 758,True,True,True,6/14/2017 20:00,6/16/2017 10:00,False,False,False,False,False,False,False,False,Lodi,CA ,Lodi,CA 
2990,206466353,6/19/2017 14:24,6/19/2017 14:25,6/27/2017 10:34,6/28/2017 21:00,6/30/2017 9:55,1884.14,2500.0,-615.86,778.9,RFR,,,False,0,Carrier 102291,Shipper 758,True,True,True,6/28/2017 21:00,6/30/2017 10:00,False,False,False,False,False,False,False,False,Lodi,CA ,Lodi,CA 
2991,206438321,6/20/2017 11:33,6/20/2017 11:33,6/28/2017 11:21,6/28/2017 16:00,6/30/2017 10:00,1884.14,2900.0,-1015.86,778.9,RFR,,,False,1,Carrier 1020684,Shipper 758,,,,6/28/2017 16:00,6/30/2017 10:00,False,False,False,False,False,False,False,False,Lodi,CA ,Lodi,CA 
2992,206649777,6/15/2017 10:15,6/15/2017 10:16,6/20/2017 14:58,6/21/2017 18:00,6/23/2017 12:00,1884.14,2300.0,-415.86,778.9,RFR,,,False,0,Carrier 968232,Shipper 758,True,True,True,6/21/2017 18:00,6/23/2017 11:00,False,False,False,False,False,False,False,False,Lodi,CA ,Lodi,CA 
2993,206708689,3/20/2017 13:44,3/20/2017 13:44,3/24/2017 13:02,3/29/2017 16:00,3/31/2017 16:00,1884.14,1600.0,284.14,778.9,RFR,4.0,,False,0,Carrier 73246,Shipper 758,True,True,True,3/29/2017 16:00,3/31/2017 12:00,False,False,False,False,False,False,False,False,Lodi,CA ,Lodi,CA 
2994,206536305,3/17/2017 15:38,3/17/2017 15:38,3/21/2017 16:18,3/22/2017 22:00,3/24/2017 16:00,1884.14,1600.0,284.14,778.9,RFR,3.0,,False,0,Carrier 73246,Shipper 758,True,True,True,3/22/2017 22:00,3/24/2017 13:00,False,False,False,False,False,False,False,False,Lodi,CA ,Lodi,CA 
2995,206530809,5/30/2017 19:35,5/30/2017 19:36,6/7/2017 10:13,6/7/2017 20:00,6/9/2017 12:30,1884.14,2600.0,-715.86,778.9,RFR,,,False,0,Carrier 41951,Shipper 758,True,True,True,6/7/2017 20:00,6/9/2017 10:00,False,False,False,False,False,False,False,False,Lodi,CA ,Lodi,CA 
2996,206466121,3/20/2017 13:36,3/20/2017 13:37,3/24/2017 13:03,3/29/2017 22:00,3/31/2017 16:00,1884.14,1600.0,284.14,778.9,RFR,4.0,,False,0,Carrier 73246,Shipper 758,True,True,True,3/29/2017 22:00,3/31/2017 12:00,False,False,False,False,False,False,False,False,Lodi,CA ,Lodi,CA 
2997,206522249,5/15/2017 15:16,5/15/2017 15:16,5/25/2017 17:32,5/26/2017 21:00,5/29/2017 13:00,1884.14,2800.0,-915.86,778.9,RFR,,,False,1,Carrier 63367,Shipper 758,True,True,True,5/26/2017 21:00,5/29/2017 10:00,False,False,False,False,False,False,False,False,Lodi,CA ,Lodi,CA 
2998,206440889,5/15/2017 15:11,5/15/2017 15:11,5/24/2017 14:31,5/24/2017 20:00,5/26/2017 10:55,1884.14,2500.0,-615.86,778.9,RFR,,,False,0,Carrier 1002555,Shipper 758,True,True,True,5/24/2017 20:00,5/26/2017 10:00,False,False,False,False,False,False,False,False,Lodi,CA ,Lodi,CA 
2999,206428321,6/19/2017 9:04,6/19/2017 9:04,6/28/2017 12:32,6/28/2017 20:00,6/30/2017 12:00,1884.14,2850.0,-965.86,778.9,RFR,,,False,1,Carrier 860771,Shipper 758,True,True,True,6/28/2017 20:00,6/30/2017 10:00,False,False,False,False,False,False,False,False,Lodi,CA ,Lodi,CA 
3000,206560465,6/16/2017 12:29,6/16/2017 12:30,6/27/2017 9:57,6/27/2017 20:00,6/29/2017 16:06,1884.14,2700.0,-815.86,778.9,RFR,,,False,0,Carrier 1086712,Shipper 758,True,True,True,6/27/2017 20:00,6/29/2017 14:00,False,False,False,False,False,False,False,False,Lodi,CA ,Lodi,CA 
3001,206557649,5/22/2017 10:35,5/22/2017 10:36,6/1/2017 9:32,6/1/2017 15:00,6/2/2017 11:48,1884.14,2700.0,-815.86,778.9,RFR,,,False,0,Carrier 1086712,Shipper 758,True,True,True,6/1/2017 15:00,6/2/2017 10:00,False,False,False,False,False,False,False,False,Lodi,CA ,Lodi,CA 
3002,206623977,5/22/2017 11:43,5/22/2017 11:44,5/30/2017 13:35,5/31/2017 20:00,6/2/2017 11:20,1884.14,2200.0,-315.86,778.9,RFR,,,False,0,Carrier 1086443,Shipper 758,True,True,True,5/31/2017 20:00,6/2/2017 10:00,False,False,False,False,False,False,False,False,Lodi,CA ,Lodi,CA 
3003,206728113,7/25/2017 16:40,7/25/2017 16:40,7/31/2017 13:34,8/4/2017 20:00,8/7/2017 9:00,1884.14,2050.0,-165.86,778.9,RFR,,,False,0,Carrier 1086443,Shipper 758,True,True,True,8/4/2017 20:00,8/7/2017 9:00,False,False,False,False,False,False,False,False,Lodi,CA ,Lodi,CA 
3004,206573545,5/31/2017 12:29,5/31/2017 12:29,6/12/2017 10:01,6/12/2017 22:00,6/14/2017 12:30,1884.14,2700.0,-815.86,778.9,RFR,,,False,0,Carrier 1086443,Shipper 758,True,True,True,6/12/2017 22:00,6/14/2017 10:00,False,False,False,False,False,False,False,False,Lodi,CA ,Lodi,CA 
3005,206570345,7/19/2017 11:44,7/19/2017 11:45,7/24/2017 13:01,7/31/2017 21:00,8/2/2017 11:00,1884.14,2050.0,-165.86,778.9,RFR,,,False,0,Carrier 1086443,Shipper 758,True,True,True,7/31/2017 21:00,8/2/2017 10:00,False,False,False,False,False,False,False,False,Lodi,CA ,Lodi,CA 
3006,206496457,7/27/2017 8:20,7/27/2017 8:20,8/2/2017 11:39,8/7/2017 21:00,8/9/2017 13:00,1884.14,2000.0,-115.86,778.9,RFR,,,False,0,Carrier 1086443,Shipper 758,,,,8/7/2017 21:00,8/9/2017 10:00,False,False,False,False,False,False,False,False,Lodi,CA ,Lodi,CA 
3007,206571193,7/20/2017 17:49,7/20/2017 17:49,7/31/2017 13:20,8/1/2017 22:00,8/3/2017 11:00,1884.14,2050.0,-165.86,778.9,RFR,,,False,0,Carrier 1086443,Shipper 758,,,,8/1/2017 22:00,8/3/2017 10:00,False,False,False,False,False,False,False,False,Lodi,CA ,Lodi,CA 
3008,206480945,7/19/2017 11:42,7/19/2017 11:42,7/24/2017 13:01,7/31/2017 20:00,8/2/2017 11:00,1884.14,2050.0,-165.86,778.9,RFR,,,False,0,Carrier 1086443,Shipper 758,True,True,True,7/31/2017 20:00,8/2/2017 10:00,False,False,False,False,False,False,False,False,Lodi,CA ,Lodi,CA 
3009,206490937,5/30/2017 19:05,5/30/2017 19:05,6/12/2017 10:03,6/12/2017 21:00,6/14/2017 12:00,1884.14,2700.0,-815.86,778.9,RFR,,,False,1,Carrier 1086443,Shipper 758,True,True,True,6/12/2017 21:00,6/14/2017 10:00,False,False,False,False,False,False,False,False,Lodi,CA ,Lodi,CA 
3010,206461361,5/24/2017 13:50,5/24/2017 13:50,5/30/2017 13:12,5/31/2017 17:00,6/2/2017 11:35,1884.14,2200.0,-315.86,778.9,RFR,,,False,0,Carrier 1086443,Shipper 758,True,True,True,5/31/2017 17:00,6/2/2017 10:00,False,False,False,False,False,False,False,False,Lodi,CA ,Lodi,CA 
3011,206422577,5/9/2017 9:00,5/9/2017 9:00,5/19/2017 11:16,5/19/2017 20:00,5/22/2017 12:00,1884.14,2350.0,-465.86,778.9,RFR,3.0,,False,0,Carrier 1086443,Shipper 758,True,True,True,5/19/2017 20:00,5/22/2017 9:00,False,False,False,False,False,False,False,False,Lodi,CA ,Lodi,CA 
3012,206440313,7/20/2017 9:11,7/20/2017 9:11,7/24/2017 13:00,7/31/2017 18:00,8/2/2017 11:00,1884.14,2050.0,-165.86,778.9,RFR,,,False,0,Carrier 1086443,Shipper 758,True,True,True,7/31/2017 18:00,8/2/2017 11:00,False,False,False,False,False,False,False,False,Lodi,CA ,Lodi,CA 
3013,206424057,7/25/2017 16:38,7/25/2017 16:38,8/2/2017 11:40,8/7/2017 20:00,8/9/2017 13:00,1884.14,2000.0,-115.86,778.9,RFR,,,False,0,Carrier 1086443,Shipper 758,,,,8/7/2017 20:00,8/9/2017 10:00,False,False,False,False,False,False,False,False,Lodi,CA ,Lodi,CA 
3014,206625193,7/28/2017 9:04,7/28/2017 9:04,8/2/2017 11:39,8/8/2017 21:00,8/10/2017 11:45,1884.13,2000.0,-115.87,778.9,RFR,,,False,0,Carrier 1086443,Shipper 758,True,True,True,8/8/2017 21:00,8/10/2017 10:00,False,False,False,False,False,False,False,False,Lodi,CA ,Lodi,CA 
3015,206532073,10/24/2017 12:11,10/24/2017 12:11,10/25/2017 10:03,10/25/2017 12:00,10/31/2017 19:00,1881.34,2400.0,-518.66,565.7,DRV,,,False,0,Carrier 4997,Shipper 1644,True,True,True,10/25/2017 12:00,10/26/2017 15:00,False,False,False,False,False,False,False,False,Decatur,IN ,Decatur,IN 
3016,206424153,5/17/2017 9:09,5/17/2017 9:09,5/17/2017 16:23,5/18/2017 9:00,5/19/2017 10:35,1880.14,1900.0,-19.86,538.6,RFR,3.0,,False,0,Carrier 1236400,Shipper 1104,True,True,True,5/18/2017 16:00,5/19/2017 14:00,False,False,False,False,False,False,False,False,Dunn,NC ,Dunn,NC 
3017,206513393,12/18/2017 18:13,12/18/2017 18:13,12/21/2017 15:49,12/27/2017 15:00,12/29/2017 12:25,1879.04,1800.0,79.04,898.9,DRV,,dat_in,False,1,Carrier 1475635,Shipper 1249,True,True,True,12/27/2017 15:00,12/29/2017 16:00,False,False,False,False,False,False,False,False,Fort Collins,CO ,Fort Collins,CO 
3018,206513393,12/18/2017 18:13,12/18/2017 18:13,12/21/2017 15:49,12/27/2017 15:00,12/29/2017 12:25,1879.04,1800.0,79.04,898.9,DRV,,dat_in,False,1,Carrier 1475635,Shipper 1375,True,True,True,12/27/2017 15:00,12/29/2017 16:00,False,False,False,False,False,False,False,False,Fort Collins,CO ,Fort Collins,CO 
3019,206513393,12/18/2017 18:13,12/18/2017 18:13,12/21/2017 15:49,12/27/2017 15:00,12/29/2017 12:25,1879.04,1800.0,79.04,898.9,DRV,,dat_in,False,1,Carrier 1475635,Shipper 1386,True,True,True,12/27/2017 15:00,12/29/2017 16:00,False,False,False,False,False,False,False,False,Fort Collins,CO ,Fort Collins,CO 
3020,206513393,12/18/2017 18:13,12/18/2017 18:13,12/21/2017 15:49,12/27/2017 15:00,12/29/2017 12:25,1879.04,1800.0,79.04,898.9,DRV,,dat_in,False,1,Carrier 1475635,Shipper 1248,True,True,True,12/27/2017 15:00,12/29/2017 16:00,False,False,False,False,False,False,False,False,Fort Collins,CO ,Fort Collins,CO 
3021,206513393,12/18/2017 18:13,12/18/2017 18:13,12/21/2017 15:49,12/27/2017 15:00,12/29/2017 12:25,1879.04,1800.0,79.04,898.9,DRV,,dat_in,False,1,Carrier 1475635,Shipper 1387,True,True,True,12/27/2017 15:00,12/29/2017 16:00,False,False,False,False,False,False,False,False,Fort Collins,CO ,Fort Collins,CO 
3022,206513393,12/18/2017 18:13,12/18/2017 18:13,12/21/2017 15:49,12/27/2017 15:00,12/29/2017 12:25,1879.04,1800.0,79.04,898.9,DRV,,dat_in,False,1,Carrier 1475635,Shipper 1388,True,True,True,12/27/2017 15:00,12/29/2017 16:00,False,False,False,False,False,False,False,False,Fort Collins,CO ,Fort Collins,CO 
3023,206530321,10/31/2017 14:39,10/31/2017 14:39,11/1/2017 9:37,11/1/2017 14:00,11/2/2017 16:30,1878.98,1900.0,-21.02,533.9,DRV,,,False,0,Carrier 13402,Shipper 1644,True,False,False,11/1/2017 14:00,11/2/2017 12:00,False,False,False,False,False,False,False,False,Columbus,IN ,Columbus,IN 
3024,206504465,4/6/2017 16:50,4/6/2017 16:50,4/7/2017 11:37,4/7/2017 8:00,4/10/2017 0:00,1877.62,2030.0,-152.38,726.0,RFR,4.0,,False,0,Carrier 13726,Shipper 1104,True,True,True,4/7/2017 18:00,4/10/2017 14:00,False,False,False,False,False,False,False,False,Statesboro,GA ,Statesboro,GA 
3025,206470977,6/26/2017 10:03,6/26/2017 10:03,7/5/2017 11:13,7/5/2017 21:00,7/7/2017 10:30,1877.22,2700.0,-822.78,778.9,RFR,,,False,1,Carrier 73246,Shipper 758,True,True,True,7/5/2017 21:00,7/7/2017 10:00,False,False,False,False,False,False,False,False,Lodi,CA ,Lodi,CA 
3026,206584025,7/3/2017 9:14,7/3/2017 9:14,7/10/2017 17:12,7/12/2017 20:00,7/14/2017 12:00,1877.22,2500.0,-622.78,778.9,RFR,,,False,0,Carrier 63367,Shipper 758,True,True,True,7/12/2017 20:00,7/14/2017 10:00,False,False,False,False,False,False,False,False,Lodi,CA ,Lodi,CA 
3027,206582449,6/21/2017 15:25,6/21/2017 15:25,6/30/2017 14:45,6/30/2017 20:00,7/3/2017 13:00,1877.22,2800.0,-922.78,778.9,RFR,,,False,1,Carrier 63367,Shipper 758,True,True,True,6/30/2017 20:00,7/3/2017 10:00,False,False,False,False,False,False,False,False,Lodi,CA ,Lodi,CA 
3028,206526425,7/3/2017 9:08,7/3/2017 9:08,7/10/2017 17:12,7/12/2017 18:00,7/14/2017 10:30,1877.22,2500.0,-622.78,778.9,RFR,,,False,0,Carrier 63367,Shipper 758,True,True,True,7/12/2017 18:00,7/14/2017 10:00,False,False,False,False,False,False,False,False,Lodi,CA ,Lodi,CA 
3029,206620441,7/28/2017 8:58,7/28/2017 8:58,8/2/2017 11:39,8/8/2017 16:00,8/10/2017 11:45,1877.22,2000.0,-122.78,778.9,RFR,,,False,0,Carrier 1086443,Shipper 758,True,True,True,8/8/2017 16:00,8/10/2017 10:00,False,False,False,False,False,False,False,False,Lodi,CA ,Lodi,CA 
3030,206572857,7/5/2017 8:23,7/5/2017 8:23,7/17/2017 11:18,7/26/2017 20:00,7/28/2017 10:00,1877.22,2200.0,-322.78,778.9,RFR,,,False,0,Carrier 1086443,Shipper 758,False,True,True,7/26/2017 20:00,7/28/2017 10:00,False,False,False,False,False,False,False,False,Lodi,CA ,Lodi,CA 
3031,206507033,6/26/2017 10:06,6/26/2017 10:06,7/3/2017 12:02,7/5/2017 20:00,7/7/2017 12:50,1877.22,2600.0,-722.78,778.9,RFR,,,False,0,Carrier 1086443,Shipper 758,True,True,True,7/5/2017 20:00,7/7/2017 10:00,False,False,False,False,False,False,False,False,Lodi,CA ,Lodi,CA 
3032,206513329,7/17/2017 10:42,7/17/2017 10:42,7/19/2017 11:53,7/26/2017 18:00,7/28/2017 10:00,1877.22,2200.0,-322.78,778.9,RFR,,,False,0,Carrier 1086443,Shipper 758,True,True,True,7/26/2017 18:00,7/28/2017 10:00,False,False,False,False,False,False,False,False,Lodi,CA ,Lodi,CA 
3033,206497817,6/27/2017 16:53,6/27/2017 16:53,7/5/2017 11:07,7/5/2017 16:00,7/7/2017 12:00,1877.22,2600.0,-722.78,778.9,RFR,,,False,1,Carrier 1086443,Shipper 758,True,True,True,7/5/2017 16:00,7/7/2017 10:00,False,False,False,False,False,False,False,False,Lodi,CA ,Lodi,CA 
3034,206490969,7/12/2017 17:30,7/12/2017 17:30,7/17/2017 11:18,7/24/2017 20:00,7/26/2017 11:30,1877.22,2200.0,-322.78,778.9,RFR,,,False,0,Carrier 1086443,Shipper 758,True,True,True,7/24/2017 20:00,7/26/2017 10:00,False,False,False,False,False,False,False,False,Lodi,CA ,Lodi,CA 
3035,206440073,6/23/2017 17:23,6/23/2017 17:23,6/28/2017 14:56,6/29/2017 0:00,6/30/2017 16:00,1877.22,3000.0,-1122.78,778.9,RFR,,,False,0,Carrier 1086443,Shipper 758,True,True,True,6/29/2017 0:00,6/30/2017 13:00,False,False,False,False,False,False,False,False,Lodi,CA ,Lodi,CA 
3036,206478233,7/10/2017 9:12,7/10/2017 9:12,7/11/2017 12:35,7/19/2017 20:00,7/21/2017 12:00,1877.22,2400.0,-522.78,778.9,RFR,,,False,0,Carrier 1086443,Shipper 758,True,True,True,7/19/2017 20:00,7/21/2017 9:00,False,False,False,False,False,False,False,False,Lodi,CA ,Lodi,CA 
3037,206440089,6/28/2017 13:49,6/28/2017 13:49,7/7/2017 13:16,7/10/2017 20:00,7/12/2017 11:00,1877.22,2600.0,-722.78,778.9,RFR,,,False,0,Carrier 1086443,Shipper 758,True,True,True,7/10/2017 20:00,7/12/2017 10:00,False,False,False,False,False,False,False,False,Lodi,CA ,Lodi,CA 
3038,206428329,9/20/2017 16:29,9/20/2017 16:29,9/25/2017 11:00,9/25/2017 15:00,9/26/2017 10:22,1876.62,1600.0,276.62,384.2,DRV,,,False,0,Carrier 4928,Shipper 1249,True,True,True,9/25/2017 15:00,9/26/2017 9:30,False,False,False,False,False,False,False,False,Williamsburg,VA ,Williamsburg,VA 
3039,206428329,9/20/2017 16:29,9/20/2017 16:29,9/25/2017 11:00,9/25/2017 15:00,9/26/2017 10:22,1876.62,1600.0,276.62,384.2,DRV,,,False,0,Carrier 4928,Shipper 1375,True,True,True,9/25/2017 15:00,9/26/2017 9:30,False,False,False,False,False,False,False,False,Williamsburg,VA ,Williamsburg,VA 
3040,206428329,9/20/2017 16:29,9/20/2017 16:29,9/25/2017 11:00,9/25/2017 15:00,9/26/2017 10:22,1876.62,1600.0,276.62,384.2,DRV,,,False,0,Carrier 4928,Shipper 1386,True,True,True,9/25/2017 15:00,9/26/2017 9:30,False,False,False,False,False,False,False,False,Williamsburg,VA ,Williamsburg,VA 
3041,206428329,9/20/2017 16:29,9/20/2017 16:29,9/25/2017 11:00,9/25/2017 15:00,9/26/2017 10:22,1876.62,1600.0,276.62,384.2,DRV,,,False,0,Carrier 4928,Shipper 1248,True,True,True,9/25/2017 15:00,9/26/2017 9:30,False,False,False,False,False,False,False,False,Williamsburg,VA ,Williamsburg,VA 
3042,206428329,9/20/2017 16:29,9/20/2017 16:29,9/25/2017 11:00,9/25/2017 15:00,9/26/2017 10:22,1876.62,1600.0,276.62,384.2,DRV,,,False,0,Carrier 4928,Shipper 1387,True,True,True,9/25/2017 15:00,9/26/2017 9:30,False,False,False,False,False,False,False,False,Williamsburg,VA ,Williamsburg,VA 
3043,206428329,9/20/2017 16:29,9/20/2017 16:29,9/25/2017 11:00,9/25/2017 15:00,9/26/2017 10:22,1876.62,1600.0,276.62,384.2,DRV,,,False,0,Carrier 4928,Shipper 1388,True,True,True,9/25/2017 15:00,9/26/2017 9:30,False,False,False,False,False,False,False,False,Williamsburg,VA ,Williamsburg,VA 
3044,206561817,10/25/2017 15:34,10/25/2017 15:34,10/27/2017 14:06,10/27/2017 15:00,10/30/2017 15:29,1875.4,5200.0,-3324.6,964.8,DRV,,,False,1,Carrier 1695618,Shipper 1644,True,True,True,10/27/2017 15:00,10/29/2017 12:30,False,False,False,False,False,False,False,False,Trenton,MO ,Trenton,MO 
3045,206480497,3/23/2017 16:55,3/23/2017 16:55,3/23/2017 17:21,3/23/2017 21:00,3/27/2017 8:30,1875.0,2000.0,-125.0,331.6,RFR,3.0,,False,0,Carrier 152079,Shipper 1249,True,True,True,3/23/2017 21:00,3/27/2017 8:00,False,False,False,False,False,False,False,False,Granite City,IL ,Granite City,IL 
3046,206480497,3/23/2017 16:55,3/23/2017 16:55,3/23/2017 17:21,3/23/2017 21:00,3/27/2017 8:30,1875.0,2000.0,-125.0,331.6,RFR,3.0,,False,0,Carrier 152079,Shipper 1375,True,True,True,3/23/2017 21:00,3/27/2017 8:00,False,False,False,False,False,False,False,False,Granite City,IL ,Granite City,IL 
3047,206480497,3/23/2017 16:55,3/23/2017 16:55,3/23/2017 17:21,3/23/2017 21:00,3/27/2017 8:30,1875.0,2000.0,-125.0,331.6,RFR,3.0,,False,0,Carrier 152079,Shipper 1386,True,True,True,3/23/2017 21:00,3/27/2017 8:00,False,False,False,False,False,False,False,False,Granite City,IL ,Granite City,IL 
3048,206480497,3/23/2017 16:55,3/23/2017 16:55,3/23/2017 17:21,3/23/2017 21:00,3/27/2017 8:30,1875.0,2000.0,-125.0,331.6,RFR,3.0,,False,0,Carrier 152079,Shipper 1248,True,True,True,3/23/2017 21:00,3/27/2017 8:00,False,False,False,False,False,False,False,False,Granite City,IL ,Granite City,IL 
3049,206480497,3/23/2017 16:55,3/23/2017 16:55,3/23/2017 17:21,3/23/2017 21:00,3/27/2017 8:30,1875.0,2000.0,-125.0,331.6,RFR,3.0,,False,0,Carrier 152079,Shipper 1387,True,True,True,3/23/2017 21:00,3/27/2017 8:00,False,False,False,False,False,False,False,False,Granite City,IL ,Granite City,IL 
3050,206480497,3/23/2017 16:55,3/23/2017 16:55,3/23/2017 17:21,3/23/2017 21:00,3/27/2017 8:30,1875.0,2000.0,-125.0,331.6,RFR,3.0,,False,0,Carrier 152079,Shipper 1388,True,True,True,3/23/2017 21:00,3/27/2017 8:00,False,False,False,False,False,False,False,False,Granite City,IL ,Granite City,IL 
3051,206598585,9/23/2017 9:02,9/23/2017 9:02,9/25/2017 13:43,9/25/2017 14:00,9/26/2017 7:50,1874.83,1900.0,-25.17,579.5,DRV,,,False,0,Carrier 632822,Shipper 1644,True,True,True,9/25/2017 14:30,9/26/2017 11:00,False,False,False,False,False,False,False,False,Brighton,MI ,Brighton,MI 
3052,206702073,5/31/2017 11:53,5/31/2017 11:53,6/1/2017 19:20,6/2/2017 4:00,6/3/2017 11:30,1868.16,3000.0,-1131.84,685.6,DRV,,,False,0,Carrier 89123,Shipper 1249,False,True,False,6/2/2017 6:00,6/3/2017 12:00,False,False,False,False,False,False,False,False,Columbus,OH ,Columbus,OH 
3053,206702073,5/31/2017 11:53,5/31/2017 11:53,6/1/2017 19:20,6/2/2017 4:00,6/3/2017 11:30,1868.16,3000.0,-1131.84,685.6,DRV,,,False,0,Carrier 89123,Shipper 1375,False,True,False,6/2/2017 6:00,6/3/2017 12:00,False,False,False,False,False,False,False,False,Columbus,OH ,Columbus,OH 
3054,206702073,5/31/2017 11:53,5/31/2017 11:53,6/1/2017 19:20,6/2/2017 4:00,6/3/2017 11:30,1868.16,3000.0,-1131.84,685.6,DRV,,,False,0,Carrier 89123,Shipper 1386,False,True,False,6/2/2017 6:00,6/3/2017 12:00,False,False,False,False,False,False,False,False,Columbus,OH ,Columbus,OH 
3055,206702073,5/31/2017 11:53,5/31/2017 11:53,6/1/2017 19:20,6/2/2017 4:00,6/3/2017 11:30,1868.16,3000.0,-1131.84,685.6,DRV,,,False,0,Carrier 89123,Shipper 1248,False,True,False,6/2/2017 6:00,6/3/2017 12:00,False,False,False,False,False,False,False,False,Columbus,OH ,Columbus,OH 
3056,206702073,5/31/2017 11:53,5/31/2017 11:53,6/1/2017 19:20,6/2/2017 4:00,6/3/2017 11:30,1868.16,3000.0,-1131.84,685.6,DRV,,,False,0,Carrier 89123,Shipper 1387,False,True,False,6/2/2017 6:00,6/3/2017 12:00,False,False,False,False,False,False,False,False,Columbus,OH ,Columbus,OH 
3057,206702073,5/31/2017 11:53,5/31/2017 11:53,6/1/2017 19:20,6/2/2017 4:00,6/3/2017 11:30,1868.16,3000.0,-1131.84,685.6,DRV,,,False,0,Carrier 89123,Shipper 1388,False,True,False,6/2/2017 6:00,6/3/2017 12:00,False,False,False,False,False,False,False,False,Columbus,OH ,Columbus,OH 
3058,206588761,6/9/2017 16:34,6/9/2017 16:34,6/12/2017 9:56,6/12/2017 17:00,6/13/2017 11:00,1866.2,1500.0,366.2,372.4,DRV,,,False,0,Carrier 940495,Shipper 1249,True,True,True,6/12/2017 17:00,6/13/2017 11:30,False,False,False,False,False,False,False,False,Granite City,IL ,Granite City,IL 
3059,206588761,6/9/2017 16:34,6/9/2017 16:34,6/12/2017 9:56,6/12/2017 17:00,6/13/2017 11:00,1866.2,1500.0,366.2,372.4,DRV,,,False,0,Carrier 940495,Shipper 1375,True,True,True,6/12/2017 17:00,6/13/2017 11:30,False,False,False,False,False,False,False,False,Granite City,IL ,Granite City,IL 
3060,206588761,6/9/2017 16:34,6/9/2017 16:34,6/12/2017 9:56,6/12/2017 17:00,6/13/2017 11:00,1866.2,1500.0,366.2,372.4,DRV,,,False,0,Carrier 940495,Shipper 1386,True,True,True,6/12/2017 17:00,6/13/2017 11:30,False,False,False,False,False,False,False,False,Granite City,IL ,Granite City,IL 
3061,206588761,6/9/2017 16:34,6/9/2017 16:34,6/12/2017 9:56,6/12/2017 17:00,6/13/2017 11:00,1866.2,1500.0,366.2,372.4,DRV,,,False,0,Carrier 940495,Shipper 1248,True,True,True,6/12/2017 17:00,6/13/2017 11:30,False,False,False,False,False,False,False,False,Granite City,IL ,Granite City,IL 
3062,206588761,6/9/2017 16:34,6/9/2017 16:34,6/12/2017 9:56,6/12/2017 17:00,6/13/2017 11:00,1866.2,1500.0,366.2,372.4,DRV,,,False,0,Carrier 940495,Shipper 1387,True,True,True,6/12/2017 17:00,6/13/2017 11:30,False,False,False,False,False,False,False,False,Granite City,IL ,Granite City,IL 
3063,206588761,6/9/2017 16:34,6/9/2017 16:34,6/12/2017 9:56,6/12/2017 17:00,6/13/2017 11:00,1866.2,1500.0,366.2,372.4,DRV,,,False,0,Carrier 940495,Shipper 1388,True,True,True,6/12/2017 17:00,6/13/2017 11:30,False,False,False,False,False,False,False,False,Granite City,IL ,Granite City,IL 
3064,206466377,9/25/2017 16:31,9/25/2017 16:31,9/27/2017 10:27,9/27/2017 15:00,9/28/2017 9:55,1866.18,1600.0,266.18,440.3,RFR,,,False,0,Carrier 288241,Shipper 1249,True,True,True,9/27/2017 15:00,9/28/2017 12:00,False,False,False,False,False,False,False,False,Williamsburg,VA ,Williamsburg,VA 
3065,206466377,9/25/2017 16:31,9/25/2017 16:31,9/27/2017 10:27,9/27/2017 15:00,9/28/2017 9:55,1866.18,1600.0,266.18,440.3,RFR,,,False,0,Carrier 288241,Shipper 1375,True,True,True,9/27/2017 15:00,9/28/2017 12:00,False,False,False,False,False,False,False,False,Williamsburg,VA ,Williamsburg,VA 
3066,206466377,9/25/2017 16:31,9/25/2017 16:31,9/27/2017 10:27,9/27/2017 15:00,9/28/2017 9:55,1866.18,1600.0,266.18,440.3,RFR,,,False,0,Carrier 288241,Shipper 1386,True,True,True,9/27/2017 15:00,9/28/2017 12:00,False,False,False,False,False,False,False,False,Williamsburg,VA ,Williamsburg,VA 
3067,206466377,9/25/2017 16:31,9/25/2017 16:31,9/27/2017 10:27,9/27/2017 15:00,9/28/2017 9:55,1866.18,1600.0,266.18,440.3,RFR,,,False,0,Carrier 288241,Shipper 1248,True,True,True,9/27/2017 15:00,9/28/2017 12:00,False,False,False,False,False,False,False,False,Williamsburg,VA ,Williamsburg,VA 
3068,206466377,9/25/2017 16:31,9/25/2017 16:31,9/27/2017 10:27,9/27/2017 15:00,9/28/2017 9:55,1866.18,1600.0,266.18,440.3,RFR,,,False,0,Carrier 288241,Shipper 1387,True,True,True,9/27/2017 15:00,9/28/2017 12:00,False,False,False,False,False,False,False,False,Williamsburg,VA ,Williamsburg,VA 
3069,206466377,9/25/2017 16:31,9/25/2017 16:31,9/27/2017 10:27,9/27/2017 15:00,9/28/2017 9:55,1866.18,1600.0,266.18,440.3,RFR,,,False,0,Carrier 288241,Shipper 1388,True,True,True,9/27/2017 15:00,9/28/2017 12:00,False,False,False,False,False,False,False,False,Williamsburg,VA ,Williamsburg,VA 
3070,206628185,5/22/2017 13:47,5/22/2017 13:47,5/22/2017 15:43,5/22/2017 23:00,5/23/2017 13:27,1863.07,1600.0,263.07,477.3,RFR,,,False,0,Carrier 9000,Shipper 1249,True,True,True,5/22/2017 23:00,5/23/2017 16:00,False,False,False,False,False,False,False,False,Jacksonville,FL ,Jacksonville,FL 
3071,206628185,5/22/2017 13:47,5/22/2017 13:47,5/22/2017 15:43,5/22/2017 23:00,5/23/2017 13:27,1863.07,1600.0,263.07,477.3,RFR,,,False,0,Carrier 9000,Shipper 1375,True,True,True,5/22/2017 23:00,5/23/2017 16:00,False,False,False,False,False,False,False,False,Jacksonville,FL ,Jacksonville,FL 
3072,206628185,5/22/2017 13:47,5/22/2017 13:47,5/22/2017 15:43,5/22/2017 23:00,5/23/2017 13:27,1863.07,1600.0,263.07,477.3,RFR,,,False,0,Carrier 9000,Shipper 1386,True,True,True,5/22/2017 23:00,5/23/2017 16:00,False,False,False,False,False,False,False,False,Jacksonville,FL ,Jacksonville,FL 
3073,206628185,5/22/2017 13:47,5/22/2017 13:47,5/22/2017 15:43,5/22/2017 23:00,5/23/2017 13:27,1863.07,1600.0,263.07,477.3,RFR,,,False,0,Carrier 9000,Shipper 1248,True,True,True,5/22/2017 23:00,5/23/2017 16:00,False,False,False,False,False,False,False,False,Jacksonville,FL ,Jacksonville,FL 
3074,206628185,5/22/2017 13:47,5/22/2017 13:47,5/22/2017 15:43,5/22/2017 23:00,5/23/2017 13:27,1863.07,1600.0,263.07,477.3,RFR,,,False,0,Carrier 9000,Shipper 1387,True,True,True,5/22/2017 23:00,5/23/2017 16:00,False,False,False,False,False,False,False,False,Jacksonville,FL ,Jacksonville,FL 
3075,206628185,5/22/2017 13:47,5/22/2017 13:47,5/22/2017 15:43,5/22/2017 23:00,5/23/2017 13:27,1863.07,1600.0,263.07,477.3,RFR,,,False,0,Carrier 9000,Shipper 1388,True,True,True,5/22/2017 23:00,5/23/2017 16:00,False,False,False,False,False,False,False,False,Jacksonville,FL ,Jacksonville,FL 
3076,206535185,12/14/2017 17:04,12/14/2017 17:05,12/19/2017 10:31,12/19/2017 13:00,12/21/2017 9:15,1861.6,3125.0,-1263.4,702.0,RFR,,,False,0,Carrier 1694201,Shipper 1249,True,True,True,12/19/2017 17:30,12/21/2017 9:00,False,False,False,False,False,False,False,False,Granite City,IL ,Granite City,IL 
3077,206535185,12/14/2017 17:04,12/14/2017 17:05,12/19/2017 10:31,12/19/2017 13:00,12/21/2017 9:15,1861.6,3125.0,-1263.4,702.0,RFR,,,False,0,Carrier 1694201,Shipper 1375,True,True,True,12/19/2017 17:30,12/21/2017 9:00,False,False,False,False,False,False,False,False,Granite City,IL ,Granite City,IL 
3078,206535185,12/14/2017 17:04,12/14/2017 17:05,12/19/2017 10:31,12/19/2017 13:00,12/21/2017 9:15,1861.6,3125.0,-1263.4,702.0,RFR,,,False,0,Carrier 1694201,Shipper 1386,True,True,True,12/19/2017 17:30,12/21/2017 9:00,False,False,False,False,False,False,False,False,Granite City,IL ,Granite City,IL 
3079,206535185,12/14/2017 17:04,12/14/2017 17:05,12/19/2017 10:31,12/19/2017 13:00,12/21/2017 9:15,1861.6,3125.0,-1263.4,702.0,RFR,,,False,0,Carrier 1694201,Shipper 1248,True,True,True,12/19/2017 17:30,12/21/2017 9:00,False,False,False,False,False,False,False,False,Granite City,IL ,Granite City,IL 
3080,206535185,12/14/2017 17:04,12/14/2017 17:05,12/19/2017 10:31,12/19/2017 13:00,12/21/2017 9:15,1861.6,3125.0,-1263.4,702.0,RFR,,,False,0,Carrier 1694201,Shipper 1387,True,True,True,12/19/2017 17:30,12/21/2017 9:00,False,False,False,False,False,False,False,False,Granite City,IL ,Granite City,IL 
3081,206535185,12/14/2017 17:04,12/14/2017 17:05,12/19/2017 10:31,12/19/2017 13:00,12/21/2017 9:15,1861.6,3125.0,-1263.4,702.0,RFR,,,False,0,Carrier 1694201,Shipper 1388,True,True,True,12/19/2017 17:30,12/21/2017 9:00,False,False,False,False,False,False,False,False,Granite City,IL ,Granite City,IL 
3082,206487193,12/1/2017 16:31,12/1/2017 16:31,12/4/2017 10:20,12/4/2017 15:00,12/5/2017 11:00,1859.28,1800.0,59.28,374.7,DRV,,,False,0,Carrier 1407839,Shipper 1249,True,True,True,12/4/2017 15:00,12/5/2017 13:30,False,False,False,False,False,False,False,False,St. Louis,MO ,St. Louis,MO 
3083,206487193,12/1/2017 16:31,12/1/2017 16:31,12/4/2017 10:20,12/4/2017 15:00,12/5/2017 11:00,1859.28,1800.0,59.28,374.7,DRV,,,False,0,Carrier 1407839,Shipper 1375,True,True,True,12/4/2017 15:00,12/5/2017 13:30,False,False,False,False,False,False,False,False,St. Louis,MO ,St. Louis,MO 
3084,206487193,12/1/2017 16:31,12/1/2017 16:31,12/4/2017 10:20,12/4/2017 15:00,12/5/2017 11:00,1859.28,1800.0,59.28,374.7,DRV,,,False,0,Carrier 1407839,Shipper 1386,True,True,True,12/4/2017 15:00,12/5/2017 13:30,False,False,False,False,False,False,False,False,St. Louis,MO ,St. Louis,MO 
3085,206487193,12/1/2017 16:31,12/1/2017 16:31,12/4/2017 10:20,12/4/2017 15:00,12/5/2017 11:00,1859.28,1800.0,59.28,374.7,DRV,,,False,0,Carrier 1407839,Shipper 1248,True,True,True,12/4/2017 15:00,12/5/2017 13:30,False,False,False,False,False,False,False,False,St. Louis,MO ,St. Louis,MO 
3086,206487193,12/1/2017 16:31,12/1/2017 16:31,12/4/2017 10:20,12/4/2017 15:00,12/5/2017 11:00,1859.28,1800.0,59.28,374.7,DRV,,,False,0,Carrier 1407839,Shipper 1387,True,True,True,12/4/2017 15:00,12/5/2017 13:30,False,False,False,False,False,False,False,False,St. Louis,MO ,St. Louis,MO 
3087,206487193,12/1/2017 16:31,12/1/2017 16:31,12/4/2017 10:20,12/4/2017 15:00,12/5/2017 11:00,1859.28,1800.0,59.28,374.7,DRV,,,False,0,Carrier 1407839,Shipper 1388,True,True,True,12/4/2017 15:00,12/5/2017 13:30,False,False,False,False,False,False,False,False,St. Louis,MO ,St. Louis,MO 
3088,206632897,10/25/2017 13:47,10/25/2017 13:47,10/26/2017 9:17,10/26/2017 14:00,10/27/2017 8:30,1857.63,2100.0,-242.37,533.9,DRV,,,False,0,Carrier 30549,Shipper 1644,True,True,True,10/26/2017 14:00,10/27/2017 12:00,False,False,False,False,False,False,False,False,Columbus,IN ,Columbus,IN 
3089,206704041,10/6/2017 9:40,10/6/2017 9:40,10/6/2017 17:12,10/7/2017 11:00,10/12/2017 14:30,1856.69,1864.69,-8.0,2682.3,RFR,,,False,0,Carrier 1050090,Shipper 832,True,True,True,10/7/2017 21:00,10/12/2017 9:30,False,False,False,False,False,False,False,False,Maricopa,AZ ,Maricopa,AZ 
3090,206542017,9/26/2017 9:59,9/26/2017 9:59,9/29/2017 14:33,9/30/2017 16:00,10/2/2017 10:15,1851.1,1600.0,251.1,579.5,DRV,,,False,0,Carrier 1167673,Shipper 1644,True,True,True,9/30/2017 16:00,10/2/2017 8:00,False,False,False,False,False,False,False,False,Brighton,MI ,Brighton,MI 
3091,206651593,11/20/2017 18:15,11/20/2017 18:16,11/21/2017 9:40,11/21/2017 11:00,11/21/2017 18:30,1850.66,1200.0,650.66,165.5,RFR,,,False,0,Carrier 1045304,Shipper 758,False,False,False,11/21/2017 12:30,11/21/2017 17:00,False,False,False,False,False,False,False,False,Wray,CO ,Wray,CO 
3092,206431537,5/22/2017 14:00,5/22/2017 14:01,5/22/2017 17:22,5/23/2017 10:00,5/24/2017 9:00,1845.82,2000.0,-154.18,678.5,DRV,,,False,0,Carrier 944957,Shipper 1249,True,True,True,5/23/2017 10:00,5/24/2017 14:00,False,False,False,False,False,False,False,False,St. Louis,MO ,St. Louis,MO 
3093,206431537,5/22/2017 14:00,5/22/2017 14:01,5/22/2017 17:22,5/23/2017 10:00,5/24/2017 9:00,1845.82,2000.0,-154.18,678.5,DRV,,,False,0,Carrier 944957,Shipper 1375,True,True,True,5/23/2017 10:00,5/24/2017 14:00,False,False,False,False,False,False,False,False,St. Louis,MO ,St. Louis,MO 
3094,206431537,5/22/2017 14:00,5/22/2017 14:01,5/22/2017 17:22,5/23/2017 10:00,5/24/2017 9:00,1845.82,2000.0,-154.18,678.5,DRV,,,False,0,Carrier 944957,Shipper 1386,True,True,True,5/23/2017 10:00,5/24/2017 14:00,False,False,False,False,False,False,False,False,St. Louis,MO ,St. Louis,MO 
3095,206431537,5/22/2017 14:00,5/22/2017 14:01,5/22/2017 17:22,5/23/2017 10:00,5/24/2017 9:00,1845.82,2000.0,-154.18,678.5,DRV,,,False,0,Carrier 944957,Shipper 1248,True,True,True,5/23/2017 10:00,5/24/2017 14:00,False,False,False,False,False,False,False,False,St. Louis,MO ,St. Louis,MO 
3096,206431537,5/22/2017 14:00,5/22/2017 14:01,5/22/2017 17:22,5/23/2017 10:00,5/24/2017 9:00,1845.82,2000.0,-154.18,678.5,DRV,,,False,0,Carrier 944957,Shipper 1387,True,True,True,5/23/2017 10:00,5/24/2017 14:00,False,False,False,False,False,False,False,False,St. Louis,MO ,St. Louis,MO 
3097,206431537,5/22/2017 14:00,5/22/2017 14:01,5/22/2017 17:22,5/23/2017 10:00,5/24/2017 9:00,1845.82,2000.0,-154.18,678.5,DRV,,,False,0,Carrier 944957,Shipper 1388,True,True,True,5/23/2017 10:00,5/24/2017 14:00,False,False,False,False,False,False,False,False,St. Louis,MO ,St. Louis,MO 
3098,206507113,9/13/2017 16:24,9/13/2017 16:24,9/15/2017 12:34,9/15/2017 16:00,9/18/2017 12:00,1843.82,1820.0,23.82,431.6,RFR,,,False,0,Carrier 17835,Shipper 1249,True,True,True,9/15/2017 16:00,9/18/2017 13:00,False,False,False,False,False,False,False,False,Fort Collins,CO ,Fort Collins,CO 
3099,206507113,9/13/2017 16:24,9/13/2017 16:24,9/15/2017 12:34,9/15/2017 16:00,9/18/2017 12:00,1843.82,1820.0,23.82,431.6,RFR,,,False,0,Carrier 17835,Shipper 1375,True,True,True,9/15/2017 16:00,9/18/2017 13:00,False,False,False,False,False,False,False,False,Fort Collins,CO ,Fort Collins,CO 
3100,206507113,9/13/2017 16:24,9/13/2017 16:24,9/15/2017 12:34,9/15/2017 16:00,9/18/2017 12:00,1843.82,1820.0,23.82,431.6,RFR,,,False,0,Carrier 17835,Shipper 1386,True,True,True,9/15/2017 16:00,9/18/2017 13:00,False,False,False,False,False,False,False,False,Fort Collins,CO ,Fort Collins,CO 
3101,206507113,9/13/2017 16:24,9/13/2017 16:24,9/15/2017 12:34,9/15/2017 16:00,9/18/2017 12:00,1843.82,1820.0,23.82,431.6,RFR,,,False,0,Carrier 17835,Shipper 1248,True,True,True,9/15/2017 16:00,9/18/2017 13:00,False,False,False,False,False,False,False,False,Fort Collins,CO ,Fort Collins,CO 
3102,206507113,9/13/2017 16:24,9/13/2017 16:24,9/15/2017 12:34,9/15/2017 16:00,9/18/2017 12:00,1843.82,1820.0,23.82,431.6,RFR,,,False,0,Carrier 17835,Shipper 1387,True,True,True,9/15/2017 16:00,9/18/2017 13:00,False,False,False,False,False,False,False,False,Fort Collins,CO ,Fort Collins,CO 
3103,206507113,9/13/2017 16:24,9/13/2017 16:24,9/15/2017 12:34,9/15/2017 16:00,9/18/2017 12:00,1843.82,1820.0,23.82,431.6,RFR,,,False,0,Carrier 17835,Shipper 1388,True,True,True,9/15/2017 16:00,9/18/2017 13:00,False,False,False,False,False,False,False,False,Fort Collins,CO ,Fort Collins,CO 
3104,206507489,3/22/2017 10:00,3/22/2017 10:01,3/24/2017 11:17,3/24/2017 12:00,3/26/2017 7:30,1843.8,2025.0,-181.2,834.0,RFR,,,False,0,Carrier 1332143,Shipper 1104,,,,3/24/2017 15:00,3/26/2017 5:00,False,False,False,False,False,False,False,False,Statesboro,GA ,Statesboro,GA 
3105,206474185,6/9/2017 16:50,6/9/2017 16:50,6/13/2017 18:00,6/15/2017 16:00,6/16/2017 13:20,1843.58,1300.0,543.58,384.8,RFR,,,False,1,Carrier 33629,Shipper 1249,True,True,True,6/15/2017 16:00,6/16/2017 12:30,False,False,False,False,False,False,False,False,Newark,NJ ,Newark,NJ 
3106,206474185,6/9/2017 16:50,6/9/2017 16:50,6/13/2017 18:00,6/15/2017 16:00,6/16/2017 13:20,1843.58,1300.0,543.58,384.8,RFR,,,False,1,Carrier 33629,Shipper 1375,True,True,True,6/15/2017 16:00,6/16/2017 12:30,False,False,False,False,False,False,False,False,Newark,NJ ,Newark,NJ 
3107,206474185,6/9/2017 16:50,6/9/2017 16:50,6/13/2017 18:00,6/15/2017 16:00,6/16/2017 13:20,1843.58,1300.0,543.58,384.8,RFR,,,False,1,Carrier 33629,Shipper 1386,True,True,True,6/15/2017 16:00,6/16/2017 12:30,False,False,False,False,False,False,False,False,Newark,NJ ,Newark,NJ 
3108,206474185,6/9/2017 16:50,6/9/2017 16:50,6/13/2017 18:00,6/15/2017 16:00,6/16/2017 13:20,1843.58,1300.0,543.58,384.8,RFR,,,False,1,Carrier 33629,Shipper 1248,True,True,True,6/15/2017 16:00,6/16/2017 12:30,False,False,False,False,False,False,False,False,Newark,NJ ,Newark,NJ 
3109,206474185,6/9/2017 16:50,6/9/2017 16:50,6/13/2017 18:00,6/15/2017 16:00,6/16/2017 13:20,1843.58,1300.0,543.58,384.8,RFR,,,False,1,Carrier 33629,Shipper 1387,True,True,True,6/15/2017 16:00,6/16/2017 12:30,False,False,False,False,False,False,False,False,Newark,NJ ,Newark,NJ 
3110,206474185,6/9/2017 16:50,6/9/2017 16:50,6/13/2017 18:00,6/15/2017 16:00,6/16/2017 13:20,1843.58,1300.0,543.58,384.8,RFR,,,False,1,Carrier 33629,Shipper 1388,True,True,True,6/15/2017 16:00,6/16/2017 12:30,False,False,False,False,False,False,False,False,Newark,NJ ,Newark,NJ 
3111,206485417,9/7/2017 16:32,9/7/2017 16:32,9/8/2017 12:35,9/10/2017 20:00,9/11/2017 9:55,1842.91,1500.0,342.91,387.0,DRV,,,False,0,Carrier 1246950,Shipper 1249,True,True,True,9/10/2017 20:00,9/11/2017 14:00,False,False,False,False,False,False,False,False,Colonial Heights,VA ,Colonial Heights,VA 
3112,206485417,9/7/2017 16:32,9/7/2017 16:32,9/8/2017 12:35,9/10/2017 20:00,9/11/2017 9:55,1842.91,1500.0,342.91,387.0,DRV,,,False,0,Carrier 1246950,Shipper 1375,True,True,True,9/10/2017 20:00,9/11/2017 14:00,False,False,False,False,False,False,False,False,Colonial Heights,VA ,Colonial Heights,VA 
3113,206485417,9/7/2017 16:32,9/7/2017 16:32,9/8/2017 12:35,9/10/2017 20:00,9/11/2017 9:55,1842.91,1500.0,342.91,387.0,DRV,,,False,0,Carrier 1246950,Shipper 1386,True,True,True,9/10/2017 20:00,9/11/2017 14:00,False,False,False,False,False,False,False,False,Colonial Heights,VA ,Colonial Heights,VA 
3114,206485417,9/7/2017 16:32,9/7/2017 16:32,9/8/2017 12:35,9/10/2017 20:00,9/11/2017 9:55,1842.91,1500.0,342.91,387.0,DRV,,,False,0,Carrier 1246950,Shipper 1248,True,True,True,9/10/2017 20:00,9/11/2017 14:00,False,False,False,False,False,False,False,False,Colonial Heights,VA ,Colonial Heights,VA 
3115,206485417,9/7/2017 16:32,9/7/2017 16:32,9/8/2017 12:35,9/10/2017 20:00,9/11/2017 9:55,1842.91,1500.0,342.91,387.0,DRV,,,False,0,Carrier 1246950,Shipper 1387,True,True,True,9/10/2017 20:00,9/11/2017 14:00,False,False,False,False,False,False,False,False,Colonial Heights,VA ,Colonial Heights,VA 
3116,206485417,9/7/2017 16:32,9/7/2017 16:32,9/8/2017 12:35,9/10/2017 20:00,9/11/2017 9:55,1842.91,1500.0,342.91,387.0,DRV,,,False,0,Carrier 1246950,Shipper 1388,True,True,True,9/10/2017 20:00,9/11/2017 14:00,False,False,False,False,False,False,False,False,Colonial Heights,VA ,Colonial Heights,VA 
3117,206464921,6/23/2017 16:24,6/23/2017 16:24,6/27/2017 10:07,6/27/2017 23:00,6/29/2017 8:49,1842.89,1840.0,2.89,730.7,RFR,,,False,0,Carrier 1005326,Shipper 1249,True,True,True,6/27/2017 23:00,6/29/2017 7:00,False,False,False,False,False,False,False,False,Fort Collins,CO ,Fort Collins,CO 
3118,206464921,6/23/2017 16:24,6/23/2017 16:24,6/27/2017 10:07,6/27/2017 23:00,6/29/2017 8:49,1842.89,1840.0,2.89,730.7,RFR,,,False,0,Carrier 1005326,Shipper 1375,True,True,True,6/27/2017 23:00,6/29/2017 7:00,False,False,False,False,False,False,False,False,Fort Collins,CO ,Fort Collins,CO 
3119,206464921,6/23/2017 16:24,6/23/2017 16:24,6/27/2017 10:07,6/27/2017 23:00,6/29/2017 8:49,1842.89,1840.0,2.89,730.7,RFR,,,False,0,Carrier 1005326,Shipper 1386,True,True,True,6/27/2017 23:00,6/29/2017 7:00,False,False,False,False,False,False,False,False,Fort Collins,CO ,Fort Collins,CO 
3120,206464921,6/23/2017 16:24,6/23/2017 16:24,6/27/2017 10:07,6/27/2017 23:00,6/29/2017 8:49,1842.89,1840.0,2.89,730.7,RFR,,,False,0,Carrier 1005326,Shipper 1248,True,True,True,6/27/2017 23:00,6/29/2017 7:00,False,False,False,False,False,False,False,False,Fort Collins,CO ,Fort Collins,CO 
3121,206464921,6/23/2017 16:24,6/23/2017 16:24,6/27/2017 10:07,6/27/2017 23:00,6/29/2017 8:49,1842.89,1840.0,2.89,730.7,RFR,,,False,0,Carrier 1005326,Shipper 1387,True,True,True,6/27/2017 23:00,6/29/2017 7:00,False,False,False,False,False,False,False,False,Fort Collins,CO ,Fort Collins,CO 
3122,206464921,6/23/2017 16:24,6/23/2017 16:24,6/27/2017 10:07,6/27/2017 23:00,6/29/2017 8:49,1842.89,1840.0,2.89,730.7,RFR,,,False,0,Carrier 1005326,Shipper 1388,True,True,True,6/27/2017 23:00,6/29/2017 7:00,False,False,False,False,False,False,False,False,Fort Collins,CO ,Fort Collins,CO 
3123,206596729,6/8/2017 16:37,6/8/2017 16:37,6/9/2017 9:41,6/8/2017 12:00,6/10/2017 12:00,1842.65,1800.0,42.65,808.9,DRV,,,False,0,Carrier 28008,Shipper 1249,True,True,True,6/8/2017 20:00,6/10/2017 23:00,False,False,False,False,False,False,False,False,Columbus,OH ,Columbus,OH 
3124,206596729,6/8/2017 16:37,6/8/2017 16:37,6/9/2017 9:41,6/8/2017 12:00,6/10/2017 12:00,1842.65,1800.0,42.65,808.9,DRV,,,False,0,Carrier 28008,Shipper 1375,True,True,True,6/8/2017 20:00,6/10/2017 23:00,False,False,False,False,False,False,False,False,Columbus,OH ,Columbus,OH 
3125,206596729,6/8/2017 16:37,6/8/2017 16:37,6/9/2017 9:41,6/8/2017 12:00,6/10/2017 12:00,1842.65,1800.0,42.65,808.9,DRV,,,False,0,Carrier 28008,Shipper 1386,True,True,True,6/8/2017 20:00,6/10/2017 23:00,False,False,False,False,False,False,False,False,Columbus,OH ,Columbus,OH 
3126,206596729,6/8/2017 16:37,6/8/2017 16:37,6/9/2017 9:41,6/8/2017 12:00,6/10/2017 12:00,1842.65,1800.0,42.65,808.9,DRV,,,False,0,Carrier 28008,Shipper 1248,True,True,True,6/8/2017 20:00,6/10/2017 23:00,False,False,False,False,False,False,False,False,Columbus,OH ,Columbus,OH 
3127,206596729,6/8/2017 16:37,6/8/2017 16:37,6/9/2017 9:41,6/8/2017 12:00,6/10/2017 12:00,1842.65,1800.0,42.65,808.9,DRV,,,False,0,Carrier 28008,Shipper 1387,True,True,True,6/8/2017 20:00,6/10/2017 23:00,False,False,False,False,False,False,False,False,Columbus,OH ,Columbus,OH 
3128,206596729,6/8/2017 16:37,6/8/2017 16:37,6/9/2017 9:41,6/8/2017 12:00,6/10/2017 12:00,1842.65,1800.0,42.65,808.9,DRV,,,False,0,Carrier 28008,Shipper 1388,True,True,True,6/8/2017 20:00,6/10/2017 23:00,False,False,False,False,False,False,False,False,Columbus,OH ,Columbus,OH 
3129,206427249,10/4/2017 16:49,10/4/2017 16:49,10/5/2017 10:06,10/6/2017 15:00,10/9/2017 10:45,1841.7,1075.0,766.7,439.3,RFR,,,False,0,Carrier 1127070,Shipper 1249,True,True,True,10/6/2017 15:00,10/9/2017 12:00,False,False,False,False,False,False,False,False,Granite City,IL ,Granite City,IL 
3130,206427249,10/4/2017 16:49,10/4/2017 16:49,10/5/2017 10:06,10/6/2017 15:00,10/9/2017 10:45,1841.7,1075.0,766.7,439.3,RFR,,,False,0,Carrier 1127070,Shipper 1375,True,True,True,10/6/2017 15:00,10/9/2017 12:00,False,False,False,False,False,False,False,False,Granite City,IL ,Granite City,IL 
3131,206427249,10/4/2017 16:49,10/4/2017 16:49,10/5/2017 10:06,10/6/2017 15:00,10/9/2017 10:45,1841.7,1075.0,766.7,439.3,RFR,,,False,0,Carrier 1127070,Shipper 1386,True,True,True,10/6/2017 15:00,10/9/2017 12:00,False,False,False,False,False,False,False,False,Granite City,IL ,Granite City,IL 
3132,206427249,10/4/2017 16:49,10/4/2017 16:49,10/5/2017 10:06,10/6/2017 15:00,10/9/2017 10:45,1841.7,1075.0,766.7,439.3,RFR,,,False,0,Carrier 1127070,Shipper 1248,True,True,True,10/6/2017 15:00,10/9/2017 12:00,False,False,False,False,False,False,False,False,Granite City,IL ,Granite City,IL 
3133,206427249,10/4/2017 16:49,10/4/2017 16:49,10/5/2017 10:06,10/6/2017 15:00,10/9/2017 10:45,1841.7,1075.0,766.7,439.3,RFR,,,False,0,Carrier 1127070,Shipper 1387,True,True,True,10/6/2017 15:00,10/9/2017 12:00,False,False,False,False,False,False,False,False,Granite City,IL ,Granite City,IL 
3134,206427249,10/4/2017 16:49,10/4/2017 16:49,10/5/2017 10:06,10/6/2017 15:00,10/9/2017 10:45,1841.7,1075.0,766.7,439.3,RFR,,,False,0,Carrier 1127070,Shipper 1388,True,True,True,10/6/2017 15:00,10/9/2017 12:00,False,False,False,False,False,False,False,False,Granite City,IL ,Granite City,IL 
3135,206432249,9/27/2017 17:15,9/27/2017 17:15,9/28/2017 7:57,9/28/2017 7:00,9/29/2017 5:00,1841.1,1400.0,441.1,252.6,DRV,,,False,0,Carrier 1039528,Shipper 1249,True,True,True,9/28/2017 23:00,9/29/2017 23:00,False,False,False,False,False,False,False,False,Newark,NJ ,Newark,NJ 
3136,206432249,9/27/2017 17:15,9/27/2017 17:15,9/28/2017 7:57,9/28/2017 7:00,9/29/2017 5:00,1841.1,1400.0,441.1,252.6,DRV,,,False,0,Carrier 1039528,Shipper 1375,True,True,True,9/28/2017 23:00,9/29/2017 23:00,False,False,False,False,False,False,False,False,Newark,NJ ,Newark,NJ 
3137,206432249,9/27/2017 17:15,9/27/2017 17:15,9/28/2017 7:57,9/28/2017 7:00,9/29/2017 5:00,1841.1,1400.0,441.1,252.6,DRV,,,False,0,Carrier 1039528,Shipper 1386,True,True,True,9/28/2017 23:00,9/29/2017 23:00,False,False,False,False,False,False,False,False,Newark,NJ ,Newark,NJ 
3138,206432249,9/27/2017 17:15,9/27/2017 17:15,9/28/2017 7:57,9/28/2017 7:00,9/29/2017 5:00,1841.1,1400.0,441.1,252.6,DRV,,,False,0,Carrier 1039528,Shipper 1248,True,True,True,9/28/2017 23:00,9/29/2017 23:00,False,False,False,False,False,False,False,False,Newark,NJ ,Newark,NJ 
3139,206432249,9/27/2017 17:15,9/27/2017 17:15,9/28/2017 7:57,9/28/2017 7:00,9/29/2017 5:00,1841.1,1400.0,441.1,252.6,DRV,,,False,0,Carrier 1039528,Shipper 1387,True,True,True,9/28/2017 23:00,9/29/2017 23:00,False,False,False,False,False,False,False,False,Newark,NJ ,Newark,NJ 
3140,206432249,9/27/2017 17:15,9/27/2017 17:15,9/28/2017 7:57,9/28/2017 7:00,9/29/2017 5:00,1841.1,1400.0,441.1,252.6,DRV,,,False,0,Carrier 1039528,Shipper 1388,True,True,True,9/28/2017 23:00,9/29/2017 23:00,False,False,False,False,False,False,False,False,Newark,NJ ,Newark,NJ 
3141,206434377,6/14/2017 9:53,6/14/2017 9:54,6/19/2017 11:34,6/20/2017 12:00,6/22/2017 8:40,1840.0,1800.0,40.0,648.7,DRV,,,False,0,Carrier 1077712,Shipper 1184,False,True,True,6/20/2017 12:00,6/22/2017 7:00,False,False,False,False,False,False,False,False,Georgetown Township,MI ,Georgetown Township,MI 
3142,206554609,11/16/2017 16:44,11/16/2017 16:44,11/20/2017 13:59,11/20/2017 10:00,11/21/2017 16:30,1839.84,2200.0,-360.16,391.2,RFR,,,False,0,Carrier 1343697,Shipper 1249,True,True,True,11/20/2017 18:00,11/21/2017 17:00,False,False,False,False,False,False,False,False,Fort Collins,CO ,Fort Collins,CO 
3143,206554609,11/16/2017 16:44,11/16/2017 16:44,11/20/2017 13:59,11/20/2017 10:00,11/21/2017 16:30,1839.84,2200.0,-360.16,391.2,RFR,,,False,0,Carrier 1343697,Shipper 1375,True,True,True,11/20/2017 18:00,11/21/2017 17:00,False,False,False,False,False,False,False,False,Fort Collins,CO ,Fort Collins,CO 
3144,206554609,11/16/2017 16:44,11/16/2017 16:44,11/20/2017 13:59,11/20/2017 10:00,11/21/2017 16:30,1839.84,2200.0,-360.16,391.2,RFR,,,False,0,Carrier 1343697,Shipper 1386,True,True,True,11/20/2017 18:00,11/21/2017 17:00,False,False,False,False,False,False,False,False,Fort Collins,CO ,Fort Collins,CO 
3145,206554609,11/16/2017 16:44,11/16/2017 16:44,11/20/2017 13:59,11/20/2017 10:00,11/21/2017 16:30,1839.84,2200.0,-360.16,391.2,RFR,,,False,0,Carrier 1343697,Shipper 1248,True,True,True,11/20/2017 18:00,11/21/2017 17:00,False,False,False,False,False,False,False,False,Fort Collins,CO ,Fort Collins,CO 
3146,206554609,11/16/2017 16:44,11/16/2017 16:44,11/20/2017 13:59,11/20/2017 10:00,11/21/2017 16:30,1839.84,2200.0,-360.16,391.2,RFR,,,False,0,Carrier 1343697,Shipper 1387,True,True,True,11/20/2017 18:00,11/21/2017 17:00,False,False,False,False,False,False,False,False,Fort Collins,CO ,Fort Collins,CO 
3147,206554609,11/16/2017 16:44,11/16/2017 16:44,11/20/2017 13:59,11/20/2017 10:00,11/21/2017 16:30,1839.84,2200.0,-360.16,391.2,RFR,,,False,0,Carrier 1343697,Shipper 1388,True,True,True,11/20/2017 18:00,11/21/2017 17:00,False,False,False,False,False,False,False,False,Fort Collins,CO ,Fort Collins,CO 
3148,206423241,12/14/2017 16:54,12/14/2017 16:54,12/17/2017 9:11,12/17/2017 13:00,12/18/2017 13:00,1839.73,2150.0,-310.27,516.0,DRV,,dat_in,False,0,Carrier 51278,Shipper 1249,True,True,True,12/17/2017 13:00,12/18/2017 12:15,False,False,False,False,False,False,False,False,Granite City,IL ,Granite City,IL 
3149,206423241,12/14/2017 16:54,12/14/2017 16:54,12/17/2017 9:11,12/17/2017 13:00,12/18/2017 13:00,1839.73,2150.0,-310.27,516.0,DRV,,dat_in,False,0,Carrier 51278,Shipper 1375,True,True,True,12/17/2017 13:00,12/18/2017 12:15,False,False,False,False,False,False,False,False,Granite City,IL ,Granite City,IL 
3150,206423241,12/14/2017 16:54,12/14/2017 16:54,12/17/2017 9:11,12/17/2017 13:00,12/18/2017 13:00,1839.73,2150.0,-310.27,516.0,DRV,,dat_in,False,0,Carrier 51278,Shipper 1386,True,True,True,12/17/2017 13:00,12/18/2017 12:15,False,False,False,False,False,False,False,False,Granite City,IL ,Granite City,IL 
3151,206423241,12/14/2017 16:54,12/14/2017 16:54,12/17/2017 9:11,12/17/2017 13:00,12/18/2017 13:00,1839.73,2150.0,-310.27,516.0,DRV,,dat_in,False,0,Carrier 51278,Shipper 1248,True,True,True,12/17/2017 13:00,12/18/2017 12:15,False,False,False,False,False,False,False,False,Granite City,IL ,Granite City,IL 
3152,206423241,12/14/2017 16:54,12/14/2017 16:54,12/17/2017 9:11,12/17/2017 13:00,12/18/2017 13:00,1839.73,2150.0,-310.27,516.0,DRV,,dat_in,False,0,Carrier 51278,Shipper 1387,True,True,True,12/17/2017 13:00,12/18/2017 12:15,False,False,False,False,False,False,False,False,Granite City,IL ,Granite City,IL 
3153,206423241,12/14/2017 16:54,12/14/2017 16:54,12/17/2017 9:11,12/17/2017 13:00,12/18/2017 13:00,1839.73,2150.0,-310.27,516.0,DRV,,dat_in,False,0,Carrier 51278,Shipper 1388,True,True,True,12/17/2017 13:00,12/18/2017 12:15,False,False,False,False,False,False,False,False,Granite City,IL ,Granite City,IL 
3154,206431561,3/13/2017 10:28,3/13/2017 10:29,3/14/2017 17:19,3/15/2017 8:00,3/16/2017 15:00,1838.97,2300.0,-461.03,834.0,RFR,,,False,0,Carrier 1053113,Shipper 727,True,True,True,3/15/2017 17:00,3/16/2017 13:00,False,False,False,False,False,False,False,False,Statesboro,GA ,Statesboro,GA 
3155,206431561,3/13/2017 10:28,3/13/2017 10:29,3/14/2017 17:19,3/15/2017 8:00,3/16/2017 15:00,1838.97,2300.0,-461.03,834.0,RFR,,,False,0,Carrier 1053113,Shipper 1855,True,True,True,3/15/2017 17:00,3/16/2017 13:00,False,False,False,False,False,False,False,False,Statesboro,GA ,Statesboro,GA 
3156,206477513,8/31/2017 10:29,8/31/2017 10:29,9/15/2017 13:32,9/18/2017 15:30,9/19/2017 10:20,1832.0,1708.0,124.0,464.8,RFR,,,False,0,Carrier 964735,Shipper 585,True,True,True,9/18/2017 15:30,9/19/2017 8:00,False,False,False,False,False,False,False,False,Sioux City,IA ,Sioux City,IA 
3157,206688617,6/6/2017 18:09,6/6/2017 18:10,6/8/2017 11:48,6/8/2017 17:00,6/9/2017 15:00,1829.78,1650.0,179.78,536.6,RFR,,,False,0,Carrier 1695337,Shipper 1249,True,True,True,6/8/2017 17:00,6/9/2017 17:00,False,False,False,False,False,False,False,False,Los Angeles,CA ,Los Angeles,CA 
3158,206688617,6/6/2017 18:09,6/6/2017 18:10,6/8/2017 11:48,6/8/2017 17:00,6/9/2017 15:00,1829.78,1650.0,179.78,536.6,RFR,,,False,0,Carrier 1695337,Shipper 1375,True,True,True,6/8/2017 17:00,6/9/2017 17:00,False,False,False,False,False,False,False,False,Los Angeles,CA ,Los Angeles,CA 
3159,206688617,6/6/2017 18:09,6/6/2017 18:10,6/8/2017 11:48,6/8/2017 17:00,6/9/2017 15:00,1829.78,1650.0,179.78,536.6,RFR,,,False,0,Carrier 1695337,Shipper 1386,True,True,True,6/8/2017 17:00,6/9/2017 17:00,False,False,False,False,False,False,False,False,Los Angeles,CA ,Los Angeles,CA 
3160,206688617,6/6/2017 18:09,6/6/2017 18:10,6/8/2017 11:48,6/8/2017 17:00,6/9/2017 15:00,1829.78,1650.0,179.78,536.6,RFR,,,False,0,Carrier 1695337,Shipper 1248,True,True,True,6/8/2017 17:00,6/9/2017 17:00,False,False,False,False,False,False,False,False,Los Angeles,CA ,Los Angeles,CA 
3161,206688617,6/6/2017 18:09,6/6/2017 18:10,6/8/2017 11:48,6/8/2017 17:00,6/9/2017 15:00,1829.78,1650.0,179.78,536.6,RFR,,,False,0,Carrier 1695337,Shipper 1387,True,True,True,6/8/2017 17:00,6/9/2017 17:00,False,False,False,False,False,False,False,False,Los Angeles,CA ,Los Angeles,CA 
3162,206688617,6/6/2017 18:09,6/6/2017 18:10,6/8/2017 11:48,6/8/2017 17:00,6/9/2017 15:00,1829.78,1650.0,179.78,536.6,RFR,,,False,0,Carrier 1695337,Shipper 1388,True,True,True,6/8/2017 17:00,6/9/2017 17:00,False,False,False,False,False,False,False,False,Los Angeles,CA ,Los Angeles,CA 
3163,206469665,9/14/2017 17:38,9/14/2017 17:38,9/15/2017 13:41,9/17/2017 17:00,9/19/2017 11:45,1827.84,1600.0,227.84,374.7,DRV,,,False,0,Carrier 51077,Shipper 1249,True,True,True,9/17/2017 17:00,9/19/2017 13:30,False,False,False,False,False,False,False,False,St. Louis,MO ,St. Louis,MO 
3164,206469665,9/14/2017 17:38,9/14/2017 17:38,9/15/2017 13:41,9/17/2017 17:00,9/19/2017 11:45,1827.84,1600.0,227.84,374.7,DRV,,,False,0,Carrier 51077,Shipper 1375,True,True,True,9/17/2017 17:00,9/19/2017 13:30,False,False,False,False,False,False,False,False,St. Louis,MO ,St. Louis,MO 
3165,206469665,9/14/2017 17:38,9/14/2017 17:38,9/15/2017 13:41,9/17/2017 17:00,9/19/2017 11:45,1827.84,1600.0,227.84,374.7,DRV,,,False,0,Carrier 51077,Shipper 1386,True,True,True,9/17/2017 17:00,9/19/2017 13:30,False,False,False,False,False,False,False,False,St. Louis,MO ,St. Louis,MO 
3166,206469665,9/14/2017 17:38,9/14/2017 17:38,9/15/2017 13:41,9/17/2017 17:00,9/19/2017 11:45,1827.84,1600.0,227.84,374.7,DRV,,,False,0,Carrier 51077,Shipper 1248,True,True,True,9/17/2017 17:00,9/19/2017 13:30,False,False,False,False,False,False,False,False,St. Louis,MO ,St. Louis,MO 
3167,206469665,9/14/2017 17:38,9/14/2017 17:38,9/15/2017 13:41,9/17/2017 17:00,9/19/2017 11:45,1827.84,1600.0,227.84,374.7,DRV,,,False,0,Carrier 51077,Shipper 1387,True,True,True,9/17/2017 17:00,9/19/2017 13:30,False,False,False,False,False,False,False,False,St. Louis,MO ,St. Louis,MO 
3168,206469665,9/14/2017 17:38,9/14/2017 17:38,9/15/2017 13:41,9/17/2017 17:00,9/19/2017 11:45,1827.84,1600.0,227.84,374.7,DRV,,,False,0,Carrier 51077,Shipper 1388,True,True,True,9/17/2017 17:00,9/19/2017 13:30,False,False,False,False,False,False,False,False,St. Louis,MO ,St. Louis,MO 
3169,206685881,11/9/2017 17:27,11/9/2017 17:27,11/13/2017 14:31,11/13/2017 17:00,11/14/2017 13:00,1824.49,1650.0,174.49,307.7,RFR,,,False,0,Carrier 996379,Shipper 1249,True,True,True,11/13/2017 17:00,11/14/2017 15:00,False,False,False,False,False,False,False,False,Los Angeles,CA ,Los Angeles,CA 
3170,206685881,11/9/2017 17:27,11/9/2017 17:27,11/13/2017 14:31,11/13/2017 17:00,11/14/2017 13:00,1824.49,1650.0,174.49,307.7,RFR,,,False,0,Carrier 996379,Shipper 1375,True,True,True,11/13/2017 17:00,11/14/2017 15:00,False,False,False,False,False,False,False,False,Los Angeles,CA ,Los Angeles,CA 
3171,206491369,10/20/2017 16:47,10/20/2017 16:47,10/24/2017 15:25,10/25/2017 15:00,10/27/2017 8:00,1824.49,1700.0,124.49,515.6,DRV,,,False,0,Carrier 941668,Shipper 1249,True,False,True,10/25/2017 15:00,10/26/2017 23:00,False,False,False,False,False,False,False,False,St. Louis,MO ,St. Louis,MO 
3172,206491369,10/20/2017 16:47,10/20/2017 16:47,10/24/2017 15:25,10/25/2017 15:00,10/27/2017 8:00,1824.49,1700.0,124.49,515.6,DRV,,,False,0,Carrier 941668,Shipper 1375,True,False,True,10/25/2017 15:00,10/26/2017 23:00,False,False,False,False,False,False,False,False,St. Louis,MO ,St. Louis,MO 
3173,206685881,11/9/2017 17:27,11/9/2017 17:27,11/13/2017 14:31,11/13/2017 17:00,11/14/2017 13:00,1824.49,1650.0,174.49,307.7,RFR,,,False,0,Carrier 996379,Shipper 1386,True,True,True,11/13/2017 17:00,11/14/2017 15:00,False,False,False,False,False,False,False,False,Los Angeles,CA ,Los Angeles,CA 
3174,206491369,10/20/2017 16:47,10/20/2017 16:47,10/24/2017 15:25,10/25/2017 15:00,10/27/2017 8:00,1824.49,1700.0,124.49,515.6,DRV,,,False,0,Carrier 941668,Shipper 1386,True,False,True,10/25/2017 15:00,10/26/2017 23:00,False,False,False,False,False,False,False,False,St. Louis,MO ,St. Louis,MO 
3175,206685881,11/9/2017 17:27,11/9/2017 17:27,11/13/2017 14:31,11/13/2017 17:00,11/14/2017 13:00,1824.49,1650.0,174.49,307.7,RFR,,,False,0,Carrier 996379,Shipper 1248,True,True,True,11/13/2017 17:00,11/14/2017 15:00,False,False,False,False,False,False,False,False,Los Angeles,CA ,Los Angeles,CA 
3176,206491369,10/20/2017 16:47,10/20/2017 16:47,10/24/2017 15:25,10/25/2017 15:00,10/27/2017 8:00,1824.49,1700.0,124.49,515.6,DRV,,,False,0,Carrier 941668,Shipper 1248,True,False,True,10/25/2017 15:00,10/26/2017 23:00,False,False,False,False,False,False,False,False,St. Louis,MO ,St. Louis,MO 
3177,206685881,11/9/2017 17:27,11/9/2017 17:27,11/13/2017 14:31,11/13/2017 17:00,11/14/2017 13:00,1824.49,1650.0,174.49,307.7,RFR,,,False,0,Carrier 996379,Shipper 1387,True,True,True,11/13/2017 17:00,11/14/2017 15:00,False,False,False,False,False,False,False,False,Los Angeles,CA ,Los Angeles,CA 
3178,206491369,10/20/2017 16:47,10/20/2017 16:47,10/24/2017 15:25,10/25/2017 15:00,10/27/2017 8:00,1824.49,1700.0,124.49,515.6,DRV,,,False,0,Carrier 941668,Shipper 1387,True,False,True,10/25/2017 15:00,10/26/2017 23:00,False,False,False,False,False,False,False,False,St. Louis,MO ,St. Louis,MO 
3179,206685881,11/9/2017 17:27,11/9/2017 17:27,11/13/2017 14:31,11/13/2017 17:00,11/14/2017 13:00,1824.49,1650.0,174.49,307.7,RFR,,,False,0,Carrier 996379,Shipper 1388,True,True,True,11/13/2017 17:00,11/14/2017 15:00,False,False,False,False,False,False,False,False,Los Angeles,CA ,Los Angeles,CA 
3180,206491369,10/20/2017 16:47,10/20/2017 16:47,10/24/2017 15:25,10/25/2017 15:00,10/27/2017 8:00,1824.49,1700.0,124.49,515.6,DRV,,,False,0,Carrier 941668,Shipper 1388,True,False,True,10/25/2017 15:00,10/26/2017 23:00,False,False,False,False,False,False,False,False,St. Louis,MO ,St. Louis,MO 
3181,206652641,8/23/2017 16:36,8/23/2017 16:36,8/26/2017 10:29,8/26/2017 17:00,8/28/2017 9:35,1823.9,2000.0,-176.1,516.3,DRV,,,False,1,Carrier 2464,Shipper 1249,True,True,True,8/26/2017 17:00,8/28/2017 15:00,False,False,False,False,False,False,False,False,St. Louis,MO ,St. Louis,MO 
3182,206652641,8/23/2017 16:36,8/23/2017 16:36,8/26/2017 10:29,8/26/2017 17:00,8/28/2017 9:35,1823.9,2000.0,-176.1,516.3,DRV,,,False,1,Carrier 2464,Shipper 1375,True,True,True,8/26/2017 17:00,8/28/2017 15:00,False,False,False,False,False,False,False,False,St. Louis,MO ,St. Louis,MO 
3183,206652641,8/23/2017 16:36,8/23/2017 16:36,8/26/2017 10:29,8/26/2017 17:00,8/28/2017 9:35,1823.9,2000.0,-176.1,516.3,DRV,,,False,1,Carrier 2464,Shipper 1386,True,True,True,8/26/2017 17:00,8/28/2017 15:00,False,False,False,False,False,False,False,False,St. Louis,MO ,St. Louis,MO 
3184,206652641,8/23/2017 16:36,8/23/2017 16:36,8/26/2017 10:29,8/26/2017 17:00,8/28/2017 9:35,1823.9,2000.0,-176.1,516.3,DRV,,,False,1,Carrier 2464,Shipper 1248,True,True,True,8/26/2017 17:00,8/28/2017 15:00,False,False,False,False,False,False,False,False,St. Louis,MO ,St. Louis,MO 
3185,206652641,8/23/2017 16:36,8/23/2017 16:36,8/26/2017 10:29,8/26/2017 17:00,8/28/2017 9:35,1823.9,2000.0,-176.1,516.3,DRV,,,False,1,Carrier 2464,Shipper 1387,True,True,True,8/26/2017 17:00,8/28/2017 15:00,False,False,False,False,False,False,False,False,St. Louis,MO ,St. Louis,MO 
3186,206652641,8/23/2017 16:36,8/23/2017 16:36,8/26/2017 10:29,8/26/2017 17:00,8/28/2017 9:35,1823.9,2000.0,-176.1,516.3,DRV,,,False,1,Carrier 2464,Shipper 1388,True,True,True,8/26/2017 17:00,8/28/2017 15:00,False,False,False,False,False,False,False,False,St. Louis,MO ,St. Louis,MO 
3187,206476057,3/29/2017 16:21,3/29/2017 16:21,3/30/2017 15:40,3/30/2017 11:00,4/3/2017 15:00,1822.78,2000.0,-177.22,839.6,DRV,4.0,,False,0,Carrier 1338498,Shipper 1249,False,True,False,3/30/2017 11:00,4/3/2017 15:00,False,False,False,False,False,False,False,False,Granite City,IL ,Granite City,IL 
3188,206476057,3/29/2017 16:21,3/29/2017 16:21,3/30/2017 15:40,3/30/2017 11:00,4/3/2017 15:00,1822.78,2000.0,-177.22,839.6,DRV,4.0,,False,0,Carrier 1338498,Shipper 1375,False,True,False,3/30/2017 11:00,4/3/2017 15:00,False,False,False,False,False,False,False,False,Granite City,IL ,Granite City,IL 
3189,206476057,3/29/2017 16:21,3/29/2017 16:21,3/30/2017 15:40,3/30/2017 11:00,4/3/2017 15:00,1822.78,2000.0,-177.22,839.6,DRV,4.0,,False,0,Carrier 1338498,Shipper 1386,False,True,False,3/30/2017 11:00,4/3/2017 15:00,False,False,False,False,False,False,False,False,Granite City,IL ,Granite City,IL 
3190,206476057,3/29/2017 16:21,3/29/2017 16:21,3/30/2017 15:40,3/30/2017 11:00,4/3/2017 15:00,1822.78,2000.0,-177.22,839.6,DRV,4.0,,False,0,Carrier 1338498,Shipper 1248,False,True,False,3/30/2017 11:00,4/3/2017 15:00,False,False,False,False,False,False,False,False,Granite City,IL ,Granite City,IL 
3191,206476057,3/29/2017 16:21,3/29/2017 16:21,3/30/2017 15:40,3/30/2017 11:00,4/3/2017 15:00,1822.78,2000.0,-177.22,839.6,DRV,4.0,,False,0,Carrier 1338498,Shipper 1387,False,True,False,3/30/2017 11:00,4/3/2017 15:00,False,False,False,False,False,False,False,False,Granite City,IL ,Granite City,IL 
3192,206476057,3/29/2017 16:21,3/29/2017 16:21,3/30/2017 15:40,3/30/2017 11:00,4/3/2017 15:00,1822.78,2000.0,-177.22,839.6,DRV,4.0,,False,0,Carrier 1338498,Shipper 1388,False,True,False,3/30/2017 11:00,4/3/2017 15:00,False,False,False,False,False,False,False,False,Granite City,IL ,Granite City,IL 
3193,206533721,10/11/2017 16:32,10/11/2017 16:32,10/16/2017 11:45,10/17/2017 9:00,10/18/2017 8:30,1821.06,1700.0,121.06,551.4,DRV,,,False,0,Carrier 365596,Shipper 1644,True,True,True,10/17/2017 11:00,10/18/2017 8:30,False,False,False,False,False,False,False,False,Bolingbrook,IL ,Bolingbrook,IL 
3194,206516057,9/1/2017 13:29,9/1/2017 13:30,9/1/2017 15:23,9/5/2017 15:00,9/6/2017 9:00,1818.72,1343.0,475.72,257.5,DRV,,,False,0,Carrier 6100,Shipper 758,True,True,True,9/5/2017 15:00,9/6/2017 7:30,False,False,False,False,False,False,False,False,Grapevine,TX ,Grapevine,TX 
3195,206440873,3/28/2017 16:35,3/28/2017 16:35,3/29/2017 15:40,3/30/2017 14:00,3/31/2017 13:50,1817.38,2000.0,-182.62,842.8,RFR,4.0,,False,0,Carrier 59401,Shipper 1249,True,True,True,3/30/2017 14:00,3/31/2017 18:00,False,False,False,False,False,False,False,False,Granite City,IL ,Granite City,IL 
3196,206440873,3/28/2017 16:35,3/28/2017 16:35,3/29/2017 15:40,3/30/2017 14:00,3/31/2017 13:50,1817.38,2000.0,-182.62,842.8,RFR,4.0,,False,0,Carrier 59401,Shipper 1375,True,True,True,3/30/2017 14:00,3/31/2017 18:00,False,False,False,False,False,False,False,False,Granite City,IL ,Granite City,IL 
3197,206440873,3/28/2017 16:35,3/28/2017 16:35,3/29/2017 15:40,3/30/2017 14:00,3/31/2017 13:50,1817.38,2000.0,-182.62,842.8,RFR,4.0,,False,0,Carrier 59401,Shipper 1386,True,True,True,3/30/2017 14:00,3/31/2017 18:00,False,False,False,False,False,False,False,False,Granite City,IL ,Granite City,IL 
3198,206440873,3/28/2017 16:35,3/28/2017 16:35,3/29/2017 15:40,3/30/2017 14:00,3/31/2017 13:50,1817.38,2000.0,-182.62,842.8,RFR,4.0,,False,0,Carrier 59401,Shipper 1248,True,True,True,3/30/2017 14:00,3/31/2017 18:00,False,False,False,False,False,False,False,False,Granite City,IL ,Granite City,IL 
3199,206440873,3/28/2017 16:35,3/28/2017 16:35,3/29/2017 15:40,3/30/2017 14:00,3/31/2017 13:50,1817.38,2000.0,-182.62,842.8,RFR,4.0,,False,0,Carrier 59401,Shipper 1387,True,True,True,3/30/2017 14:00,3/31/2017 18:00,False,False,False,False,False,False,False,False,Granite City,IL ,Granite City,IL 
3200,206440873,3/28/2017 16:35,3/28/2017 16:35,3/29/2017 15:40,3/30/2017 14:00,3/31/2017 13:50,1817.38,2000.0,-182.62,842.8,RFR,4.0,,False,0,Carrier 59401,Shipper 1388,True,True,True,3/30/2017 14:00,3/31/2017 18:00,False,False,False,False,False,False,False,False,Granite City,IL ,Granite City,IL 
3201,206473617,8/1/2017 10:26,8/1/2017 10:26,8/4/2017 14:32,8/4/2017 20:00,8/7/2017 11:00,1816.75,2173.0,-356.25,836.8,DRV,,,False,1,Carrier 1695433,Shipper 1249,True,True,True,8/4/2017 20:00,8/7/2017 15:00,False,False,False,False,False,False,False,False,Fort Collins,CO ,Fort Collins,CO 
3202,206473617,8/1/2017 10:26,8/1/2017 10:26,8/4/2017 14:32,8/4/2017 20:00,8/7/2017 11:00,1816.75,2173.0,-356.25,836.8,DRV,,,False,1,Carrier 1695433,Shipper 1375,True,True,True,8/4/2017 20:00,8/7/2017 15:00,False,False,False,False,False,False,False,False,Fort Collins,CO ,Fort Collins,CO 
3203,206473617,8/1/2017 10:26,8/1/2017 10:26,8/4/2017 14:32,8/4/2017 20:00,8/7/2017 11:00,1816.75,2173.0,-356.25,836.8,DRV,,,False,1,Carrier 1695433,Shipper 1386,True,True,True,8/4/2017 20:00,8/7/2017 15:00,False,False,False,False,False,False,False,False,Fort Collins,CO ,Fort Collins,CO 
3204,206473617,8/1/2017 10:26,8/1/2017 10:26,8/4/2017 14:32,8/4/2017 20:00,8/7/2017 11:00,1816.75,2173.0,-356.25,836.8,DRV,,,False,1,Carrier 1695433,Shipper 1248,True,True,True,8/4/2017 20:00,8/7/2017 15:00,False,False,False,False,False,False,False,False,Fort Collins,CO ,Fort Collins,CO 
3205,206473617,8/1/2017 10:26,8/1/2017 10:26,8/4/2017 14:32,8/4/2017 20:00,8/7/2017 11:00,1816.75,2173.0,-356.25,836.8,DRV,,,False,1,Carrier 1695433,Shipper 1387,True,True,True,8/4/2017 20:00,8/7/2017 15:00,False,False,False,False,False,False,False,False,Fort Collins,CO ,Fort Collins,CO 
3206,206473617,8/1/2017 10:26,8/1/2017 10:26,8/4/2017 14:32,8/4/2017 20:00,8/7/2017 11:00,1816.75,2173.0,-356.25,836.8,DRV,,,False,1,Carrier 1695433,Shipper 1388,True,True,True,8/4/2017 20:00,8/7/2017 15:00,False,False,False,False,False,False,False,False,Fort Collins,CO ,Fort Collins,CO 
3207,206559977,9/26/2017 16:48,9/26/2017 16:48,9/27/2017 13:13,9/29/2017 15:00,9/30/2017 10:15,1816.46,1600.0,216.46,442.6,DRV,,,False,0,Carrier 1695537,Shipper 1249,True,True,True,9/29/2017 16:00,9/30/2017 9:30,False,False,False,False,False,False,False,False,Los Angeles,CA ,Los Angeles,CA 
3208,206559977,9/26/2017 16:48,9/26/2017 16:48,9/27/2017 13:13,9/29/2017 15:00,9/30/2017 10:15,1816.46,1600.0,216.46,442.6,DRV,,,False,0,Carrier 1695537,Shipper 1375,True,True,True,9/29/2017 16:00,9/30/2017 9:30,False,False,False,False,False,False,False,False,Los Angeles,CA ,Los Angeles,CA 
3209,206559977,9/26/2017 16:48,9/26/2017 16:48,9/27/2017 13:13,9/29/2017 15:00,9/30/2017 10:15,1816.46,1600.0,216.46,442.6,DRV,,,False,0,Carrier 1695537,Shipper 1386,True,True,True,9/29/2017 16:00,9/30/2017 9:30,False,False,False,False,False,False,False,False,Los Angeles,CA ,Los Angeles,CA 
3210,206559977,9/26/2017 16:48,9/26/2017 16:48,9/27/2017 13:13,9/29/2017 15:00,9/30/2017 10:15,1816.46,1600.0,216.46,442.6,DRV,,,False,0,Carrier 1695537,Shipper 1248,True,True,True,9/29/2017 16:00,9/30/2017 9:30,False,False,False,False,False,False,False,False,Los Angeles,CA ,Los Angeles,CA 
3211,206559977,9/26/2017 16:48,9/26/2017 16:48,9/27/2017 13:13,9/29/2017 15:00,9/30/2017 10:15,1816.46,1600.0,216.46,442.6,DRV,,,False,0,Carrier 1695537,Shipper 1387,True,True,True,9/29/2017 16:00,9/30/2017 9:30,False,False,False,False,False,False,False,False,Los Angeles,CA ,Los Angeles,CA 
3212,206559977,9/26/2017 16:48,9/26/2017 16:48,9/27/2017 13:13,9/29/2017 15:00,9/30/2017 10:15,1816.46,1600.0,216.46,442.6,DRV,,,False,0,Carrier 1695537,Shipper 1388,True,True,True,9/29/2017 16:00,9/30/2017 9:30,False,False,False,False,False,False,False,False,Los Angeles,CA ,Los Angeles,CA 
3213,206602857,8/21/2017 16:53,8/21/2017 16:53,8/23/2017 9:12,8/23/2017 19:00,8/25/2017 11:40,1815.02,1800.0,15.02,792.5,DRV,,,False,0,Carrier 10002,Shipper 1249,True,True,True,8/23/2017 19:00,8/25/2017 16:00,False,False,False,False,False,False,False,False,Aurora,CO ,Aurora,CO 
3214,206602857,8/21/2017 16:53,8/21/2017 16:53,8/23/2017 9:12,8/23/2017 19:00,8/25/2017 11:40,1815.02,1800.0,15.02,792.5,DRV,,,False,0,Carrier 10002,Shipper 1375,True,True,True,8/23/2017 19:00,8/25/2017 16:00,False,False,False,False,False,False,False,False,Aurora,CO ,Aurora,CO 
3215,206602857,8/21/2017 16:53,8/21/2017 16:53,8/23/2017 9:12,8/23/2017 19:00,8/25/2017 11:40,1815.02,1800.0,15.02,792.5,DRV,,,False,0,Carrier 10002,Shipper 1386,True,True,True,8/23/2017 19:00,8/25/2017 16:00,False,False,False,False,False,False,False,False,Aurora,CO ,Aurora,CO 
3216,206602857,8/21/2017 16:53,8/21/2017 16:53,8/23/2017 9:12,8/23/2017 19:00,8/25/2017 11:40,1815.02,1800.0,15.02,792.5,DRV,,,False,0,Carrier 10002,Shipper 1248,True,True,True,8/23/2017 19:00,8/25/2017 16:00,False,False,False,False,False,False,False,False,Aurora,CO ,Aurora,CO 
3217,206602857,8/21/2017 16:53,8/21/2017 16:53,8/23/2017 9:12,8/23/2017 19:00,8/25/2017 11:40,1815.02,1800.0,15.02,792.5,DRV,,,False,0,Carrier 10002,Shipper 1387,True,True,True,8/23/2017 19:00,8/25/2017 16:00,False,False,False,False,False,False,False,False,Aurora,CO ,Aurora,CO 
3218,206602857,8/21/2017 16:53,8/21/2017 16:53,8/23/2017 9:12,8/23/2017 19:00,8/25/2017 11:40,1815.02,1800.0,15.02,792.5,DRV,,,False,0,Carrier 10002,Shipper 1388,True,True,True,8/23/2017 19:00,8/25/2017 16:00,False,False,False,False,False,False,False,False,Aurora,CO ,Aurora,CO 
3219,206513241,10/5/2017 16:15,10/5/2017 16:15,10/6/2017 14:31,10/8/2017 15:00,10/10/2017 13:00,1814.88,1600.0,214.88,409.2,RFR,,,False,0,Carrier 1489000,Shipper 1249,True,True,True,10/8/2017 15:00,10/9/2017 10:00,False,False,False,False,False,False,False,False,Fort Collins,CO ,Fort Collins,CO 
3220,206513241,10/5/2017 16:15,10/5/2017 16:15,10/6/2017 14:31,10/8/2017 15:00,10/10/2017 13:00,1814.88,1600.0,214.88,409.2,RFR,,,False,0,Carrier 1489000,Shipper 1375,True,True,True,10/8/2017 15:00,10/9/2017 10:00,False,False,False,False,False,False,False,False,Fort Collins,CO ,Fort Collins,CO 
3221,206513241,10/5/2017 16:15,10/5/2017 16:15,10/6/2017 14:31,10/8/2017 15:00,10/10/2017 13:00,1814.88,1600.0,214.88,409.2,RFR,,,False,0,Carrier 1489000,Shipper 1386,True,True,True,10/8/2017 15:00,10/9/2017 10:00,False,False,False,False,False,False,False,False,Fort Collins,CO ,Fort Collins,CO 
3222,206513241,10/5/2017 16:15,10/5/2017 16:15,10/6/2017 14:31,10/8/2017 15:00,10/10/2017 13:00,1814.88,1600.0,214.88,409.2,RFR,,,False,0,Carrier 1489000,Shipper 1248,True,True,True,10/8/2017 15:00,10/9/2017 10:00,False,False,False,False,False,False,False,False,Fort Collins,CO ,Fort Collins,CO 
3223,206513241,10/5/2017 16:15,10/5/2017 16:15,10/6/2017 14:31,10/8/2017 15:00,10/10/2017 13:00,1814.88,1600.0,214.88,409.2,RFR,,,False,0,Carrier 1489000,Shipper 1387,True,True,True,10/8/2017 15:00,10/9/2017 10:00,False,False,False,False,False,False,False,False,Fort Collins,CO ,Fort Collins,CO 
3224,206513241,10/5/2017 16:15,10/5/2017 16:15,10/6/2017 14:31,10/8/2017 15:00,10/10/2017 13:00,1814.88,1600.0,214.88,409.2,RFR,,,False,0,Carrier 1489000,Shipper 1388,True,True,True,10/8/2017 15:00,10/9/2017 10:00,False,False,False,False,False,False,False,False,Fort Collins,CO ,Fort Collins,CO 
3225,206685865,1/12/2017 16:59,1/12/2017 17:00,1/12/2017 17:28,1/12/2017 3:00,1/13/2017 7:00,1812.0,1482.5,329.5,140.0,RFR,,,False,0,Carrier 968589,Shipper 758,True,True,True,1/13/2017 2:00,1/14/2017 2:00,False,False,False,False,False,False,False,False,Portland,OR ,Portland,OR 
3226,206518049,2/23/2017 17:48,2/23/2017 17:48,2/24/2017 10:23,2/24/2017 10:00,2/27/2017 8:00,1810.09,1750.0,60.09,1296.4,DRV,4.0,,False,0,Carrier 68535,Shipper 758,False,True,True,2/24/2017 13:00,2/27/2017 7:30,False,False,False,False,False,False,False,False,Denver,PA ,Denver,PA 
3227,206460769,2/23/2017 18:00,2/23/2017 18:01,2/24/2017 9:25,2/24/2017 10:00,2/27/2017 11:00,1810.09,1800.0,10.09,1296.4,DRV,,,False,0,Carrier 964075,Shipper 758,False,True,True,2/24/2017 13:00,2/27/2017 9:30,False,False,False,False,False,False,False,False,Denver,PA ,Denver,PA 
3228,206620425,6/22/2017 9:11,6/22/2017 9:11,6/26/2017 16:07,6/30/2017 18:00,7/3/2017 16:30,1808.79,1720.0,88.79,780.5,DRV,,,False,0,Carrier 31074,Shipper 758,False,True,True,6/30/2017 18:00,7/3/2017 8:00,False,False,False,False,False,False,False,False,Idaho Falls,ID ,Idaho Falls,ID 
3229,206570329,7/5/2017 11:31,7/5/2017 11:31,7/5/2017 13:39,7/14/2017 15:00,7/17/2017 16:30,1808.79,1720.0,88.79,780.5,DRV,,,False,0,Carrier 31074,Shipper 758,True,True,True,7/14/2017 15:00,7/17/2017 8:00,False,False,False,False,False,False,False,False,Idaho Falls,ID ,Idaho Falls,ID 
3230,206576105,11/14/2017 17:13,11/14/2017 17:13,11/15/2017 14:16,11/15/2017 12:00,11/17/2017 0:20,1808.12,1700.0,108.12,531.6,DRV,,,False,0,Carrier 1468324,Shipper 1644,True,True,True,11/15/2017 22:00,11/16/2017 22:00,False,False,False,False,False,False,False,False,Charlotte,NC ,Charlotte,NC 
3231,206589425,7/25/2017 16:19,7/25/2017 16:20,7/27/2017 9:55,7/28/2017 17:00,7/31/2017 14:20,1807.52,1810.0,-2.48,562.7,RFR,,,False,0,Carrier 1293449,Shipper 1249,True,True,True,7/28/2017 17:00,8/1/2017 6:00,False,False,False,False,False,False,False,False,Granite City,IL ,Granite City,IL 
3232,206589425,7/25/2017 16:19,7/25/2017 16:20,7/27/2017 9:55,7/28/2017 17:00,7/31/2017 14:20,1807.52,1810.0,-2.48,562.7,RFR,,,False,0,Carrier 1293449,Shipper 1375,True,True,True,7/28/2017 17:00,8/1/2017 6:00,False,False,False,False,False,False,False,False,Granite City,IL ,Granite City,IL 
3233,206589425,7/25/2017 16:19,7/25/2017 16:20,7/27/2017 9:55,7/28/2017 17:00,7/31/2017 14:20,1807.52,1810.0,-2.48,562.7,RFR,,,False,0,Carrier 1293449,Shipper 1386,True,True,True,7/28/2017 17:00,8/1/2017 6:00,False,False,False,False,False,False,False,False,Granite City,IL ,Granite City,IL 
3234,206589425,7/25/2017 16:19,7/25/2017 16:20,7/27/2017 9:55,7/28/2017 17:00,7/31/2017 14:20,1807.52,1810.0,-2.48,562.7,RFR,,,False,0,Carrier 1293449,Shipper 1248,True,True,True,7/28/2017 17:00,8/1/2017 6:00,False,False,False,False,False,False,False,False,Granite City,IL ,Granite City,IL 
3235,206589425,7/25/2017 16:19,7/25/2017 16:20,7/27/2017 9:55,7/28/2017 17:00,7/31/2017 14:20,1807.52,1810.0,-2.48,562.7,RFR,,,False,0,Carrier 1293449,Shipper 1387,True,True,True,7/28/2017 17:00,8/1/2017 6:00,False,False,False,False,False,False,False,False,Granite City,IL ,Granite City,IL 
3236,206589425,7/25/2017 16:19,7/25/2017 16:20,7/27/2017 9:55,7/28/2017 17:00,7/31/2017 14:20,1807.52,1810.0,-2.48,562.7,RFR,,,False,0,Carrier 1293449,Shipper 1388,True,True,True,7/28/2017 17:00,8/1/2017 6:00,False,False,False,False,False,False,False,False,Granite City,IL ,Granite City,IL 
3237,206625361,8/8/2017 17:02,8/8/2017 17:02,8/9/2017 8:53,8/9/2017 11:00,8/10/2017 11:00,1807.48,1200.0,607.48,300.0,DRV,,,False,0,Carrier 1270876,Shipper 1249,True,True,True,8/9/2017 15:00,8/10/2017 20:00,False,False,False,False,False,False,False,False,Baldwinsville,NY ,Baldwinsville,NY 
3238,206625361,8/8/2017 17:02,8/8/2017 17:02,8/9/2017 8:53,8/9/2017 11:00,8/10/2017 11:00,1807.48,1200.0,607.48,300.0,DRV,,,False,0,Carrier 1270876,Shipper 1375,True,True,True,8/9/2017 15:00,8/10/2017 20:00,False,False,False,False,False,False,False,False,Baldwinsville,NY ,Baldwinsville,NY 
3239,206625361,8/8/2017 17:02,8/8/2017 17:02,8/9/2017 8:53,8/9/2017 11:00,8/10/2017 11:00,1807.48,1200.0,607.48,300.0,DRV,,,False,0,Carrier 1270876,Shipper 1386,True,True,True,8/9/2017 15:00,8/10/2017 20:00,False,False,False,False,False,False,False,False,Baldwinsville,NY ,Baldwinsville,NY 
3240,206625361,8/8/2017 17:02,8/8/2017 17:02,8/9/2017 8:53,8/9/2017 11:00,8/10/2017 11:00,1807.48,1200.0,607.48,300.0,DRV,,,False,0,Carrier 1270876,Shipper 1248,True,True,True,8/9/2017 15:00,8/10/2017 20:00,False,False,False,False,False,False,False,False,Baldwinsville,NY ,Baldwinsville,NY 
3241,206625361,8/8/2017 17:02,8/8/2017 17:02,8/9/2017 8:53,8/9/2017 11:00,8/10/2017 11:00,1807.48,1200.0,607.48,300.0,DRV,,,False,0,Carrier 1270876,Shipper 1387,True,True,True,8/9/2017 15:00,8/10/2017 20:00,False,False,False,False,False,False,False,False,Baldwinsville,NY ,Baldwinsville,NY 
3242,206625361,8/8/2017 17:02,8/8/2017 17:02,8/9/2017 8:53,8/9/2017 11:00,8/10/2017 11:00,1807.48,1200.0,607.48,300.0,DRV,,,False,0,Carrier 1270876,Shipper 1388,True,True,True,8/9/2017 15:00,8/10/2017 20:00,False,False,False,False,False,False,False,False,Baldwinsville,NY ,Baldwinsville,NY 
3243,206426457,9/12/2017 14:55,9/12/2017 14:55,9/12/2017 18:36,9/12/2017 15:00,9/13/2017 12:20,1807.17,1860.0,-52.83,252.1,DRV,,,False,1,Carrier 1612921,Shipper 1249,True,True,True,9/12/2017 23:00,9/13/2017 16:00,False,False,False,False,False,False,False,False,Newark,NJ ,Newark,NJ 
3244,206426457,9/12/2017 14:55,9/12/2017 14:55,9/12/2017 18:36,9/12/2017 15:00,9/13/2017 12:20,1807.17,1860.0,-52.83,252.1,DRV,,,False,1,Carrier 1612921,Shipper 1375,True,True,True,9/12/2017 23:00,9/13/2017 16:00,False,False,False,False,False,False,False,False,Newark,NJ ,Newark,NJ 
3245,206426457,9/12/2017 14:55,9/12/2017 14:55,9/12/2017 18:36,9/12/2017 15:00,9/13/2017 12:20,1807.17,1860.0,-52.83,252.1,DRV,,,False,1,Carrier 1612921,Shipper 1386,True,True,True,9/12/2017 23:00,9/13/2017 16:00,False,False,False,False,False,False,False,False,Newark,NJ ,Newark,NJ 
3246,206426457,9/12/2017 14:55,9/12/2017 14:55,9/12/2017 18:36,9/12/2017 15:00,9/13/2017 12:20,1807.17,1860.0,-52.83,252.1,DRV,,,False,1,Carrier 1612921,Shipper 1248,True,True,True,9/12/2017 23:00,9/13/2017 16:00,False,False,False,False,False,False,False,False,Newark,NJ ,Newark,NJ 
3247,206426457,9/12/2017 14:55,9/12/2017 14:55,9/12/2017 18:36,9/12/2017 15:00,9/13/2017 12:20,1807.17,1860.0,-52.83,252.1,DRV,,,False,1,Carrier 1612921,Shipper 1387,True,True,True,9/12/2017 23:00,9/13/2017 16:00,False,False,False,False,False,False,False,False,Newark,NJ ,Newark,NJ 
3248,206426457,9/12/2017 14:55,9/12/2017 14:55,9/12/2017 18:36,9/12/2017 15:00,9/13/2017 12:20,1807.17,1860.0,-52.83,252.1,DRV,,,False,1,Carrier 1612921,Shipper 1388,True,True,True,9/12/2017 23:00,9/13/2017 16:00,False,False,False,False,False,False,False,False,Newark,NJ ,Newark,NJ 
3249,206490977,7/24/2017 16:35,7/24/2017 16:35,7/25/2017 11:19,7/25/2017 15:00,7/26/2017 13:45,1806.65,1608.0,198.65,551.2,RFR,,,False,0,Carrier 23414,Shipper 1249,True,True,True,7/25/2017 15:00,7/26/2017 14:00,False,False,False,False,False,False,False,False,Granite City,IL ,Granite City,IL 
3250,206490977,7/24/2017 16:35,7/24/2017 16:35,7/25/2017 11:19,7/25/2017 15:00,7/26/2017 13:45,1806.65,1608.0,198.65,551.2,RFR,,,False,0,Carrier 23414,Shipper 1375,True,True,True,7/25/2017 15:00,7/26/2017 14:00,False,False,False,False,False,False,False,False,Granite City,IL ,Granite City,IL 
3251,206490977,7/24/2017 16:35,7/24/2017 16:35,7/25/2017 11:19,7/25/2017 15:00,7/26/2017 13:45,1806.65,1608.0,198.65,551.2,RFR,,,False,0,Carrier 23414,Shipper 1386,True,True,True,7/25/2017 15:00,7/26/2017 14:00,False,False,False,False,False,False,False,False,Granite City,IL ,Granite City,IL 
3252,206490977,7/24/2017 16:35,7/24/2017 16:35,7/25/2017 11:19,7/25/2017 15:00,7/26/2017 13:45,1806.65,1608.0,198.65,551.2,RFR,,,False,0,Carrier 23414,Shipper 1248,True,True,True,7/25/2017 15:00,7/26/2017 14:00,False,False,False,False,False,False,False,False,Granite City,IL ,Granite City,IL 
3253,206490977,7/24/2017 16:35,7/24/2017 16:35,7/25/2017 11:19,7/25/2017 15:00,7/26/2017 13:45,1806.65,1608.0,198.65,551.2,RFR,,,False,0,Carrier 23414,Shipper 1387,True,True,True,7/25/2017 15:00,7/26/2017 14:00,False,False,False,False,False,False,False,False,Granite City,IL ,Granite City,IL 
3254,206490977,7/24/2017 16:35,7/24/2017 16:35,7/25/2017 11:19,7/25/2017 15:00,7/26/2017 13:45,1806.65,1608.0,198.65,551.2,RFR,,,False,0,Carrier 23414,Shipper 1388,True,True,True,7/25/2017 15:00,7/26/2017 14:00,False,False,False,False,False,False,False,False,Granite City,IL ,Granite City,IL 
3255,206469721,12/5/2017 15:27,12/5/2017 15:27,12/6/2017 15:42,12/7/2017 14:00,12/8/2017 13:30,1804.97,1500.0,304.97,463.2,DRV,,,False,0,Carrier 511984,Shipper 1644,True,True,True,12/7/2017 14:00,12/8/2017 11:00,False,False,False,False,False,False,False,False,Mount Airy,NC ,Mount Airy,NC 
3256,206475785,12/14/2017 16:35,12/14/2017 16:35,12/20/2017 17:07,12/21/2017 0:00,12/22/2017 11:00,1802.04,3950.0,-2147.96,728.5,DRV,,source_list,False,0,Carrier 1072723,Shipper 1249,True,True,True,12/21/2017 0:00,12/22/2017 9:00,False,False,False,False,False,False,False,False,Fort Collins,CO ,Fort Collins,CO 
3257,206475785,12/14/2017 16:35,12/14/2017 16:35,12/20/2017 17:07,12/21/2017 0:00,12/22/2017 11:00,1802.04,3950.0,-2147.96,728.5,DRV,,source_list,False,0,Carrier 1072723,Shipper 1375,True,True,True,12/21/2017 0:00,12/22/2017 9:00,False,False,False,False,False,False,False,False,Fort Collins,CO ,Fort Collins,CO 
3258,206475785,12/14/2017 16:35,12/14/2017 16:35,12/20/2017 17:07,12/21/2017 0:00,12/22/2017 11:00,1802.04,3950.0,-2147.96,728.5,DRV,,source_list,False,0,Carrier 1072723,Shipper 1386,True,True,True,12/21/2017 0:00,12/22/2017 9:00,False,False,False,False,False,False,False,False,Fort Collins,CO ,Fort Collins,CO 
3259,206561193,12/14/2017 16:34,12/14/2017 16:34,12/15/2017 10:55,12/16/2017 16:00,12/18/2017 10:10,1802.04,1600.0,202.04,728.5,DRV,,,False,0,Carrier 707147,Shipper 1249,True,True,True,12/16/2017 16:00,12/18/2017 16:00,False,False,False,False,False,False,False,False,Fort Collins,CO ,Fort Collins,CO 
3260,206475785,12/14/2017 16:35,12/14/2017 16:35,12/20/2017 17:07,12/21/2017 0:00,12/22/2017 11:00,1802.04,3950.0,-2147.96,728.5,DRV,,source_list,False,0,Carrier 1072723,Shipper 1248,True,True,True,12/21/2017 0:00,12/22/2017 9:00,False,False,False,False,False,False,False,False,Fort Collins,CO ,Fort Collins,CO 
3261,206561193,12/14/2017 16:34,12/14/2017 16:34,12/15/2017 10:55,12/16/2017 16:00,12/18/2017 10:10,1802.04,1600.0,202.04,728.5,DRV,,,False,0,Carrier 707147,Shipper 1375,True,True,True,12/16/2017 16:00,12/18/2017 16:00,False,False,False,False,False,False,False,False,Fort Collins,CO ,Fort Collins,CO 
3262,206475785,12/14/2017 16:35,12/14/2017 16:35,12/20/2017 17:07,12/21/2017 0:00,12/22/2017 11:00,1802.04,3950.0,-2147.96,728.5,DRV,,source_list,False,0,Carrier 1072723,Shipper 1387,True,True,True,12/21/2017 0:00,12/22/2017 9:00,False,False,False,False,False,False,False,False,Fort Collins,CO ,Fort Collins,CO 
3263,206475785,12/14/2017 16:35,12/14/2017 16:35,12/20/2017 17:07,12/21/2017 0:00,12/22/2017 11:00,1802.04,3950.0,-2147.96,728.5,DRV,,source_list,False,0,Carrier 1072723,Shipper 1388,True,True,True,12/21/2017 0:00,12/22/2017 9:00,False,False,False,False,False,False,False,False,Fort Collins,CO ,Fort Collins,CO 
3264,206561193,12/14/2017 16:34,12/14/2017 16:34,12/15/2017 10:55,12/16/2017 16:00,12/18/2017 10:10,1802.04,1600.0,202.04,728.5,DRV,,,False,0,Carrier 707147,Shipper 1386,True,True,True,12/16/2017 16:00,12/18/2017 16:00,False,False,False,False,False,False,False,False,Fort Collins,CO ,Fort Collins,CO 
3265,206561193,12/14/2017 16:34,12/14/2017 16:34,12/15/2017 10:55,12/16/2017 16:00,12/18/2017 10:10,1802.04,1600.0,202.04,728.5,DRV,,,False,0,Carrier 707147,Shipper 1248,True,True,True,12/16/2017 16:00,12/18/2017 16:00,False,False,False,False,False,False,False,False,Fort Collins,CO ,Fort Collins,CO 
3266,206561193,12/14/2017 16:34,12/14/2017 16:34,12/15/2017 10:55,12/16/2017 16:00,12/18/2017 10:10,1802.04,1600.0,202.04,728.5,DRV,,,False,0,Carrier 707147,Shipper 1387,True,True,True,12/16/2017 16:00,12/18/2017 16:00,False,False,False,False,False,False,False,False,Fort Collins,CO ,Fort Collins,CO 
3267,206561193,12/14/2017 16:34,12/14/2017 16:34,12/15/2017 10:55,12/16/2017 16:00,12/18/2017 10:10,1802.04,1600.0,202.04,728.5,DRV,,,False,0,Carrier 707147,Shipper 1388,True,True,True,12/16/2017 16:00,12/18/2017 16:00,False,False,False,False,False,False,False,False,Fort Collins,CO ,Fort Collins,CO 
3268,206512865,10/20/2017 17:21,10/20/2017 17:21,10/23/2017 12:09,10/24/2017 17:00,10/26/2017 14:00,1800.44,1700.0,100.44,559.7,DRV,,,False,0,Carrier 43527,Shipper 1249,False,True,False,10/24/2017 17:00,10/26/2017 15:30,False,False,False,False,False,False,False,False,Los Angeles,CA ,Los Angeles,CA 
3269,206512865,10/20/2017 17:21,10/20/2017 17:21,10/23/2017 12:09,10/24/2017 17:00,10/26/2017 14:00,1800.44,1700.0,100.44,559.7,DRV,,,False,0,Carrier 43527,Shipper 1375,False,True,False,10/24/2017 17:00,10/26/2017 15:30,False,False,False,False,False,False,False,False,Los Angeles,CA ,Los Angeles,CA 
3270,206512865,10/20/2017 17:21,10/20/2017 17:21,10/23/2017 12:09,10/24/2017 17:00,10/26/2017 14:00,1800.44,1700.0,100.44,559.7,DRV,,,False,0,Carrier 43527,Shipper 1386,False,True,False,10/24/2017 17:00,10/26/2017 15:30,False,False,False,False,False,False,False,False,Los Angeles,CA ,Los Angeles,CA 
3271,206512865,10/20/2017 17:21,10/20/2017 17:21,10/23/2017 12:09,10/24/2017 17:00,10/26/2017 14:00,1800.44,1700.0,100.44,559.7,DRV,,,False,0,Carrier 43527,Shipper 1248,False,True,False,10/24/2017 17:00,10/26/2017 15:30,False,False,False,False,False,False,False,False,Los Angeles,CA ,Los Angeles,CA 
3272,206512865,10/20/2017 17:21,10/20/2017 17:21,10/23/2017 12:09,10/24/2017 17:00,10/26/2017 14:00,1800.44,1700.0,100.44,559.7,DRV,,,False,0,Carrier 43527,Shipper 1387,False,True,False,10/24/2017 17:00,10/26/2017 15:30,False,False,False,False,False,False,False,False,Los Angeles,CA ,Los Angeles,CA 
3273,206512865,10/20/2017 17:21,10/20/2017 17:21,10/23/2017 12:09,10/24/2017 17:00,10/26/2017 14:00,1800.44,1700.0,100.44,559.7,DRV,,,False,0,Carrier 43527,Shipper 1388,False,True,False,10/24/2017 17:00,10/26/2017 15:30,False,False,False,False,False,False,False,False,Los Angeles,CA ,Los Angeles,CA 
3274,206488833,7/6/2017 16:18,7/6/2017 16:18,7/7/2017 11:15,7/7/2017 8:30,7/8/2017 14:20,1800.0,1900.0,-100.0,498.8,DRV,,,False,0,Carrier 1215425,Shipper 973,True,True,True,7/7/2017 21:00,7/8/2017 12:00,False,False,False,False,False,False,False,False,Georgetown,SC ,Georgetown,SC 
3275,206690281,5/31/2017 17:35,5/31/2017 17:36,6/1/2017 11:38,6/1/2017 10:00,6/2/2017 15:30,1800.0,1600.0,200.0,708.9,RFR,,,False,0,Carrier 1695334,Shipper 1498,True,True,True,6/1/2017 19:00,6/2/2017 14:30,False,False,False,False,False,False,False,False,Arrey,NM ,Arrey,NM 
3276,206433225,2/2/2017 17:37,2/2/2017 17:39,2/2/2017 17:52,2/2/2017 22:00,2/4/2017 12:25,1800.0,1800.0,0.0,549.9,RFR,,,False,0,Carrier 1353314,Shipper 824,True,False,False,2/2/2017 22:00,2/4/2017 7:00,False,False,False,False,False,False,False,False,Staley,NC ,Staley,NC 
3277,206571713,12/13/2017 13:14,12/13/2017 13:14,12/28/2017 11:39,12/28/2017 15:00,12/29/2017 14:41,1800.0,1650.0,150.0,404.0,DRV,,dat_in,False,0,Carrier 1332603,Shipper 585,True,True,True,12/28/2017 15:00,12/29/2017 13:00,False,False,False,False,False,False,False,False,Compton,CA ,Compton,CA 
3278,206493721,12/14/2017 15:15,12/14/2017 15:15,12/27/2017 11:26,12/27/2017 15:00,12/29/2017 6:45,1800.0,2000.0,-200.0,1035.6,DRV,,,False,1,Carrier 1695487,Shipper 585,True,True,True,12/27/2017 15:00,12/29/2017 10:00,False,False,False,False,False,False,False,False,Plant City,FL ,Plant City,FL 
3279,206427073,8/22/2017 15:32,8/22/2017 15:32,8/22/2017 15:37,8/22/2017 16:00,8/24/2017 10:30,1800.0,1300.0,500.0,1118.1,DRV,,,False,0,Carrier 31074,Shipper 585,True,True,True,8/22/2017 17:30,8/24/2017 9:00,False,False,False,False,False,False,False,False,Plant City,FL ,Plant City,FL 
3280,206652137,10/18/2017 16:12,10/18/2017 16:12,10/19/2017 10:22,10/19/2017 12:00,10/20/2017 16:15,1796.78,1500.0,296.78,721.2,DRV,,,False,0,Carrier 1642265,Shipper 1644,True,True,True,10/19/2017 12:00,10/20/2017 15:00,False,False,False,False,False,False,False,False,Canton,OH ,Canton,OH 
3281,206598553,5/30/2017 14:33,5/30/2017 14:33,6/1/2017 14:01,6/1/2017 22:00,6/6/2017 7:40,1796.46,3000.0,-1203.54,417.5,RFR,,,False,0,Carrier 1023114,Shipper 1249,,,,6/1/2017 22:00,6/6/2017 8:00,False,False,False,False,False,False,False,False,Granite City,IL ,Granite City,IL 
3282,206598553,5/30/2017 14:33,5/30/2017 14:33,6/1/2017 14:01,6/1/2017 22:00,6/6/2017 7:40,1796.46,3000.0,-1203.54,417.5,RFR,,,False,0,Carrier 1023114,Shipper 1375,,,,6/1/2017 22:00,6/6/2017 8:00,False,False,False,False,False,False,False,False,Granite City,IL ,Granite City,IL 
3283,206598553,5/30/2017 14:33,5/30/2017 14:33,6/1/2017 14:01,6/1/2017 22:00,6/6/2017 7:40,1796.46,3000.0,-1203.54,417.5,RFR,,,False,0,Carrier 1023114,Shipper 1386,,,,6/1/2017 22:00,6/6/2017 8:00,False,False,False,False,False,False,False,False,Granite City,IL ,Granite City,IL 
3284,206598553,5/30/2017 14:33,5/30/2017 14:33,6/1/2017 14:01,6/1/2017 22:00,6/6/2017 7:40,1796.46,3000.0,-1203.54,417.5,RFR,,,False,0,Carrier 1023114,Shipper 1248,,,,6/1/2017 22:00,6/6/2017 8:00,False,False,False,False,False,False,False,False,Granite City,IL ,Granite City,IL 
3285,206598553,5/30/2017 14:33,5/30/2017 14:33,6/1/2017 14:01,6/1/2017 22:00,6/6/2017 7:40,1796.46,3000.0,-1203.54,417.5,RFR,,,False,0,Carrier 1023114,Shipper 1387,,,,6/1/2017 22:00,6/6/2017 8:00,False,False,False,False,False,False,False,False,Granite City,IL ,Granite City,IL 
3286,206598553,5/30/2017 14:33,5/30/2017 14:33,6/1/2017 14:01,6/1/2017 22:00,6/6/2017 7:40,1796.46,3000.0,-1203.54,417.5,RFR,,,False,0,Carrier 1023114,Shipper 1388,,,,6/1/2017 22:00,6/6/2017 8:00,False,False,False,False,False,False,False,False,Granite City,IL ,Granite City,IL 
3287,206563929,1/12/2017 15:39,1/12/2017 15:55,1/25/2017 11:12,1/25/2017 8:00,1/27/2017 12:30,1795.64,1800.0,-4.36,1192.8,DRV,,,False,0,Carrier 1693550,Shipper 968,True,True,True,1/25/2017 16:30,1/27/2017 13:00,False,False,False,False,False,False,False,False,Newark,NJ ,Newark,NJ 
3288,206434033,3/28/2017 9:18,3/28/2017 9:18,3/28/2017 12:27,3/29/2017 8:00,3/31/2017 6:00,1794.92,1750.0,44.92,834.2,RFR,,,False,0,Carrier 1012360,Shipper 727,True,True,True,3/29/2017 17:00,3/31/2017 6:00,False,False,False,False,False,False,False,False,Statesboro,GA ,Statesboro,GA 
3289,206434033,3/28/2017 9:18,3/28/2017 9:18,3/28/2017 12:27,3/29/2017 8:00,3/31/2017 6:00,1794.92,1750.0,44.92,834.2,RFR,,,False,0,Carrier 1012360,Shipper 1855,True,True,True,3/29/2017 17:00,3/31/2017 6:00,False,False,False,False,False,False,False,False,Statesboro,GA ,Statesboro,GA 
3290,206497177,8/17/2017 16:33,8/17/2017 16:34,8/18/2017 11:31,8/25/2017 7:00,8/26/2017 16:50,1794.54,1050.0,744.54,372.2,DRV,,,False,0,Carrier 1215355,Shipper 1249,True,True,True,8/25/2017 15:00,8/26/2017 23:00,False,False,False,False,False,False,False,False,Annapolis,MD ,Annapolis,MD 
3291,206497177,8/17/2017 16:33,8/17/2017 16:34,8/18/2017 11:31,8/25/2017 7:00,8/26/2017 16:50,1794.54,1050.0,744.54,372.2,DRV,,,False,0,Carrier 1215355,Shipper 1375,True,True,True,8/25/2017 15:00,8/26/2017 23:00,False,False,False,False,False,False,False,False,Annapolis,MD ,Annapolis,MD 
3292,206497177,8/17/2017 16:33,8/17/2017 16:34,8/18/2017 11:31,8/25/2017 7:00,8/26/2017 16:50,1794.54,1050.0,744.54,372.2,DRV,,,False,0,Carrier 1215355,Shipper 1386,True,True,True,8/25/2017 15:00,8/26/2017 23:00,False,False,False,False,False,False,False,False,Annapolis,MD ,Annapolis,MD 
3293,206497177,8/17/2017 16:33,8/17/2017 16:34,8/18/2017 11:31,8/25/2017 7:00,8/26/2017 16:50,1794.54,1050.0,744.54,372.2,DRV,,,False,0,Carrier 1215355,Shipper 1248,True,True,True,8/25/2017 15:00,8/26/2017 23:00,False,False,False,False,False,False,False,False,Annapolis,MD ,Annapolis,MD 
3294,206497177,8/17/2017 16:33,8/17/2017 16:34,8/18/2017 11:31,8/25/2017 7:00,8/26/2017 16:50,1794.54,1050.0,744.54,372.2,DRV,,,False,0,Carrier 1215355,Shipper 1387,True,True,True,8/25/2017 15:00,8/26/2017 23:00,False,False,False,False,False,False,False,False,Annapolis,MD ,Annapolis,MD 
3295,206497177,8/17/2017 16:33,8/17/2017 16:34,8/18/2017 11:31,8/25/2017 7:00,8/26/2017 16:50,1794.54,1050.0,744.54,372.2,DRV,,,False,0,Carrier 1215355,Shipper 1388,True,True,True,8/25/2017 15:00,8/26/2017 23:00,False,False,False,False,False,False,False,False,Annapolis,MD ,Annapolis,MD 
3296,206704417,9/20/2017 17:09,9/20/2017 17:09,9/21/2017 11:37,9/21/2017 15:00,9/22/2017 11:00,1793.99,1450.0,343.99,405.9,DRV,,,False,0,Carrier 1508175,Shipper 1249,True,True,True,9/21/2017 15:00,9/22/2017 13:00,False,False,False,False,False,False,False,False,St. Louis,MO ,St. Louis,MO 
3297,206704417,9/20/2017 17:09,9/20/2017 17:09,9/21/2017 11:37,9/21/2017 15:00,9/22/2017 11:00,1793.99,1450.0,343.99,405.9,DRV,,,False,0,Carrier 1508175,Shipper 1375,True,True,True,9/21/2017 15:00,9/22/2017 13:00,False,False,False,False,False,False,False,False,St. Louis,MO ,St. Louis,MO 
3298,206704417,9/20/2017 17:09,9/20/2017 17:09,9/21/2017 11:37,9/21/2017 15:00,9/22/2017 11:00,1793.99,1450.0,343.99,405.9,DRV,,,False,0,Carrier 1508175,Shipper 1386,True,True,True,9/21/2017 15:00,9/22/2017 13:00,False,False,False,False,False,False,False,False,St. Louis,MO ,St. Louis,MO 
3299,206704417,9/20/2017 17:09,9/20/2017 17:09,9/21/2017 11:37,9/21/2017 15:00,9/22/2017 11:00,1793.99,1450.0,343.99,405.9,DRV,,,False,0,Carrier 1508175,Shipper 1248,True,True,True,9/21/2017 15:00,9/22/2017 13:00,False,False,False,False,False,False,False,False,St. Louis,MO ,St. Louis,MO 
3300,206704417,9/20/2017 17:09,9/20/2017 17:09,9/21/2017 11:37,9/21/2017 15:00,9/22/2017 11:00,1793.99,1450.0,343.99,405.9,DRV,,,False,0,Carrier 1508175,Shipper 1387,True,True,True,9/21/2017 15:00,9/22/2017 13:00,False,False,False,False,False,False,False,False,St. Louis,MO ,St. Louis,MO 
3301,206704417,9/20/2017 17:09,9/20/2017 17:09,9/21/2017 11:37,9/21/2017 15:00,9/22/2017 11:00,1793.99,1450.0,343.99,405.9,DRV,,,False,0,Carrier 1508175,Shipper 1388,True,True,True,9/21/2017 15:00,9/22/2017 13:00,False,False,False,False,False,False,False,False,St. Louis,MO ,St. Louis,MO 
3302,206448265,9/14/2017 17:20,9/14/2017 17:20,9/15/2017 13:54,9/16/2017 23:00,9/18/2017 8:32,1790.48,1700.0,90.48,631.8,RFR,,,False,0,Carrier 1370808,Shipper 1249,True,True,True,9/16/2017 23:00,9/18/2017 15:00,False,False,False,False,False,False,False,False,Fort Collins,CO ,Fort Collins,CO 
3303,206448265,9/14/2017 17:20,9/14/2017 17:20,9/15/2017 13:54,9/16/2017 23:00,9/18/2017 8:32,1790.48,1700.0,90.48,631.8,RFR,,,False,0,Carrier 1370808,Shipper 1375,True,True,True,9/16/2017 23:00,9/18/2017 15:00,False,False,False,False,False,False,False,False,Fort Collins,CO ,Fort Collins,CO 
3304,206448265,9/14/2017 17:20,9/14/2017 17:20,9/15/2017 13:54,9/16/2017 23:00,9/18/2017 8:32,1790.48,1700.0,90.48,631.8,RFR,,,False,0,Carrier 1370808,Shipper 1386,True,True,True,9/16/2017 23:00,9/18/2017 15:00,False,False,False,False,False,False,False,False,Fort Collins,CO ,Fort Collins,CO 
3305,206448265,9/14/2017 17:20,9/14/2017 17:20,9/15/2017 13:54,9/16/2017 23:00,9/18/2017 8:32,1790.48,1700.0,90.48,631.8,RFR,,,False,0,Carrier 1370808,Shipper 1248,True,True,True,9/16/2017 23:00,9/18/2017 15:00,False,False,False,False,False,False,False,False,Fort Collins,CO ,Fort Collins,CO 
3306,206448265,9/14/2017 17:20,9/14/2017 17:20,9/15/2017 13:54,9/16/2017 23:00,9/18/2017 8:32,1790.48,1700.0,90.48,631.8,RFR,,,False,0,Carrier 1370808,Shipper 1387,True,True,True,9/16/2017 23:00,9/18/2017 15:00,False,False,False,False,False,False,False,False,Fort Collins,CO ,Fort Collins,CO 
3307,206448265,9/14/2017 17:20,9/14/2017 17:20,9/15/2017 13:54,9/16/2017 23:00,9/18/2017 8:32,1790.48,1700.0,90.48,631.8,RFR,,,False,0,Carrier 1370808,Shipper 1388,True,True,True,9/16/2017 23:00,9/18/2017 15:00,False,False,False,False,False,False,False,False,Fort Collins,CO ,Fort Collins,CO 
3308,206481809,7/11/2017 11:04,7/11/2017 11:05,7/12/2017 13:24,7/12/2017 17:00,7/14/2017 9:00,1790.0,1740.0,50.0,663.8,RFR,,,False,0,Carrier 1240834,Shipper 585,True,True,True,7/12/2017 17:00,7/14/2017 7:00,False,False,False,False,False,False,False,False,Burley,ID ,Burley,ID 
3309,206631513,7/27/2017 16:53,7/27/2017 16:53,7/28/2017 12:10,7/30/2017 14:00,7/31/2017 11:30,1789.32,1500.0,289.32,728.5,DRV,,,False,0,Carrier 975211,Shipper 1249,True,True,True,7/30/2017 14:00,7/31/2017 16:00,False,False,False,False,False,False,False,False,Fort Collins,CO ,Fort Collins,CO 
3310,206631513,7/27/2017 16:53,7/27/2017 16:53,7/28/2017 12:10,7/30/2017 14:00,7/31/2017 11:30,1789.32,1500.0,289.32,728.5,DRV,,,False,0,Carrier 975211,Shipper 1375,True,True,True,7/30/2017 14:00,7/31/2017 16:00,False,False,False,False,False,False,False,False,Fort Collins,CO ,Fort Collins,CO 
3311,206631513,7/27/2017 16:53,7/27/2017 16:53,7/28/2017 12:10,7/30/2017 14:00,7/31/2017 11:30,1789.32,1500.0,289.32,728.5,DRV,,,False,0,Carrier 975211,Shipper 1386,True,True,True,7/30/2017 14:00,7/31/2017 16:00,False,False,False,False,False,False,False,False,Fort Collins,CO ,Fort Collins,CO 
3312,206631513,7/27/2017 16:53,7/27/2017 16:53,7/28/2017 12:10,7/30/2017 14:00,7/31/2017 11:30,1789.32,1500.0,289.32,728.5,DRV,,,False,0,Carrier 975211,Shipper 1248,True,True,True,7/30/2017 14:00,7/31/2017 16:00,False,False,False,False,False,False,False,False,Fort Collins,CO ,Fort Collins,CO 
3313,206631513,7/27/2017 16:53,7/27/2017 16:53,7/28/2017 12:10,7/30/2017 14:00,7/31/2017 11:30,1789.32,1500.0,289.32,728.5,DRV,,,False,0,Carrier 975211,Shipper 1387,True,True,True,7/30/2017 14:00,7/31/2017 16:00,False,False,False,False,False,False,False,False,Fort Collins,CO ,Fort Collins,CO 
3314,206631513,7/27/2017 16:53,7/27/2017 16:53,7/28/2017 12:10,7/30/2017 14:00,7/31/2017 11:30,1789.32,1500.0,289.32,728.5,DRV,,,False,0,Carrier 975211,Shipper 1388,True,True,True,7/30/2017 14:00,7/31/2017 16:00,False,False,False,False,False,False,False,False,Fort Collins,CO ,Fort Collins,CO 
3315,206468625,10/30/2017 16:14,10/30/2017 16:14,11/1/2017 15:09,11/1/2017 23:00,11/2/2017 15:00,1786.14,1750.0,36.14,507.0,RFR,,,False,0,Carrier 34349,Shipper 1249,True,True,True,11/1/2017 23:00,11/2/2017 16:00,False,False,False,False,False,False,False,False,Los Angeles,CA ,Los Angeles,CA 
3316,206468625,10/30/2017 16:14,10/30/2017 16:14,11/1/2017 15:09,11/1/2017 23:00,11/2/2017 15:00,1786.14,1750.0,36.14,507.0,RFR,,,False,0,Carrier 34349,Shipper 1375,True,True,True,11/1/2017 23:00,11/2/2017 16:00,False,False,False,False,False,False,False,False,Los Angeles,CA ,Los Angeles,CA 
3317,206468625,10/30/2017 16:14,10/30/2017 16:14,11/1/2017 15:09,11/1/2017 23:00,11/2/2017 15:00,1786.14,1750.0,36.14,507.0,RFR,,,False,0,Carrier 34349,Shipper 1386,True,True,True,11/1/2017 23:00,11/2/2017 16:00,False,False,False,False,False,False,False,False,Los Angeles,CA ,Los Angeles,CA 
3318,206468625,10/30/2017 16:14,10/30/2017 16:14,11/1/2017 15:09,11/1/2017 23:00,11/2/2017 15:00,1786.14,1750.0,36.14,507.0,RFR,,,False,0,Carrier 34349,Shipper 1248,True,True,True,11/1/2017 23:00,11/2/2017 16:00,False,False,False,False,False,False,False,False,Los Angeles,CA ,Los Angeles,CA 
3319,206468625,10/30/2017 16:14,10/30/2017 16:14,11/1/2017 15:09,11/1/2017 23:00,11/2/2017 15:00,1786.14,1750.0,36.14,507.0,RFR,,,False,0,Carrier 34349,Shipper 1387,True,True,True,11/1/2017 23:00,11/2/2017 16:00,False,False,False,False,False,False,False,False,Los Angeles,CA ,Los Angeles,CA 
3320,206468625,10/30/2017 16:14,10/30/2017 16:14,11/1/2017 15:09,11/1/2017 23:00,11/2/2017 15:00,1786.14,1750.0,36.14,507.0,RFR,,,False,0,Carrier 34349,Shipper 1388,True,True,True,11/1/2017 23:00,11/2/2017 16:00,False,False,False,False,False,False,False,False,Los Angeles,CA ,Los Angeles,CA 
3321,206585745,1/24/2017 12:58,1/24/2017 12:58,1/27/2017 15:16,1/31/2017 11:30,2/2/2017 8:00,1786.0,1700.0,86.0,701.1,DRV,3.0,,False,0,Carrier 864486,Shipper 1184,True,True,True,1/31/2017 11:30,2/2/2017 6:00,False,False,False,False,False,False,False,False,Romeoville,IL ,Romeoville,IL 
3322,206571849,7/10/2017 11:34,7/10/2017 11:34,7/17/2017 15:44,7/18/2017 13:00,7/19/2017 10:00,1785.0,1750.0,35.0,646.7,DRV,,,False,0,Carrier 1424861,Shipper 1184,True,True,True,7/18/2017 13:00,7/19/2017 10:00,False,False,False,False,False,False,False,False,Lebanon,IN ,Lebanon,IN 
3323,206466345,5/30/2017 16:13,5/30/2017 16:13,5/31/2017 12:19,5/31/2017 13:00,6/1/2017 23:00,1783.32,1930.0,-146.68,528.7,DRV,,,False,0,Carrier 941668,Shipper 1249,True,False,True,5/31/2017 13:00,6/1/2017 10:00,False,False,False,False,False,False,False,False,Williamsburg,VA ,Williamsburg,VA 
3324,206466345,5/30/2017 16:13,5/30/2017 16:13,5/31/2017 12:19,5/31/2017 13:00,6/1/2017 23:00,1783.32,1930.0,-146.68,528.7,DRV,,,False,0,Carrier 941668,Shipper 1375,True,False,True,5/31/2017 13:00,6/1/2017 10:00,False,False,False,False,False,False,False,False,Williamsburg,VA ,Williamsburg,VA 
3325,206466345,5/30/2017 16:13,5/30/2017 16:13,5/31/2017 12:19,5/31/2017 13:00,6/1/2017 23:00,1783.32,1930.0,-146.68,528.7,DRV,,,False,0,Carrier 941668,Shipper 1386,True,False,True,5/31/2017 13:00,6/1/2017 10:00,False,False,False,False,False,False,False,False,Williamsburg,VA ,Williamsburg,VA 
3326,206466345,5/30/2017 16:13,5/30/2017 16:13,5/31/2017 12:19,5/31/2017 13:00,6/1/2017 23:00,1783.32,1930.0,-146.68,528.7,DRV,,,False,0,Carrier 941668,Shipper 1248,True,False,True,5/31/2017 13:00,6/1/2017 10:00,False,False,False,False,False,False,False,False,Williamsburg,VA ,Williamsburg,VA 
3327,206466345,5/30/2017 16:13,5/30/2017 16:13,5/31/2017 12:19,5/31/2017 13:00,6/1/2017 23:00,1783.32,1930.0,-146.68,528.7,DRV,,,False,0,Carrier 941668,Shipper 1387,True,False,True,5/31/2017 13:00,6/1/2017 10:00,False,False,False,False,False,False,False,False,Williamsburg,VA ,Williamsburg,VA 
3328,206466345,5/30/2017 16:13,5/30/2017 16:13,5/31/2017 12:19,5/31/2017 13:00,6/1/2017 23:00,1783.32,1930.0,-146.68,528.7,DRV,,,False,0,Carrier 941668,Shipper 1388,True,False,True,5/31/2017 13:00,6/1/2017 10:00,False,False,False,False,False,False,False,False,Williamsburg,VA ,Williamsburg,VA 
3329,206485041,11/22/2017 16:00,11/22/2017 16:00,12/4/2017 16:10,12/4/2017 18:00,12/6/2017 20:00,1783.09,2500.0,-716.91,1076.4,DRV,,,False,0,Carrier 956190,Shipper 758,True,False,False,12/4/2017 18:00,12/5/2017 17:30,False,False,False,False,False,False,False,False,Idaho Falls,ID ,Idaho Falls,ID 
3330,206647497,11/22/2017 16:20,11/22/2017 16:20,11/27/2017 14:52,11/29/2017 0:00,11/30/2017 11:00,1783.04,1800.0,-16.96,541.9,RFR,,,False,0,Carrier 1338243,Shipper 1249,True,True,True,11/29/2017 0:00,11/30/2017 16:30,False,False,False,False,False,False,False,False,Aurora,CO ,Aurora,CO 
3331,206647497,11/22/2017 16:20,11/22/2017 16:20,11/27/2017 14:52,11/29/2017 0:00,11/30/2017 11:00,1783.04,1800.0,-16.96,541.9,RFR,,,False,0,Carrier 1338243,Shipper 1375,True,True,True,11/29/2017 0:00,11/30/2017 16:30,False,False,False,False,False,False,False,False,Aurora,CO ,Aurora,CO 
3332,206647497,11/22/2017 16:20,11/22/2017 16:20,11/27/2017 14:52,11/29/2017 0:00,11/30/2017 11:00,1783.04,1800.0,-16.96,541.9,RFR,,,False,0,Carrier 1338243,Shipper 1386,True,True,True,11/29/2017 0:00,11/30/2017 16:30,False,False,False,False,False,False,False,False,Aurora,CO ,Aurora,CO 
3333,206647497,11/22/2017 16:20,11/22/2017 16:20,11/27/2017 14:52,11/29/2017 0:00,11/30/2017 11:00,1783.04,1800.0,-16.96,541.9,RFR,,,False,0,Carrier 1338243,Shipper 1248,True,True,True,11/29/2017 0:00,11/30/2017 16:30,False,False,False,False,False,False,False,False,Aurora,CO ,Aurora,CO 
3334,206647497,11/22/2017 16:20,11/22/2017 16:20,11/27/2017 14:52,11/29/2017 0:00,11/30/2017 11:00,1783.04,1800.0,-16.96,541.9,RFR,,,False,0,Carrier 1338243,Shipper 1387,True,True,True,11/29/2017 0:00,11/30/2017 16:30,False,False,False,False,False,False,False,False,Aurora,CO ,Aurora,CO 
3335,206647497,11/22/2017 16:20,11/22/2017 16:20,11/27/2017 14:52,11/29/2017 0:00,11/30/2017 11:00,1783.04,1800.0,-16.96,541.9,RFR,,,False,0,Carrier 1338243,Shipper 1388,True,True,True,11/29/2017 0:00,11/30/2017 16:30,False,False,False,False,False,False,False,False,Aurora,CO ,Aurora,CO 
3336,206434241,9/19/2017 12:06,9/19/2017 12:06,10/3/2017 11:37,10/3/2017 13:00,10/5/2017 5:45,1782.0,1782.0,0.0,341.2,DRV,,,False,0,Carrier 1637951,Shipper 585,True,True,True,10/3/2017 19:00,10/4/2017 19:30,False,False,False,False,False,False,False,False,Compton,CA ,Compton,CA 
3337,206481129,9/19/2017 12:04,9/19/2017 12:04,10/2/2017 11:07,10/2/2017 15:00,10/4/2017 5:11,1781.5,1719.0,62.5,341.2,DRV,,,False,0,Carrier 1385680,Shipper 585,True,True,True,10/2/2017 19:00,10/3/2017 20:00,False,False,False,False,False,False,False,False,Compton,CA ,Compton,CA 
3338,206506601,10/24/2017 12:17,10/24/2017 12:17,10/27/2017 8:40,10/27/2017 13:00,10/27/2017 23:00,1781.3,3100.0,-1318.7,565.7,DRV,,,False,1,Carrier 34285,Shipper 1644,True,False,False,10/27/2017 13:00,10/27/2017 12:00,False,False,False,False,False,False,False,False,Decatur,IN ,Decatur,IN 
3339,206584057,10/26/2017 8:29,10/26/2017 8:29,10/27/2017 12:18,10/30/2017 8:00,11/3/2017 11:00,1781.3,4000.0,-2218.7,565.7,DRV,,,False,0,Carrier 30549,Shipper 1644,True,True,True,10/30/2017 8:00,10/31/2017 8:00,False,False,False,False,False,False,False,False,Decatur,IN ,Decatur,IN 
3340,206497201,10/26/2017 8:31,10/26/2017 8:31,10/27/2017 11:19,10/27/2017 14:00,11/3/2017 13:00,1781.3,5050.0,-3268.7,565.7,DRV,,,False,0,Carrier 7490,Shipper 1644,True,True,True,10/27/2017 14:00,10/28/2017 12:00,False,False,False,False,False,False,False,False,Decatur,IN ,Decatur,IN 
3341,206558097,12/1/2017 16:23,12/1/2017 16:23,12/1/2017 16:59,12/4/2017 10:00,12/5/2017 10:40,1779.64,1500.0,279.64,339.9,DRV,,,False,0,Carrier 1695720,Shipper 1249,True,True,True,12/4/2017 18:00,12/5/2017 16:00,False,False,False,False,False,False,False,False,St. Louis,MO ,St. Louis,MO 
3342,206558097,12/1/2017 16:23,12/1/2017 16:23,12/1/2017 16:59,12/4/2017 10:00,12/5/2017 10:40,1779.64,1500.0,279.64,339.9,DRV,,,False,0,Carrier 1695720,Shipper 1375,True,True,True,12/4/2017 18:00,12/5/2017 16:00,False,False,False,False,False,False,False,False,St. Louis,MO ,St. Louis,MO 
3343,206558097,12/1/2017 16:23,12/1/2017 16:23,12/1/2017 16:59,12/4/2017 10:00,12/5/2017 10:40,1779.64,1500.0,279.64,339.9,DRV,,,False,0,Carrier 1695720,Shipper 1386,True,True,True,12/4/2017 18:00,12/5/2017 16:00,False,False,False,False,False,False,False,False,St. Louis,MO ,St. Louis,MO 
3344,206558097,12/1/2017 16:23,12/1/2017 16:23,12/1/2017 16:59,12/4/2017 10:00,12/5/2017 10:40,1779.64,1500.0,279.64,339.9,DRV,,,False,0,Carrier 1695720,Shipper 1248,True,True,True,12/4/2017 18:00,12/5/2017 16:00,False,False,False,False,False,False,False,False,St. Louis,MO ,St. Louis,MO 
3345,206558097,12/1/2017 16:23,12/1/2017 16:23,12/1/2017 16:59,12/4/2017 10:00,12/5/2017 10:40,1779.64,1500.0,279.64,339.9,DRV,,,False,0,Carrier 1695720,Shipper 1387,True,True,True,12/4/2017 18:00,12/5/2017 16:00,False,False,False,False,False,False,False,False,St. Louis,MO ,St. Louis,MO 
3346,206558097,12/1/2017 16:23,12/1/2017 16:23,12/1/2017 16:59,12/4/2017 10:00,12/5/2017 10:40,1779.64,1500.0,279.64,339.9,DRV,,,False,0,Carrier 1695720,Shipper 1388,True,True,True,12/4/2017 18:00,12/5/2017 16:00,False,False,False,False,False,False,False,False,St. Louis,MO ,St. Louis,MO 
3347,206460521,6/20/2017 12:23,6/20/2017 12:23,6/21/2017 10:14,6/21/2017 18:30,6/23/2017 12:00,1776.61,1700.0,76.61,771.8,DRV,,,False,0,Carrier 52724,Shipper 1528,True,True,True,6/21/2017 18:30,6/23/2017 10:30,False,False,False,False,False,False,False,False,Tuscaloosa,AL ,Tuscaloosa,AL 
3348,206601561,10/20/2017 17:01,10/20/2017 17:01,10/21/2017 12:40,10/23/2017 15:00,10/24/2017 12:00,1772.74,1800.0,-27.26,636.0,RFR,,,False,0,Carrier 1085471,Shipper 1249,True,True,True,10/23/2017 15:00,10/24/2017 13:00,False,False,False,False,False,False,False,False,Aurora,CO ,Aurora,CO 
3349,206601561,10/20/2017 17:01,10/20/2017 17:01,10/21/2017 12:40,10/23/2017 15:00,10/24/2017 12:00,1772.74,1800.0,-27.26,636.0,RFR,,,False,0,Carrier 1085471,Shipper 1375,True,True,True,10/23/2017 15:00,10/24/2017 13:00,False,False,False,False,False,False,False,False,Aurora,CO ,Aurora,CO 
3350,206601561,10/20/2017 17:01,10/20/2017 17:01,10/21/2017 12:40,10/23/2017 15:00,10/24/2017 12:00,1772.74,1800.0,-27.26,636.0,RFR,,,False,0,Carrier 1085471,Shipper 1386,True,True,True,10/23/2017 15:00,10/24/2017 13:00,False,False,False,False,False,False,False,False,Aurora,CO ,Aurora,CO 
3351,206601561,10/20/2017 17:01,10/20/2017 17:01,10/21/2017 12:40,10/23/2017 15:00,10/24/2017 12:00,1772.74,1800.0,-27.26,636.0,RFR,,,False,0,Carrier 1085471,Shipper 1248,True,True,True,10/23/2017 15:00,10/24/2017 13:00,False,False,False,False,False,False,False,False,Aurora,CO ,Aurora,CO 
3352,206601561,10/20/2017 17:01,10/20/2017 17:01,10/21/2017 12:40,10/23/2017 15:00,10/24/2017 12:00,1772.74,1800.0,-27.26,636.0,RFR,,,False,0,Carrier 1085471,Shipper 1387,True,True,True,10/23/2017 15:00,10/24/2017 13:00,False,False,False,False,False,False,False,False,Aurora,CO ,Aurora,CO 
3353,206601561,10/20/2017 17:01,10/20/2017 17:01,10/21/2017 12:40,10/23/2017 15:00,10/24/2017 12:00,1772.74,1800.0,-27.26,636.0,RFR,,,False,0,Carrier 1085471,Shipper 1388,True,True,True,10/23/2017 15:00,10/24/2017 13:00,False,False,False,False,False,False,False,False,Aurora,CO ,Aurora,CO 
3354,206622137,7/31/2017 17:38,7/31/2017 17:38,8/2/2017 11:18,8/2/2017 14:00,8/3/2017 10:00,1771.1,1800.0,-28.9,390.7,RFR,,,False,0,Carrier 1052883,Shipper 1249,True,True,True,8/2/2017 14:00,8/3/2017 15:00,False,False,False,False,False,False,False,False,Granite City,IL ,Granite City,IL 
3355,206622137,7/31/2017 17:38,7/31/2017 17:38,8/2/2017 11:18,8/2/2017 14:00,8/3/2017 10:00,1771.1,1800.0,-28.9,390.7,RFR,,,False,0,Carrier 1052883,Shipper 1375,True,True,True,8/2/2017 14:00,8/3/2017 15:00,False,False,False,False,False,False,False,False,Granite City,IL ,Granite City,IL 
3356,206622137,7/31/2017 17:38,7/31/2017 17:38,8/2/2017 11:18,8/2/2017 14:00,8/3/2017 10:00,1771.1,1800.0,-28.9,390.7,RFR,,,False,0,Carrier 1052883,Shipper 1386,True,True,True,8/2/2017 14:00,8/3/2017 15:00,False,False,False,False,False,False,False,False,Granite City,IL ,Granite City,IL 
3357,206622137,7/31/2017 17:38,7/31/2017 17:38,8/2/2017 11:18,8/2/2017 14:00,8/3/2017 10:00,1771.1,1800.0,-28.9,390.7,RFR,,,False,0,Carrier 1052883,Shipper 1248,True,True,True,8/2/2017 14:00,8/3/2017 15:00,False,False,False,False,False,False,False,False,Granite City,IL ,Granite City,IL 
3358,206622137,7/31/2017 17:38,7/31/2017 17:38,8/2/2017 11:18,8/2/2017 14:00,8/3/2017 10:00,1771.1,1800.0,-28.9,390.7,RFR,,,False,0,Carrier 1052883,Shipper 1387,True,True,True,8/2/2017 14:00,8/3/2017 15:00,False,False,False,False,False,False,False,False,Granite City,IL ,Granite City,IL 
3359,206622137,7/31/2017 17:38,7/31/2017 17:38,8/2/2017 11:18,8/2/2017 14:00,8/3/2017 10:00,1771.1,1800.0,-28.9,390.7,RFR,,,False,0,Carrier 1052883,Shipper 1388,True,True,True,8/2/2017 14:00,8/3/2017 15:00,False,False,False,False,False,False,False,False,Granite City,IL ,Granite City,IL 
3360,206519769,9/20/2017 16:49,9/20/2017 16:49,9/22/2017 9:26,9/22/2017 14:00,9/23/2017 9:04,1768.76,1200.0,568.76,306.4,DRV,,,False,0,Carrier 33501,Shipper 1249,True,True,True,9/22/2017 14:00,9/23/2017 8:00,False,False,False,False,False,False,False,False,Cartersville,GA ,Cartersville,GA 
3361,206519769,9/20/2017 16:49,9/20/2017 16:49,9/22/2017 9:26,9/22/2017 14:00,9/23/2017 9:04,1768.76,1200.0,568.76,306.4,DRV,,,False,0,Carrier 33501,Shipper 1375,True,True,True,9/22/2017 14:00,9/23/2017 8:00,False,False,False,False,False,False,False,False,Cartersville,GA ,Cartersville,GA 
3362,206519769,9/20/2017 16:49,9/20/2017 16:49,9/22/2017 9:26,9/22/2017 14:00,9/23/2017 9:04,1768.76,1200.0,568.76,306.4,DRV,,,False,0,Carrier 33501,Shipper 1386,True,True,True,9/22/2017 14:00,9/23/2017 8:00,False,False,False,False,False,False,False,False,Cartersville,GA ,Cartersville,GA 
3363,206519769,9/20/2017 16:49,9/20/2017 16:49,9/22/2017 9:26,9/22/2017 14:00,9/23/2017 9:04,1768.76,1200.0,568.76,306.4,DRV,,,False,0,Carrier 33501,Shipper 1248,True,True,True,9/22/2017 14:00,9/23/2017 8:00,False,False,False,False,False,False,False,False,Cartersville,GA ,Cartersville,GA 
3364,206519769,9/20/2017 16:49,9/20/2017 16:49,9/22/2017 9:26,9/22/2017 14:00,9/23/2017 9:04,1768.76,1200.0,568.76,306.4,DRV,,,False,0,Carrier 33501,Shipper 1387,True,True,True,9/22/2017 14:00,9/23/2017 8:00,False,False,False,False,False,False,False,False,Cartersville,GA ,Cartersville,GA 
3365,206519769,9/20/2017 16:49,9/20/2017 16:49,9/22/2017 9:26,9/22/2017 14:00,9/23/2017 9:04,1768.76,1200.0,568.76,306.4,DRV,,,False,0,Carrier 33501,Shipper 1388,True,True,True,9/22/2017 14:00,9/23/2017 8:00,False,False,False,False,False,False,False,False,Cartersville,GA ,Cartersville,GA 
3366,206634977,10/6/2017 11:15,10/6/2017 11:15,10/6/2017 17:06,10/9/2017 12:00,10/10/2017 10:00,1768.5,1750.0,18.5,463.2,DRV,,,False,0,Carrier 1044323,Shipper 1644,True,True,True,10/9/2017 12:00,10/10/2017 7:00,False,False,False,False,False,False,False,False,Mount Airy,NC ,Mount Airy,NC 
3367,206529281,6/23/2017 16:41,6/23/2017 16:42,6/27/2017 12:26,6/28/2017 9:00,6/29/2017 9:30,1767.85,1550.0,217.85,668.4,RFR,,,False,1,Carrier 528438,Shipper 1249,True,True,True,6/28/2017 9:00,6/29/2017 7:00,False,False,False,False,False,False,False,False,Aurora,CO ,Aurora,CO 
3368,206529281,6/23/2017 16:41,6/23/2017 16:42,6/27/2017 12:26,6/28/2017 9:00,6/29/2017 9:30,1767.85,1550.0,217.85,668.4,RFR,,,False,1,Carrier 528438,Shipper 1375,True,True,True,6/28/2017 9:00,6/29/2017 7:00,False,False,False,False,False,False,False,False,Aurora,CO ,Aurora,CO 
3369,206529281,6/23/2017 16:41,6/23/2017 16:42,6/27/2017 12:26,6/28/2017 9:00,6/29/2017 9:30,1767.85,1550.0,217.85,668.4,RFR,,,False,1,Carrier 528438,Shipper 1386,True,True,True,6/28/2017 9:00,6/29/2017 7:00,False,False,False,False,False,False,False,False,Aurora,CO ,Aurora,CO 
3370,206529281,6/23/2017 16:41,6/23/2017 16:42,6/27/2017 12:26,6/28/2017 9:00,6/29/2017 9:30,1767.85,1550.0,217.85,668.4,RFR,,,False,1,Carrier 528438,Shipper 1248,True,True,True,6/28/2017 9:00,6/29/2017 7:00,False,False,False,False,False,False,False,False,Aurora,CO ,Aurora,CO 
3371,206529281,6/23/2017 16:41,6/23/2017 16:42,6/27/2017 12:26,6/28/2017 9:00,6/29/2017 9:30,1767.85,1550.0,217.85,668.4,RFR,,,False,1,Carrier 528438,Shipper 1387,True,True,True,6/28/2017 9:00,6/29/2017 7:00,False,False,False,False,False,False,False,False,Aurora,CO ,Aurora,CO 
3372,206529281,6/23/2017 16:41,6/23/2017 16:42,6/27/2017 12:26,6/28/2017 9:00,6/29/2017 9:30,1767.85,1550.0,217.85,668.4,RFR,,,False,1,Carrier 528438,Shipper 1388,True,True,True,6/28/2017 9:00,6/29/2017 7:00,False,False,False,False,False,False,False,False,Aurora,CO ,Aurora,CO 
3373,206720017,9/5/2017 16:37,9/5/2017 16:38,9/6/2017 18:03,9/7/2017 11:00,9/8/2017 12:30,1767.57,1300.0,467.57,636.0,RFR,,,False,0,Carrier 5338,Shipper 1249,True,True,True,9/7/2017 11:00,9/8/2017 13:00,False,False,False,False,False,False,False,False,Aurora,CO ,Aurora,CO 
3374,206720017,9/5/2017 16:37,9/5/2017 16:38,9/6/2017 18:03,9/7/2017 11:00,9/8/2017 12:30,1767.57,1300.0,467.57,636.0,RFR,,,False,0,Carrier 5338,Shipper 1375,True,True,True,9/7/2017 11:00,9/8/2017 13:00,False,False,False,False,False,False,False,False,Aurora,CO ,Aurora,CO 
3375,206720017,9/5/2017 16:37,9/5/2017 16:38,9/6/2017 18:03,9/7/2017 11:00,9/8/2017 12:30,1767.57,1300.0,467.57,636.0,RFR,,,False,0,Carrier 5338,Shipper 1386,True,True,True,9/7/2017 11:00,9/8/2017 13:00,False,False,False,False,False,False,False,False,Aurora,CO ,Aurora,CO 
3376,206720017,9/5/2017 16:37,9/5/2017 16:38,9/6/2017 18:03,9/7/2017 11:00,9/8/2017 12:30,1767.57,1300.0,467.57,636.0,RFR,,,False,0,Carrier 5338,Shipper 1248,True,True,True,9/7/2017 11:00,9/8/2017 13:00,False,False,False,False,False,False,False,False,Aurora,CO ,Aurora,CO 
3377,206720017,9/5/2017 16:37,9/5/2017 16:38,9/6/2017 18:03,9/7/2017 11:00,9/8/2017 12:30,1767.57,1300.0,467.57,636.0,RFR,,,False,0,Carrier 5338,Shipper 1387,True,True,True,9/7/2017 11:00,9/8/2017 13:00,False,False,False,False,False,False,False,False,Aurora,CO ,Aurora,CO 
3378,206720017,9/5/2017 16:37,9/5/2017 16:38,9/6/2017 18:03,9/7/2017 11:00,9/8/2017 12:30,1767.57,1300.0,467.57,636.0,RFR,,,False,0,Carrier 5338,Shipper 1388,True,True,True,9/7/2017 11:00,9/8/2017 13:00,False,False,False,False,False,False,False,False,Aurora,CO ,Aurora,CO 
3379,206628897,5/19/2017 14:40,5/19/2017 14:40,5/19/2017 16:24,5/23/2017 8:00,5/25/2017 9:55,1764.84,1800.0,-35.16,1156.8,DRV,,,False,0,Carrier 866391,Shipper 1249,False,True,False,5/23/2017 8:00,5/25/2017 13:00,False,False,False,False,False,False,False,False,Fort Collins,CO ,Fort Collins,CO 
3380,206628897,5/19/2017 14:40,5/19/2017 14:40,5/19/2017 16:24,5/23/2017 8:00,5/25/2017 9:55,1764.84,1800.0,-35.16,1156.8,DRV,,,False,0,Carrier 866391,Shipper 1375,False,True,False,5/23/2017 8:00,5/25/2017 13:00,False,False,False,False,False,False,False,False,Fort Collins,CO ,Fort Collins,CO 
3381,206628897,5/19/2017 14:40,5/19/2017 14:40,5/19/2017 16:24,5/23/2017 8:00,5/25/2017 9:55,1764.84,1800.0,-35.16,1156.8,DRV,,,False,0,Carrier 866391,Shipper 1386,False,True,False,5/23/2017 8:00,5/25/2017 13:00,False,False,False,False,False,False,False,False,Fort Collins,CO ,Fort Collins,CO 
3382,206628897,5/19/2017 14:40,5/19/2017 14:40,5/19/2017 16:24,5/23/2017 8:00,5/25/2017 9:55,1764.84,1800.0,-35.16,1156.8,DRV,,,False,0,Carrier 866391,Shipper 1248,False,True,False,5/23/2017 8:00,5/25/2017 13:00,False,False,False,False,False,False,False,False,Fort Collins,CO ,Fort Collins,CO 
3383,206628897,5/19/2017 14:40,5/19/2017 14:40,5/19/2017 16:24,5/23/2017 8:00,5/25/2017 9:55,1764.84,1800.0,-35.16,1156.8,DRV,,,False,0,Carrier 866391,Shipper 1387,False,True,False,5/23/2017 8:00,5/25/2017 13:00,False,False,False,False,False,False,False,False,Fort Collins,CO ,Fort Collins,CO 
3384,206628897,5/19/2017 14:40,5/19/2017 14:40,5/19/2017 16:24,5/23/2017 8:00,5/25/2017 9:55,1764.84,1800.0,-35.16,1156.8,DRV,,,False,0,Carrier 866391,Shipper 1388,False,True,False,5/23/2017 8:00,5/25/2017 13:00,False,False,False,False,False,False,False,False,Fort Collins,CO ,Fort Collins,CO 
3385,206429673,1/16/2017 10:22,1/16/2017 10:22,1/16/2017 11:13,1/13/2017 6:00,1/14/2017 6:00,1764.0,1448.0,316.0,140.0,RFR,,,False,0,Carrier 968589,Shipper 758,,,,1/15/2017 2:00,1/14/2017 2:00,False,False,False,False,False,False,False,False,Portland,OR ,Portland,OR 
3386,206618345,9/11/2017 16:25,9/11/2017 16:25,9/12/2017 13:29,9/13/2017 20:00,9/15/2017 16:00,1762.98,1400.0,362.98,837.0,RFR,,,False,0,Carrier 1489000,Shipper 1249,True,True,True,9/13/2017 20:00,9/15/2017 19:30,False,False,False,False,False,False,False,False,Aurora,CO ,Aurora,CO 
3387,206618345,9/11/2017 16:25,9/11/2017 16:25,9/12/2017 13:29,9/13/2017 20:00,9/15/2017 16:00,1762.98,1400.0,362.98,837.0,RFR,,,False,0,Carrier 1489000,Shipper 1375,True,True,True,9/13/2017 20:00,9/15/2017 19:30,False,False,False,False,False,False,False,False,Aurora,CO ,Aurora,CO 
3388,206618345,9/11/2017 16:25,9/11/2017 16:25,9/12/2017 13:29,9/13/2017 20:00,9/15/2017 16:00,1762.98,1400.0,362.98,837.0,RFR,,,False,0,Carrier 1489000,Shipper 1386,True,True,True,9/13/2017 20:00,9/15/2017 19:30,False,False,False,False,False,False,False,False,Aurora,CO ,Aurora,CO 
3389,206618345,9/11/2017 16:25,9/11/2017 16:25,9/12/2017 13:29,9/13/2017 20:00,9/15/2017 16:00,1762.98,1400.0,362.98,837.0,RFR,,,False,0,Carrier 1489000,Shipper 1248,True,True,True,9/13/2017 20:00,9/15/2017 19:30,False,False,False,False,False,False,False,False,Aurora,CO ,Aurora,CO 
3390,206618345,9/11/2017 16:25,9/11/2017 16:25,9/12/2017 13:29,9/13/2017 20:00,9/15/2017 16:00,1762.98,1400.0,362.98,837.0,RFR,,,False,0,Carrier 1489000,Shipper 1387,True,True,True,9/13/2017 20:00,9/15/2017 19:30,False,False,False,False,False,False,False,False,Aurora,CO ,Aurora,CO 
3391,206618345,9/11/2017 16:25,9/11/2017 16:25,9/12/2017 13:29,9/13/2017 20:00,9/15/2017 16:00,1762.98,1400.0,362.98,837.0,RFR,,,False,0,Carrier 1489000,Shipper 1388,True,True,True,9/13/2017 20:00,9/15/2017 19:30,False,False,False,False,False,False,False,False,Aurora,CO ,Aurora,CO 
3392,206490281,4/17/2017 16:34,4/17/2017 16:34,4/19/2017 13:37,4/19/2017 16:00,4/21/2017 12:40,1760.64,2300.0,-539.36,962.0,RFR,3.0,,False,0,Carrier 1473237,Shipper 1249,True,True,True,4/19/2017 16:00,4/21/2017 13:00,False,False,False,False,False,False,False,False,Granite City,IL ,Granite City,IL 
3393,206490281,4/17/2017 16:34,4/17/2017 16:34,4/19/2017 13:37,4/19/2017 16:00,4/21/2017 12:40,1760.64,2300.0,-539.36,962.0,RFR,3.0,,False,0,Carrier 1473237,Shipper 1375,True,True,True,4/19/2017 16:00,4/21/2017 13:00,False,False,False,False,False,False,False,False,Granite City,IL ,Granite City,IL 
3394,206490281,4/17/2017 16:34,4/17/2017 16:34,4/19/2017 13:37,4/19/2017 16:00,4/21/2017 12:40,1760.64,2300.0,-539.36,962.0,RFR,3.0,,False,0,Carrier 1473237,Shipper 1386,True,True,True,4/19/2017 16:00,4/21/2017 13:00,False,False,False,False,False,False,False,False,Granite City,IL ,Granite City,IL 
3395,206490281,4/17/2017 16:34,4/17/2017 16:34,4/19/2017 13:37,4/19/2017 16:00,4/21/2017 12:40,1760.64,2300.0,-539.36,962.0,RFR,3.0,,False,0,Carrier 1473237,Shipper 1248,True,True,True,4/19/2017 16:00,4/21/2017 13:00,False,False,False,False,False,False,False,False,Granite City,IL ,Granite City,IL 
3396,206490281,4/17/2017 16:34,4/17/2017 16:34,4/19/2017 13:37,4/19/2017 16:00,4/21/2017 12:40,1760.64,2300.0,-539.36,962.0,RFR,3.0,,False,0,Carrier 1473237,Shipper 1387,True,True,True,4/19/2017 16:00,4/21/2017 13:00,False,False,False,False,False,False,False,False,Granite City,IL ,Granite City,IL 
3397,206490281,4/17/2017 16:34,4/17/2017 16:34,4/19/2017 13:37,4/19/2017 16:00,4/21/2017 12:40,1760.64,2300.0,-539.36,962.0,RFR,3.0,,False,0,Carrier 1473237,Shipper 1388,True,True,True,4/19/2017 16:00,4/21/2017 13:00,False,False,False,False,False,False,False,False,Granite City,IL ,Granite City,IL 
3398,206451729,12/14/2017 16:32,12/14/2017 16:32,12/18/2017 8:41,12/18/2017 16:00,12/19/2017 11:55,1760.52,1850.0,-89.48,575.2,DRV,,dat_out,False,0,Carrier 101147,Shipper 1249,True,True,True,12/18/2017 16:00,12/19/2017 14:00,False,False,False,False,False,False,False,False,St. Louis,MO ,St. Louis,MO 
3399,206451729,12/14/2017 16:32,12/14/2017 16:32,12/18/2017 8:41,12/18/2017 16:00,12/19/2017 11:55,1760.52,1850.0,-89.48,575.2,DRV,,dat_out,False,0,Carrier 101147,Shipper 1375,True,True,True,12/18/2017 16:00,12/19/2017 14:00,False,False,False,False,False,False,False,False,St. Louis,MO ,St. Louis,MO 
3400,206451729,12/14/2017 16:32,12/14/2017 16:32,12/18/2017 8:41,12/18/2017 16:00,12/19/2017 11:55,1760.52,1850.0,-89.48,575.2,DRV,,dat_out,False,0,Carrier 101147,Shipper 1386,True,True,True,12/18/2017 16:00,12/19/2017 14:00,False,False,False,False,False,False,False,False,St. Louis,MO ,St. Louis,MO 
3401,206451729,12/14/2017 16:32,12/14/2017 16:32,12/18/2017 8:41,12/18/2017 16:00,12/19/2017 11:55,1760.52,1850.0,-89.48,575.2,DRV,,dat_out,False,0,Carrier 101147,Shipper 1248,True,True,True,12/18/2017 16:00,12/19/2017 14:00,False,False,False,False,False,False,False,False,St. Louis,MO ,St. Louis,MO 
3402,206451729,12/14/2017 16:32,12/14/2017 16:32,12/18/2017 8:41,12/18/2017 16:00,12/19/2017 11:55,1760.52,1850.0,-89.48,575.2,DRV,,dat_out,False,0,Carrier 101147,Shipper 1387,True,True,True,12/18/2017 16:00,12/19/2017 14:00,False,False,False,False,False,False,False,False,St. Louis,MO ,St. Louis,MO 
3403,206451729,12/14/2017 16:32,12/14/2017 16:32,12/18/2017 8:41,12/18/2017 16:00,12/19/2017 11:55,1760.52,1850.0,-89.48,575.2,DRV,,dat_out,False,0,Carrier 101147,Shipper 1388,True,True,True,12/18/2017 16:00,12/19/2017 14:00,False,False,False,False,False,False,False,False,St. Louis,MO ,St. Louis,MO 
3404,206508633,11/6/2017 17:37,11/6/2017 17:37,11/7/2017 9:52,11/7/2017 8:00,11/8/2017 12:00,1759.75,1200.0,559.75,426.8,DRV,,,False,0,Carrier 815759,Shipper 1249,True,True,True,11/7/2017 15:30,11/9/2017 0:00,False,False,False,False,False,False,False,False,Holiday City,OH ,Holiday City,OH 
3405,206508633,11/6/2017 17:37,11/6/2017 17:37,11/7/2017 9:52,11/7/2017 8:00,11/8/2017 12:00,1759.75,1200.0,559.75,426.8,DRV,,,False,0,Carrier 815759,Shipper 1375,True,True,True,11/7/2017 15:30,11/9/2017 0:00,False,False,False,False,False,False,False,False,Holiday City,OH ,Holiday City,OH 
3406,206508633,11/6/2017 17:37,11/6/2017 17:37,11/7/2017 9:52,11/7/2017 8:00,11/8/2017 12:00,1759.75,1200.0,559.75,426.8,DRV,,,False,0,Carrier 815759,Shipper 1386,True,True,True,11/7/2017 15:30,11/9/2017 0:00,False,False,False,False,False,False,False,False,Holiday City,OH ,Holiday City,OH 
3407,206508633,11/6/2017 17:37,11/6/2017 17:37,11/7/2017 9:52,11/7/2017 8:00,11/8/2017 12:00,1759.75,1200.0,559.75,426.8,DRV,,,False,0,Carrier 815759,Shipper 1248,True,True,True,11/7/2017 15:30,11/9/2017 0:00,False,False,False,False,False,False,False,False,Holiday City,OH ,Holiday City,OH 
3408,206508633,11/6/2017 17:37,11/6/2017 17:37,11/7/2017 9:52,11/7/2017 8:00,11/8/2017 12:00,1759.75,1200.0,559.75,426.8,DRV,,,False,0,Carrier 815759,Shipper 1387,True,True,True,11/7/2017 15:30,11/9/2017 0:00,False,False,False,False,False,False,False,False,Holiday City,OH ,Holiday City,OH 
3409,206508633,11/6/2017 17:37,11/6/2017 17:37,11/7/2017 9:52,11/7/2017 8:00,11/8/2017 12:00,1759.75,1200.0,559.75,426.8,DRV,,,False,0,Carrier 815759,Shipper 1388,True,True,True,11/7/2017 15:30,11/9/2017 0:00,False,False,False,False,False,False,False,False,Holiday City,OH ,Holiday City,OH 
3410,206578161,3/22/2017 12:57,3/22/2017 12:57,3/23/2017 10:44,3/24/2017 13:00,3/27/2017 8:27,1759.73,1875.0,-115.27,1223.9,DRV,,,False,0,Carrier 1007131,Shipper 989,True,True,True,3/24/2017 15:00,3/27/2017 16:00,False,False,False,False,False,False,False,False,New Hyde Park,NY ,New Hyde Park,NY 
3411,206485497,11/6/2017 18:04,11/6/2017 18:04,11/8/2017 11:07,11/9/2017 8:00,11/10/2017 15:00,1759.53,1200.0,559.53,425.0,DRV,,,False,0,Carrier 531462,Shipper 1249,True,True,True,11/9/2017 15:30,11/10/2017 12:00,False,False,False,False,False,False,False,False,Holiday City,OH ,Holiday City,OH 
3412,206485497,11/6/2017 18:04,11/6/2017 18:04,11/8/2017 11:07,11/9/2017 8:00,11/10/2017 15:00,1759.53,1200.0,559.53,425.0,DRV,,,False,0,Carrier 531462,Shipper 1375,True,True,True,11/9/2017 15:30,11/10/2017 12:00,False,False,False,False,False,False,False,False,Holiday City,OH ,Holiday City,OH 
3413,206485497,11/6/2017 18:04,11/6/2017 18:04,11/8/2017 11:07,11/9/2017 8:00,11/10/2017 15:00,1759.53,1200.0,559.53,425.0,DRV,,,False,0,Carrier 531462,Shipper 1386,True,True,True,11/9/2017 15:30,11/10/2017 12:00,False,False,False,False,False,False,False,False,Holiday City,OH ,Holiday City,OH 
3414,206485497,11/6/2017 18:04,11/6/2017 18:04,11/8/2017 11:07,11/9/2017 8:00,11/10/2017 15:00,1759.53,1200.0,559.53,425.0,DRV,,,False,0,Carrier 531462,Shipper 1248,True,True,True,11/9/2017 15:30,11/10/2017 12:00,False,False,False,False,False,False,False,False,Holiday City,OH ,Holiday City,OH 
3415,206485497,11/6/2017 18:04,11/6/2017 18:04,11/8/2017 11:07,11/9/2017 8:00,11/10/2017 15:00,1759.53,1200.0,559.53,425.0,DRV,,,False,0,Carrier 531462,Shipper 1387,True,True,True,11/9/2017 15:30,11/10/2017 12:00,False,False,False,False,False,False,False,False,Holiday City,OH ,Holiday City,OH 
3416,206485497,11/6/2017 18:04,11/6/2017 18:04,11/8/2017 11:07,11/9/2017 8:00,11/10/2017 15:00,1759.53,1200.0,559.53,425.0,DRV,,,False,0,Carrier 531462,Shipper 1388,True,True,True,11/9/2017 15:30,11/10/2017 12:00,False,False,False,False,False,False,False,False,Holiday City,OH ,Holiday City,OH 
3417,206624025,8/28/2017 16:23,8/28/2017 16:23,9/5/2017 8:52,9/5/2017 15:00,9/7/2017 11:05,1757.3,1300.0,457.3,631.8,RFR,,,False,1,Carrier 31074,Shipper 1249,True,True,True,9/5/2017 15:00,9/7/2017 13:00,False,False,False,False,False,False,False,False,Fort Collins,CO ,Fort Collins,CO 
3418,206624025,8/28/2017 16:23,8/28/2017 16:23,9/5/2017 8:52,9/5/2017 15:00,9/7/2017 11:05,1757.3,1300.0,457.3,631.8,RFR,,,False,1,Carrier 31074,Shipper 1375,True,True,True,9/5/2017 15:00,9/7/2017 13:00,False,False,False,False,False,False,False,False,Fort Collins,CO ,Fort Collins,CO 
3419,206624025,8/28/2017 16:23,8/28/2017 16:23,9/5/2017 8:52,9/5/2017 15:00,9/7/2017 11:05,1757.3,1300.0,457.3,631.8,RFR,,,False,1,Carrier 31074,Shipper 1386,True,True,True,9/5/2017 15:00,9/7/2017 13:00,False,False,False,False,False,False,False,False,Fort Collins,CO ,Fort Collins,CO 
3420,206624025,8/28/2017 16:23,8/28/2017 16:23,9/5/2017 8:52,9/5/2017 15:00,9/7/2017 11:05,1757.3,1300.0,457.3,631.8,RFR,,,False,1,Carrier 31074,Shipper 1248,True,True,True,9/5/2017 15:00,9/7/2017 13:00,False,False,False,False,False,False,False,False,Fort Collins,CO ,Fort Collins,CO 
3421,206624025,8/28/2017 16:23,8/28/2017 16:23,9/5/2017 8:52,9/5/2017 15:00,9/7/2017 11:05,1757.3,1300.0,457.3,631.8,RFR,,,False,1,Carrier 31074,Shipper 1387,True,True,True,9/5/2017 15:00,9/7/2017 13:00,False,False,False,False,False,False,False,False,Fort Collins,CO ,Fort Collins,CO 
3422,206624025,8/28/2017 16:23,8/28/2017 16:23,9/5/2017 8:52,9/5/2017 15:00,9/7/2017 11:05,1757.3,1300.0,457.3,631.8,RFR,,,False,1,Carrier 31074,Shipper 1388,True,True,True,9/5/2017 15:00,9/7/2017 13:00,False,False,False,False,False,False,False,False,Fort Collins,CO ,Fort Collins,CO 
3423,206432129,3/28/2017 16:42,3/28/2017 16:42,3/30/2017 11:29,3/31/2017 1:00,4/4/2017 8:25,1756.22,2000.0,-243.78,745.0,RFR,4.0,,False,0,Carrier 1497573,Shipper 1249,True,True,True,3/31/2017 1:00,4/4/2017 7:00,False,False,False,False,False,False,False,False,Granite City,IL ,Granite City,IL 
3424,206432129,3/28/2017 16:42,3/28/2017 16:42,3/30/2017 11:29,3/31/2017 1:00,4/4/2017 8:25,1756.22,2000.0,-243.78,745.0,RFR,4.0,,False,0,Carrier 1497573,Shipper 1375,True,True,True,3/31/2017 1:00,4/4/2017 7:00,False,False,False,False,False,False,False,False,Granite City,IL ,Granite City,IL 
3425,206432129,3/28/2017 16:42,3/28/2017 16:42,3/30/2017 11:29,3/31/2017 1:00,4/4/2017 8:25,1756.22,2000.0,-243.78,745.0,RFR,4.0,,False,0,Carrier 1497573,Shipper 1386,True,True,True,3/31/2017 1:00,4/4/2017 7:00,False,False,False,False,False,False,False,False,Granite City,IL ,Granite City,IL 
3426,206432129,3/28/2017 16:42,3/28/2017 16:42,3/30/2017 11:29,3/31/2017 1:00,4/4/2017 8:25,1756.22,2000.0,-243.78,745.0,RFR,4.0,,False,0,Carrier 1497573,Shipper 1248,True,True,True,3/31/2017 1:00,4/4/2017 7:00,False,False,False,False,False,False,False,False,Granite City,IL ,Granite City,IL 
3427,206432129,3/28/2017 16:42,3/28/2017 16:42,3/30/2017 11:29,3/31/2017 1:00,4/4/2017 8:25,1756.22,2000.0,-243.78,745.0,RFR,4.0,,False,0,Carrier 1497573,Shipper 1387,True,True,True,3/31/2017 1:00,4/4/2017 7:00,False,False,False,False,False,False,False,False,Granite City,IL ,Granite City,IL 
3428,206432129,3/28/2017 16:42,3/28/2017 16:42,3/30/2017 11:29,3/31/2017 1:00,4/4/2017 8:25,1756.22,2000.0,-243.78,745.0,RFR,4.0,,False,0,Carrier 1497573,Shipper 1388,True,True,True,3/31/2017 1:00,4/4/2017 7:00,False,False,False,False,False,False,False,False,Granite City,IL ,Granite City,IL 
3429,206593785,12/18/2017 18:37,12/18/2017 18:38,12/20/2017 16:11,12/20/2017 22:00,12/22/2017 11:30,1756.16,2100.0,-343.84,969.2,DRV,,carrier_capacity,False,0,Carrier 1103124,Shipper 1249,True,True,True,12/20/2017 22:00,12/22/2017 17:00,False,False,False,False,False,False,False,False,Fort Collins,CO ,Fort Collins,CO 
3430,206593785,12/18/2017 18:37,12/18/2017 18:38,12/20/2017 16:11,12/20/2017 22:00,12/22/2017 11:30,1756.16,2100.0,-343.84,969.2,DRV,,carrier_capacity,False,0,Carrier 1103124,Shipper 1375,True,True,True,12/20/2017 22:00,12/22/2017 17:00,False,False,False,False,False,False,False,False,Fort Collins,CO ,Fort Collins,CO 
3431,206593785,12/18/2017 18:37,12/18/2017 18:38,12/20/2017 16:11,12/20/2017 22:00,12/22/2017 11:30,1756.16,2100.0,-343.84,969.2,DRV,,carrier_capacity,False,0,Carrier 1103124,Shipper 1386,True,True,True,12/20/2017 22:00,12/22/2017 17:00,False,False,False,False,False,False,False,False,Fort Collins,CO ,Fort Collins,CO 
3432,206620809,12/18/2017 18:24,12/18/2017 18:24,12/20/2017 13:19,12/20/2017 17:00,12/22/2017 13:00,1756.16,4000.0,-2243.84,969.2,DRV,,,False,0,Carrier 1695808,Shipper 1249,False,True,False,12/20/2017 17:00,12/22/2017 17:00,False,False,False,False,False,False,False,False,Fort Collins,CO ,Fort Collins,CO 
3433,206620809,12/18/2017 18:24,12/18/2017 18:24,12/20/2017 13:19,12/20/2017 17:00,12/22/2017 13:00,1756.16,4000.0,-2243.84,969.2,DRV,,,False,0,Carrier 1695808,Shipper 1375,False,True,False,12/20/2017 17:00,12/22/2017 17:00,False,False,False,False,False,False,False,False,Fort Collins,CO ,Fort Collins,CO 
3434,206593785,12/18/2017 18:37,12/18/2017 18:38,12/20/2017 16:11,12/20/2017 22:00,12/22/2017 11:30,1756.16,2100.0,-343.84,969.2,DRV,,carrier_capacity,False,0,Carrier 1103124,Shipper 1248,True,True,True,12/20/2017 22:00,12/22/2017 17:00,False,False,False,False,False,False,False,False,Fort Collins,CO ,Fort Collins,CO 
3435,206620809,12/18/2017 18:24,12/18/2017 18:24,12/20/2017 13:19,12/20/2017 17:00,12/22/2017 13:00,1756.16,4000.0,-2243.84,969.2,DRV,,,False,0,Carrier 1695808,Shipper 1386,False,True,False,12/20/2017 17:00,12/22/2017 17:00,False,False,False,False,False,False,False,False,Fort Collins,CO ,Fort Collins,CO 
3436,206620809,12/18/2017 18:24,12/18/2017 18:24,12/20/2017 13:19,12/20/2017 17:00,12/22/2017 13:00,1756.16,4000.0,-2243.84,969.2,DRV,,,False,0,Carrier 1695808,Shipper 1248,False,True,False,12/20/2017 17:00,12/22/2017 17:00,False,False,False,False,False,False,False,False,Fort Collins,CO ,Fort Collins,CO 
3437,206593785,12/18/2017 18:37,12/18/2017 18:38,12/20/2017 16:11,12/20/2017 22:00,12/22/2017 11:30,1756.16,2100.0,-343.84,969.2,DRV,,carrier_capacity,False,0,Carrier 1103124,Shipper 1387,True,True,True,12/20/2017 22:00,12/22/2017 17:00,False,False,False,False,False,False,False,False,Fort Collins,CO ,Fort Collins,CO 
3438,206620809,12/18/2017 18:24,12/18/2017 18:24,12/20/2017 13:19,12/20/2017 17:00,12/22/2017 13:00,1756.16,4000.0,-2243.84,969.2,DRV,,,False,0,Carrier 1695808,Shipper 1387,False,True,False,12/20/2017 17:00,12/22/2017 17:00,False,False,False,False,False,False,False,False,Fort Collins,CO ,Fort Collins,CO 
3439,206620809,12/18/2017 18:24,12/18/2017 18:24,12/20/2017 13:19,12/20/2017 17:00,12/22/2017 13:00,1756.16,4000.0,-2243.84,969.2,DRV,,,False,0,Carrier 1695808,Shipper 1388,False,True,False,12/20/2017 17:00,12/22/2017 17:00,False,False,False,False,False,False,False,False,Fort Collins,CO ,Fort Collins,CO 
3440,206593785,12/18/2017 18:37,12/18/2017 18:38,12/20/2017 16:11,12/20/2017 22:00,12/22/2017 11:30,1756.16,2100.0,-343.84,969.2,DRV,,carrier_capacity,False,0,Carrier 1103124,Shipper 1388,True,True,True,12/20/2017 22:00,12/22/2017 17:00,False,False,False,False,False,False,False,False,Fort Collins,CO ,Fort Collins,CO 
3441,206579809,5/22/2017 16:20,5/22/2017 16:21,5/23/2017 13:32,5/23/2017 15:00,5/24/2017 16:15,1755.8,1900.0,-144.2,1008.9,DRV,3.0,,False,0,Carrier 1650683,Shipper 1249,True,True,True,5/23/2017 15:00,5/25/2017 7:00,False,False,False,False,False,False,False,False,Jacksonville,FL ,Jacksonville,FL 
3442,206579809,5/22/2017 16:20,5/22/2017 16:21,5/23/2017 13:32,5/23/2017 15:00,5/24/2017 16:15,1755.8,1900.0,-144.2,1008.9,DRV,3.0,,False,0,Carrier 1650683,Shipper 1375,True,True,True,5/23/2017 15:00,5/25/2017 7:00,False,False,False,False,False,False,False,False,Jacksonville,FL ,Jacksonville,FL 
3443,206579809,5/22/2017 16:20,5/22/2017 16:21,5/23/2017 13:32,5/23/2017 15:00,5/24/2017 16:15,1755.8,1900.0,-144.2,1008.9,DRV,3.0,,False,0,Carrier 1650683,Shipper 1386,True,True,True,5/23/2017 15:00,5/25/2017 7:00,False,False,False,False,False,False,False,False,Jacksonville,FL ,Jacksonville,FL 
3444,206579809,5/22/2017 16:20,5/22/2017 16:21,5/23/2017 13:32,5/23/2017 15:00,5/24/2017 16:15,1755.8,1900.0,-144.2,1008.9,DRV,3.0,,False,0,Carrier 1650683,Shipper 1248,True,True,True,5/23/2017 15:00,5/25/2017 7:00,False,False,False,False,False,False,False,False,Jacksonville,FL ,Jacksonville,FL 
3445,206579809,5/22/2017 16:20,5/22/2017 16:21,5/23/2017 13:32,5/23/2017 15:00,5/24/2017 16:15,1755.8,1900.0,-144.2,1008.9,DRV,3.0,,False,0,Carrier 1650683,Shipper 1387,True,True,True,5/23/2017 15:00,5/25/2017 7:00,False,False,False,False,False,False,False,False,Jacksonville,FL ,Jacksonville,FL 
3446,206579809,5/22/2017 16:20,5/22/2017 16:21,5/23/2017 13:32,5/23/2017 15:00,5/24/2017 16:15,1755.8,1900.0,-144.2,1008.9,DRV,3.0,,False,0,Carrier 1650683,Shipper 1388,True,True,True,5/23/2017 15:00,5/25/2017 7:00,False,False,False,False,False,False,False,False,Jacksonville,FL ,Jacksonville,FL 
3447,206567017,12/11/2017 13:33,12/11/2017 13:33,12/11/2017 13:40,12/11/2017 12:00,12/13/2017 3:00,1750.0,1300.0,450.0,934.4,DRV,,dat_in,False,0,Carrier 1188364,Shipper 832,True,True,True,12/11/2017 20:00,12/12/2017 21:00,False,False,False,False,False,False,False,False,Westfield,MA ,Westfield,MA 
3448,206603817,10/30/2017 13:07,10/30/2017 13:07,10/30/2017 13:55,10/30/2017 15:00,11/1/2017 11:00,1750.0,1300.0,450.0,714.2,RFR,,,False,0,Carrier 1360188,Shipper 585,True,True,True,10/30/2017 15:00,11/1/2017 13:00,False,False,False,False,False,False,False,False,Pittston,PA ,Pittston,PA 
3449,206429873,6/6/2017 17:29,6/6/2017 17:29,6/8/2017 9:11,6/8/2017 23:00,6/9/2017 16:40,1748.26,1500.0,248.26,426.7,RFR,,,False,0,Carrier 1695351,Shipper 1249,True,True,True,6/8/2017 23:00,6/9/2017 15:00,False,False,False,False,False,False,False,False,La Porte,TX ,La Porte,TX 
3450,206429873,6/6/2017 17:29,6/6/2017 17:29,6/8/2017 9:11,6/8/2017 23:00,6/9/2017 16:40,1748.26,1500.0,248.26,426.7,RFR,,,False,0,Carrier 1695351,Shipper 1375,True,True,True,6/8/2017 23:00,6/9/2017 15:00,False,False,False,False,False,False,False,False,La Porte,TX ,La Porte,TX 
3451,206429873,6/6/2017 17:29,6/6/2017 17:29,6/8/2017 9:11,6/8/2017 23:00,6/9/2017 16:40,1748.26,1500.0,248.26,426.7,RFR,,,False,0,Carrier 1695351,Shipper 1386,True,True,True,6/8/2017 23:00,6/9/2017 15:00,False,False,False,False,False,False,False,False,La Porte,TX ,La Porte,TX 
3452,206429873,6/6/2017 17:29,6/6/2017 17:29,6/8/2017 9:11,6/8/2017 23:00,6/9/2017 16:40,1748.26,1500.0,248.26,426.7,RFR,,,False,0,Carrier 1695351,Shipper 1248,True,True,True,6/8/2017 23:00,6/9/2017 15:00,False,False,False,False,False,False,False,False,La Porte,TX ,La Porte,TX 
3453,206429873,6/6/2017 17:29,6/6/2017 17:29,6/8/2017 9:11,6/8/2017 23:00,6/9/2017 16:40,1748.26,1500.0,248.26,426.7,RFR,,,False,0,Carrier 1695351,Shipper 1387,True,True,True,6/8/2017 23:00,6/9/2017 15:00,False,False,False,False,False,False,False,False,La Porte,TX ,La Porte,TX 
3454,206429873,6/6/2017 17:29,6/6/2017 17:29,6/8/2017 9:11,6/8/2017 23:00,6/9/2017 16:40,1748.26,1500.0,248.26,426.7,RFR,,,False,0,Carrier 1695351,Shipper 1388,True,True,True,6/8/2017 23:00,6/9/2017 15:00,False,False,False,False,False,False,False,False,La Porte,TX ,La Porte,TX 
3455,206484081,12/15/2017 10:28,12/15/2017 10:28,12/18/2017 18:13,12/19/2017 14:00,12/20/2017 15:48,1748.08,2000.0,-251.92,636.0,RFR,,,False,0,Carrier 1240315,Shipper 1249,True,True,True,12/19/2017 14:00,12/20/2017 13:00,False,False,False,False,False,False,False,False,Aurora,CO ,Aurora,CO 
3456,206484081,12/15/2017 10:28,12/15/2017 10:28,12/18/2017 18:13,12/19/2017 14:00,12/20/2017 15:48,1748.08,2000.0,-251.92,636.0,RFR,,,False,0,Carrier 1240315,Shipper 1375,True,True,True,12/19/2017 14:00,12/20/2017 13:00,False,False,False,False,False,False,False,False,Aurora,CO ,Aurora,CO 
3457,206484081,12/15/2017 10:28,12/15/2017 10:28,12/18/2017 18:13,12/19/2017 14:00,12/20/2017 15:48,1748.08,2000.0,-251.92,636.0,RFR,,,False,0,Carrier 1240315,Shipper 1386,True,True,True,12/19/2017 14:00,12/20/2017 13:00,False,False,False,False,False,False,False,False,Aurora,CO ,Aurora,CO 
3458,206484081,12/15/2017 10:28,12/15/2017 10:28,12/18/2017 18:13,12/19/2017 14:00,12/20/2017 15:48,1748.08,2000.0,-251.92,636.0,RFR,,,False,0,Carrier 1240315,Shipper 1248,True,True,True,12/19/2017 14:00,12/20/2017 13:00,False,False,False,False,False,False,False,False,Aurora,CO ,Aurora,CO 
3459,206484081,12/15/2017 10:28,12/15/2017 10:28,12/18/2017 18:13,12/19/2017 14:00,12/20/2017 15:48,1748.08,2000.0,-251.92,636.0,RFR,,,False,0,Carrier 1240315,Shipper 1387,True,True,True,12/19/2017 14:00,12/20/2017 13:00,False,False,False,False,False,False,False,False,Aurora,CO ,Aurora,CO 
3460,206484081,12/15/2017 10:28,12/15/2017 10:28,12/18/2017 18:13,12/19/2017 14:00,12/20/2017 15:48,1748.08,2000.0,-251.92,636.0,RFR,,,False,0,Carrier 1240315,Shipper 1388,True,True,True,12/19/2017 14:00,12/20/2017 13:00,False,False,False,False,False,False,False,False,Aurora,CO ,Aurora,CO 
3461,206539249,8/3/2017 16:18,8/3/2017 16:18,8/7/2017 8:16,8/7/2017 10:00,8/9/2017 10:00,1747.55,1650.0,97.55,1322.0,DRV,,,False,1,Carrier 1283964,Shipper 758,False,True,True,8/7/2017 15:00,8/9/2017 9:00,False,False,False,False,False,False,False,False,Denver,CO ,Denver,CO 
3462,206606369,3/28/2017 16:20,3/28/2017 16:21,3/29/2017 11:39,3/29/2017 14:00,3/31/2017 10:30,1747.44,2150.0,-402.56,1034.9,RFR,,,False,0,Carrier 62451,Shipper 1249,True,True,True,3/29/2017 14:00,3/31/2017 16:00,False,False,False,False,False,False,False,False,Granite City,IL ,Granite City,IL 
3463,206606369,3/28/2017 16:20,3/28/2017 16:21,3/29/2017 11:39,3/29/2017 14:00,3/31/2017 10:30,1747.44,2150.0,-402.56,1034.9,RFR,,,False,0,Carrier 62451,Shipper 1375,True,True,True,3/29/2017 14:00,3/31/2017 16:00,False,False,False,False,False,False,False,False,Granite City,IL ,Granite City,IL 
3464,206606369,3/28/2017 16:20,3/28/2017 16:21,3/29/2017 11:39,3/29/2017 14:00,3/31/2017 10:30,1747.44,2150.0,-402.56,1034.9,RFR,,,False,0,Carrier 62451,Shipper 1386,True,True,True,3/29/2017 14:00,3/31/2017 16:00,False,False,False,False,False,False,False,False,Granite City,IL ,Granite City,IL 
3465,206606369,3/28/2017 16:20,3/28/2017 16:21,3/29/2017 11:39,3/29/2017 14:00,3/31/2017 10:30,1747.44,2150.0,-402.56,1034.9,RFR,,,False,0,Carrier 62451,Shipper 1248,True,True,True,3/29/2017 14:00,3/31/2017 16:00,False,False,False,False,False,False,False,False,Granite City,IL ,Granite City,IL 
3466,206606369,3/28/2017 16:20,3/28/2017 16:21,3/29/2017 11:39,3/29/2017 14:00,3/31/2017 10:30,1747.44,2150.0,-402.56,1034.9,RFR,,,False,0,Carrier 62451,Shipper 1387,True,True,True,3/29/2017 14:00,3/31/2017 16:00,False,False,False,False,False,False,False,False,Granite City,IL ,Granite City,IL 
3467,206606369,3/28/2017 16:20,3/28/2017 16:21,3/29/2017 11:39,3/29/2017 14:00,3/31/2017 10:30,1747.44,2150.0,-402.56,1034.9,RFR,,,False,0,Carrier 62451,Shipper 1388,True,True,True,3/29/2017 14:00,3/31/2017 16:00,False,False,False,False,False,False,False,False,Granite City,IL ,Granite City,IL 
3468,206689817,4/7/2017 16:33,4/7/2017 16:33,4/12/2017 10:42,4/12/2017 19:00,4/14/2017 11:30,1746.41,2100.0,-353.59,643.9,RFR,3.0,,False,0,Carrier 1645721,Shipper 1249,True,True,True,4/12/2017 19:00,4/13/2017 16:00,False,False,False,False,False,False,False,False,Granite City,IL ,Granite City,IL 
3469,206689817,4/7/2017 16:33,4/7/2017 16:33,4/12/2017 10:42,4/12/2017 19:00,4/14/2017 11:30,1746.41,2100.0,-353.59,643.9,RFR,3.0,,False,0,Carrier 1645721,Shipper 1375,True,True,True,4/12/2017 19:00,4/13/2017 16:00,False,False,False,False,False,False,False,False,Granite City,IL ,Granite City,IL 
3470,206689817,4/7/2017 16:33,4/7/2017 16:33,4/12/2017 10:42,4/12/2017 19:00,4/14/2017 11:30,1746.41,2100.0,-353.59,643.9,RFR,3.0,,False,0,Carrier 1645721,Shipper 1386,True,True,True,4/12/2017 19:00,4/13/2017 16:00,False,False,False,False,False,False,False,False,Granite City,IL ,Granite City,IL 
3471,206689817,4/7/2017 16:33,4/7/2017 16:33,4/12/2017 10:42,4/12/2017 19:00,4/14/2017 11:30,1746.41,2100.0,-353.59,643.9,RFR,3.0,,False,0,Carrier 1645721,Shipper 1248,True,True,True,4/12/2017 19:00,4/13/2017 16:00,False,False,False,False,False,False,False,False,Granite City,IL ,Granite City,IL 
3472,206689817,4/7/2017 16:33,4/7/2017 16:33,4/12/2017 10:42,4/12/2017 19:00,4/14/2017 11:30,1746.41,2100.0,-353.59,643.9,RFR,3.0,,False,0,Carrier 1645721,Shipper 1387,True,True,True,4/12/2017 19:00,4/13/2017 16:00,False,False,False,False,False,False,False,False,Granite City,IL ,Granite City,IL 
3473,206689817,4/7/2017 16:33,4/7/2017 16:33,4/12/2017 10:42,4/12/2017 19:00,4/14/2017 11:30,1746.41,2100.0,-353.59,643.9,RFR,3.0,,False,0,Carrier 1645721,Shipper 1388,True,True,True,4/12/2017 19:00,4/13/2017 16:00,False,False,False,False,False,False,False,False,Granite City,IL ,Granite City,IL 
3474,206507601,4/7/2017 16:43,4/7/2017 16:44,4/13/2017 16:56,4/14/2017 13:00,4/17/2017 16:00,1744.31,2000.0,-255.69,963.3,RFR,4.0,,False,0,Carrier 1450227,Shipper 1249,True,True,True,4/14/2017 13:00,4/18/2017 13:00,False,False,False,False,False,False,False,False,Colonial Heights,VA ,Colonial Heights,VA 
3475,206507601,4/7/2017 16:43,4/7/2017 16:44,4/13/2017 16:56,4/14/2017 13:00,4/17/2017 16:00,1744.31,2000.0,-255.69,963.3,RFR,4.0,,False,0,Carrier 1450227,Shipper 1375,True,True,True,4/14/2017 13:00,4/18/2017 13:00,False,False,False,False,False,False,False,False,Colonial Heights,VA ,Colonial Heights,VA 
3476,206507601,4/7/2017 16:43,4/7/2017 16:44,4/13/2017 16:56,4/14/2017 13:00,4/17/2017 16:00,1744.31,2000.0,-255.69,963.3,RFR,4.0,,False,0,Carrier 1450227,Shipper 1386,True,True,True,4/14/2017 13:00,4/18/2017 13:00,False,False,False,False,False,False,False,False,Colonial Heights,VA ,Colonial Heights,VA 
3477,206507601,4/7/2017 16:43,4/7/2017 16:44,4/13/2017 16:56,4/14/2017 13:00,4/17/2017 16:00,1744.31,2000.0,-255.69,963.3,RFR,4.0,,False,0,Carrier 1450227,Shipper 1248,True,True,True,4/14/2017 13:00,4/18/2017 13:00,False,False,False,False,False,False,False,False,Colonial Heights,VA ,Colonial Heights,VA 
3478,206507601,4/7/2017 16:43,4/7/2017 16:44,4/13/2017 16:56,4/14/2017 13:00,4/17/2017 16:00,1744.31,2000.0,-255.69,963.3,RFR,4.0,,False,0,Carrier 1450227,Shipper 1387,True,True,True,4/14/2017 13:00,4/18/2017 13:00,False,False,False,False,False,False,False,False,Colonial Heights,VA ,Colonial Heights,VA 
3479,206507601,4/7/2017 16:43,4/7/2017 16:44,4/13/2017 16:56,4/14/2017 13:00,4/17/2017 16:00,1744.31,2000.0,-255.69,963.3,RFR,4.0,,False,0,Carrier 1450227,Shipper 1388,True,True,True,4/14/2017 13:00,4/18/2017 13:00,False,False,False,False,False,False,False,False,Colonial Heights,VA ,Colonial Heights,VA 
3480,206481497,10/10/2017 15:20,10/10/2017 15:20,10/11/2017 9:21,10/11/2017 14:00,10/12/2017 11:00,1744.2,1750.0,-5.8,608.8,DRV,,,False,0,Carrier 1445198,Shipper 1644,True,True,True,10/11/2017 14:00,10/12/2017 12:30,False,False,False,False,False,False,False,False,Decatur,IN ,Decatur,IN 
3481,206556737,10/30/2017 14:24,10/30/2017 14:24,10/30/2017 14:49,10/30/2017 15:00,10/31/2017 8:00,1740.03,1300.0,440.03,252.1,DRV,,,False,0,Carrier 1360188,Shipper 1249,True,True,True,10/30/2017 23:00,10/31/2017 20:00,False,False,False,False,False,False,False,False,Newark,NJ ,Newark,NJ 
3482,206556737,10/30/2017 14:24,10/30/2017 14:24,10/30/2017 14:49,10/30/2017 15:00,10/31/2017 8:00,1740.03,1300.0,440.03,252.1,DRV,,,False,0,Carrier 1360188,Shipper 1375,True,True,True,10/30/2017 23:00,10/31/2017 20:00,False,False,False,False,False,False,False,False,Newark,NJ ,Newark,NJ 
3483,206556737,10/30/2017 14:24,10/30/2017 14:24,10/30/2017 14:49,10/30/2017 15:00,10/31/2017 8:00,1740.03,1300.0,440.03,252.1,DRV,,,False,0,Carrier 1360188,Shipper 1386,True,True,True,10/30/2017 23:00,10/31/2017 20:00,False,False,False,False,False,False,False,False,Newark,NJ ,Newark,NJ 
3484,206556737,10/30/2017 14:24,10/30/2017 14:24,10/30/2017 14:49,10/30/2017 15:00,10/31/2017 8:00,1740.03,1300.0,440.03,252.1,DRV,,,False,0,Carrier 1360188,Shipper 1248,True,True,True,10/30/2017 23:00,10/31/2017 20:00,False,False,False,False,False,False,False,False,Newark,NJ ,Newark,NJ 
3485,206556737,10/30/2017 14:24,10/30/2017 14:24,10/30/2017 14:49,10/30/2017 15:00,10/31/2017 8:00,1740.03,1300.0,440.03,252.1,DRV,,,False,0,Carrier 1360188,Shipper 1387,True,True,True,10/30/2017 23:00,10/31/2017 20:00,False,False,False,False,False,False,False,False,Newark,NJ ,Newark,NJ 
3486,206556737,10/30/2017 14:24,10/30/2017 14:24,10/30/2017 14:49,10/30/2017 15:00,10/31/2017 8:00,1740.03,1300.0,440.03,252.1,DRV,,,False,0,Carrier 1360188,Shipper 1388,True,True,True,10/30/2017 23:00,10/31/2017 20:00,False,False,False,False,False,False,False,False,Newark,NJ ,Newark,NJ 
3487,206543881,9/13/2017 16:27,9/13/2017 16:27,9/18/2017 13:33,9/19/2017 21:00,9/20/2017 23:30,1737.08,1550.0,187.08,437.7,RFR,,,False,0,Carrier 17835,Shipper 1249,True,False,True,9/19/2017 21:00,9/20/2017 11:00,False,False,False,False,False,False,False,False,Aurora,CO ,Aurora,CO 
3488,206543881,9/13/2017 16:27,9/13/2017 16:27,9/18/2017 13:33,9/19/2017 21:00,9/20/2017 23:30,1737.08,1550.0,187.08,437.7,RFR,,,False,0,Carrier 17835,Shipper 1375,True,False,True,9/19/2017 21:00,9/20/2017 11:00,False,False,False,False,False,False,False,False,Aurora,CO ,Aurora,CO 
3489,206543881,9/13/2017 16:27,9/13/2017 16:27,9/18/2017 13:33,9/19/2017 21:00,9/20/2017 23:30,1737.08,1550.0,187.08,437.7,RFR,,,False,0,Carrier 17835,Shipper 1386,True,False,True,9/19/2017 21:00,9/20/2017 11:00,False,False,False,False,False,False,False,False,Aurora,CO ,Aurora,CO 
3490,206543881,9/13/2017 16:27,9/13/2017 16:27,9/18/2017 13:33,9/19/2017 21:00,9/20/2017 23:30,1737.08,1550.0,187.08,437.7,RFR,,,False,0,Carrier 17835,Shipper 1248,True,False,True,9/19/2017 21:00,9/20/2017 11:00,False,False,False,False,False,False,False,False,Aurora,CO ,Aurora,CO 
3491,206543881,9/13/2017 16:27,9/13/2017 16:27,9/18/2017 13:33,9/19/2017 21:00,9/20/2017 23:30,1737.08,1550.0,187.08,437.7,RFR,,,False,0,Carrier 17835,Shipper 1387,True,False,True,9/19/2017 21:00,9/20/2017 11:00,False,False,False,False,False,False,False,False,Aurora,CO ,Aurora,CO 
3492,206543881,9/13/2017 16:27,9/13/2017 16:27,9/18/2017 13:33,9/19/2017 21:00,9/20/2017 23:30,1737.08,1550.0,187.08,437.7,RFR,,,False,0,Carrier 17835,Shipper 1388,True,False,True,9/19/2017 21:00,9/20/2017 11:00,False,False,False,False,False,False,False,False,Aurora,CO ,Aurora,CO 
3493,206475209,9/26/2017 16:44,9/26/2017 16:44,9/28/2017 12:01,9/28/2017 17:00,9/30/2017 10:20,1734.02,1650.0,84.02,462.0,DRV,,,False,0,Carrier 1053029,Shipper 1249,True,True,True,9/28/2017 17:00,9/30/2017 9:00,False,False,False,False,False,False,False,False,Granite City,IL ,Granite City,IL 
3494,206475209,9/26/2017 16:44,9/26/2017 16:44,9/28/2017 12:01,9/28/2017 17:00,9/30/2017 10:20,1734.02,1650.0,84.02,462.0,DRV,,,False,0,Carrier 1053029,Shipper 1375,True,True,True,9/28/2017 17:00,9/30/2017 9:00,False,False,False,False,False,False,False,False,Granite City,IL ,Granite City,IL 
3495,206475209,9/26/2017 16:44,9/26/2017 16:44,9/28/2017 12:01,9/28/2017 17:00,9/30/2017 10:20,1734.02,1650.0,84.02,462.0,DRV,,,False,0,Carrier 1053029,Shipper 1386,True,True,True,9/28/2017 17:00,9/30/2017 9:00,False,False,False,False,False,False,False,False,Granite City,IL ,Granite City,IL 
3496,206475209,9/26/2017 16:44,9/26/2017 16:44,9/28/2017 12:01,9/28/2017 17:00,9/30/2017 10:20,1734.02,1650.0,84.02,462.0,DRV,,,False,0,Carrier 1053029,Shipper 1248,True,True,True,9/28/2017 17:00,9/30/2017 9:00,False,False,False,False,False,False,False,False,Granite City,IL ,Granite City,IL 
3497,206475209,9/26/2017 16:44,9/26/2017 16:44,9/28/2017 12:01,9/28/2017 17:00,9/30/2017 10:20,1734.02,1650.0,84.02,462.0,DRV,,,False,0,Carrier 1053029,Shipper 1387,True,True,True,9/28/2017 17:00,9/30/2017 9:00,False,False,False,False,False,False,False,False,Granite City,IL ,Granite City,IL 
3498,206475209,9/26/2017 16:44,9/26/2017 16:44,9/28/2017 12:01,9/28/2017 17:00,9/30/2017 10:20,1734.02,1650.0,84.02,462.0,DRV,,,False,0,Carrier 1053029,Shipper 1388,True,True,True,9/28/2017 17:00,9/30/2017 9:00,False,False,False,False,False,False,False,False,Granite City,IL ,Granite City,IL 
3499,206567489,10/3/2017 16:22,10/3/2017 16:22,10/4/2017 8:16,10/4/2017 7:00,10/5/2017 12:00,1732.81,1200.0,532.81,252.1,DRV,,,False,0,Carrier 1022388,Shipper 1249,True,True,True,10/4/2017 15:00,10/5/2017 23:00,False,False,False,False,False,False,False,False,Baldwinsville,NY ,Baldwinsville,NY 
3500,206567489,10/3/2017 16:22,10/3/2017 16:22,10/4/2017 8:16,10/4/2017 7:00,10/5/2017 12:00,1732.81,1200.0,532.81,252.1,DRV,,,False,0,Carrier 1022388,Shipper 1375,True,True,True,10/4/2017 15:00,10/5/2017 23:00,False,False,False,False,False,False,False,False,Baldwinsville,NY ,Baldwinsville,NY 
3501,206567489,10/3/2017 16:22,10/3/2017 16:22,10/4/2017 8:16,10/4/2017 7:00,10/5/2017 12:00,1732.81,1200.0,532.81,252.1,DRV,,,False,0,Carrier 1022388,Shipper 1386,True,True,True,10/4/2017 15:00,10/5/2017 23:00,False,False,False,False,False,False,False,False,Baldwinsville,NY ,Baldwinsville,NY 
3502,206567489,10/3/2017 16:22,10/3/2017 16:22,10/4/2017 8:16,10/4/2017 7:00,10/5/2017 12:00,1732.81,1200.0,532.81,252.1,DRV,,,False,0,Carrier 1022388,Shipper 1248,True,True,True,10/4/2017 15:00,10/5/2017 23:00,False,False,False,False,False,False,False,False,Baldwinsville,NY ,Baldwinsville,NY 
3503,206567489,10/3/2017 16:22,10/3/2017 16:22,10/4/2017 8:16,10/4/2017 7:00,10/5/2017 12:00,1732.81,1200.0,532.81,252.1,DRV,,,False,0,Carrier 1022388,Shipper 1387,True,True,True,10/4/2017 15:00,10/5/2017 23:00,False,False,False,False,False,False,False,False,Baldwinsville,NY ,Baldwinsville,NY 
3504,206567489,10/3/2017 16:22,10/3/2017 16:22,10/4/2017 8:16,10/4/2017 7:00,10/5/2017 12:00,1732.81,1200.0,532.81,252.1,DRV,,,False,0,Carrier 1022388,Shipper 1388,True,True,True,10/4/2017 15:00,10/5/2017 23:00,False,False,False,False,False,False,False,False,Baldwinsville,NY ,Baldwinsville,NY 
3505,206544809,8/22/2017 16:16,8/22/2017 16:16,8/23/2017 15:26,8/24/2017 17:00,8/25/2017 17:20,1732.6,1500.0,232.6,772.9,RFR,,,False,0,Carrier 432508,Shipper 1249,True,True,True,8/24/2017 17:00,8/26/2017 19:00,False,False,False,False,False,False,False,False,Fort Collins,CO ,Fort Collins,CO 
3506,206544809,8/22/2017 16:16,8/22/2017 16:16,8/23/2017 15:26,8/24/2017 17:00,8/25/2017 17:20,1732.6,1500.0,232.6,772.9,RFR,,,False,0,Carrier 432508,Shipper 1375,True,True,True,8/24/2017 17:00,8/26/2017 19:00,False,False,False,False,False,False,False,False,Fort Collins,CO ,Fort Collins,CO 
3507,206544809,8/22/2017 16:16,8/22/2017 16:16,8/23/2017 15:26,8/24/2017 17:00,8/25/2017 17:20,1732.6,1500.0,232.6,772.9,RFR,,,False,0,Carrier 432508,Shipper 1386,True,True,True,8/24/2017 17:00,8/26/2017 19:00,False,False,False,False,False,False,False,False,Fort Collins,CO ,Fort Collins,CO 
3508,206544809,8/22/2017 16:16,8/22/2017 16:16,8/23/2017 15:26,8/24/2017 17:00,8/25/2017 17:20,1732.6,1500.0,232.6,772.9,RFR,,,False,0,Carrier 432508,Shipper 1248,True,True,True,8/24/2017 17:00,8/26/2017 19:00,False,False,False,False,False,False,False,False,Fort Collins,CO ,Fort Collins,CO 
3509,206544809,8/22/2017 16:16,8/22/2017 16:16,8/23/2017 15:26,8/24/2017 17:00,8/25/2017 17:20,1732.6,1500.0,232.6,772.9,RFR,,,False,0,Carrier 432508,Shipper 1387,True,True,True,8/24/2017 17:00,8/26/2017 19:00,False,False,False,False,False,False,False,False,Fort Collins,CO ,Fort Collins,CO 
3510,206544809,8/22/2017 16:16,8/22/2017 16:16,8/23/2017 15:26,8/24/2017 17:00,8/25/2017 17:20,1732.6,1500.0,232.6,772.9,RFR,,,False,0,Carrier 432508,Shipper 1388,True,True,True,8/24/2017 17:00,8/26/2017 19:00,False,False,False,False,False,False,False,False,Fort Collins,CO ,Fort Collins,CO 
3511,206550769,4/10/2017 17:32,4/10/2017 17:32,4/11/2017 15:03,4/12/2017 4:00,4/14/2017 8:06,1731.56,1900.0,-168.44,840.6,RFR,,,False,0,Carrier 925702,Shipper 1249,False,True,False,4/12/2017 4:00,4/14/2017 6:45,False,False,False,False,False,False,False,False,Colonial Heights,VA ,Colonial Heights,VA 
3512,206550769,4/10/2017 17:32,4/10/2017 17:32,4/11/2017 15:03,4/12/2017 4:00,4/14/2017 8:06,1731.56,1900.0,-168.44,840.6,RFR,,,False,0,Carrier 925702,Shipper 1375,False,True,False,4/12/2017 4:00,4/14/2017 6:45,False,False,False,False,False,False,False,False,Colonial Heights,VA ,Colonial Heights,VA 
3513,206550769,4/10/2017 17:32,4/10/2017 17:32,4/11/2017 15:03,4/12/2017 4:00,4/14/2017 8:06,1731.56,1900.0,-168.44,840.6,RFR,,,False,0,Carrier 925702,Shipper 1386,False,True,False,4/12/2017 4:00,4/14/2017 6:45,False,False,False,False,False,False,False,False,Colonial Heights,VA ,Colonial Heights,VA 
3514,206550769,4/10/2017 17:32,4/10/2017 17:32,4/11/2017 15:03,4/12/2017 4:00,4/14/2017 8:06,1731.56,1900.0,-168.44,840.6,RFR,,,False,0,Carrier 925702,Shipper 1248,False,True,False,4/12/2017 4:00,4/14/2017 6:45,False,False,False,False,False,False,False,False,Colonial Heights,VA ,Colonial Heights,VA 
3515,206550769,4/10/2017 17:32,4/10/2017 17:32,4/11/2017 15:03,4/12/2017 4:00,4/14/2017 8:06,1731.56,1900.0,-168.44,840.6,RFR,,,False,0,Carrier 925702,Shipper 1387,False,True,False,4/12/2017 4:00,4/14/2017 6:45,False,False,False,False,False,False,False,False,Colonial Heights,VA ,Colonial Heights,VA 
3516,206550769,4/10/2017 17:32,4/10/2017 17:32,4/11/2017 15:03,4/12/2017 4:00,4/14/2017 8:06,1731.56,1900.0,-168.44,840.6,RFR,,,False,0,Carrier 925702,Shipper 1388,False,True,False,4/12/2017 4:00,4/14/2017 6:45,False,False,False,False,False,False,False,False,Colonial Heights,VA ,Colonial Heights,VA 
3517,206501481,3/8/2017 15:02,3/8/2017 15:02,3/13/2017 10:22,3/13/2017 18:00,3/15/2017 5:31,1729.76,1463.0,266.76,809.8,DRV,3.0,,False,0,Carrier 1451271,Shipper 758,True,True,True,3/13/2017 18:00,3/15/2017 2:00,False,False,False,False,False,False,False,False,Idaho Falls,ID ,Idaho Falls,ID 
3518,206537545,11/9/2017 17:34,11/9/2017 17:34,11/10/2017 11:55,11/12/2017 15:00,11/13/2017 14:25,1727.83,1540.0,187.83,402.2,RFR,,,False,0,Carrier 73029,Shipper 1249,True,True,True,11/12/2017 15:00,11/13/2017 17:00,False,False,False,False,False,False,False,False,Fort Collins,CO ,Fort Collins,CO 
3519,206537545,11/9/2017 17:34,11/9/2017 17:34,11/10/2017 11:55,11/12/2017 15:00,11/13/2017 14:25,1727.83,1540.0,187.83,402.2,RFR,,,False,0,Carrier 73029,Shipper 1375,True,True,True,11/12/2017 15:00,11/13/2017 17:00,False,False,False,False,False,False,False,False,Fort Collins,CO ,Fort Collins,CO 
3520,206537545,11/9/2017 17:34,11/9/2017 17:34,11/10/2017 11:55,11/12/2017 15:00,11/13/2017 14:25,1727.83,1540.0,187.83,402.2,RFR,,,False,0,Carrier 73029,Shipper 1386,True,True,True,11/12/2017 15:00,11/13/2017 17:00,False,False,False,False,False,False,False,False,Fort Collins,CO ,Fort Collins,CO 
3521,206537545,11/9/2017 17:34,11/9/2017 17:34,11/10/2017 11:55,11/12/2017 15:00,11/13/2017 14:25,1727.83,1540.0,187.83,402.2,RFR,,,False,0,Carrier 73029,Shipper 1248,True,True,True,11/12/2017 15:00,11/13/2017 17:00,False,False,False,False,False,False,False,False,Fort Collins,CO ,Fort Collins,CO 
3522,206537545,11/9/2017 17:34,11/9/2017 17:34,11/10/2017 11:55,11/12/2017 15:00,11/13/2017 14:25,1727.83,1540.0,187.83,402.2,RFR,,,False,0,Carrier 73029,Shipper 1387,True,True,True,11/12/2017 15:00,11/13/2017 17:00,False,False,False,False,False,False,False,False,Fort Collins,CO ,Fort Collins,CO 
3523,206537545,11/9/2017 17:34,11/9/2017 17:34,11/10/2017 11:55,11/12/2017 15:00,11/13/2017 14:25,1727.83,1540.0,187.83,402.2,RFR,,,False,0,Carrier 73029,Shipper 1388,True,True,True,11/12/2017 15:00,11/13/2017 17:00,False,False,False,False,False,False,False,False,Fort Collins,CO ,Fort Collins,CO 
3524,206426777,10/10/2017 12:51,10/10/2017 12:52,10/11/2017 16:58,10/17/2017 13:00,10/19/2017 9:35,1725.2,1700.0,25.2,799.2,DRV,,,False,0,Carrier 644327,Shipper 758,True,True,True,10/17/2017 13:00,10/19/2017 9:00,False,False,False,False,False,False,False,False,Idaho Falls,ID ,Idaho Falls,ID 
3525,206622953,10/11/2017 9:27,10/11/2017 9:27,10/13/2017 11:15,10/13/2017 15:00,10/16/2017 19:15,1722.92,1800.0,-77.08,463.2,DRV,,,False,0,Carrier 1561682,Shipper 1644,True,True,True,10/13/2017 15:00,10/16/2017 18:15,False,False,False,False,False,False,False,False,Mount Airy,NC ,Mount Airy,NC 
3526,206496465,8/31/2017 15:30,8/31/2017 15:30,9/11/2017 8:48,9/11/2017 18:00,9/13/2017 13:45,1718.75,1710.0,8.75,780.5,DRV,,,False,0,Carrier 1407031,Shipper 758,True,True,True,9/11/2017 18:00,9/13/2017 8:00,False,False,False,False,False,False,False,False,Idaho Falls,ID ,Idaho Falls,ID 
3527,206537521,9/8/2017 19:16,9/8/2017 19:16,9/12/2017 12:42,9/13/2017 14:00,9/14/2017 6:30,1718.67,1000.0,718.67,179.3,DRV,,,False,0,Carrier 1032825,Shipper 1249,True,True,True,9/13/2017 14:00,9/14/2017 4:00,False,False,False,False,False,False,False,False,Carlisle,PA ,Carlisle,PA 
3528,206537521,9/8/2017 19:16,9/8/2017 19:16,9/12/2017 12:42,9/13/2017 14:00,9/14/2017 6:30,1718.67,1000.0,718.67,179.3,DRV,,,False,0,Carrier 1032825,Shipper 1375,True,True,True,9/13/2017 14:00,9/14/2017 4:00,False,False,False,False,False,False,False,False,Carlisle,PA ,Carlisle,PA 
3529,206537521,9/8/2017 19:16,9/8/2017 19:16,9/12/2017 12:42,9/13/2017 14:00,9/14/2017 6:30,1718.67,1000.0,718.67,179.3,DRV,,,False,0,Carrier 1032825,Shipper 1386,True,True,True,9/13/2017 14:00,9/14/2017 4:00,False,False,False,False,False,False,False,False,Carlisle,PA ,Carlisle,PA 
3530,206537521,9/8/2017 19:16,9/8/2017 19:16,9/12/2017 12:42,9/13/2017 14:00,9/14/2017 6:30,1718.67,1000.0,718.67,179.3,DRV,,,False,0,Carrier 1032825,Shipper 1248,True,True,True,9/13/2017 14:00,9/14/2017 4:00,False,False,False,False,False,False,False,False,Carlisle,PA ,Carlisle,PA 
3531,206537521,9/8/2017 19:16,9/8/2017 19:16,9/12/2017 12:42,9/13/2017 14:00,9/14/2017 6:30,1718.67,1000.0,718.67,179.3,DRV,,,False,0,Carrier 1032825,Shipper 1387,True,True,True,9/13/2017 14:00,9/14/2017 4:00,False,False,False,False,False,False,False,False,Carlisle,PA ,Carlisle,PA 
3532,206537521,9/8/2017 19:16,9/8/2017 19:16,9/12/2017 12:42,9/13/2017 14:00,9/14/2017 6:30,1718.67,1000.0,718.67,179.3,DRV,,,False,0,Carrier 1032825,Shipper 1388,True,True,True,9/13/2017 14:00,9/14/2017 4:00,False,False,False,False,False,False,False,False,Carlisle,PA ,Carlisle,PA 
3533,206492857,9/18/2017 16:52,9/18/2017 16:52,9/19/2017 15:39,9/20/2017 11:00,9/21/2017 9:00,1718.04,1500.0,218.04,450.3,RFR,,,False,0,Carrier 1508367,Shipper 1249,True,True,True,9/20/2017 11:00,9/21/2017 15:00,False,False,False,False,False,False,False,False,Granite City,IL ,Granite City,IL 
3534,206492857,9/18/2017 16:52,9/18/2017 16:52,9/19/2017 15:39,9/20/2017 11:00,9/21/2017 9:00,1718.04,1500.0,218.04,450.3,RFR,,,False,0,Carrier 1508367,Shipper 1375,True,True,True,9/20/2017 11:00,9/21/2017 15:00,False,False,False,False,False,False,False,False,Granite City,IL ,Granite City,IL 
3535,206492857,9/18/2017 16:52,9/18/2017 16:52,9/19/2017 15:39,9/20/2017 11:00,9/21/2017 9:00,1718.04,1500.0,218.04,450.3,RFR,,,False,0,Carrier 1508367,Shipper 1386,True,True,True,9/20/2017 11:00,9/21/2017 15:00,False,False,False,False,False,False,False,False,Granite City,IL ,Granite City,IL 
3536,206492857,9/18/2017 16:52,9/18/2017 16:52,9/19/2017 15:39,9/20/2017 11:00,9/21/2017 9:00,1718.04,1500.0,218.04,450.3,RFR,,,False,0,Carrier 1508367,Shipper 1248,True,True,True,9/20/2017 11:00,9/21/2017 15:00,False,False,False,False,False,False,False,False,Granite City,IL ,Granite City,IL 
3537,206492857,9/18/2017 16:52,9/18/2017 16:52,9/19/2017 15:39,9/20/2017 11:00,9/21/2017 9:00,1718.04,1500.0,218.04,450.3,RFR,,,False,0,Carrier 1508367,Shipper 1387,True,True,True,9/20/2017 11:00,9/21/2017 15:00,False,False,False,False,False,False,False,False,Granite City,IL ,Granite City,IL 
3538,206492857,9/18/2017 16:52,9/18/2017 16:52,9/19/2017 15:39,9/20/2017 11:00,9/21/2017 9:00,1718.04,1500.0,218.04,450.3,RFR,,,False,0,Carrier 1508367,Shipper 1388,True,True,True,9/20/2017 11:00,9/21/2017 15:00,False,False,False,False,False,False,False,False,Granite City,IL ,Granite City,IL 
3539,206598401,6/9/2017 16:25,6/9/2017 16:26,6/12/2017 11:12,6/13/2017 14:00,6/14/2017 11:53,1716.46,1700.0,16.46,601.0,DRV,,,False,0,Carrier 978458,Shipper 1249,True,True,True,6/13/2017 14:00,6/14/2017 9:00,False,False,False,False,False,False,False,False,Houston,TX ,Houston,TX 
3540,206598401,6/9/2017 16:25,6/9/2017 16:26,6/12/2017 11:12,6/13/2017 14:00,6/14/2017 11:53,1716.46,1700.0,16.46,601.0,DRV,,,False,0,Carrier 978458,Shipper 1375,True,True,True,6/13/2017 14:00,6/14/2017 9:00,False,False,False,False,False,False,False,False,Houston,TX ,Houston,TX 
3541,206598401,6/9/2017 16:25,6/9/2017 16:26,6/12/2017 11:12,6/13/2017 14:00,6/14/2017 11:53,1716.46,1700.0,16.46,601.0,DRV,,,False,0,Carrier 978458,Shipper 1386,True,True,True,6/13/2017 14:00,6/14/2017 9:00,False,False,False,False,False,False,False,False,Houston,TX ,Houston,TX 
3542,206598401,6/9/2017 16:25,6/9/2017 16:26,6/12/2017 11:12,6/13/2017 14:00,6/14/2017 11:53,1716.46,1700.0,16.46,601.0,DRV,,,False,0,Carrier 978458,Shipper 1248,True,True,True,6/13/2017 14:00,6/14/2017 9:00,False,False,False,False,False,False,False,False,Houston,TX ,Houston,TX 
3543,206598401,6/9/2017 16:25,6/9/2017 16:26,6/12/2017 11:12,6/13/2017 14:00,6/14/2017 11:53,1716.46,1700.0,16.46,601.0,DRV,,,False,0,Carrier 978458,Shipper 1387,True,True,True,6/13/2017 14:00,6/14/2017 9:00,False,False,False,False,False,False,False,False,Houston,TX ,Houston,TX 
3544,206598401,6/9/2017 16:25,6/9/2017 16:26,6/12/2017 11:12,6/13/2017 14:00,6/14/2017 11:53,1716.46,1700.0,16.46,601.0,DRV,,,False,0,Carrier 978458,Shipper 1388,True,True,True,6/13/2017 14:00,6/14/2017 9:00,False,False,False,False,False,False,False,False,Houston,TX ,Houston,TX 
3545,206665305,9/20/2017 16:49,9/20/2017 16:49,9/21/2017 13:46,9/24/2017 14:00,9/25/2017 11:20,1713.38,1500.0,213.38,387.8,DRV,,,False,0,Carrier 669788,Shipper 1249,True,True,True,9/24/2017 14:00,9/25/2017 12:00,False,False,False,False,False,False,False,False,Newark,NJ ,Newark,NJ 
3546,206665305,9/20/2017 16:49,9/20/2017 16:49,9/21/2017 13:46,9/24/2017 14:00,9/25/2017 11:20,1713.38,1500.0,213.38,387.8,DRV,,,False,0,Carrier 669788,Shipper 1375,True,True,True,9/24/2017 14:00,9/25/2017 12:00,False,False,False,False,False,False,False,False,Newark,NJ ,Newark,NJ 
3547,206665305,9/20/2017 16:49,9/20/2017 16:49,9/21/2017 13:46,9/24/2017 14:00,9/25/2017 11:20,1713.38,1500.0,213.38,387.8,DRV,,,False,0,Carrier 669788,Shipper 1386,True,True,True,9/24/2017 14:00,9/25/2017 12:00,False,False,False,False,False,False,False,False,Newark,NJ ,Newark,NJ 
3548,206665305,9/20/2017 16:49,9/20/2017 16:49,9/21/2017 13:46,9/24/2017 14:00,9/25/2017 11:20,1713.38,1500.0,213.38,387.8,DRV,,,False,0,Carrier 669788,Shipper 1248,True,True,True,9/24/2017 14:00,9/25/2017 12:00,False,False,False,False,False,False,False,False,Newark,NJ ,Newark,NJ 
3549,206665305,9/20/2017 16:49,9/20/2017 16:49,9/21/2017 13:46,9/24/2017 14:00,9/25/2017 11:20,1713.38,1500.0,213.38,387.8,DRV,,,False,0,Carrier 669788,Shipper 1387,True,True,True,9/24/2017 14:00,9/25/2017 12:00,False,False,False,False,False,False,False,False,Newark,NJ ,Newark,NJ 
3550,206665305,9/20/2017 16:49,9/20/2017 16:49,9/21/2017 13:46,9/24/2017 14:00,9/25/2017 11:20,1713.38,1500.0,213.38,387.8,DRV,,,False,0,Carrier 669788,Shipper 1388,True,True,True,9/24/2017 14:00,9/25/2017 12:00,False,False,False,False,False,False,False,False,Newark,NJ ,Newark,NJ 
3551,206466881,12/18/2017 17:21,12/18/2017 17:21,12/19/2017 16:11,12/19/2017 17:00,12/21/2017 5:00,1713.0,2000.0,-287.0,795.3,DRV,,,False,1,Carrier 1695796,Shipper 1249,True,True,True,12/19/2017 17:00,12/21/2017 4:00,False,False,False,False,False,False,False,False,Cartersville,GA ,Cartersville,GA 
3552,206466881,12/18/2017 17:21,12/18/2017 17:21,12/19/2017 16:11,12/19/2017 17:00,12/21/2017 5:00,1713.0,2000.0,-287.0,795.3,DRV,,,False,1,Carrier 1695796,Shipper 1375,True,True,True,12/19/2017 17:00,12/21/2017 4:00,False,False,False,False,False,False,False,False,Cartersville,GA ,Cartersville,GA 
3553,206432273,12/18/2017 23:43,12/18/2017 23:43,12/20/2017 14:13,12/20/2017 15:00,12/22/2017 11:00,1713.0,2000.0,-287.0,795.3,DRV,,,False,0,Carrier 1041814,Shipper 1249,True,False,True,12/20/2017 15:00,12/22/2017 5:00,False,False,False,False,False,False,False,False,Cartersville,GA ,Cartersville,GA 
3554,206466881,12/18/2017 17:21,12/18/2017 17:21,12/19/2017 16:11,12/19/2017 17:00,12/21/2017 5:00,1713.0,2000.0,-287.0,795.3,DRV,,,False,1,Carrier 1695796,Shipper 1386,True,True,True,12/19/2017 17:00,12/21/2017 4:00,False,False,False,False,False,False,False,False,Cartersville,GA ,Cartersville,GA 
3555,206432273,12/18/2017 23:43,12/18/2017 23:43,12/20/2017 14:13,12/20/2017 15:00,12/22/2017 11:00,1713.0,2000.0,-287.0,795.3,DRV,,,False,0,Carrier 1041814,Shipper 1375,True,False,True,12/20/2017 15:00,12/22/2017 5:00,False,False,False,False,False,False,False,False,Cartersville,GA ,Cartersville,GA 
3556,206466881,12/18/2017 17:21,12/18/2017 17:21,12/19/2017 16:11,12/19/2017 17:00,12/21/2017 5:00,1713.0,2000.0,-287.0,795.3,DRV,,,False,1,Carrier 1695796,Shipper 1248,True,True,True,12/19/2017 17:00,12/21/2017 4:00,False,False,False,False,False,False,False,False,Cartersville,GA ,Cartersville,GA 
3557,206432273,12/18/2017 23:43,12/18/2017 23:43,12/20/2017 14:13,12/20/2017 15:00,12/22/2017 11:00,1713.0,2000.0,-287.0,795.3,DRV,,,False,0,Carrier 1041814,Shipper 1386,True,False,True,12/20/2017 15:00,12/22/2017 5:00,False,False,False,False,False,False,False,False,Cartersville,GA ,Cartersville,GA 
3558,206466881,12/18/2017 17:21,12/18/2017 17:21,12/19/2017 16:11,12/19/2017 17:00,12/21/2017 5:00,1713.0,2000.0,-287.0,795.3,DRV,,,False,1,Carrier 1695796,Shipper 1387,True,True,True,12/19/2017 17:00,12/21/2017 4:00,False,False,False,False,False,False,False,False,Cartersville,GA ,Cartersville,GA 
3559,206432273,12/18/2017 23:43,12/18/2017 23:43,12/20/2017 14:13,12/20/2017 15:00,12/22/2017 11:00,1713.0,2000.0,-287.0,795.3,DRV,,,False,0,Carrier 1041814,Shipper 1248,True,False,True,12/20/2017 15:00,12/22/2017 5:00,False,False,False,False,False,False,False,False,Cartersville,GA ,Cartersville,GA 
3560,206432273,12/18/2017 23:43,12/18/2017 23:43,12/20/2017 14:13,12/20/2017 15:00,12/22/2017 11:00,1713.0,2000.0,-287.0,795.3,DRV,,,False,0,Carrier 1041814,Shipper 1387,True,False,True,12/20/2017 15:00,12/22/2017 5:00,False,False,False,False,False,False,False,False,Cartersville,GA ,Cartersville,GA 
3561,206432273,12/18/2017 23:43,12/18/2017 23:43,12/20/2017 14:13,12/20/2017 15:00,12/22/2017 11:00,1713.0,2000.0,-287.0,795.3,DRV,,,False,0,Carrier 1041814,Shipper 1388,True,False,True,12/20/2017 15:00,12/22/2017 5:00,False,False,False,False,False,False,False,False,Cartersville,GA ,Cartersville,GA 
3562,206466881,12/18/2017 17:21,12/18/2017 17:21,12/19/2017 16:11,12/19/2017 17:00,12/21/2017 5:00,1713.0,2000.0,-287.0,795.3,DRV,,,False,1,Carrier 1695796,Shipper 1388,True,True,True,12/19/2017 17:00,12/21/2017 4:00,False,False,False,False,False,False,False,False,Cartersville,GA ,Cartersville,GA 
3563,206624257,11/8/2017 16:53,11/8/2017 16:53,11/10/2017 12:38,11/12/2017 14:00,11/13/2017 8:50,1711.99,1500.0,211.99,631.8,RFR,,,False,0,Carrier 1614459,Shipper 1249,True,True,True,11/12/2017 14:00,11/13/2017 13:00,False,False,False,False,False,False,False,False,Fort Collins,CO ,Fort Collins,CO 
3564,206624257,11/8/2017 16:53,11/8/2017 16:53,11/10/2017 12:38,11/12/2017 14:00,11/13/2017 8:50,1711.99,1500.0,211.99,631.8,RFR,,,False,0,Carrier 1614459,Shipper 1375,True,True,True,11/12/2017 14:00,11/13/2017 13:00,False,False,False,False,False,False,False,False,Fort Collins,CO ,Fort Collins,CO 
3565,206624257,11/8/2017 16:53,11/8/2017 16:53,11/10/2017 12:38,11/12/2017 14:00,11/13/2017 8:50,1711.99,1500.0,211.99,631.8,RFR,,,False,0,Carrier 1614459,Shipper 1386,True,True,True,11/12/2017 14:00,11/13/2017 13:00,False,False,False,False,False,False,False,False,Fort Collins,CO ,Fort Collins,CO 
3566,206624257,11/8/2017 16:53,11/8/2017 16:53,11/10/2017 12:38,11/12/2017 14:00,11/13/2017 8:50,1711.99,1500.0,211.99,631.8,RFR,,,False,0,Carrier 1614459,Shipper 1248,True,True,True,11/12/2017 14:00,11/13/2017 13:00,False,False,False,False,False,False,False,False,Fort Collins,CO ,Fort Collins,CO 
3567,206624257,11/8/2017 16:53,11/8/2017 16:53,11/10/2017 12:38,11/12/2017 14:00,11/13/2017 8:50,1711.99,1500.0,211.99,631.8,RFR,,,False,0,Carrier 1614459,Shipper 1387,True,True,True,11/12/2017 14:00,11/13/2017 13:00,False,False,False,False,False,False,False,False,Fort Collins,CO ,Fort Collins,CO 
3568,206624257,11/8/2017 16:53,11/8/2017 16:53,11/10/2017 12:38,11/12/2017 14:00,11/13/2017 8:50,1711.99,1500.0,211.99,631.8,RFR,,,False,0,Carrier 1614459,Shipper 1388,True,True,True,11/12/2017 14:00,11/13/2017 13:00,False,False,False,False,False,False,False,False,Fort Collins,CO ,Fort Collins,CO 
3569,206687569,9/7/2017 15:51,9/7/2017 15:51,9/8/2017 17:03,9/11/2017 15:00,9/13/2017 11:15,1710.9,1540.0,170.9,714.2,RFR,,,False,0,Carrier 951592,Shipper 585,True,True,True,9/11/2017 15:00,9/13/2017 9:00,False,False,False,False,False,False,False,False,Pittston,PA ,Pittston,PA 
3570,206572233,12/1/2017 16:08,12/1/2017 16:08,12/4/2017 15:54,12/5/2017 7:00,12/6/2017 3:45,1710.71,1545.0,165.71,328.8,DRV,,,False,0,Carrier 97236,Shipper 1249,True,True,True,12/5/2017 14:00,12/6/2017 23:00,False,False,False,False,False,False,False,False,Johnstown,PA ,Johnstown,PA 
3571,206572233,12/1/2017 16:08,12/1/2017 16:08,12/4/2017 15:54,12/5/2017 7:00,12/6/2017 3:45,1710.71,1545.0,165.71,328.8,DRV,,,False,0,Carrier 97236,Shipper 1375,True,True,True,12/5/2017 14:00,12/6/2017 23:00,False,False,False,False,False,False,False,False,Johnstown,PA ,Johnstown,PA 
3572,206572233,12/1/2017 16:08,12/1/2017 16:08,12/4/2017 15:54,12/5/2017 7:00,12/6/2017 3:45,1710.71,1545.0,165.71,328.8,DRV,,,False,0,Carrier 97236,Shipper 1386,True,True,True,12/5/2017 14:00,12/6/2017 23:00,False,False,False,False,False,False,False,False,Johnstown,PA ,Johnstown,PA 
3573,206572233,12/1/2017 16:08,12/1/2017 16:08,12/4/2017 15:54,12/5/2017 7:00,12/6/2017 3:45,1710.71,1545.0,165.71,328.8,DRV,,,False,0,Carrier 97236,Shipper 1248,True,True,True,12/5/2017 14:00,12/6/2017 23:00,False,False,False,False,False,False,False,False,Johnstown,PA ,Johnstown,PA 
3574,206572233,12/1/2017 16:08,12/1/2017 16:08,12/4/2017 15:54,12/5/2017 7:00,12/6/2017 3:45,1710.71,1545.0,165.71,328.8,DRV,,,False,0,Carrier 97236,Shipper 1387,True,True,True,12/5/2017 14:00,12/6/2017 23:00,False,False,False,False,False,False,False,False,Johnstown,PA ,Johnstown,PA 
3575,206572233,12/1/2017 16:08,12/1/2017 16:08,12/4/2017 15:54,12/5/2017 7:00,12/6/2017 3:45,1710.71,1545.0,165.71,328.8,DRV,,,False,0,Carrier 97236,Shipper 1388,True,True,True,12/5/2017 14:00,12/6/2017 23:00,False,False,False,False,False,False,False,False,Johnstown,PA ,Johnstown,PA 
3576,206488001,12/18/2017 17:36,12/18/2017 17:36,12/20/2017 14:51,12/20/2017 18:00,12/22/2017 17:30,1710.6,3000.0,-1289.4,1160.7,DRV,,carrier_capacity,False,1,Carrier 63158,Shipper 1249,True,True,True,12/20/2017 18:00,12/22/2017 16:00,False,False,False,False,False,False,False,False,Fort Collins,CO ,Fort Collins,CO 
3577,206488001,12/18/2017 17:36,12/18/2017 17:36,12/20/2017 14:51,12/20/2017 18:00,12/22/2017 17:30,1710.6,3000.0,-1289.4,1160.7,DRV,,carrier_capacity,False,1,Carrier 63158,Shipper 1375,True,True,True,12/20/2017 18:00,12/22/2017 16:00,False,False,False,False,False,False,False,False,Fort Collins,CO ,Fort Collins,CO 
3578,206488001,12/18/2017 17:36,12/18/2017 17:36,12/20/2017 14:51,12/20/2017 18:00,12/22/2017 17:30,1710.6,3000.0,-1289.4,1160.7,DRV,,carrier_capacity,False,1,Carrier 63158,Shipper 1386,True,True,True,12/20/2017 18:00,12/22/2017 16:00,False,False,False,False,False,False,False,False,Fort Collins,CO ,Fort Collins,CO 
3579,206488001,12/18/2017 17:36,12/18/2017 17:36,12/20/2017 14:51,12/20/2017 18:00,12/22/2017 17:30,1710.6,3000.0,-1289.4,1160.7,DRV,,carrier_capacity,False,1,Carrier 63158,Shipper 1248,True,True,True,12/20/2017 18:00,12/22/2017 16:00,False,False,False,False,False,False,False,False,Fort Collins,CO ,Fort Collins,CO 
3580,206488001,12/18/2017 17:36,12/18/2017 17:36,12/20/2017 14:51,12/20/2017 18:00,12/22/2017 17:30,1710.6,3000.0,-1289.4,1160.7,DRV,,carrier_capacity,False,1,Carrier 63158,Shipper 1387,True,True,True,12/20/2017 18:00,12/22/2017 16:00,False,False,False,False,False,False,False,False,Fort Collins,CO ,Fort Collins,CO 
3581,206488001,12/18/2017 17:36,12/18/2017 17:36,12/20/2017 14:51,12/20/2017 18:00,12/22/2017 17:30,1710.6,3000.0,-1289.4,1160.7,DRV,,carrier_capacity,False,1,Carrier 63158,Shipper 1388,True,True,True,12/20/2017 18:00,12/22/2017 16:00,False,False,False,False,False,False,False,False,Fort Collins,CO ,Fort Collins,CO 
3582,206432905,5/15/2017 13:19,5/15/2017 13:20,5/15/2017 15:56,5/16/2017 6:00,5/17/2017 10:52,1710.12,1200.0,510.12,327.2,RFR,,,False,0,Carrier 978458,Shipper 1249,True,True,True,5/16/2017 6:00,5/17/2017 15:00,False,False,False,False,False,False,False,False,Houston,TX ,Houston,TX 
3583,206432905,5/15/2017 13:19,5/15/2017 13:20,5/15/2017 15:56,5/16/2017 6:00,5/17/2017 10:52,1710.12,1200.0,510.12,327.2,RFR,,,False,0,Carrier 978458,Shipper 1375,True,True,True,5/16/2017 6:00,5/17/2017 15:00,False,False,False,False,False,False,False,False,Houston,TX ,Houston,TX 
3584,206432905,5/15/2017 13:19,5/15/2017 13:20,5/15/2017 15:56,5/16/2017 6:00,5/17/2017 10:52,1710.12,1200.0,510.12,327.2,RFR,,,False,0,Carrier 978458,Shipper 1386,True,True,True,5/16/2017 6:00,5/17/2017 15:00,False,False,False,False,False,False,False,False,Houston,TX ,Houston,TX 
3585,206432905,5/15/2017 13:19,5/15/2017 13:20,5/15/2017 15:56,5/16/2017 6:00,5/17/2017 10:52,1710.12,1200.0,510.12,327.2,RFR,,,False,0,Carrier 978458,Shipper 1248,True,True,True,5/16/2017 6:00,5/17/2017 15:00,False,False,False,False,False,False,False,False,Houston,TX ,Houston,TX 
3586,206432905,5/15/2017 13:19,5/15/2017 13:20,5/15/2017 15:56,5/16/2017 6:00,5/17/2017 10:52,1710.12,1200.0,510.12,327.2,RFR,,,False,0,Carrier 978458,Shipper 1387,True,True,True,5/16/2017 6:00,5/17/2017 15:00,False,False,False,False,False,False,False,False,Houston,TX ,Houston,TX 
3587,206432905,5/15/2017 13:19,5/15/2017 13:20,5/15/2017 15:56,5/16/2017 6:00,5/17/2017 10:52,1710.12,1200.0,510.12,327.2,RFR,,,False,0,Carrier 978458,Shipper 1388,True,True,True,5/16/2017 6:00,5/17/2017 15:00,False,False,False,False,False,False,False,False,Houston,TX ,Houston,TX 
3588,206521785,8/28/2017 10:40,8/28/2017 10:40,8/28/2017 14:53,8/28/2017 18:00,8/29/2017 14:45,1710.1,1650.0,60.1,548.3,RFR,,,False,1,Carrier 1387313,Shipper 1249,True,True,True,8/28/2017 18:00,8/29/2017 14:00,False,False,False,False,False,False,False,False,St. Louis,MO ,St. Louis,MO 
3589,206521785,8/28/2017 10:40,8/28/2017 10:40,8/28/2017 14:53,8/28/2017 18:00,8/29/2017 14:45,1710.1,1650.0,60.1,548.3,RFR,,,False,1,Carrier 1387313,Shipper 1375,True,True,True,8/28/2017 18:00,8/29/2017 14:00,False,False,False,False,False,False,False,False,St. Louis,MO ,St. Louis,MO 
3590,206521785,8/28/2017 10:40,8/28/2017 10:40,8/28/2017 14:53,8/28/2017 18:00,8/29/2017 14:45,1710.1,1650.0,60.1,548.3,RFR,,,False,1,Carrier 1387313,Shipper 1386,True,True,True,8/28/2017 18:00,8/29/2017 14:00,False,False,False,False,False,False,False,False,St. Louis,MO ,St. Louis,MO 
3591,206521785,8/28/2017 10:40,8/28/2017 10:40,8/28/2017 14:53,8/28/2017 18:00,8/29/2017 14:45,1710.1,1650.0,60.1,548.3,RFR,,,False,1,Carrier 1387313,Shipper 1248,True,True,True,8/28/2017 18:00,8/29/2017 14:00,False,False,False,False,False,False,False,False,St. Louis,MO ,St. Louis,MO 
3592,206521785,8/28/2017 10:40,8/28/2017 10:40,8/28/2017 14:53,8/28/2017 18:00,8/29/2017 14:45,1710.1,1650.0,60.1,548.3,RFR,,,False,1,Carrier 1387313,Shipper 1387,True,True,True,8/28/2017 18:00,8/29/2017 14:00,False,False,False,False,False,False,False,False,St. Louis,MO ,St. Louis,MO 
3593,206521785,8/28/2017 10:40,8/28/2017 10:40,8/28/2017 14:53,8/28/2017 18:00,8/29/2017 14:45,1710.1,1650.0,60.1,548.3,RFR,,,False,1,Carrier 1387313,Shipper 1388,True,True,True,8/28/2017 18:00,8/29/2017 14:00,False,False,False,False,False,False,False,False,St. Louis,MO ,St. Louis,MO 
3594,206595529,5/22/2017 13:26,5/22/2017 13:26,5/23/2017 9:12,5/23/2017 7:00,5/24/2017 10:10,1709.02,1600.0,109.02,667.0,DRV,,,False,0,Carrier 1695274,Shipper 1249,False,True,False,5/23/2017 7:00,5/24/2017 14:00,False,False,False,False,False,False,False,False,Cartersville,GA ,Cartersville,GA 
3595,206595529,5/22/2017 13:26,5/22/2017 13:26,5/23/2017 9:12,5/23/2017 7:00,5/24/2017 10:10,1709.02,1600.0,109.02,667.0,DRV,,,False,0,Carrier 1695274,Shipper 1375,False,True,False,5/23/2017 7:00,5/24/2017 14:00,False,False,False,False,False,False,False,False,Cartersville,GA ,Cartersville,GA 
3596,206595529,5/22/2017 13:26,5/22/2017 13:26,5/23/2017 9:12,5/23/2017 7:00,5/24/2017 10:10,1709.02,1600.0,109.02,667.0,DRV,,,False,0,Carrier 1695274,Shipper 1386,False,True,False,5/23/2017 7:00,5/24/2017 14:00,False,False,False,False,False,False,False,False,Cartersville,GA ,Cartersville,GA 
3597,206595529,5/22/2017 13:26,5/22/2017 13:26,5/23/2017 9:12,5/23/2017 7:00,5/24/2017 10:10,1709.02,1600.0,109.02,667.0,DRV,,,False,0,Carrier 1695274,Shipper 1248,False,True,False,5/23/2017 7:00,5/24/2017 14:00,False,False,False,False,False,False,False,False,Cartersville,GA ,Cartersville,GA 
3598,206595529,5/22/2017 13:26,5/22/2017 13:26,5/23/2017 9:12,5/23/2017 7:00,5/24/2017 10:10,1709.02,1600.0,109.02,667.0,DRV,,,False,0,Carrier 1695274,Shipper 1387,False,True,False,5/23/2017 7:00,5/24/2017 14:00,False,False,False,False,False,False,False,False,Cartersville,GA ,Cartersville,GA 
3599,206595529,5/22/2017 13:26,5/22/2017 13:26,5/23/2017 9:12,5/23/2017 7:00,5/24/2017 10:10,1709.02,1600.0,109.02,667.0,DRV,,,False,0,Carrier 1695274,Shipper 1388,False,True,False,5/23/2017 7:00,5/24/2017 14:00,False,False,False,False,False,False,False,False,Cartersville,GA ,Cartersville,GA 
3600,206602849,8/14/2017 16:19,8/14/2017 16:19,8/16/2017 17:15,8/17/2017 11:00,8/18/2017 15:06,1708.7,1900.0,-191.3,625.9,DRV,,,False,1,Carrier 1572800,Shipper 1249,True,True,True,8/17/2017 11:00,8/18/2017 17:30,False,False,False,False,False,False,False,False,Los Angeles,CA ,Los Angeles,CA 
3601,206602849,8/14/2017 16:19,8/14/2017 16:19,8/16/2017 17:15,8/17/2017 11:00,8/18/2017 15:06,1708.7,1900.0,-191.3,625.9,DRV,,,False,1,Carrier 1572800,Shipper 1375,True,True,True,8/17/2017 11:00,8/18/2017 17:30,False,False,False,False,False,False,False,False,Los Angeles,CA ,Los Angeles,CA 
3602,206602849,8/14/2017 16:19,8/14/2017 16:19,8/16/2017 17:15,8/17/2017 11:00,8/18/2017 15:06,1708.7,1900.0,-191.3,625.9,DRV,,,False,1,Carrier 1572800,Shipper 1386,True,True,True,8/17/2017 11:00,8/18/2017 17:30,False,False,False,False,False,False,False,False,Los Angeles,CA ,Los Angeles,CA 
3603,206602849,8/14/2017 16:19,8/14/2017 16:19,8/16/2017 17:15,8/17/2017 11:00,8/18/2017 15:06,1708.7,1900.0,-191.3,625.9,DRV,,,False,1,Carrier 1572800,Shipper 1248,True,True,True,8/17/2017 11:00,8/18/2017 17:30,False,False,False,False,False,False,False,False,Los Angeles,CA ,Los Angeles,CA 
3604,206602849,8/14/2017 16:19,8/14/2017 16:19,8/16/2017 17:15,8/17/2017 11:00,8/18/2017 15:06,1708.7,1900.0,-191.3,625.9,DRV,,,False,1,Carrier 1572800,Shipper 1387,True,True,True,8/17/2017 11:00,8/18/2017 17:30,False,False,False,False,False,False,False,False,Los Angeles,CA ,Los Angeles,CA 
3605,206602849,8/14/2017 16:19,8/14/2017 16:19,8/16/2017 17:15,8/17/2017 11:00,8/18/2017 15:06,1708.7,1900.0,-191.3,625.9,DRV,,,False,1,Carrier 1572800,Shipper 1388,True,True,True,8/17/2017 11:00,8/18/2017 17:30,False,False,False,False,False,False,False,False,Los Angeles,CA ,Los Angeles,CA 
3606,206533345,5/11/2017 13:19,5/11/2017 13:19,5/11/2017 16:35,5/12/2017 0:00,5/12/2017 10:50,1706.78,1200.0,506.78,327.2,RFR,,,False,0,Carrier 1287842,Shipper 1249,True,True,True,5/12/2017 0:00,5/12/2017 15:00,False,False,False,False,False,False,False,False,Houston,TX ,Houston,TX 
3607,206533345,5/11/2017 13:19,5/11/2017 13:19,5/11/2017 16:35,5/12/2017 0:00,5/12/2017 10:50,1706.78,1200.0,506.78,327.2,RFR,,,False,0,Carrier 1287842,Shipper 1375,True,True,True,5/12/2017 0:00,5/12/2017 15:00,False,False,False,False,False,False,False,False,Houston,TX ,Houston,TX 
3608,206533345,5/11/2017 13:19,5/11/2017 13:19,5/11/2017 16:35,5/12/2017 0:00,5/12/2017 10:50,1706.78,1200.0,506.78,327.2,RFR,,,False,0,Carrier 1287842,Shipper 1386,True,True,True,5/12/2017 0:00,5/12/2017 15:00,False,False,False,False,False,False,False,False,Houston,TX ,Houston,TX 
3609,206533345,5/11/2017 13:19,5/11/2017 13:19,5/11/2017 16:35,5/12/2017 0:00,5/12/2017 10:50,1706.78,1200.0,506.78,327.2,RFR,,,False,0,Carrier 1287842,Shipper 1248,True,True,True,5/12/2017 0:00,5/12/2017 15:00,False,False,False,False,False,False,False,False,Houston,TX ,Houston,TX 
3610,206533345,5/11/2017 13:19,5/11/2017 13:19,5/11/2017 16:35,5/12/2017 0:00,5/12/2017 10:50,1706.78,1200.0,506.78,327.2,RFR,,,False,0,Carrier 1287842,Shipper 1387,True,True,True,5/12/2017 0:00,5/12/2017 15:00,False,False,False,False,False,False,False,False,Houston,TX ,Houston,TX 
3611,206533345,5/11/2017 13:19,5/11/2017 13:19,5/11/2017 16:35,5/12/2017 0:00,5/12/2017 10:50,1706.78,1200.0,506.78,327.2,RFR,,,False,0,Carrier 1287842,Shipper 1388,True,True,True,5/12/2017 0:00,5/12/2017 15:00,False,False,False,False,False,False,False,False,Houston,TX ,Houston,TX 
3612,206535041,11/15/2017 12:12,11/15/2017 12:12,11/20/2017 13:21,11/21/2017 16:30,11/23/2017 5:45,1706.43,1706.0,0.43,809.8,DRV,,,False,0,Carrier 686925,Shipper 758,True,True,True,11/21/2017 16:30,11/22/2017 22:00,False,False,False,False,False,False,False,False,Idaho Falls,ID ,Idaho Falls,ID 
3613,206585305,9/7/2017 15:30,9/7/2017 15:30,9/14/2017 11:23,9/18/2017 18:00,9/20/2017 13:30,1706.25,1600.0,106.25,780.5,DRV,,,False,0,Carrier 1066246,Shipper 758,True,True,True,9/18/2017 18:00,9/20/2017 8:00,False,False,False,False,False,False,False,False,Idaho Falls,ID ,Idaho Falls,ID 
3614,206566993,6/13/2017 16:21,6/13/2017 16:21,6/15/2017 11:08,6/15/2017 14:00,6/17/2017 11:10,1705.78,1575.0,130.78,174.1,RFR,,,False,0,Carrier 610802,Shipper 1249,True,True,True,6/15/2017 14:00,6/17/2017 9:00,False,False,False,False,False,False,False,False,Granite City,IL ,Granite City,IL 
3615,206566993,6/13/2017 16:21,6/13/2017 16:21,6/15/2017 11:08,6/15/2017 14:00,6/17/2017 11:10,1705.78,1575.0,130.78,174.1,RFR,,,False,0,Carrier 610802,Shipper 1375,True,True,True,6/15/2017 14:00,6/17/2017 9:00,False,False,False,False,False,False,False,False,Granite City,IL ,Granite City,IL 
3616,206566993,6/13/2017 16:21,6/13/2017 16:21,6/15/2017 11:08,6/15/2017 14:00,6/17/2017 11:10,1705.78,1575.0,130.78,174.1,RFR,,,False,0,Carrier 610802,Shipper 1386,True,True,True,6/15/2017 14:00,6/17/2017 9:00,False,False,False,False,False,False,False,False,Granite City,IL ,Granite City,IL 
3617,206566993,6/13/2017 16:21,6/13/2017 16:21,6/15/2017 11:08,6/15/2017 14:00,6/17/2017 11:10,1705.78,1575.0,130.78,174.1,RFR,,,False,0,Carrier 610802,Shipper 1248,True,True,True,6/15/2017 14:00,6/17/2017 9:00,False,False,False,False,False,False,False,False,Granite City,IL ,Granite City,IL 
3618,206566993,6/13/2017 16:21,6/13/2017 16:21,6/15/2017 11:08,6/15/2017 14:00,6/17/2017 11:10,1705.78,1575.0,130.78,174.1,RFR,,,False,0,Carrier 610802,Shipper 1387,True,True,True,6/15/2017 14:00,6/17/2017 9:00,False,False,False,False,False,False,False,False,Granite City,IL ,Granite City,IL 
3619,206566993,6/13/2017 16:21,6/13/2017 16:21,6/15/2017 11:08,6/15/2017 14:00,6/17/2017 11:10,1705.78,1575.0,130.78,174.1,RFR,,,False,0,Carrier 610802,Shipper 1388,True,True,True,6/15/2017 14:00,6/17/2017 9:00,False,False,False,False,False,False,False,False,Granite City,IL ,Granite City,IL 
3620,206754313,12/11/2017 13:00,12/11/2017 13:00,12/12/2017 8:56,12/14/2017 14:00,12/15/2017 18:40,1704.69,1500.0,204.69,463.2,DRV,,carrier_capacity,False,0,Carrier 511984,Shipper 1644,True,True,True,12/14/2017 14:00,12/15/2017 17:00,False,False,False,False,False,False,False,False,Mount Airy,NC ,Mount Airy,NC 
3621,206584049,10/19/2017 15:15,10/19/2017 15:15,10/20/2017 7:39,10/20/2017 8:00,10/21/2017 16:00,1702.03,1170.0,532.03,342.7,DRV,,,False,0,Carrier 50093,Shipper 1249,True,True,True,10/20/2017 20:00,10/21/2017 23:00,False,False,False,False,False,False,False,False,Merrimack,NH ,Merrimack,NH 
3622,206584049,10/19/2017 15:15,10/19/2017 15:15,10/20/2017 7:39,10/20/2017 8:00,10/21/2017 16:00,1702.03,1170.0,532.03,342.7,DRV,,,False,0,Carrier 50093,Shipper 1375,True,True,True,10/20/2017 20:00,10/21/2017 23:00,False,False,False,False,False,False,False,False,Merrimack,NH ,Merrimack,NH 
3623,206584049,10/19/2017 15:15,10/19/2017 15:15,10/20/2017 7:39,10/20/2017 8:00,10/21/2017 16:00,1702.03,1170.0,532.03,342.7,DRV,,,False,0,Carrier 50093,Shipper 1386,True,True,True,10/20/2017 20:00,10/21/2017 23:00,False,False,False,False,False,False,False,False,Merrimack,NH ,Merrimack,NH 
3624,206584049,10/19/2017 15:15,10/19/2017 15:15,10/20/2017 7:39,10/20/2017 8:00,10/21/2017 16:00,1702.03,1170.0,532.03,342.7,DRV,,,False,0,Carrier 50093,Shipper 1248,True,True,True,10/20/2017 20:00,10/21/2017 23:00,False,False,False,False,False,False,False,False,Merrimack,NH ,Merrimack,NH 
3625,206584049,10/19/2017 15:15,10/19/2017 15:15,10/20/2017 7:39,10/20/2017 8:00,10/21/2017 16:00,1702.03,1170.0,532.03,342.7,DRV,,,False,0,Carrier 50093,Shipper 1387,True,True,True,10/20/2017 20:00,10/21/2017 23:00,False,False,False,False,False,False,False,False,Merrimack,NH ,Merrimack,NH 
3626,206584049,10/19/2017 15:15,10/19/2017 15:15,10/20/2017 7:39,10/20/2017 8:00,10/21/2017 16:00,1702.03,1170.0,532.03,342.7,DRV,,,False,0,Carrier 50093,Shipper 1388,True,True,True,10/20/2017 20:00,10/21/2017 23:00,False,False,False,False,False,False,False,False,Merrimack,NH ,Merrimack,NH 
3627,206430337,7/27/2017 16:30,7/27/2017 16:30,7/28/2017 11:37,7/27/2017 17:00,8/2/2017 12:00,1700.0,1700.0,0.0,1072.1,DRV,,,False,1,Carrier 1240426,Shipper 923,True,True,True,7/31/2017 12:00,8/2/2017 10:00,False,False,False,False,False,False,False,False,Medley,FL ,Medley,FL 
3628,206510745,5/9/2017 10:17,5/9/2017 10:17,5/12/2017 12:08,5/12/2017 15:00,5/15/2017 14:45,1700.0,2000.0,-300.0,772.6,DRV,3.0,,False,1,Carrier 941668,Shipper 1184,True,True,True,5/12/2017 15:00,5/15/2017 10:30,False,False,False,False,False,False,False,False,Atlanta,GA ,Atlanta,GA 
3629,206528169,5/9/2017 10:07,5/9/2017 10:07,5/11/2017 13:19,5/12/2017 15:00,5/15/2017 7:25,1700.0,1800.0,-100.0,772.6,DRV,,,False,0,Carrier 941668,Shipper 1184,True,True,True,5/12/2017 15:00,5/15/2017 7:00,False,False,False,False,False,False,False,False,Atlanta,GA ,Atlanta,GA 
3630,206702289,12/13/2017 13:26,12/13/2017 13:26,12/27/2017 14:51,1/5/2018 18:00,1/8/2018 11:45,1700.0,1700.0,0.0,404.0,DRV,,carrier_capacity,False,0,Carrier 1050870,Shipper 585,True,True,True,1/5/2018 18:00,1/8/2018 10:00,False,False,False,False,False,False,False,False,Compton,CA ,Compton,CA 
3631,206422777,2/24/2017 14:51,2/24/2017 14:51,2/27/2017 12:20,2/27/2017 14:00,3/2/2017 9:35,1700.0,1600.0,100.0,1538.7,DRV,3.0,,False,0,Carrier 623469,Shipper 585,True,True,True,2/27/2017 14:00,3/2/2017 9:30,False,False,False,False,False,False,False,False,Plant City,FL ,Plant City,FL 
3632,206481121,8/28/2017 9:45,8/28/2017 9:45,8/30/2017 13:24,9/5/2017 8:00,9/7/2017 10:30,1700.0,1600.0,100.0,1118.1,DRV,,,False,0,Carrier 31074,Shipper 585,True,True,True,9/5/2017 16:00,9/7/2017 12:00,False,False,False,False,False,False,False,False,Plant City,FL ,Plant City,FL 
3633,206559081,12/13/2017 13:17,12/13/2017 13:17,1/4/2018 16:45,1/8/2018 17:00,1/9/2018 15:30,1700.0,1700.0,0.0,404.0,DRV,,source_list,False,1,Carrier 919999,Shipper 585,True,True,True,1/8/2018 17:00,1/9/2018 13:00,False,False,False,False,False,False,False,False,Compton,CA ,Compton,CA 
3634,206504153,12/13/2017 13:11,12/13/2017 13:11,12/26/2017 12:59,12/27/2017 8:00,12/29/2017 10:00,1700.0,1400.0,300.0,996.3,DRV,,carrier_capacity,False,0,Carrier 1033117,Shipper 585,True,True,True,12/27/2017 17:00,12/29/2017 10:00,False,False,False,False,False,False,False,False,Plant City,FL ,Plant City,FL 
3635,206565089,1/26/2017 15:22,1/26/2017 15:23,1/31/2017 12:44,2/1/2017 9:00,2/3/2017 13:00,1696.71,1600.0,96.71,880.4,DRV,,,False,0,Carrier 1239765,Shipper 944,True,True,True,2/1/2017 16:00,2/3/2017 11:00,False,False,False,False,False,False,False,False,Holdrege,NE ,Holdrege,NE 
3636,206477505,4/18/2017 17:13,4/18/2017 17:14,4/20/2017 12:39,4/21/2017 7:00,4/22/2017 8:45,1693.95,1650.0,43.95,539.7,RFR,,,False,0,Carrier 11186,Shipper 1249,True,True,True,4/21/2017 7:00,4/22/2017 8:00,False,False,False,False,False,False,False,False,Granite City,IL ,Granite City,IL 
3637,206477505,4/18/2017 17:13,4/18/2017 17:14,4/20/2017 12:39,4/21/2017 7:00,4/22/2017 8:45,1693.95,1650.0,43.95,539.7,RFR,,,False,0,Carrier 11186,Shipper 1375,True,True,True,4/21/2017 7:00,4/22/2017 8:00,False,False,False,False,False,False,False,False,Granite City,IL ,Granite City,IL 
3638,206477505,4/18/2017 17:13,4/18/2017 17:14,4/20/2017 12:39,4/21/2017 7:00,4/22/2017 8:45,1693.95,1650.0,43.95,539.7,RFR,,,False,0,Carrier 11186,Shipper 1386,True,True,True,4/21/2017 7:00,4/22/2017 8:00,False,False,False,False,False,False,False,False,Granite City,IL ,Granite City,IL 
3639,206477505,4/18/2017 17:13,4/18/2017 17:14,4/20/2017 12:39,4/21/2017 7:00,4/22/2017 8:45,1693.95,1650.0,43.95,539.7,RFR,,,False,0,Carrier 11186,Shipper 1248,True,True,True,4/21/2017 7:00,4/22/2017 8:00,False,False,False,False,False,False,False,False,Granite City,IL ,Granite City,IL 
3640,206477505,4/18/2017 17:13,4/18/2017 17:14,4/20/2017 12:39,4/21/2017 7:00,4/22/2017 8:45,1693.95,1650.0,43.95,539.7,RFR,,,False,0,Carrier 11186,Shipper 1387,True,True,True,4/21/2017 7:00,4/22/2017 8:00,False,False,False,False,False,False,False,False,Granite City,IL ,Granite City,IL 
3641,206477505,4/18/2017 17:13,4/18/2017 17:14,4/20/2017 12:39,4/21/2017 7:00,4/22/2017 8:45,1693.95,1650.0,43.95,539.7,RFR,,,False,0,Carrier 11186,Shipper 1388,True,True,True,4/21/2017 7:00,4/22/2017 8:00,False,False,False,False,False,False,False,False,Granite City,IL ,Granite City,IL 
3642,206586393,6/26/2017 17:15,6/26/2017 17:16,6/27/2017 11:51,6/28/2017 17:00,6/29/2017 11:00,1691.61,1100.0,591.61,459.8,RFR,,,False,0,Carrier 1508367,Shipper 1249,True,True,True,6/28/2017 17:00,6/29/2017 14:00,False,False,False,False,False,False,False,False,St. Louis,MO ,St. Louis,MO 
3643,206586393,6/26/2017 17:15,6/26/2017 17:16,6/27/2017 11:51,6/28/2017 17:00,6/29/2017 11:00,1691.61,1100.0,591.61,459.8,RFR,,,False,0,Carrier 1508367,Shipper 1375,True,True,True,6/28/2017 17:00,6/29/2017 14:00,False,False,False,False,False,False,False,False,St. Louis,MO ,St. Louis,MO 
3644,206586393,6/26/2017 17:15,6/26/2017 17:16,6/27/2017 11:51,6/28/2017 17:00,6/29/2017 11:00,1691.61,1100.0,591.61,459.8,RFR,,,False,0,Carrier 1508367,Shipper 1386,True,True,True,6/28/2017 17:00,6/29/2017 14:00,False,False,False,False,False,False,False,False,St. Louis,MO ,St. Louis,MO 
3645,206586393,6/26/2017 17:15,6/26/2017 17:16,6/27/2017 11:51,6/28/2017 17:00,6/29/2017 11:00,1691.61,1100.0,591.61,459.8,RFR,,,False,0,Carrier 1508367,Shipper 1248,True,True,True,6/28/2017 17:00,6/29/2017 14:00,False,False,False,False,False,False,False,False,St. Louis,MO ,St. Louis,MO 
3646,206586393,6/26/2017 17:15,6/26/2017 17:16,6/27/2017 11:51,6/28/2017 17:00,6/29/2017 11:00,1691.61,1100.0,591.61,459.8,RFR,,,False,0,Carrier 1508367,Shipper 1387,True,True,True,6/28/2017 17:00,6/29/2017 14:00,False,False,False,False,False,False,False,False,St. Louis,MO ,St. Louis,MO 
3647,206586393,6/26/2017 17:15,6/26/2017 17:16,6/27/2017 11:51,6/28/2017 17:00,6/29/2017 11:00,1691.61,1100.0,591.61,459.8,RFR,,,False,0,Carrier 1508367,Shipper 1388,True,True,True,6/28/2017 17:00,6/29/2017 14:00,False,False,False,False,False,False,False,False,St. Louis,MO ,St. Louis,MO 
3648,206565857,4/21/2017 16:35,4/21/2017 16:35,4/25/2017 15:34,4/26/2017 2:00,4/27/2017 9:30,1691.58,1850.0,-158.42,479.9,RFR,4.0,,False,0,Carrier 1305526,Shipper 1249,True,True,True,4/26/2017 2:00,4/27/2017 15:30,False,False,False,False,False,False,False,False,Granite City,IL ,Granite City,IL 
3649,206565857,4/21/2017 16:35,4/21/2017 16:35,4/25/2017 15:34,4/26/2017 2:00,4/27/2017 9:30,1691.58,1850.0,-158.42,479.9,RFR,4.0,,False,0,Carrier 1305526,Shipper 1375,True,True,True,4/26/2017 2:00,4/27/2017 15:30,False,False,False,False,False,False,False,False,Granite City,IL ,Granite City,IL 
3650,206565857,4/21/2017 16:35,4/21/2017 16:35,4/25/2017 15:34,4/26/2017 2:00,4/27/2017 9:30,1691.58,1850.0,-158.42,479.9,RFR,4.0,,False,0,Carrier 1305526,Shipper 1386,True,True,True,4/26/2017 2:00,4/27/2017 15:30,False,False,False,False,False,False,False,False,Granite City,IL ,Granite City,IL 
3651,206565857,4/21/2017 16:35,4/21/2017 16:35,4/25/2017 15:34,4/26/2017 2:00,4/27/2017 9:30,1691.58,1850.0,-158.42,479.9,RFR,4.0,,False,0,Carrier 1305526,Shipper 1248,True,True,True,4/26/2017 2:00,4/27/2017 15:30,False,False,False,False,False,False,False,False,Granite City,IL ,Granite City,IL 
3652,206565857,4/21/2017 16:35,4/21/2017 16:35,4/25/2017 15:34,4/26/2017 2:00,4/27/2017 9:30,1691.58,1850.0,-158.42,479.9,RFR,4.0,,False,0,Carrier 1305526,Shipper 1387,True,True,True,4/26/2017 2:00,4/27/2017 15:30,False,False,False,False,False,False,False,False,Granite City,IL ,Granite City,IL 
3653,206565857,4/21/2017 16:35,4/21/2017 16:35,4/25/2017 15:34,4/26/2017 2:00,4/27/2017 9:30,1691.58,1850.0,-158.42,479.9,RFR,4.0,,False,0,Carrier 1305526,Shipper 1388,True,True,True,4/26/2017 2:00,4/27/2017 15:30,False,False,False,False,False,False,False,False,Granite City,IL ,Granite City,IL 
3654,206727745,8/17/2017 16:30,8/17/2017 16:30,8/18/2017 11:31,8/23/2017 7:00,8/24/2017 18:00,1691.22,1250.0,441.22,372.2,DRV,,,False,0,Carrier 1215355,Shipper 1249,True,True,True,8/23/2017 15:00,8/24/2017 23:00,False,False,False,False,False,False,False,False,Annapolis,MD ,Annapolis,MD 
3655,206727745,8/17/2017 16:30,8/17/2017 16:30,8/18/2017 11:31,8/23/2017 7:00,8/24/2017 18:00,1691.22,1250.0,441.22,372.2,DRV,,,False,0,Carrier 1215355,Shipper 1375,True,True,True,8/23/2017 15:00,8/24/2017 23:00,False,False,False,False,False,False,False,False,Annapolis,MD ,Annapolis,MD 
3656,206727745,8/17/2017 16:30,8/17/2017 16:30,8/18/2017 11:31,8/23/2017 7:00,8/24/2017 18:00,1691.22,1250.0,441.22,372.2,DRV,,,False,0,Carrier 1215355,Shipper 1386,True,True,True,8/23/2017 15:00,8/24/2017 23:00,False,False,False,False,False,False,False,False,Annapolis,MD ,Annapolis,MD 
3657,206727745,8/17/2017 16:30,8/17/2017 16:30,8/18/2017 11:31,8/23/2017 7:00,8/24/2017 18:00,1691.22,1250.0,441.22,372.2,DRV,,,False,0,Carrier 1215355,Shipper 1248,True,True,True,8/23/2017 15:00,8/24/2017 23:00,False,False,False,False,False,False,False,False,Annapolis,MD ,Annapolis,MD 
3658,206727745,8/17/2017 16:30,8/17/2017 16:30,8/18/2017 11:31,8/23/2017 7:00,8/24/2017 18:00,1691.22,1250.0,441.22,372.2,DRV,,,False,0,Carrier 1215355,Shipper 1387,True,True,True,8/23/2017 15:00,8/24/2017 23:00,False,False,False,False,False,False,False,False,Annapolis,MD ,Annapolis,MD 
3659,206727745,8/17/2017 16:30,8/17/2017 16:30,8/18/2017 11:31,8/23/2017 7:00,8/24/2017 18:00,1691.22,1250.0,441.22,372.2,DRV,,,False,0,Carrier 1215355,Shipper 1388,True,True,True,8/23/2017 15:00,8/24/2017 23:00,False,False,False,False,False,False,False,False,Annapolis,MD ,Annapolis,MD 
3660,206592793,9/18/2017 16:47,9/18/2017 16:47,9/20/2017 10:29,9/20/2017 13:00,9/21/2017 9:30,1689.74,1550.0,139.74,370.4,RFR,,,False,0,Carrier 1690730,Shipper 1249,True,True,True,9/20/2017 13:00,9/21/2017 15:00,False,False,False,False,False,False,False,False,Granite City,IL ,Granite City,IL 
3661,206592793,9/18/2017 16:47,9/18/2017 16:47,9/20/2017 10:29,9/20/2017 13:00,9/21/2017 9:30,1689.74,1550.0,139.74,370.4,RFR,,,False,0,Carrier 1690730,Shipper 1375,True,True,True,9/20/2017 13:00,9/21/2017 15:00,False,False,False,False,False,False,False,False,Granite City,IL ,Granite City,IL 
3662,206592793,9/18/2017 16:47,9/18/2017 16:47,9/20/2017 10:29,9/20/2017 13:00,9/21/2017 9:30,1689.74,1550.0,139.74,370.4,RFR,,,False,0,Carrier 1690730,Shipper 1386,True,True,True,9/20/2017 13:00,9/21/2017 15:00,False,False,False,False,False,False,False,False,Granite City,IL ,Granite City,IL 
3663,206592793,9/18/2017 16:47,9/18/2017 16:47,9/20/2017 10:29,9/20/2017 13:00,9/21/2017 9:30,1689.74,1550.0,139.74,370.4,RFR,,,False,0,Carrier 1690730,Shipper 1248,True,True,True,9/20/2017 13:00,9/21/2017 15:00,False,False,False,False,False,False,False,False,Granite City,IL ,Granite City,IL 
3664,206592793,9/18/2017 16:47,9/18/2017 16:47,9/20/2017 10:29,9/20/2017 13:00,9/21/2017 9:30,1689.74,1550.0,139.74,370.4,RFR,,,False,0,Carrier 1690730,Shipper 1387,True,True,True,9/20/2017 13:00,9/21/2017 15:00,False,False,False,False,False,False,False,False,Granite City,IL ,Granite City,IL 
3665,206592793,9/18/2017 16:47,9/18/2017 16:47,9/20/2017 10:29,9/20/2017 13:00,9/21/2017 9:30,1689.74,1550.0,139.74,370.4,RFR,,,False,0,Carrier 1690730,Shipper 1388,True,True,True,9/20/2017 13:00,9/21/2017 15:00,False,False,False,False,False,False,False,False,Granite City,IL ,Granite City,IL 
3666,206625345,6/19/2017 16:36,6/19/2017 16:36,6/20/2017 12:37,6/21/2017 19:00,6/22/2017 8:15,1689.47,1000.0,689.47,492.7,RFR,,,False,1,Carrier 43797,Shipper 1249,True,True,True,6/21/2017 19:00,6/22/2017 11:00,False,False,False,False,False,False,False,False,St. Louis,MO ,St. Louis,MO 
3667,206625345,6/19/2017 16:36,6/19/2017 16:36,6/20/2017 12:37,6/21/2017 19:00,6/22/2017 8:15,1689.47,1000.0,689.47,492.7,RFR,,,False,1,Carrier 43797,Shipper 1375,True,True,True,6/21/2017 19:00,6/22/2017 11:00,False,False,False,False,False,False,False,False,St. Louis,MO ,St. Louis,MO 
3668,206625345,6/19/2017 16:36,6/19/2017 16:36,6/20/2017 12:37,6/21/2017 19:00,6/22/2017 8:15,1689.47,1000.0,689.47,492.7,RFR,,,False,1,Carrier 43797,Shipper 1386,True,True,True,6/21/2017 19:00,6/22/2017 11:00,False,False,False,False,False,False,False,False,St. Louis,MO ,St. Louis,MO 
3669,206625345,6/19/2017 16:36,6/19/2017 16:36,6/20/2017 12:37,6/21/2017 19:00,6/22/2017 8:15,1689.47,1000.0,689.47,492.7,RFR,,,False,1,Carrier 43797,Shipper 1248,True,True,True,6/21/2017 19:00,6/22/2017 11:00,False,False,False,False,False,False,False,False,St. Louis,MO ,St. Louis,MO 
3670,206625345,6/19/2017 16:36,6/19/2017 16:36,6/20/2017 12:37,6/21/2017 19:00,6/22/2017 8:15,1689.47,1000.0,689.47,492.7,RFR,,,False,1,Carrier 43797,Shipper 1387,True,True,True,6/21/2017 19:00,6/22/2017 11:00,False,False,False,False,False,False,False,False,St. Louis,MO ,St. Louis,MO 
3671,206625345,6/19/2017 16:36,6/19/2017 16:36,6/20/2017 12:37,6/21/2017 19:00,6/22/2017 8:15,1689.47,1000.0,689.47,492.7,RFR,,,False,1,Carrier 43797,Shipper 1388,True,True,True,6/21/2017 19:00,6/22/2017 11:00,False,False,False,False,False,False,False,False,St. Louis,MO ,St. Louis,MO 
3672,206656633,8/10/2017 10:36,8/10/2017 10:36,8/17/2017 12:06,8/18/2017 18:00,8/21/2017 13:45,1684.74,1710.0,-25.26,780.5,DRV,,,False,0,Carrier 1543679,Shipper 758,True,True,True,8/18/2017 18:00,8/21/2017 8:00,False,False,False,False,False,False,False,False,Idaho Falls,ID ,Idaho Falls,ID 
3673,206496017,5/12/2017 12:31,5/12/2017 12:31,5/12/2017 15:55,5/15/2017 0:00,5/15/2017 14:45,1682.38,1300.0,382.38,420.9,RFR,3.0,,False,0,Carrier 1025457,Shipper 1249,True,True,True,5/15/2017 0:00,5/15/2017 17:00,False,False,False,False,False,False,False,False,Granite City,IL ,Granite City,IL 
3674,206496017,5/12/2017 12:31,5/12/2017 12:31,5/12/2017 15:55,5/15/2017 0:00,5/15/2017 14:45,1682.38,1300.0,382.38,420.9,RFR,3.0,,False,0,Carrier 1025457,Shipper 1375,True,True,True,5/15/2017 0:00,5/15/2017 17:00,False,False,False,False,False,False,False,False,Granite City,IL ,Granite City,IL 
3675,206496017,5/12/2017 12:31,5/12/2017 12:31,5/12/2017 15:55,5/15/2017 0:00,5/15/2017 14:45,1682.38,1300.0,382.38,420.9,RFR,3.0,,False,0,Carrier 1025457,Shipper 1386,True,True,True,5/15/2017 0:00,5/15/2017 17:00,False,False,False,False,False,False,False,False,Granite City,IL ,Granite City,IL 
3676,206496017,5/12/2017 12:31,5/12/2017 12:31,5/12/2017 15:55,5/15/2017 0:00,5/15/2017 14:45,1682.38,1300.0,382.38,420.9,RFR,3.0,,False,0,Carrier 1025457,Shipper 1248,True,True,True,5/15/2017 0:00,5/15/2017 17:00,False,False,False,False,False,False,False,False,Granite City,IL ,Granite City,IL 
3677,206496017,5/12/2017 12:31,5/12/2017 12:31,5/12/2017 15:55,5/15/2017 0:00,5/15/2017 14:45,1682.38,1300.0,382.38,420.9,RFR,3.0,,False,0,Carrier 1025457,Shipper 1387,True,True,True,5/15/2017 0:00,5/15/2017 17:00,False,False,False,False,False,False,False,False,Granite City,IL ,Granite City,IL 
3678,206496017,5/12/2017 12:31,5/12/2017 12:31,5/12/2017 15:55,5/15/2017 0:00,5/15/2017 14:45,1682.38,1300.0,382.38,420.9,RFR,3.0,,False,0,Carrier 1025457,Shipper 1388,True,True,True,5/15/2017 0:00,5/15/2017 17:00,False,False,False,False,False,False,False,False,Granite City,IL ,Granite City,IL 
3679,206774121,10/31/2017 10:20,10/31/2017 10:20,10/31/2017 12:32,10/31/2017 17:00,11/1/2017 12:30,1681.69,1140.0,541.69,285.2,RFR,,,False,0,Carrier 1378019,Shipper 1249,True,True,True,10/31/2017 17:00,11/1/2017 14:00,False,False,False,False,False,False,False,False,Newark,NJ ,Newark,NJ 
3680,206774121,10/31/2017 10:20,10/31/2017 10:20,10/31/2017 12:32,10/31/2017 17:00,11/1/2017 12:30,1681.69,1140.0,541.69,285.2,RFR,,,False,0,Carrier 1378019,Shipper 1375,True,True,True,10/31/2017 17:00,11/1/2017 14:00,False,False,False,False,False,False,False,False,Newark,NJ ,Newark,NJ 
3681,206774121,10/31/2017 10:20,10/31/2017 10:20,10/31/2017 12:32,10/31/2017 17:00,11/1/2017 12:30,1681.69,1140.0,541.69,285.2,RFR,,,False,0,Carrier 1378019,Shipper 1386,True,True,True,10/31/2017 17:00,11/1/2017 14:00,False,False,False,False,False,False,False,False,Newark,NJ ,Newark,NJ 
3682,206774121,10/31/2017 10:20,10/31/2017 10:20,10/31/2017 12:32,10/31/2017 17:00,11/1/2017 12:30,1681.69,1140.0,541.69,285.2,RFR,,,False,0,Carrier 1378019,Shipper 1248,True,True,True,10/31/2017 17:00,11/1/2017 14:00,False,False,False,False,False,False,False,False,Newark,NJ ,Newark,NJ 
3683,206774121,10/31/2017 10:20,10/31/2017 10:20,10/31/2017 12:32,10/31/2017 17:00,11/1/2017 12:30,1681.69,1140.0,541.69,285.2,RFR,,,False,0,Carrier 1378019,Shipper 1387,True,True,True,10/31/2017 17:00,11/1/2017 14:00,False,False,False,False,False,False,False,False,Newark,NJ ,Newark,NJ 
3684,206774121,10/31/2017 10:20,10/31/2017 10:20,10/31/2017 12:32,10/31/2017 17:00,11/1/2017 12:30,1681.69,1140.0,541.69,285.2,RFR,,,False,0,Carrier 1378019,Shipper 1388,True,True,True,10/31/2017 17:00,11/1/2017 14:00,False,False,False,False,False,False,False,False,Newark,NJ ,Newark,NJ 
3685,206466361,8/21/2017 16:34,8/21/2017 16:34,8/23/2017 13:18,8/23/2017 16:00,8/25/2017 7:52,1680.87,2100.0,-419.13,696.4,DRV,,,False,1,Carrier 578055,Shipper 1249,True,True,True,8/23/2017 17:00,8/25/2017 6:00,False,False,False,False,False,False,False,False,Williamsburg,VA ,Williamsburg,VA 
3686,206466361,8/21/2017 16:34,8/21/2017 16:34,8/23/2017 13:18,8/23/2017 16:00,8/25/2017 7:52,1680.87,2100.0,-419.13,696.4,DRV,,,False,1,Carrier 578055,Shipper 1375,True,True,True,8/23/2017 17:00,8/25/2017 6:00,False,False,False,False,False,False,False,False,Williamsburg,VA ,Williamsburg,VA 
3687,206466361,8/21/2017 16:34,8/21/2017 16:34,8/23/2017 13:18,8/23/2017 16:00,8/25/2017 7:52,1680.87,2100.0,-419.13,696.4,DRV,,,False,1,Carrier 578055,Shipper 1386,True,True,True,8/23/2017 17:00,8/25/2017 6:00,False,False,False,False,False,False,False,False,Williamsburg,VA ,Williamsburg,VA 
3688,206466361,8/21/2017 16:34,8/21/2017 16:34,8/23/2017 13:18,8/23/2017 16:00,8/25/2017 7:52,1680.87,2100.0,-419.13,696.4,DRV,,,False,1,Carrier 578055,Shipper 1248,True,True,True,8/23/2017 17:00,8/25/2017 6:00,False,False,False,False,False,False,False,False,Williamsburg,VA ,Williamsburg,VA 
3689,206466361,8/21/2017 16:34,8/21/2017 16:34,8/23/2017 13:18,8/23/2017 16:00,8/25/2017 7:52,1680.87,2100.0,-419.13,696.4,DRV,,,False,1,Carrier 578055,Shipper 1387,True,True,True,8/23/2017 17:00,8/25/2017 6:00,False,False,False,False,False,False,False,False,Williamsburg,VA ,Williamsburg,VA 
3690,206466361,8/21/2017 16:34,8/21/2017 16:34,8/23/2017 13:18,8/23/2017 16:00,8/25/2017 7:52,1680.87,2100.0,-419.13,696.4,DRV,,,False,1,Carrier 578055,Shipper 1388,True,True,True,8/23/2017 17:00,8/25/2017 6:00,False,False,False,False,False,False,False,False,Williamsburg,VA ,Williamsburg,VA 
3691,206517945,8/16/2017 12:02,8/16/2017 12:02,8/16/2017 12:15,8/16/2017 17:00,8/18/2017 9:50,1680.0,1500.0,180.0,745.5,DRV,,,False,0,Carrier 1067217,Shipper 585,True,True,True,8/16/2017 17:00,8/18/2017 9:00,False,False,False,False,False,False,False,False,Pueblo,CO ,Pueblo,CO 
3692,206470697,5/22/2017 13:56,5/22/2017 13:56,5/22/2017 17:50,5/22/2017 23:00,5/24/2017 18:30,1678.02,1800.0,-121.98,804.7,DRV,3.0,,False,0,Carrier 150473,Shipper 1249,True,True,True,5/22/2017 23:00,5/24/2017 16:00,False,False,False,False,False,False,False,False,La Porte,TX ,La Porte,TX 
3693,206470697,5/22/2017 13:56,5/22/2017 13:56,5/22/2017 17:50,5/22/2017 23:00,5/24/2017 18:30,1678.02,1800.0,-121.98,804.7,DRV,3.0,,False,0,Carrier 150473,Shipper 1375,True,True,True,5/22/2017 23:00,5/24/2017 16:00,False,False,False,False,False,False,False,False,La Porte,TX ,La Porte,TX 
3694,206470697,5/22/2017 13:56,5/22/2017 13:56,5/22/2017 17:50,5/22/2017 23:00,5/24/2017 18:30,1678.02,1800.0,-121.98,804.7,DRV,3.0,,False,0,Carrier 150473,Shipper 1386,True,True,True,5/22/2017 23:00,5/24/2017 16:00,False,False,False,False,False,False,False,False,La Porte,TX ,La Porte,TX 
3695,206470697,5/22/2017 13:56,5/22/2017 13:56,5/22/2017 17:50,5/22/2017 23:00,5/24/2017 18:30,1678.02,1800.0,-121.98,804.7,DRV,3.0,,False,0,Carrier 150473,Shipper 1248,True,True,True,5/22/2017 23:00,5/24/2017 16:00,False,False,False,False,False,False,False,False,La Porte,TX ,La Porte,TX 
3696,206470697,5/22/2017 13:56,5/22/2017 13:56,5/22/2017 17:50,5/22/2017 23:00,5/24/2017 18:30,1678.02,1800.0,-121.98,804.7,DRV,3.0,,False,0,Carrier 150473,Shipper 1387,True,True,True,5/22/2017 23:00,5/24/2017 16:00,False,False,False,False,False,False,False,False,La Porte,TX ,La Porte,TX 
3697,206470697,5/22/2017 13:56,5/22/2017 13:56,5/22/2017 17:50,5/22/2017 23:00,5/24/2017 18:30,1678.02,1800.0,-121.98,804.7,DRV,3.0,,False,0,Carrier 150473,Shipper 1388,True,True,True,5/22/2017 23:00,5/24/2017 16:00,False,False,False,False,False,False,False,False,La Porte,TX ,La Porte,TX 
3698,206422465,3/28/2017 16:35,3/28/2017 16:35,3/30/2017 9:46,3/31/2017 0:00,3/31/2017 15:00,1677.96,1800.0,-122.04,636.1,RFR,4.0,,False,0,Carrier 1020684,Shipper 1249,True,True,True,3/31/2017 0:00,3/31/2017 17:00,False,False,False,False,False,False,False,False,Aurora,CO ,Aurora,CO 
3699,206422465,3/28/2017 16:35,3/28/2017 16:35,3/30/2017 9:46,3/31/2017 0:00,3/31/2017 15:00,1677.96,1800.0,-122.04,636.1,RFR,4.0,,False,0,Carrier 1020684,Shipper 1375,True,True,True,3/31/2017 0:00,3/31/2017 17:00,False,False,False,False,False,False,False,False,Aurora,CO ,Aurora,CO 
3700,206422465,3/28/2017 16:35,3/28/2017 16:35,3/30/2017 9:46,3/31/2017 0:00,3/31/2017 15:00,1677.96,1800.0,-122.04,636.1,RFR,4.0,,False,0,Carrier 1020684,Shipper 1386,True,True,True,3/31/2017 0:00,3/31/2017 17:00,False,False,False,False,False,False,False,False,Aurora,CO ,Aurora,CO 
3701,206422465,3/28/2017 16:35,3/28/2017 16:35,3/30/2017 9:46,3/31/2017 0:00,3/31/2017 15:00,1677.96,1800.0,-122.04,636.1,RFR,4.0,,False,0,Carrier 1020684,Shipper 1248,True,True,True,3/31/2017 0:00,3/31/2017 17:00,False,False,False,False,False,False,False,False,Aurora,CO ,Aurora,CO 
3702,206422465,3/28/2017 16:35,3/28/2017 16:35,3/30/2017 9:46,3/31/2017 0:00,3/31/2017 15:00,1677.96,1800.0,-122.04,636.1,RFR,4.0,,False,0,Carrier 1020684,Shipper 1387,True,True,True,3/31/2017 0:00,3/31/2017 17:00,False,False,False,False,False,False,False,False,Aurora,CO ,Aurora,CO 
3703,206422465,3/28/2017 16:35,3/28/2017 16:35,3/30/2017 9:46,3/31/2017 0:00,3/31/2017 15:00,1677.96,1800.0,-122.04,636.1,RFR,4.0,,False,0,Carrier 1020684,Shipper 1388,True,True,True,3/31/2017 0:00,3/31/2017 17:00,False,False,False,False,False,False,False,False,Aurora,CO ,Aurora,CO 
3704,206595537,6/6/2017 14:32,6/6/2017 14:32,6/12/2017 10:18,6/12/2017 15:00,6/14/2017 8:30,1677.15,1950.0,-272.85,714.9,DRV,,,False,0,Carrier 117545,Shipper 1249,True,True,True,6/12/2017 15:00,6/14/2017 14:00,False,False,False,False,False,False,False,False,Fort Collins,CO ,Fort Collins,CO 
3705,206595537,6/6/2017 14:32,6/6/2017 14:32,6/12/2017 10:18,6/12/2017 15:00,6/14/2017 8:30,1677.15,1950.0,-272.85,714.9,DRV,,,False,0,Carrier 117545,Shipper 1375,True,True,True,6/12/2017 15:00,6/14/2017 14:00,False,False,False,False,False,False,False,False,Fort Collins,CO ,Fort Collins,CO 
3706,206595537,6/6/2017 14:32,6/6/2017 14:32,6/12/2017 10:18,6/12/2017 15:00,6/14/2017 8:30,1677.15,1950.0,-272.85,714.9,DRV,,,False,0,Carrier 117545,Shipper 1386,True,True,True,6/12/2017 15:00,6/14/2017 14:00,False,False,False,False,False,False,False,False,Fort Collins,CO ,Fort Collins,CO 
3707,206595537,6/6/2017 14:32,6/6/2017 14:32,6/12/2017 10:18,6/12/2017 15:00,6/14/2017 8:30,1677.15,1950.0,-272.85,714.9,DRV,,,False,0,Carrier 117545,Shipper 1248,True,True,True,6/12/2017 15:00,6/14/2017 14:00,False,False,False,False,False,False,False,False,Fort Collins,CO ,Fort Collins,CO 
3708,206595537,6/6/2017 14:32,6/6/2017 14:32,6/12/2017 10:18,6/12/2017 15:00,6/14/2017 8:30,1677.15,1950.0,-272.85,714.9,DRV,,,False,0,Carrier 117545,Shipper 1387,True,True,True,6/12/2017 15:00,6/14/2017 14:00,False,False,False,False,False,False,False,False,Fort Collins,CO ,Fort Collins,CO 
3709,206595537,6/6/2017 14:32,6/6/2017 14:32,6/12/2017 10:18,6/12/2017 15:00,6/14/2017 8:30,1677.15,1950.0,-272.85,714.9,DRV,,,False,0,Carrier 117545,Shipper 1388,True,True,True,6/12/2017 15:00,6/14/2017 14:00,False,False,False,False,False,False,False,False,Fort Collins,CO ,Fort Collins,CO 
3710,206532129,12/20/2017 10:31,12/20/2017 10:31,12/20/2017 14:06,12/21/2017 12:00,12/22/2017 12:00,1677.04,1750.0,-72.96,621.6,DRV,,,False,0,Carrier 1416338,Shipper 1644,True,True,True,12/21/2017 14:00,12/22/2017 14:00,False,False,False,False,False,False,False,False,Mount Airy,NC ,Mount Airy,NC 
3711,206531593,4/14/2017 12:35,4/14/2017 12:35,5/10/2017 17:33,5/11/2017 13:00,5/12/2017 14:40,1675.0,2000.0,-325.0,985.5,DRV,3.0,,False,0,Carrier 1489863,Shipper 1374,False,False,False,5/11/2017 13:00,5/12/2017 8:00,False,False,False,False,False,False,False,False,Laredo,TX ,Laredo,TX 
3712,206432137,4/14/2017 12:33,4/14/2017 12:33,4/19/2017 13:20,4/19/2017 10:00,4/21/2017 12:18,1675.0,1725.0,-50.0,985.5,DRV,,,False,0,Carrier 1016288,Shipper 1374,True,False,False,4/19/2017 18:00,4/21/2017 9:00,False,False,False,False,False,False,False,False,Laredo,TX ,Laredo,TX 
3713,206429857,4/24/2017 8:51,4/24/2017 8:51,4/26/2017 8:43,4/26/2017 10:00,4/27/2017 11:00,1675.0,1500.0,175.0,823.3,DRV,4.0,,False,1,Carrier 1240426,Shipper 1052,True,True,True,4/26/2017 13:00,4/27/2017 23:00,False,False,False,False,False,False,False,False,Braitwaite,LA ,Braitwaite,LA 
3714,206592041,4/14/2017 12:34,4/14/2017 12:34,5/2/2017 11:01,5/2/2017 11:00,5/4/2017 15:55,1675.0,1800.0,-125.0,985.5,DRV,3.0,,False,0,Carrier 14533,Shipper 1374,True,False,False,5/2/2017 18:00,5/4/2017 8:00,False,False,False,False,False,False,False,False,Laredo,TX ,Laredo,TX 
3715,206509249,4/24/2017 8:53,4/24/2017 8:53,4/25/2017 9:05,4/25/2017 10:00,4/27/2017 6:00,1675.0,1500.0,175.0,823.3,DRV,,,False,0,Carrier 1587691,Shipper 1052,True,False,False,4/25/2017 13:00,4/26/2017 23:00,False,False,False,False,False,False,False,False,Braitwaite,LA ,Braitwaite,LA 
3716,206516729,4/24/2017 8:45,4/24/2017 8:48,4/24/2017 9:57,4/24/2017 9:00,4/25/2017 18:50,1675.0,1500.0,175.0,823.3,DRV,,,False,0,Carrier 753264,Shipper 1052,True,True,True,4/25/2017 16:00,4/25/2017 23:00,False,False,False,False,False,False,False,False,Braitwaite,LA ,Braitwaite,LA 
3717,206622041,4/24/2017 8:48,4/24/2017 8:48,4/25/2017 9:39,4/25/2017 10:00,4/26/2017 17:30,1675.0,1500.0,175.0,823.3,DRV,,,False,0,Carrier 1445198,Shipper 1052,True,True,True,4/25/2017 13:00,4/26/2017 23:00,False,False,False,False,False,False,False,False,Braitwaite,LA ,Braitwaite,LA 
3718,206605857,4/24/2017 8:55,4/24/2017 8:55,4/26/2017 9:21,4/26/2017 10:00,4/27/2017 9:10,1675.0,1400.0,275.0,823.3,DRV,4.0,,False,0,Carrier 25475,Shipper 1052,True,True,True,4/26/2017 13:00,4/27/2017 23:00,False,False,False,False,False,False,False,False,Braitwaite,LA ,Braitwaite,LA 
3719,206648713,10/5/2017 10:46,10/5/2017 10:46,10/9/2017 11:12,10/13/2017 18:00,10/16/2017 13:00,1674.13,1450.0,224.13,780.5,DRV,,,False,0,Carrier 1453255,Shipper 758,True,True,True,10/13/2017 18:00,10/16/2017 8:00,False,False,False,False,False,False,False,False,Idaho Falls,ID ,Idaho Falls,ID 
3720,206515681,5/17/2017 14:30,5/17/2017 14:31,5/18/2017 19:14,5/18/2017 23:00,5/19/2017 11:15,1673.89,1700.0,-26.11,319.4,RFR,3.0,,False,0,Carrier 1694132,Shipper 1249,True,True,True,5/18/2017 23:00,5/19/2017 15:00,False,False,False,False,False,False,False,False,La Porte,TX ,La Porte,TX 
3721,206515681,5/17/2017 14:30,5/17/2017 14:31,5/18/2017 19:14,5/18/2017 23:00,5/19/2017 11:15,1673.89,1700.0,-26.11,319.4,RFR,3.0,,False,0,Carrier 1694132,Shipper 1375,True,True,True,5/18/2017 23:00,5/19/2017 15:00,False,False,False,False,False,False,False,False,La Porte,TX ,La Porte,TX 
3722,206515681,5/17/2017 14:30,5/17/2017 14:31,5/18/2017 19:14,5/18/2017 23:00,5/19/2017 11:15,1673.89,1700.0,-26.11,319.4,RFR,3.0,,False,0,Carrier 1694132,Shipper 1386,True,True,True,5/18/2017 23:00,5/19/2017 15:00,False,False,False,False,False,False,False,False,La Porte,TX ,La Porte,TX 
3723,206515681,5/17/2017 14:30,5/17/2017 14:31,5/18/2017 19:14,5/18/2017 23:00,5/19/2017 11:15,1673.89,1700.0,-26.11,319.4,RFR,3.0,,False,0,Carrier 1694132,Shipper 1248,True,True,True,5/18/2017 23:00,5/19/2017 15:00,False,False,False,False,False,False,False,False,La Porte,TX ,La Porte,TX 
3724,206515681,5/17/2017 14:30,5/17/2017 14:31,5/18/2017 19:14,5/18/2017 23:00,5/19/2017 11:15,1673.89,1700.0,-26.11,319.4,RFR,3.0,,False,0,Carrier 1694132,Shipper 1387,True,True,True,5/18/2017 23:00,5/19/2017 15:00,False,False,False,False,False,False,False,False,La Porte,TX ,La Porte,TX 
3725,206515681,5/17/2017 14:30,5/17/2017 14:31,5/18/2017 19:14,5/18/2017 23:00,5/19/2017 11:15,1673.89,1700.0,-26.11,319.4,RFR,3.0,,False,0,Carrier 1694132,Shipper 1388,True,True,True,5/18/2017 23:00,5/19/2017 15:00,False,False,False,False,False,False,False,False,La Porte,TX ,La Porte,TX 
3726,206569913,3/22/2017 18:57,3/22/2017 18:57,3/23/2017 10:32,3/22/2017 23:00,3/24/2017 15:30,1673.24,2500.0,-826.76,694.5,DRV,4.0,,False,1,Carrier 1056252,Shipper 1249,False,True,False,3/22/2017 23:00,3/24/2017 15:00,False,False,False,False,False,False,False,False,Granite City,IL ,Granite City,IL 
3727,206569913,3/22/2017 18:57,3/22/2017 18:57,3/23/2017 10:32,3/22/2017 23:00,3/24/2017 15:30,1673.24,2500.0,-826.76,694.5,DRV,4.0,,False,1,Carrier 1056252,Shipper 1375,False,True,False,3/22/2017 23:00,3/24/2017 15:00,False,False,False,False,False,False,False,False,Granite City,IL ,Granite City,IL 
3728,206569913,3/22/2017 18:57,3/22/2017 18:57,3/23/2017 10:32,3/22/2017 23:00,3/24/2017 15:30,1673.24,2500.0,-826.76,694.5,DRV,4.0,,False,1,Carrier 1056252,Shipper 1386,False,True,False,3/22/2017 23:00,3/24/2017 15:00,False,False,False,False,False,False,False,False,Granite City,IL ,Granite City,IL 
3729,206569913,3/22/2017 18:57,3/22/2017 18:57,3/23/2017 10:32,3/22/2017 23:00,3/24/2017 15:30,1673.24,2500.0,-826.76,694.5,DRV,4.0,,False,1,Carrier 1056252,Shipper 1248,False,True,False,3/22/2017 23:00,3/24/2017 15:00,False,False,False,False,False,False,False,False,Granite City,IL ,Granite City,IL 
3730,206569913,3/22/2017 18:57,3/22/2017 18:57,3/23/2017 10:32,3/22/2017 23:00,3/24/2017 15:30,1673.24,2500.0,-826.76,694.5,DRV,4.0,,False,1,Carrier 1056252,Shipper 1387,False,True,False,3/22/2017 23:00,3/24/2017 15:00,False,False,False,False,False,False,False,False,Granite City,IL ,Granite City,IL 
3731,206569913,3/22/2017 18:57,3/22/2017 18:57,3/23/2017 10:32,3/22/2017 23:00,3/24/2017 15:30,1673.24,2500.0,-826.76,694.5,DRV,4.0,,False,1,Carrier 1056252,Shipper 1388,False,True,False,3/22/2017 23:00,3/24/2017 15:00,False,False,False,False,False,False,False,False,Granite City,IL ,Granite City,IL 
3732,206494353,1/11/2017 11:28,1/11/2017 11:28,1/11/2017 11:51,1/10/2017 3:00,1/11/2017 6:00,1672.0,1376.0,296.0,140.0,RFR,,,False,0,Carrier 968589,Shipper 758,,,,1/11/2017 2:00,1/12/2017 2:00,False,False,False,False,False,False,False,False,Portland,OR ,Portland,OR 
3733,206435417,5/4/2017 13:04,5/4/2017 13:04,5/4/2017 14:40,5/4/2017 16:00,5/5/2017 23:50,1669.73,1230.0,439.73,411.7,DRV,4.0,,False,0,Carrier 308188,Shipper 1249,True,True,True,5/4/2017 16:00,5/5/2017 11:30,False,False,False,False,False,False,False,False,Houston,TX ,Houston,TX 
3734,206435417,5/4/2017 13:04,5/4/2017 13:04,5/4/2017 14:40,5/4/2017 16:00,5/5/2017 23:50,1669.73,1230.0,439.73,411.7,DRV,4.0,,False,0,Carrier 308188,Shipper 1375,True,True,True,5/4/2017 16:00,5/5/2017 11:30,False,False,False,False,False,False,False,False,Houston,TX ,Houston,TX 
3735,206435417,5/4/2017 13:04,5/4/2017 13:04,5/4/2017 14:40,5/4/2017 16:00,5/5/2017 23:50,1669.73,1230.0,439.73,411.7,DRV,4.0,,False,0,Carrier 308188,Shipper 1386,True,True,True,5/4/2017 16:00,5/5/2017 11:30,False,False,False,False,False,False,False,False,Houston,TX ,Houston,TX 
3736,206435417,5/4/2017 13:04,5/4/2017 13:04,5/4/2017 14:40,5/4/2017 16:00,5/5/2017 23:50,1669.73,1230.0,439.73,411.7,DRV,4.0,,False,0,Carrier 308188,Shipper 1248,True,True,True,5/4/2017 16:00,5/5/2017 11:30,False,False,False,False,False,False,False,False,Houston,TX ,Houston,TX 
3737,206435417,5/4/2017 13:04,5/4/2017 13:04,5/4/2017 14:40,5/4/2017 16:00,5/5/2017 23:50,1669.73,1230.0,439.73,411.7,DRV,4.0,,False,0,Carrier 308188,Shipper 1387,True,True,True,5/4/2017 16:00,5/5/2017 11:30,False,False,False,False,False,False,False,False,Houston,TX ,Houston,TX 
3738,206435417,5/4/2017 13:04,5/4/2017 13:04,5/4/2017 14:40,5/4/2017 16:00,5/5/2017 23:50,1669.73,1230.0,439.73,411.7,DRV,4.0,,False,0,Carrier 308188,Shipper 1388,True,True,True,5/4/2017 16:00,5/5/2017 11:30,False,False,False,False,False,False,False,False,Houston,TX ,Houston,TX 
3739,206544433,5/30/2017 16:59,5/30/2017 16:59,6/1/2017 12:45,6/1/2017 18:00,6/2/2017 7:30,1668.52,1300.0,368.52,306.4,DRV,,,False,0,Carrier 1470465,Shipper 1249,True,True,True,6/1/2017 18:00,6/2/2017 6:00,False,False,False,False,False,False,False,False,Cartersville,GA ,Cartersville,GA 
3740,206544433,5/30/2017 16:59,5/30/2017 16:59,6/1/2017 12:45,6/1/2017 18:00,6/2/2017 7:30,1668.52,1300.0,368.52,306.4,DRV,,,False,0,Carrier 1470465,Shipper 1375,True,True,True,6/1/2017 18:00,6/2/2017 6:00,False,False,False,False,False,False,False,False,Cartersville,GA ,Cartersville,GA 
3741,206544433,5/30/2017 16:59,5/30/2017 16:59,6/1/2017 12:45,6/1/2017 18:00,6/2/2017 7:30,1668.52,1300.0,368.52,306.4,DRV,,,False,0,Carrier 1470465,Shipper 1386,True,True,True,6/1/2017 18:00,6/2/2017 6:00,False,False,False,False,False,False,False,False,Cartersville,GA ,Cartersville,GA 
3742,206544433,5/30/2017 16:59,5/30/2017 16:59,6/1/2017 12:45,6/1/2017 18:00,6/2/2017 7:30,1668.52,1300.0,368.52,306.4,DRV,,,False,0,Carrier 1470465,Shipper 1248,True,True,True,6/1/2017 18:00,6/2/2017 6:00,False,False,False,False,False,False,False,False,Cartersville,GA ,Cartersville,GA 
3743,206544433,5/30/2017 16:59,5/30/2017 16:59,6/1/2017 12:45,6/1/2017 18:00,6/2/2017 7:30,1668.52,1300.0,368.52,306.4,DRV,,,False,0,Carrier 1470465,Shipper 1387,True,True,True,6/1/2017 18:00,6/2/2017 6:00,False,False,False,False,False,False,False,False,Cartersville,GA ,Cartersville,GA 
3744,206544433,5/30/2017 16:59,5/30/2017 16:59,6/1/2017 12:45,6/1/2017 18:00,6/2/2017 7:30,1668.52,1300.0,368.52,306.4,DRV,,,False,0,Carrier 1470465,Shipper 1388,True,True,True,6/1/2017 18:00,6/2/2017 6:00,False,False,False,False,False,False,False,False,Cartersville,GA ,Cartersville,GA 
3745,206567505,12/18/2017 17:28,12/18/2017 17:28,12/19/2017 15:47,12/21/2017 11:00,12/22/2017 11:00,1666.32,1680.0,-13.68,133.8,DRV,,carrier_capacity,False,0,Carrier 1695743,Shipper 1249,True,True,True,12/21/2017 11:00,12/22/2017 12:00,False,False,False,False,False,False,False,False,Jacksonville,FL ,Jacksonville,FL 
3746,206567505,12/18/2017 17:28,12/18/2017 17:28,12/19/2017 15:47,12/21/2017 11:00,12/22/2017 11:00,1666.32,1680.0,-13.68,133.8,DRV,,carrier_capacity,False,0,Carrier 1695743,Shipper 1375,True,True,True,12/21/2017 11:00,12/22/2017 12:00,False,False,False,False,False,False,False,False,Jacksonville,FL ,Jacksonville,FL 
3747,206567505,12/18/2017 17:28,12/18/2017 17:28,12/19/2017 15:47,12/21/2017 11:00,12/22/2017 11:00,1666.32,1680.0,-13.68,133.8,DRV,,carrier_capacity,False,0,Carrier 1695743,Shipper 1386,True,True,True,12/21/2017 11:00,12/22/2017 12:00,False,False,False,False,False,False,False,False,Jacksonville,FL ,Jacksonville,FL 
3748,206567505,12/18/2017 17:28,12/18/2017 17:28,12/19/2017 15:47,12/21/2017 11:00,12/22/2017 11:00,1666.32,1680.0,-13.68,133.8,DRV,,carrier_capacity,False,0,Carrier 1695743,Shipper 1248,True,True,True,12/21/2017 11:00,12/22/2017 12:00,False,False,False,False,False,False,False,False,Jacksonville,FL ,Jacksonville,FL 
3749,206567505,12/18/2017 17:28,12/18/2017 17:28,12/19/2017 15:47,12/21/2017 11:00,12/22/2017 11:00,1666.32,1680.0,-13.68,133.8,DRV,,carrier_capacity,False,0,Carrier 1695743,Shipper 1387,True,True,True,12/21/2017 11:00,12/22/2017 12:00,False,False,False,False,False,False,False,False,Jacksonville,FL ,Jacksonville,FL 
3750,206567505,12/18/2017 17:28,12/18/2017 17:28,12/19/2017 15:47,12/21/2017 11:00,12/22/2017 11:00,1666.32,1680.0,-13.68,133.8,DRV,,carrier_capacity,False,0,Carrier 1695743,Shipper 1388,True,True,True,12/21/2017 11:00,12/22/2017 12:00,False,False,False,False,False,False,False,False,Jacksonville,FL ,Jacksonville,FL 
3751,206469849,6/19/2017 16:11,6/19/2017 16:12,6/20/2017 9:52,6/21/2017 14:00,6/22/2017 8:45,1663.5,1000.0,663.5,370.3,RFR,,,False,0,Carrier 806984,Shipper 1249,True,True,True,6/21/2017 14:00,6/22/2017 9:15,False,False,False,False,False,False,False,False,Jacksonville,FL ,Jacksonville,FL 
3752,206469849,6/19/2017 16:11,6/19/2017 16:12,6/20/2017 9:52,6/21/2017 14:00,6/22/2017 8:45,1663.5,1000.0,663.5,370.3,RFR,,,False,0,Carrier 806984,Shipper 1375,True,True,True,6/21/2017 14:00,6/22/2017 9:15,False,False,False,False,False,False,False,False,Jacksonville,FL ,Jacksonville,FL 
3753,206469849,6/19/2017 16:11,6/19/2017 16:12,6/20/2017 9:52,6/21/2017 14:00,6/22/2017 8:45,1663.5,1000.0,663.5,370.3,RFR,,,False,0,Carrier 806984,Shipper 1386,True,True,True,6/21/2017 14:00,6/22/2017 9:15,False,False,False,False,False,False,False,False,Jacksonville,FL ,Jacksonville,FL 
3754,206469849,6/19/2017 16:11,6/19/2017 16:12,6/20/2017 9:52,6/21/2017 14:00,6/22/2017 8:45,1663.5,1000.0,663.5,370.3,RFR,,,False,0,Carrier 806984,Shipper 1248,True,True,True,6/21/2017 14:00,6/22/2017 9:15,False,False,False,False,False,False,False,False,Jacksonville,FL ,Jacksonville,FL 
3755,206469849,6/19/2017 16:11,6/19/2017 16:12,6/20/2017 9:52,6/21/2017 14:00,6/22/2017 8:45,1663.5,1000.0,663.5,370.3,RFR,,,False,0,Carrier 806984,Shipper 1387,True,True,True,6/21/2017 14:00,6/22/2017 9:15,False,False,False,False,False,False,False,False,Jacksonville,FL ,Jacksonville,FL 
3756,206469849,6/19/2017 16:11,6/19/2017 16:12,6/20/2017 9:52,6/21/2017 14:00,6/22/2017 8:45,1663.5,1000.0,663.5,370.3,RFR,,,False,0,Carrier 806984,Shipper 1388,True,True,True,6/21/2017 14:00,6/22/2017 9:15,False,False,False,False,False,False,False,False,Jacksonville,FL ,Jacksonville,FL 
3757,206554681,8/8/2017 17:00,8/8/2017 17:00,8/9/2017 8:43,8/9/2017 11:00,8/10/2017 7:50,1661.48,1200.0,461.48,300.0,DRV,,,False,0,Carrier 647552,Shipper 1249,True,True,True,8/9/2017 15:00,8/10/2017 20:00,False,False,False,False,False,False,False,False,Baldwinsville,NY ,Baldwinsville,NY 
3758,206554681,8/8/2017 17:00,8/8/2017 17:00,8/9/2017 8:43,8/9/2017 11:00,8/10/2017 7:50,1661.48,1200.0,461.48,300.0,DRV,,,False,0,Carrier 647552,Shipper 1375,True,True,True,8/9/2017 15:00,8/10/2017 20:00,False,False,False,False,False,False,False,False,Baldwinsville,NY ,Baldwinsville,NY 
3759,206554681,8/8/2017 17:00,8/8/2017 17:00,8/9/2017 8:43,8/9/2017 11:00,8/10/2017 7:50,1661.48,1200.0,461.48,300.0,DRV,,,False,0,Carrier 647552,Shipper 1386,True,True,True,8/9/2017 15:00,8/10/2017 20:00,False,False,False,False,False,False,False,False,Baldwinsville,NY ,Baldwinsville,NY 
3760,206554681,8/8/2017 17:00,8/8/2017 17:00,8/9/2017 8:43,8/9/2017 11:00,8/10/2017 7:50,1661.48,1200.0,461.48,300.0,DRV,,,False,0,Carrier 647552,Shipper 1248,True,True,True,8/9/2017 15:00,8/10/2017 20:00,False,False,False,False,False,False,False,False,Baldwinsville,NY ,Baldwinsville,NY 
3761,206554681,8/8/2017 17:00,8/8/2017 17:00,8/9/2017 8:43,8/9/2017 11:00,8/10/2017 7:50,1661.48,1200.0,461.48,300.0,DRV,,,False,0,Carrier 647552,Shipper 1387,True,True,True,8/9/2017 15:00,8/10/2017 20:00,False,False,False,False,False,False,False,False,Baldwinsville,NY ,Baldwinsville,NY 
3762,206554681,8/8/2017 17:00,8/8/2017 17:00,8/9/2017 8:43,8/9/2017 11:00,8/10/2017 7:50,1661.48,1200.0,461.48,300.0,DRV,,,False,0,Carrier 647552,Shipper 1388,True,True,True,8/9/2017 15:00,8/10/2017 20:00,False,False,False,False,False,False,False,False,Baldwinsville,NY ,Baldwinsville,NY 
3763,206516977,9/25/2017 16:35,9/25/2017 16:35,9/26/2017 12:11,9/27/2017 16:00,9/28/2017 10:00,1660.46,1300.0,360.46,581.9,RFR,,,False,0,Carrier 528438,Shipper 1249,True,True,True,9/27/2017 16:00,9/28/2017 9:00,False,False,False,False,False,False,False,False,Aurora,CO ,Aurora,CO 
3764,206516977,9/25/2017 16:35,9/25/2017 16:35,9/26/2017 12:11,9/27/2017 16:00,9/28/2017 10:00,1660.46,1300.0,360.46,581.9,RFR,,,False,0,Carrier 528438,Shipper 1375,True,True,True,9/27/2017 16:00,9/28/2017 9:00,False,False,False,False,False,False,False,False,Aurora,CO ,Aurora,CO 
3765,206516977,9/25/2017 16:35,9/25/2017 16:35,9/26/2017 12:11,9/27/2017 16:00,9/28/2017 10:00,1660.46,1300.0,360.46,581.9,RFR,,,False,0,Carrier 528438,Shipper 1386,True,True,True,9/27/2017 16:00,9/28/2017 9:00,False,False,False,False,False,False,False,False,Aurora,CO ,Aurora,CO 
3766,206516977,9/25/2017 16:35,9/25/2017 16:35,9/26/2017 12:11,9/27/2017 16:00,9/28/2017 10:00,1660.46,1300.0,360.46,581.9,RFR,,,False,0,Carrier 528438,Shipper 1248,True,True,True,9/27/2017 16:00,9/28/2017 9:00,False,False,False,False,False,False,False,False,Aurora,CO ,Aurora,CO 
3767,206516977,9/25/2017 16:35,9/25/2017 16:35,9/26/2017 12:11,9/27/2017 16:00,9/28/2017 10:00,1660.46,1300.0,360.46,581.9,RFR,,,False,0,Carrier 528438,Shipper 1387,True,True,True,9/27/2017 16:00,9/28/2017 9:00,False,False,False,False,False,False,False,False,Aurora,CO ,Aurora,CO 
3768,206516977,9/25/2017 16:35,9/25/2017 16:35,9/26/2017 12:11,9/27/2017 16:00,9/28/2017 10:00,1660.46,1300.0,360.46,581.9,RFR,,,False,0,Carrier 528438,Shipper 1388,True,True,True,9/27/2017 16:00,9/28/2017 9:00,False,False,False,False,False,False,False,False,Aurora,CO ,Aurora,CO 
3769,206633569,7/31/2017 18:06,7/31/2017 18:07,8/2/2017 16:56,8/2/2017 17:00,8/3/2017 3:10,1658.56,2400.0,-741.44,754.2,DRV,,,False,0,Carrier 80841,Shipper 1249,True,True,True,8/2/2017 22:00,8/4/2017 13:00,False,False,False,False,False,False,False,False,Colonial Heights,VA ,Colonial Heights,VA 
3770,206633569,7/31/2017 18:06,7/31/2017 18:07,8/2/2017 16:56,8/2/2017 17:00,8/3/2017 3:10,1658.56,2400.0,-741.44,754.2,DRV,,,False,0,Carrier 80841,Shipper 1375,True,True,True,8/2/2017 22:00,8/4/2017 13:00,False,False,False,False,False,False,False,False,Colonial Heights,VA ,Colonial Heights,VA 
3771,206633569,7/31/2017 18:06,7/31/2017 18:07,8/2/2017 16:56,8/2/2017 17:00,8/3/2017 3:10,1658.56,2400.0,-741.44,754.2,DRV,,,False,0,Carrier 80841,Shipper 1386,True,True,True,8/2/2017 22:00,8/4/2017 13:00,False,False,False,False,False,False,False,False,Colonial Heights,VA ,Colonial Heights,VA 
3772,206633569,7/31/2017 18:06,7/31/2017 18:07,8/2/2017 16:56,8/2/2017 17:00,8/3/2017 3:10,1658.56,2400.0,-741.44,754.2,DRV,,,False,0,Carrier 80841,Shipper 1248,True,True,True,8/2/2017 22:00,8/4/2017 13:00,False,False,False,False,False,False,False,False,Colonial Heights,VA ,Colonial Heights,VA 
3773,206633569,7/31/2017 18:06,7/31/2017 18:07,8/2/2017 16:56,8/2/2017 17:00,8/3/2017 3:10,1658.56,2400.0,-741.44,754.2,DRV,,,False,0,Carrier 80841,Shipper 1387,True,True,True,8/2/2017 22:00,8/4/2017 13:00,False,False,False,False,False,False,False,False,Colonial Heights,VA ,Colonial Heights,VA 
3774,206633569,7/31/2017 18:06,7/31/2017 18:07,8/2/2017 16:56,8/2/2017 17:00,8/3/2017 3:10,1658.56,2400.0,-741.44,754.2,DRV,,,False,0,Carrier 80841,Shipper 1388,True,True,True,8/2/2017 22:00,8/4/2017 13:00,False,False,False,False,False,False,False,False,Colonial Heights,VA ,Colonial Heights,VA 
3775,206553049,5/10/2017 13:23,5/10/2017 13:23,5/10/2017 16:42,5/10/2017 19:00,5/11/2017 8:30,1658.45,1500.0,158.45,296.4,RFR,,,False,1,Carrier 1085471,Shipper 1249,True,True,True,5/10/2017 19:00,5/11/2017 15:30,False,False,False,False,False,False,False,False,Jacksonville,FL ,Jacksonville,FL 
3776,206553049,5/10/2017 13:23,5/10/2017 13:23,5/10/2017 16:42,5/10/2017 19:00,5/11/2017 8:30,1658.45,1500.0,158.45,296.4,RFR,,,False,1,Carrier 1085471,Shipper 1375,True,True,True,5/10/2017 19:00,5/11/2017 15:30,False,False,False,False,False,False,False,False,Jacksonville,FL ,Jacksonville,FL 
3777,206553049,5/10/2017 13:23,5/10/2017 13:23,5/10/2017 16:42,5/10/2017 19:00,5/11/2017 8:30,1658.45,1500.0,158.45,296.4,RFR,,,False,1,Carrier 1085471,Shipper 1386,True,True,True,5/10/2017 19:00,5/11/2017 15:30,False,False,False,False,False,False,False,False,Jacksonville,FL ,Jacksonville,FL 
3778,206553049,5/10/2017 13:23,5/10/2017 13:23,5/10/2017 16:42,5/10/2017 19:00,5/11/2017 8:30,1658.45,1500.0,158.45,296.4,RFR,,,False,1,Carrier 1085471,Shipper 1248,True,True,True,5/10/2017 19:00,5/11/2017 15:30,False,False,False,False,False,False,False,False,Jacksonville,FL ,Jacksonville,FL 
3779,206553049,5/10/2017 13:23,5/10/2017 13:23,5/10/2017 16:42,5/10/2017 19:00,5/11/2017 8:30,1658.45,1500.0,158.45,296.4,RFR,,,False,1,Carrier 1085471,Shipper 1387,True,True,True,5/10/2017 19:00,5/11/2017 15:30,False,False,False,False,False,False,False,False,Jacksonville,FL ,Jacksonville,FL 
3780,206553049,5/10/2017 13:23,5/10/2017 13:23,5/10/2017 16:42,5/10/2017 19:00,5/11/2017 8:30,1658.45,1500.0,158.45,296.4,RFR,,,False,1,Carrier 1085471,Shipper 1388,True,True,True,5/10/2017 19:00,5/11/2017 15:30,False,False,False,False,False,False,False,False,Jacksonville,FL ,Jacksonville,FL 
3781,206635017,12/13/2017 16:49,12/13/2017 16:49,12/15/2017 14:03,12/16/2017 17:00,12/18/2017 9:15,1656.52,2000.0,-343.48,576.7,DRV,,dat_in,False,0,Carrier 1695487,Shipper 1249,True,True,True,12/16/2017 17:00,12/18/2017 14:00,False,False,False,False,False,False,False,False,St. Louis,MO ,St. Louis,MO 
3782,206635017,12/13/2017 16:49,12/13/2017 16:49,12/15/2017 14:03,12/16/2017 17:00,12/18/2017 9:15,1656.52,2000.0,-343.48,576.7,DRV,,dat_in,False,0,Carrier 1695487,Shipper 1375,True,True,True,12/16/2017 17:00,12/18/2017 14:00,False,False,False,False,False,False,False,False,St. Louis,MO ,St. Louis,MO 
3783,206635017,12/13/2017 16:49,12/13/2017 16:49,12/15/2017 14:03,12/16/2017 17:00,12/18/2017 9:15,1656.52,2000.0,-343.48,576.7,DRV,,dat_in,False,0,Carrier 1695487,Shipper 1386,True,True,True,12/16/2017 17:00,12/18/2017 14:00,False,False,False,False,False,False,False,False,St. Louis,MO ,St. Louis,MO 
3784,206635017,12/13/2017 16:49,12/13/2017 16:49,12/15/2017 14:03,12/16/2017 17:00,12/18/2017 9:15,1656.52,2000.0,-343.48,576.7,DRV,,dat_in,False,0,Carrier 1695487,Shipper 1248,True,True,True,12/16/2017 17:00,12/18/2017 14:00,False,False,False,False,False,False,False,False,St. Louis,MO ,St. Louis,MO 
3785,206635017,12/13/2017 16:49,12/13/2017 16:49,12/15/2017 14:03,12/16/2017 17:00,12/18/2017 9:15,1656.52,2000.0,-343.48,576.7,DRV,,dat_in,False,0,Carrier 1695487,Shipper 1387,True,True,True,12/16/2017 17:00,12/18/2017 14:00,False,False,False,False,False,False,False,False,St. Louis,MO ,St. Louis,MO 
3786,206635017,12/13/2017 16:49,12/13/2017 16:49,12/15/2017 14:03,12/16/2017 17:00,12/18/2017 9:15,1656.52,2000.0,-343.48,576.7,DRV,,dat_in,False,0,Carrier 1695487,Shipper 1388,True,True,True,12/16/2017 17:00,12/18/2017 14:00,False,False,False,False,False,False,False,False,St. Louis,MO ,St. Louis,MO 
3787,206473977,6/20/2017 18:21,6/20/2017 18:21,7/3/2017 14:32,7/5/2017 12:00,7/6/2017 6:45,1655.67,1350.0,305.67,312.8,DRV,,,False,2,Carrier 89768,Shipper 1249,,,,7/5/2017 12:00,7/6/2017 7:00,False,False,False,False,False,False,False,False,Carlisle,PA ,Carlisle,PA 
3788,206473977,6/20/2017 18:21,6/20/2017 18:21,7/3/2017 14:32,7/5/2017 12:00,7/6/2017 6:45,1655.67,1350.0,305.67,312.8,DRV,,,False,2,Carrier 89768,Shipper 1375,,,,7/5/2017 12:00,7/6/2017 7:00,False,False,False,False,False,False,False,False,Carlisle,PA ,Carlisle,PA 
3789,206473977,6/20/2017 18:21,6/20/2017 18:21,7/3/2017 14:32,7/5/2017 12:00,7/6/2017 6:45,1655.67,1350.0,305.67,312.8,DRV,,,False,2,Carrier 89768,Shipper 1386,,,,7/5/2017 12:00,7/6/2017 7:00,False,False,False,False,False,False,False,False,Carlisle,PA ,Carlisle,PA 
3790,206473977,6/20/2017 18:21,6/20/2017 18:21,7/3/2017 14:32,7/5/2017 12:00,7/6/2017 6:45,1655.67,1350.0,305.67,312.8,DRV,,,False,2,Carrier 89768,Shipper 1248,,,,7/5/2017 12:00,7/6/2017 7:00,False,False,False,False,False,False,False,False,Carlisle,PA ,Carlisle,PA 
3791,206473977,6/20/2017 18:21,6/20/2017 18:21,7/3/2017 14:32,7/5/2017 12:00,7/6/2017 6:45,1655.67,1350.0,305.67,312.8,DRV,,,False,2,Carrier 89768,Shipper 1387,,,,7/5/2017 12:00,7/6/2017 7:00,False,False,False,False,False,False,False,False,Carlisle,PA ,Carlisle,PA 
3792,206473977,6/20/2017 18:21,6/20/2017 18:21,7/3/2017 14:32,7/5/2017 12:00,7/6/2017 6:45,1655.67,1350.0,305.67,312.8,DRV,,,False,2,Carrier 89768,Shipper 1388,,,,7/5/2017 12:00,7/6/2017 7:00,False,False,False,False,False,False,False,False,Carlisle,PA ,Carlisle,PA 
3793,206422449,2/22/2017 10:05,2/22/2017 10:05,2/23/2017 17:55,2/24/2017 11:00,2/27/2017 9:30,1654.51,1800.0,-145.49,1115.5,DRV,3.0,,False,0,Carrier 1035111,Shipper 1052,True,True,True,2/24/2017 11:00,2/27/2017 16:00,False,False,False,False,False,False,False,False,Laredo,TX ,Laredo,TX 
3794,206501473,2/22/2017 10:12,2/22/2017 10:12,2/24/2017 10:55,2/24/2017 13:00,2/27/2017 14:00,1654.51,1800.0,-145.49,1115.5,DRV,,,False,1,Carrier 1035111,Shipper 1052,False,True,True,2/24/2017 13:00,2/27/2017 16:00,False,False,False,False,False,False,False,False,Laredo,TX ,Laredo,TX 
3795,206479097,2/22/2017 9:55,2/22/2017 9:56,2/23/2017 18:13,2/24/2017 15:00,2/27/2017 9:30,1654.51,1800.0,-145.49,1115.5,DRV,,,False,0,Carrier 1035111,Shipper 1052,False,True,True,2/24/2017 15:00,2/27/2017 16:00,False,False,False,False,False,False,False,False,Laredo,TX ,Laredo,TX 
3796,206557417,12/13/2017 16:32,12/13/2017 16:32,12/14/2017 12:13,12/15/2017 16:00,12/18/2017 13:30,1653.23,1520.0,133.23,994.7,DRV,,,False,0,Carrier 1025622,Shipper 1249,True,True,True,12/15/2017 16:00,12/18/2017 17:00,False,False,False,False,False,False,False,False,Fort Collins,CO ,Fort Collins,CO 
3797,206557417,12/13/2017 16:32,12/13/2017 16:32,12/14/2017 12:13,12/15/2017 16:00,12/18/2017 13:30,1653.23,1520.0,133.23,994.7,DRV,,,False,0,Carrier 1025622,Shipper 1375,True,True,True,12/15/2017 16:00,12/18/2017 17:00,False,False,False,False,False,False,False,False,Fort Collins,CO ,Fort Collins,CO 
3798,206557417,12/13/2017 16:32,12/13/2017 16:32,12/14/2017 12:13,12/15/2017 16:00,12/18/2017 13:30,1653.23,1520.0,133.23,994.7,DRV,,,False,0,Carrier 1025622,Shipper 1386,True,True,True,12/15/2017 16:00,12/18/2017 17:00,False,False,False,False,False,False,False,False,Fort Collins,CO ,Fort Collins,CO 
3799,206557417,12/13/2017 16:32,12/13/2017 16:32,12/14/2017 12:13,12/15/2017 16:00,12/18/2017 13:30,1653.23,1520.0,133.23,994.7,DRV,,,False,0,Carrier 1025622,Shipper 1248,True,True,True,12/15/2017 16:00,12/18/2017 17:00,False,False,False,False,False,False,False,False,Fort Collins,CO ,Fort Collins,CO 
3800,206557417,12/13/2017 16:32,12/13/2017 16:32,12/14/2017 12:13,12/15/2017 16:00,12/18/2017 13:30,1653.23,1520.0,133.23,994.7,DRV,,,False,0,Carrier 1025622,Shipper 1387,True,True,True,12/15/2017 16:00,12/18/2017 17:00,False,False,False,False,False,False,False,False,Fort Collins,CO ,Fort Collins,CO 
3801,206557417,12/13/2017 16:32,12/13/2017 16:32,12/14/2017 12:13,12/15/2017 16:00,12/18/2017 13:30,1653.23,1520.0,133.23,994.7,DRV,,,False,0,Carrier 1025622,Shipper 1388,True,True,True,12/15/2017 16:00,12/18/2017 17:00,False,False,False,False,False,False,False,False,Fort Collins,CO ,Fort Collins,CO 
3802,206589369,6/19/2017 16:21,6/19/2017 16:21,6/20/2017 13:47,6/21/2017 17:00,6/22/2017 15:00,1652.8,1197.0,455.8,461.1,DRV,,,False,0,Carrier 1333544,Shipper 1249,True,True,True,6/21/2017 17:00,6/22/2017 15:00,False,False,False,False,False,False,False,False,Granite City,IL ,Granite City,IL 
3803,206589369,6/19/2017 16:21,6/19/2017 16:21,6/20/2017 13:47,6/21/2017 17:00,6/22/2017 15:00,1652.8,1197.0,455.8,461.1,DRV,,,False,0,Carrier 1333544,Shipper 1375,True,True,True,6/21/2017 17:00,6/22/2017 15:00,False,False,False,False,False,False,False,False,Granite City,IL ,Granite City,IL 
3804,206589369,6/19/2017 16:21,6/19/2017 16:21,6/20/2017 13:47,6/21/2017 17:00,6/22/2017 15:00,1652.8,1197.0,455.8,461.1,DRV,,,False,0,Carrier 1333544,Shipper 1386,True,True,True,6/21/2017 17:00,6/22/2017 15:00,False,False,False,False,False,False,False,False,Granite City,IL ,Granite City,IL 
3805,206589369,6/19/2017 16:21,6/19/2017 16:21,6/20/2017 13:47,6/21/2017 17:00,6/22/2017 15:00,1652.8,1197.0,455.8,461.1,DRV,,,False,0,Carrier 1333544,Shipper 1248,True,True,True,6/21/2017 17:00,6/22/2017 15:00,False,False,False,False,False,False,False,False,Granite City,IL ,Granite City,IL 
3806,206589369,6/19/2017 16:21,6/19/2017 16:21,6/20/2017 13:47,6/21/2017 17:00,6/22/2017 15:00,1652.8,1197.0,455.8,461.1,DRV,,,False,0,Carrier 1333544,Shipper 1387,True,True,True,6/21/2017 17:00,6/22/2017 15:00,False,False,False,False,False,False,False,False,Granite City,IL ,Granite City,IL 
3807,206589369,6/19/2017 16:21,6/19/2017 16:21,6/20/2017 13:47,6/21/2017 17:00,6/22/2017 15:00,1652.8,1197.0,455.8,461.1,DRV,,,False,0,Carrier 1333544,Shipper 1388,True,True,True,6/21/2017 17:00,6/22/2017 15:00,False,False,False,False,False,False,False,False,Granite City,IL ,Granite City,IL 
3808,206430769,6/20/2017 13:23,6/20/2017 13:24,6/21/2017 9:50,6/21/2017 14:00,6/22/2017 13:00,1652.02,1300.0,352.02,309.9,RFR,,,False,0,Carrier 1154123,Shipper 1249,True,True,True,6/21/2017 14:00,6/22/2017 15:00,False,False,False,False,False,False,False,False,Granite City,IL ,Granite City,IL 
3809,206430769,6/20/2017 13:23,6/20/2017 13:24,6/21/2017 9:50,6/21/2017 14:00,6/22/2017 13:00,1652.02,1300.0,352.02,309.9,RFR,,,False,0,Carrier 1154123,Shipper 1375,True,True,True,6/21/2017 14:00,6/22/2017 15:00,False,False,False,False,False,False,False,False,Granite City,IL ,Granite City,IL 
3810,206430769,6/20/2017 13:23,6/20/2017 13:24,6/21/2017 9:50,6/21/2017 14:00,6/22/2017 13:00,1652.02,1300.0,352.02,309.9,RFR,,,False,0,Carrier 1154123,Shipper 1386,True,True,True,6/21/2017 14:00,6/22/2017 15:00,False,False,False,False,False,False,False,False,Granite City,IL ,Granite City,IL 
3811,206430769,6/20/2017 13:23,6/20/2017 13:24,6/21/2017 9:50,6/21/2017 14:00,6/22/2017 13:00,1652.02,1300.0,352.02,309.9,RFR,,,False,0,Carrier 1154123,Shipper 1248,True,True,True,6/21/2017 14:00,6/22/2017 15:00,False,False,False,False,False,False,False,False,Granite City,IL ,Granite City,IL 
3812,206430769,6/20/2017 13:23,6/20/2017 13:24,6/21/2017 9:50,6/21/2017 14:00,6/22/2017 13:00,1652.02,1300.0,352.02,309.9,RFR,,,False,0,Carrier 1154123,Shipper 1387,True,True,True,6/21/2017 14:00,6/22/2017 15:00,False,False,False,False,False,False,False,False,Granite City,IL ,Granite City,IL 
3813,206430769,6/20/2017 13:23,6/20/2017 13:24,6/21/2017 9:50,6/21/2017 14:00,6/22/2017 13:00,1652.02,1300.0,352.02,309.9,RFR,,,False,0,Carrier 1154123,Shipper 1388,True,True,True,6/21/2017 14:00,6/22/2017 15:00,False,False,False,False,False,False,False,False,Granite City,IL ,Granite City,IL 
3814,206626633,1/24/2017 12:21,1/24/2017 12:21,1/27/2017 10:08,1/31/2017 12:00,2/1/2017 8:45,1650.0,1600.0,50.0,763.9,DRV,,,False,0,Carrier 951592,Shipper 1184,True,True,True,1/31/2017 12:00,2/1/2017 9:00,False,False,False,False,False,False,False,False,Romeoville,IL ,Romeoville,IL 
3815,206435569,6/19/2017 16:30,6/19/2017 16:31,6/23/2017 10:16,6/23/2017 13:00,6/26/2017 12:00,1643.3,1300.0,343.3,484.9,RFR,,,False,0,Carrier 21221,Shipper 1249,True,True,True,6/23/2017 13:00,6/26/2017 8:00,False,False,False,False,False,False,False,False,Granite City,IL ,Granite City,IL 
3816,206435569,6/19/2017 16:30,6/19/2017 16:31,6/23/2017 10:16,6/23/2017 13:00,6/26/2017 12:00,1643.3,1300.0,343.3,484.9,RFR,,,False,0,Carrier 21221,Shipper 1375,True,True,True,6/23/2017 13:00,6/26/2017 8:00,False,False,False,False,False,False,False,False,Granite City,IL ,Granite City,IL 
3817,206435569,6/19/2017 16:30,6/19/2017 16:31,6/23/2017 10:16,6/23/2017 13:00,6/26/2017 12:00,1643.3,1300.0,343.3,484.9,RFR,,,False,0,Carrier 21221,Shipper 1386,True,True,True,6/23/2017 13:00,6/26/2017 8:00,False,False,False,False,False,False,False,False,Granite City,IL ,Granite City,IL 
3818,206435569,6/19/2017 16:30,6/19/2017 16:31,6/23/2017 10:16,6/23/2017 13:00,6/26/2017 12:00,1643.3,1300.0,343.3,484.9,RFR,,,False,0,Carrier 21221,Shipper 1248,True,True,True,6/23/2017 13:00,6/26/2017 8:00,False,False,False,False,False,False,False,False,Granite City,IL ,Granite City,IL 
3819,206435569,6/19/2017 16:30,6/19/2017 16:31,6/23/2017 10:16,6/23/2017 13:00,6/26/2017 12:00,1643.3,1300.0,343.3,484.9,RFR,,,False,0,Carrier 21221,Shipper 1387,True,True,True,6/23/2017 13:00,6/26/2017 8:00,False,False,False,False,False,False,False,False,Granite City,IL ,Granite City,IL 
3820,206435569,6/19/2017 16:30,6/19/2017 16:31,6/23/2017 10:16,6/23/2017 13:00,6/26/2017 12:00,1643.3,1300.0,343.3,484.9,RFR,,,False,0,Carrier 21221,Shipper 1388,True,True,True,6/23/2017 13:00,6/26/2017 8:00,False,False,False,False,False,False,False,False,Granite City,IL ,Granite City,IL 
3821,206429121,5/18/2017 13:03,5/18/2017 13:03,5/19/2017 9:31,5/21/2017 7:00,5/22/2017 8:30,1642.34,1700.0,-57.66,619.0,DRV,,,False,0,Carrier 1693635,Shipper 1249,,,,5/21/2017 7:00,5/22/2017 13:00,False,False,False,False,False,False,False,False,St. Louis,MO ,St. Louis,MO 
3822,206429121,5/18/2017 13:03,5/18/2017 13:03,5/19/2017 9:31,5/21/2017 7:00,5/22/2017 8:30,1642.34,1700.0,-57.66,619.0,DRV,,,False,0,Carrier 1693635,Shipper 1375,,,,5/21/2017 7:00,5/22/2017 13:00,False,False,False,False,False,False,False,False,St. Louis,MO ,St. Louis,MO 
3823,206429121,5/18/2017 13:03,5/18/2017 13:03,5/19/2017 9:31,5/21/2017 7:00,5/22/2017 8:30,1642.34,1700.0,-57.66,619.0,DRV,,,False,0,Carrier 1693635,Shipper 1386,,,,5/21/2017 7:00,5/22/2017 13:00,False,False,False,False,False,False,False,False,St. Louis,MO ,St. Louis,MO 
3824,206429121,5/18/2017 13:03,5/18/2017 13:03,5/19/2017 9:31,5/21/2017 7:00,5/22/2017 8:30,1642.34,1700.0,-57.66,619.0,DRV,,,False,0,Carrier 1693635,Shipper 1248,,,,5/21/2017 7:00,5/22/2017 13:00,False,False,False,False,False,False,False,False,St. Louis,MO ,St. Louis,MO 
3825,206429121,5/18/2017 13:03,5/18/2017 13:03,5/19/2017 9:31,5/21/2017 7:00,5/22/2017 8:30,1642.34,1700.0,-57.66,619.0,DRV,,,False,0,Carrier 1693635,Shipper 1387,,,,5/21/2017 7:00,5/22/2017 13:00,False,False,False,False,False,False,False,False,St. Louis,MO ,St. Louis,MO 
3826,206429121,5/18/2017 13:03,5/18/2017 13:03,5/19/2017 9:31,5/21/2017 7:00,5/22/2017 8:30,1642.34,1700.0,-57.66,619.0,DRV,,,False,0,Carrier 1693635,Shipper 1388,,,,5/21/2017 7:00,5/22/2017 13:00,False,False,False,False,False,False,False,False,St. Louis,MO ,St. Louis,MO 
3827,206722177,5/31/2017 12:02,5/31/2017 12:03,6/2/2017 16:46,6/3/2017 10:00,6/6/2017 9:30,1641.51,2100.0,-458.49,564.5,DRV,,,False,0,Carrier 472163,Shipper 1249,False,True,False,6/3/2017 12:00,6/6/2017 15:00,False,False,False,False,False,False,False,False,Williamsburg,VA ,Williamsburg,VA 
3828,206722177,5/31/2017 12:02,5/31/2017 12:03,6/2/2017 16:46,6/3/2017 10:00,6/6/2017 9:30,1641.51,2100.0,-458.49,564.5,DRV,,,False,0,Carrier 472163,Shipper 1375,False,True,False,6/3/2017 12:00,6/6/2017 15:00,False,False,False,False,False,False,False,False,Williamsburg,VA ,Williamsburg,VA 
3829,206722177,5/31/2017 12:02,5/31/2017 12:03,6/2/2017 16:46,6/3/2017 10:00,6/6/2017 9:30,1641.51,2100.0,-458.49,564.5,DRV,,,False,0,Carrier 472163,Shipper 1386,False,True,False,6/3/2017 12:00,6/6/2017 15:00,False,False,False,False,False,False,False,False,Williamsburg,VA ,Williamsburg,VA 
3830,206722177,5/31/2017 12:02,5/31/2017 12:03,6/2/2017 16:46,6/3/2017 10:00,6/6/2017 9:30,1641.51,2100.0,-458.49,564.5,DRV,,,False,0,Carrier 472163,Shipper 1248,False,True,False,6/3/2017 12:00,6/6/2017 15:00,False,False,False,False,False,False,False,False,Williamsburg,VA ,Williamsburg,VA 
3831,206722177,5/31/2017 12:02,5/31/2017 12:03,6/2/2017 16:46,6/3/2017 10:00,6/6/2017 9:30,1641.51,2100.0,-458.49,564.5,DRV,,,False,0,Carrier 472163,Shipper 1387,False,True,False,6/3/2017 12:00,6/6/2017 15:00,False,False,False,False,False,False,False,False,Williamsburg,VA ,Williamsburg,VA 
3832,206722177,5/31/2017 12:02,5/31/2017 12:03,6/2/2017 16:46,6/3/2017 10:00,6/6/2017 9:30,1641.51,2100.0,-458.49,564.5,DRV,,,False,0,Carrier 472163,Shipper 1388,False,True,False,6/3/2017 12:00,6/6/2017 15:00,False,False,False,False,False,False,False,False,Williamsburg,VA ,Williamsburg,VA 
3833,206656673,12/13/2017 18:37,12/13/2017 18:37,12/14/2017 12:29,12/19/2017 13:00,12/20/2017 14:30,1640.8,1540.0,100.8,390.6,DRV,,,True,0,Carrier 69267,Shipper 1644,True,True,True,12/19/2017 13:00,12/20/2017 14:00,False,False,False,False,False,False,False,False,Rossville,GA ,Rossville,GA 
3834,206478633,12/8/2017 8:50,12/8/2017 8:50,12/8/2017 9:09,12/12/2017 13:00,12/13/2017 13:00,1640.8,1540.0,100.8,390.6,DRV,,,True,0,Carrier 69267,Shipper 1644,True,True,True,12/12/2017 13:00,12/13/2017 12:00,False,False,False,False,False,False,False,False,Rossville,GA ,Rossville,GA 
3835,206474265,11/20/2017 7:50,11/20/2017 7:51,11/20/2017 10:21,11/21/2017 13:00,11/22/2017 14:00,1640.8,1540.0,100.8,390.6,DRV,,,True,0,Carrier 69267,Shipper 1644,True,True,True,11/21/2017 13:00,11/22/2017 14:00,False,False,False,False,False,False,False,False,Rossville,GA ,Rossville,GA 
3836,206539297,12/4/2017 15:30,12/4/2017 15:30,12/4/2017 15:47,12/5/2017 13:00,12/6/2017 12:45,1640.8,1540.0,100.8,390.6,DRV,,carrier_capacity,True,0,Carrier 69267,Shipper 1644,True,True,True,12/5/2017 13:00,12/6/2017 12:00,False,False,False,False,False,False,False,False,Rossville,GA ,Rossville,GA 
3837,206425881,5/11/2017 13:10,5/11/2017 13:10,5/11/2017 17:08,5/11/2017 20:00,5/12/2017 13:30,1638.72,1380.0,258.72,367.5,DRV,,,False,0,Carrier 1069135,Shipper 1249,True,True,True,5/12/2017 2:00,5/12/2017 14:00,False,False,False,False,False,False,False,False,Cartersville,GA ,Cartersville,GA 
3838,206425881,5/11/2017 13:10,5/11/2017 13:10,5/11/2017 17:08,5/11/2017 20:00,5/12/2017 13:30,1638.72,1380.0,258.72,367.5,DRV,,,False,0,Carrier 1069135,Shipper 1375,True,True,True,5/12/2017 2:00,5/12/2017 14:00,False,False,False,False,False,False,False,False,Cartersville,GA ,Cartersville,GA 
3839,206425881,5/11/2017 13:10,5/11/2017 13:10,5/11/2017 17:08,5/11/2017 20:00,5/12/2017 13:30,1638.72,1380.0,258.72,367.5,DRV,,,False,0,Carrier 1069135,Shipper 1386,True,True,True,5/12/2017 2:00,5/12/2017 14:00,False,False,False,False,False,False,False,False,Cartersville,GA ,Cartersville,GA 
3840,206425881,5/11/2017 13:10,5/11/2017 13:10,5/11/2017 17:08,5/11/2017 20:00,5/12/2017 13:30,1638.72,1380.0,258.72,367.5,DRV,,,False,0,Carrier 1069135,Shipper 1248,True,True,True,5/12/2017 2:00,5/12/2017 14:00,False,False,False,False,False,False,False,False,Cartersville,GA ,Cartersville,GA 
3841,206425881,5/11/2017 13:10,5/11/2017 13:10,5/11/2017 17:08,5/11/2017 20:00,5/12/2017 13:30,1638.72,1380.0,258.72,367.5,DRV,,,False,0,Carrier 1069135,Shipper 1387,True,True,True,5/12/2017 2:00,5/12/2017 14:00,False,False,False,False,False,False,False,False,Cartersville,GA ,Cartersville,GA 
3842,206425881,5/11/2017 13:10,5/11/2017 13:10,5/11/2017 17:08,5/11/2017 20:00,5/12/2017 13:30,1638.72,1380.0,258.72,367.5,DRV,,,False,0,Carrier 1069135,Shipper 1388,True,True,True,5/12/2017 2:00,5/12/2017 14:00,False,False,False,False,False,False,False,False,Cartersville,GA ,Cartersville,GA 
3843,206481457,9/20/2017 16:45,9/20/2017 16:45,9/22/2017 10:23,9/22/2017 15:00,9/25/2017 11:00,1638.64,1500.0,138.64,315.7,DRV,,,False,0,Carrier 1695522,Shipper 1249,True,True,True,9/22/2017 15:00,9/25/2017 14:00,False,False,False,False,False,False,False,False,Cartersville,GA ,Cartersville,GA 
3844,206481457,9/20/2017 16:45,9/20/2017 16:45,9/22/2017 10:23,9/22/2017 15:00,9/25/2017 11:00,1638.64,1500.0,138.64,315.7,DRV,,,False,0,Carrier 1695522,Shipper 1375,True,True,True,9/22/2017 15:00,9/25/2017 14:00,False,False,False,False,False,False,False,False,Cartersville,GA ,Cartersville,GA 
3845,206481457,9/20/2017 16:45,9/20/2017 16:45,9/22/2017 10:23,9/22/2017 15:00,9/25/2017 11:00,1638.64,1500.0,138.64,315.7,DRV,,,False,0,Carrier 1695522,Shipper 1386,True,True,True,9/22/2017 15:00,9/25/2017 14:00,False,False,False,False,False,False,False,False,Cartersville,GA ,Cartersville,GA 
3846,206481457,9/20/2017 16:45,9/20/2017 16:45,9/22/2017 10:23,9/22/2017 15:00,9/25/2017 11:00,1638.64,1500.0,138.64,315.7,DRV,,,False,0,Carrier 1695522,Shipper 1248,True,True,True,9/22/2017 15:00,9/25/2017 14:00,False,False,False,False,False,False,False,False,Cartersville,GA ,Cartersville,GA 
3847,206481457,9/20/2017 16:45,9/20/2017 16:45,9/22/2017 10:23,9/22/2017 15:00,9/25/2017 11:00,1638.64,1500.0,138.64,315.7,DRV,,,False,0,Carrier 1695522,Shipper 1387,True,True,True,9/22/2017 15:00,9/25/2017 14:00,False,False,False,False,False,False,False,False,Cartersville,GA ,Cartersville,GA 
3848,206481457,9/20/2017 16:45,9/20/2017 16:45,9/22/2017 10:23,9/22/2017 15:00,9/25/2017 11:00,1638.64,1500.0,138.64,315.7,DRV,,,False,0,Carrier 1695522,Shipper 1388,True,True,True,9/22/2017 15:00,9/25/2017 14:00,False,False,False,False,False,False,False,False,Cartersville,GA ,Cartersville,GA 
3849,206649569,9/20/2017 16:57,9/20/2017 16:57,9/22/2017 13:41,9/23/2017 20:00,9/25/2017 7:45,1638.48,1600.0,38.48,631.8,RFR,,,False,0,Carrier 1695526,Shipper 1249,True,True,True,9/23/2017 20:00,9/25/2017 13:00,False,False,False,False,False,False,False,False,Fort Collins,CO ,Fort Collins,CO 
3850,206649569,9/20/2017 16:57,9/20/2017 16:57,9/22/2017 13:41,9/23/2017 20:00,9/25/2017 7:45,1638.48,1600.0,38.48,631.8,RFR,,,False,0,Carrier 1695526,Shipper 1375,True,True,True,9/23/2017 20:00,9/25/2017 13:00,False,False,False,False,False,False,False,False,Fort Collins,CO ,Fort Collins,CO 
3851,206649569,9/20/2017 16:57,9/20/2017 16:57,9/22/2017 13:41,9/23/2017 20:00,9/25/2017 7:45,1638.48,1600.0,38.48,631.8,RFR,,,False,0,Carrier 1695526,Shipper 1386,True,True,True,9/23/2017 20:00,9/25/2017 13:00,False,False,False,False,False,False,False,False,Fort Collins,CO ,Fort Collins,CO 
3852,206649569,9/20/2017 16:57,9/20/2017 16:57,9/22/2017 13:41,9/23/2017 20:00,9/25/2017 7:45,1638.48,1600.0,38.48,631.8,RFR,,,False,0,Carrier 1695526,Shipper 1248,True,True,True,9/23/2017 20:00,9/25/2017 13:00,False,False,False,False,False,False,False,False,Fort Collins,CO ,Fort Collins,CO 
3853,206649569,9/20/2017 16:57,9/20/2017 16:57,9/22/2017 13:41,9/23/2017 20:00,9/25/2017 7:45,1638.48,1600.0,38.48,631.8,RFR,,,False,0,Carrier 1695526,Shipper 1387,True,True,True,9/23/2017 20:00,9/25/2017 13:00,False,False,False,False,False,False,False,False,Fort Collins,CO ,Fort Collins,CO 
3854,206649569,9/20/2017 16:57,9/20/2017 16:57,9/22/2017 13:41,9/23/2017 20:00,9/25/2017 7:45,1638.48,1600.0,38.48,631.8,RFR,,,False,0,Carrier 1695526,Shipper 1388,True,True,True,9/23/2017 20:00,9/25/2017 13:00,False,False,False,False,False,False,False,False,Fort Collins,CO ,Fort Collins,CO 
3855,206493681,11/8/2017 18:21,11/8/2017 18:21,11/20/2017 9:32,11/20/2017 8:00,11/22/2017 21:45,1637.5,1680.0,-42.5,1355.4,DRV,,,False,0,Carrier 981093,Shipper 585,True,True,True,11/20/2017 16:00,11/22/2017 19:00,False,False,False,False,False,False,False,False,Plant City,FL ,Plant City,FL 
3856,206621529,4/24/2017 16:40,4/24/2017 16:40,4/25/2017 9:22,4/25/2017 17:00,4/26/2017 11:20,1637.03,1525.0,112.03,785.6,RFR,4.0,,False,0,Carrier 561280,Shipper 1249,True,True,True,4/25/2017 17:00,4/26/2017 12:00,False,False,False,False,False,False,False,False,Aurora,CO ,Aurora,CO 
3857,206621529,4/24/2017 16:40,4/24/2017 16:40,4/25/2017 9:22,4/25/2017 17:00,4/26/2017 11:20,1637.03,1525.0,112.03,785.6,RFR,4.0,,False,0,Carrier 561280,Shipper 1375,True,True,True,4/25/2017 17:00,4/26/2017 12:00,False,False,False,False,False,False,False,False,Aurora,CO ,Aurora,CO 
3858,206621529,4/24/2017 16:40,4/24/2017 16:40,4/25/2017 9:22,4/25/2017 17:00,4/26/2017 11:20,1637.03,1525.0,112.03,785.6,RFR,4.0,,False,0,Carrier 561280,Shipper 1386,True,True,True,4/25/2017 17:00,4/26/2017 12:00,False,False,False,False,False,False,False,False,Aurora,CO ,Aurora,CO 
3859,206621529,4/24/2017 16:40,4/24/2017 16:40,4/25/2017 9:22,4/25/2017 17:00,4/26/2017 11:20,1637.03,1525.0,112.03,785.6,RFR,4.0,,False,0,Carrier 561280,Shipper 1248,True,True,True,4/25/2017 17:00,4/26/2017 12:00,False,False,False,False,False,False,False,False,Aurora,CO ,Aurora,CO 
3860,206621529,4/24/2017 16:40,4/24/2017 16:40,4/25/2017 9:22,4/25/2017 17:00,4/26/2017 11:20,1637.03,1525.0,112.03,785.6,RFR,4.0,,False,0,Carrier 561280,Shipper 1387,True,True,True,4/25/2017 17:00,4/26/2017 12:00,False,False,False,False,False,False,False,False,Aurora,CO ,Aurora,CO 
3861,206621529,4/24/2017 16:40,4/24/2017 16:40,4/25/2017 9:22,4/25/2017 17:00,4/26/2017 11:20,1637.03,1525.0,112.03,785.6,RFR,4.0,,False,0,Carrier 561280,Shipper 1388,True,True,True,4/25/2017 17:00,4/26/2017 12:00,False,False,False,False,False,False,False,False,Aurora,CO ,Aurora,CO 
3862,206489465,3/7/2017 13:36,3/7/2017 13:36,3/13/2017 12:52,3/14/2017 10:00,3/15/2017 10:00,1636.5,1500.0,136.5,880.4,DRV,3.0,,False,0,Carrier 109918,Shipper 944,True,True,True,3/14/2017 17:30,3/16/2017 8:30,False,False,False,False,False,False,False,False,Holdrege,NE ,Holdrege,NE 
3863,206585289,6/19/2017 16:40,6/19/2017 16:40,6/22/2017 15:59,6/22/2017 15:00,6/23/2017 11:00,1633.47,900.0,733.47,391.2,RFR,,,False,1,Carrier 995344,Shipper 1249,True,True,True,6/22/2017 15:00,6/23/2017 17:00,False,False,False,False,False,False,False,False,Fort Collins,CO ,Fort Collins,CO 
3864,206585289,6/19/2017 16:40,6/19/2017 16:40,6/22/2017 15:59,6/22/2017 15:00,6/23/2017 11:00,1633.47,900.0,733.47,391.2,RFR,,,False,1,Carrier 995344,Shipper 1375,True,True,True,6/22/2017 15:00,6/23/2017 17:00,False,False,False,False,False,False,False,False,Fort Collins,CO ,Fort Collins,CO 
3865,206585289,6/19/2017 16:40,6/19/2017 16:40,6/22/2017 15:59,6/22/2017 15:00,6/23/2017 11:00,1633.47,900.0,733.47,391.2,RFR,,,False,1,Carrier 995344,Shipper 1386,True,True,True,6/22/2017 15:00,6/23/2017 17:00,False,False,False,False,False,False,False,False,Fort Collins,CO ,Fort Collins,CO 
3866,206585289,6/19/2017 16:40,6/19/2017 16:40,6/22/2017 15:59,6/22/2017 15:00,6/23/2017 11:00,1633.47,900.0,733.47,391.2,RFR,,,False,1,Carrier 995344,Shipper 1248,True,True,True,6/22/2017 15:00,6/23/2017 17:00,False,False,False,False,False,False,False,False,Fort Collins,CO ,Fort Collins,CO 
3867,206585289,6/19/2017 16:40,6/19/2017 16:40,6/22/2017 15:59,6/22/2017 15:00,6/23/2017 11:00,1633.47,900.0,733.47,391.2,RFR,,,False,1,Carrier 995344,Shipper 1387,True,True,True,6/22/2017 15:00,6/23/2017 17:00,False,False,False,False,False,False,False,False,Fort Collins,CO ,Fort Collins,CO 
3868,206585289,6/19/2017 16:40,6/19/2017 16:40,6/22/2017 15:59,6/22/2017 15:00,6/23/2017 11:00,1633.47,900.0,733.47,391.2,RFR,,,False,1,Carrier 995344,Shipper 1388,True,True,True,6/22/2017 15:00,6/23/2017 17:00,False,False,False,False,False,False,False,False,Fort Collins,CO ,Fort Collins,CO 
3869,206775065,8/24/2017 16:16,8/24/2017 16:16,8/25/2017 8:26,8/26/2017 20:00,8/28/2017 8:00,1633.25,1640.0,-6.75,468.2,RFR,,,False,0,Carrier 1071866,Shipper 1249,True,True,True,8/26/2017 20:00,8/28/2017 8:00,False,False,False,False,False,False,False,False,St. Louis,MO ,St. Louis,MO 
3870,206775065,8/24/2017 16:16,8/24/2017 16:16,8/25/2017 8:26,8/26/2017 20:00,8/28/2017 8:00,1633.25,1640.0,-6.75,468.2,RFR,,,False,0,Carrier 1071866,Shipper 1375,True,True,True,8/26/2017 20:00,8/28/2017 8:00,False,False,False,False,False,False,False,False,St. Louis,MO ,St. Louis,MO 
3871,206775065,8/24/2017 16:16,8/24/2017 16:16,8/25/2017 8:26,8/26/2017 20:00,8/28/2017 8:00,1633.25,1640.0,-6.75,468.2,RFR,,,False,0,Carrier 1071866,Shipper 1386,True,True,True,8/26/2017 20:00,8/28/2017 8:00,False,False,False,False,False,False,False,False,St. Louis,MO ,St. Louis,MO 
3872,206775065,8/24/2017 16:16,8/24/2017 16:16,8/25/2017 8:26,8/26/2017 20:00,8/28/2017 8:00,1633.25,1640.0,-6.75,468.2,RFR,,,False,0,Carrier 1071866,Shipper 1248,True,True,True,8/26/2017 20:00,8/28/2017 8:00,False,False,False,False,False,False,False,False,St. Louis,MO ,St. Louis,MO 
3873,206775065,8/24/2017 16:16,8/24/2017 16:16,8/25/2017 8:26,8/26/2017 20:00,8/28/2017 8:00,1633.25,1640.0,-6.75,468.2,RFR,,,False,0,Carrier 1071866,Shipper 1387,True,True,True,8/26/2017 20:00,8/28/2017 8:00,False,False,False,False,False,False,False,False,St. Louis,MO ,St. Louis,MO 
3874,206775065,8/24/2017 16:16,8/24/2017 16:16,8/25/2017 8:26,8/26/2017 20:00,8/28/2017 8:00,1633.25,1640.0,-6.75,468.2,RFR,,,False,0,Carrier 1071866,Shipper 1388,True,True,True,8/26/2017 20:00,8/28/2017 8:00,False,False,False,False,False,False,False,False,St. Louis,MO ,St. Louis,MO 
3875,206598209,11/1/2017 14:01,11/1/2017 14:01,11/9/2017 11:10,11/9/2017 18:00,11/11/2017 17:30,1632.53,1974.0,-341.47,809.8,DRV,,,False,0,Carrier 80299,Shipper 758,True,True,True,11/9/2017 18:00,11/11/2017 9:30,False,False,False,False,False,False,False,False,Idaho Falls,ID ,Idaho Falls,ID 
3876,206712849,9/26/2017 15:25,9/26/2017 15:25,9/26/2017 17:12,9/26/2017 16:00,9/27/2017 12:45,1631.1,1690.0,-58.9,252.1,DRV,,,False,0,Carrier 1695534,Shipper 1249,True,True,True,9/26/2017 23:00,9/27/2017 9:00,False,False,False,False,False,False,False,False,Baldwinsville,NY ,Baldwinsville,NY 
3877,206712849,9/26/2017 15:25,9/26/2017 15:25,9/26/2017 17:12,9/26/2017 16:00,9/27/2017 12:45,1631.1,1690.0,-58.9,252.1,DRV,,,False,0,Carrier 1695534,Shipper 1375,True,True,True,9/26/2017 23:00,9/27/2017 9:00,False,False,False,False,False,False,False,False,Baldwinsville,NY ,Baldwinsville,NY 
3878,206712849,9/26/2017 15:25,9/26/2017 15:25,9/26/2017 17:12,9/26/2017 16:00,9/27/2017 12:45,1631.1,1690.0,-58.9,252.1,DRV,,,False,0,Carrier 1695534,Shipper 1386,True,True,True,9/26/2017 23:00,9/27/2017 9:00,False,False,False,False,False,False,False,False,Baldwinsville,NY ,Baldwinsville,NY 
3879,206712849,9/26/2017 15:25,9/26/2017 15:25,9/26/2017 17:12,9/26/2017 16:00,9/27/2017 12:45,1631.1,1690.0,-58.9,252.1,DRV,,,False,0,Carrier 1695534,Shipper 1248,True,True,True,9/26/2017 23:00,9/27/2017 9:00,False,False,False,False,False,False,False,False,Baldwinsville,NY ,Baldwinsville,NY 
3880,206712849,9/26/2017 15:25,9/26/2017 15:25,9/26/2017 17:12,9/26/2017 16:00,9/27/2017 12:45,1631.1,1690.0,-58.9,252.1,DRV,,,False,0,Carrier 1695534,Shipper 1387,True,True,True,9/26/2017 23:00,9/27/2017 9:00,False,False,False,False,False,False,False,False,Baldwinsville,NY ,Baldwinsville,NY 
3881,206712849,9/26/2017 15:25,9/26/2017 15:25,9/26/2017 17:12,9/26/2017 16:00,9/27/2017 12:45,1631.1,1690.0,-58.9,252.1,DRV,,,False,0,Carrier 1695534,Shipper 1388,True,True,True,9/26/2017 23:00,9/27/2017 9:00,False,False,False,False,False,False,False,False,Baldwinsville,NY ,Baldwinsville,NY 
3882,206617441,9/20/2017 17:19,9/20/2017 17:19,9/23/2017 12:42,9/23/2017 17:00,9/25/2017 22:45,1631.02,1740.0,-108.98,575.2,DRV,,,False,1,Carrier 1693814,Shipper 1249,True,False,True,9/23/2017 17:00,9/25/2017 12:15,False,False,False,False,False,False,False,False,Newark,NJ ,Newark,NJ 
3883,206617441,9/20/2017 17:19,9/20/2017 17:19,9/23/2017 12:42,9/23/2017 17:00,9/25/2017 22:45,1631.02,1740.0,-108.98,575.2,DRV,,,False,1,Carrier 1693814,Shipper 1375,True,False,True,9/23/2017 17:00,9/25/2017 12:15,False,False,False,False,False,False,False,False,Newark,NJ ,Newark,NJ 
3884,206617441,9/20/2017 17:19,9/20/2017 17:19,9/23/2017 12:42,9/23/2017 17:00,9/25/2017 22:45,1631.02,1740.0,-108.98,575.2,DRV,,,False,1,Carrier 1693814,Shipper 1386,True,False,True,9/23/2017 17:00,9/25/2017 12:15,False,False,False,False,False,False,False,False,Newark,NJ ,Newark,NJ 
3885,206617441,9/20/2017 17:19,9/20/2017 17:19,9/23/2017 12:42,9/23/2017 17:00,9/25/2017 22:45,1631.02,1740.0,-108.98,575.2,DRV,,,False,1,Carrier 1693814,Shipper 1248,True,False,True,9/23/2017 17:00,9/25/2017 12:15,False,False,False,False,False,False,False,False,Newark,NJ ,Newark,NJ 
3886,206617441,9/20/2017 17:19,9/20/2017 17:19,9/23/2017 12:42,9/23/2017 17:00,9/25/2017 22:45,1631.02,1740.0,-108.98,575.2,DRV,,,False,1,Carrier 1693814,Shipper 1387,True,False,True,9/23/2017 17:00,9/25/2017 12:15,False,False,False,False,False,False,False,False,Newark,NJ ,Newark,NJ 
3887,206617441,9/20/2017 17:19,9/20/2017 17:19,9/23/2017 12:42,9/23/2017 17:00,9/25/2017 22:45,1631.02,1740.0,-108.98,575.2,DRV,,,False,1,Carrier 1693814,Shipper 1388,True,False,True,9/23/2017 17:00,9/25/2017 12:15,False,False,False,False,False,False,False,False,Newark,NJ ,Newark,NJ 
3888,206517329,9/25/2017 16:51,9/25/2017 16:51,9/26/2017 10:29,9/27/2017 11:00,9/28/2017 12:40,1629.7,1000.0,629.7,440.7,RFR,,,False,0,Carrier 84350,Shipper 1249,True,True,True,9/27/2017 11:00,9/28/2017 13:00,False,False,False,False,False,False,False,False,St. Louis,MO ,St. Louis,MO 
3889,206517329,9/25/2017 16:51,9/25/2017 16:51,9/26/2017 10:29,9/27/2017 11:00,9/28/2017 12:40,1629.7,1000.0,629.7,440.7,RFR,,,False,0,Carrier 84350,Shipper 1375,True,True,True,9/27/2017 11:00,9/28/2017 13:00,False,False,False,False,False,False,False,False,St. Louis,MO ,St. Louis,MO 
3890,206517329,9/25/2017 16:51,9/25/2017 16:51,9/26/2017 10:29,9/27/2017 11:00,9/28/2017 12:40,1629.7,1000.0,629.7,440.7,RFR,,,False,0,Carrier 84350,Shipper 1386,True,True,True,9/27/2017 11:00,9/28/2017 13:00,False,False,False,False,False,False,False,False,St. Louis,MO ,St. Louis,MO 
3891,206517329,9/25/2017 16:51,9/25/2017 16:51,9/26/2017 10:29,9/27/2017 11:00,9/28/2017 12:40,1629.7,1000.0,629.7,440.7,RFR,,,False,0,Carrier 84350,Shipper 1248,True,True,True,9/27/2017 11:00,9/28/2017 13:00,False,False,False,False,False,False,False,False,St. Louis,MO ,St. Louis,MO 
3892,206517329,9/25/2017 16:51,9/25/2017 16:51,9/26/2017 10:29,9/27/2017 11:00,9/28/2017 12:40,1629.7,1000.0,629.7,440.7,RFR,,,False,0,Carrier 84350,Shipper 1387,True,True,True,9/27/2017 11:00,9/28/2017 13:00,False,False,False,False,False,False,False,False,St. Louis,MO ,St. Louis,MO 
3893,206517329,9/25/2017 16:51,9/25/2017 16:51,9/26/2017 10:29,9/27/2017 11:00,9/28/2017 12:40,1629.7,1000.0,629.7,440.7,RFR,,,False,0,Carrier 84350,Shipper 1388,True,True,True,9/27/2017 11:00,9/28/2017 13:00,False,False,False,False,False,False,False,False,St. Louis,MO ,St. Louis,MO 
3894,206533385,12/18/2017 18:13,12/18/2017 18:13,12/19/2017 15:39,12/20/2017 13:00,12/22/2017 11:30,1629.04,2200.0,-570.96,898.9,DRV,,,False,0,Carrier 94108,Shipper 1249,True,True,True,12/20/2017 13:00,12/22/2017 16:00,False,False,False,False,False,False,False,False,Fort Collins,CO ,Fort Collins,CO 
3895,206539913,12/18/2017 18:15,12/18/2017 18:15,12/19/2017 14:13,12/20/2017 13:00,12/22/2017 16:00,1629.04,2100.0,-470.96,898.9,DRV,,dat_in,False,0,Carrier 1695487,Shipper 1249,True,True,True,12/20/2017 13:00,12/22/2017 16:00,False,False,False,False,False,False,False,False,Fort Collins,CO ,Fort Collins,CO 
3896,206528257,12/18/2017 18:15,12/18/2017 18:15,12/19/2017 11:05,12/20/2017 13:00,12/22/2017 12:40,1629.04,1820.0,-190.96,898.9,DRV,,,False,0,Carrier 1392733,Shipper 1249,True,True,True,12/20/2017 13:00,12/22/2017 16:00,False,False,False,False,False,False,False,False,Fort Collins,CO ,Fort Collins,CO 
3897,206533385,12/18/2017 18:13,12/18/2017 18:13,12/19/2017 15:39,12/20/2017 13:00,12/22/2017 11:30,1629.04,2200.0,-570.96,898.9,DRV,,,False,0,Carrier 94108,Shipper 1375,True,True,True,12/20/2017 13:00,12/22/2017 16:00,False,False,False,False,False,False,False,False,Fort Collins,CO ,Fort Collins,CO 
3898,206528257,12/18/2017 18:15,12/18/2017 18:15,12/19/2017 11:05,12/20/2017 13:00,12/22/2017 12:40,1629.04,1820.0,-190.96,898.9,DRV,,,False,0,Carrier 1392733,Shipper 1375,True,True,True,12/20/2017 13:00,12/22/2017 16:00,False,False,False,False,False,False,False,False,Fort Collins,CO ,Fort Collins,CO 
3899,206533385,12/18/2017 18:13,12/18/2017 18:13,12/19/2017 15:39,12/20/2017 13:00,12/22/2017 11:30,1629.04,2200.0,-570.96,898.9,DRV,,,False,0,Carrier 94108,Shipper 1386,True,True,True,12/20/2017 13:00,12/22/2017 16:00,False,False,False,False,False,False,False,False,Fort Collins,CO ,Fort Collins,CO 
3900,206528257,12/18/2017 18:15,12/18/2017 18:15,12/19/2017 11:05,12/20/2017 13:00,12/22/2017 12:40,1629.04,1820.0,-190.96,898.9,DRV,,,False,0,Carrier 1392733,Shipper 1386,True,True,True,12/20/2017 13:00,12/22/2017 16:00,False,False,False,False,False,False,False,False,Fort Collins,CO ,Fort Collins,CO 
3901,206533385,12/18/2017 18:13,12/18/2017 18:13,12/19/2017 15:39,12/20/2017 13:00,12/22/2017 11:30,1629.04,2200.0,-570.96,898.9,DRV,,,False,0,Carrier 94108,Shipper 1248,True,True,True,12/20/2017 13:00,12/22/2017 16:00,False,False,False,False,False,False,False,False,Fort Collins,CO ,Fort Collins,CO 
3902,206539913,12/18/2017 18:15,12/18/2017 18:15,12/19/2017 14:13,12/20/2017 13:00,12/22/2017 16:00,1629.04,2100.0,-470.96,898.9,DRV,,dat_in,False,0,Carrier 1695487,Shipper 1375,True,True,True,12/20/2017 13:00,12/22/2017 16:00,False,False,False,False,False,False,False,False,Fort Collins,CO ,Fort Collins,CO 
3903,206533385,12/18/2017 18:13,12/18/2017 18:13,12/19/2017 15:39,12/20/2017 13:00,12/22/2017 11:30,1629.04,2200.0,-570.96,898.9,DRV,,,False,0,Carrier 94108,Shipper 1387,True,True,True,12/20/2017 13:00,12/22/2017 16:00,False,False,False,False,False,False,False,False,Fort Collins,CO ,Fort Collins,CO 
3904,206528257,12/18/2017 18:15,12/18/2017 18:15,12/19/2017 11:05,12/20/2017 13:00,12/22/2017 12:40,1629.04,1820.0,-190.96,898.9,DRV,,,False,0,Carrier 1392733,Shipper 1248,True,True,True,12/20/2017 13:00,12/22/2017 16:00,False,False,False,False,False,False,False,False,Fort Collins,CO ,Fort Collins,CO 
3905,206533385,12/18/2017 18:13,12/18/2017 18:13,12/19/2017 15:39,12/20/2017 13:00,12/22/2017 11:30,1629.04,2200.0,-570.96,898.9,DRV,,,False,0,Carrier 94108,Shipper 1388,True,True,True,12/20/2017 13:00,12/22/2017 16:00,False,False,False,False,False,False,False,False,Fort Collins,CO ,Fort Collins,CO 
3906,206528257,12/18/2017 18:15,12/18/2017 18:15,12/19/2017 11:05,12/20/2017 13:00,12/22/2017 12:40,1629.04,1820.0,-190.96,898.9,DRV,,,False,0,Carrier 1392733,Shipper 1387,True,True,True,12/20/2017 13:00,12/22/2017 16:00,False,False,False,False,False,False,False,False,Fort Collins,CO ,Fort Collins,CO 
3907,206539913,12/18/2017 18:15,12/18/2017 18:15,12/19/2017 14:13,12/20/2017 13:00,12/22/2017 16:00,1629.04,2100.0,-470.96,898.9,DRV,,dat_in,False,0,Carrier 1695487,Shipper 1386,True,True,True,12/20/2017 13:00,12/22/2017 16:00,False,False,False,False,False,False,False,False,Fort Collins,CO ,Fort Collins,CO 
3908,206528257,12/18/2017 18:15,12/18/2017 18:15,12/19/2017 11:05,12/20/2017 13:00,12/22/2017 12:40,1629.04,1820.0,-190.96,898.9,DRV,,,False,0,Carrier 1392733,Shipper 1388,True,True,True,12/20/2017 13:00,12/22/2017 16:00,False,False,False,False,False,False,False,False,Fort Collins,CO ,Fort Collins,CO 
3909,206539913,12/18/2017 18:15,12/18/2017 18:15,12/19/2017 14:13,12/20/2017 13:00,12/22/2017 16:00,1629.04,2100.0,-470.96,898.9,DRV,,dat_in,False,0,Carrier 1695487,Shipper 1248,True,True,True,12/20/2017 13:00,12/22/2017 16:00,False,False,False,False,False,False,False,False,Fort Collins,CO ,Fort Collins,CO 
3910,206539913,12/18/2017 18:15,12/18/2017 18:15,12/19/2017 14:13,12/20/2017 13:00,12/22/2017 16:00,1629.04,2100.0,-470.96,898.9,DRV,,dat_in,False,0,Carrier 1695487,Shipper 1387,True,True,True,12/20/2017 13:00,12/22/2017 16:00,False,False,False,False,False,False,False,False,Fort Collins,CO ,Fort Collins,CO 
3911,206539913,12/18/2017 18:15,12/18/2017 18:15,12/19/2017 14:13,12/20/2017 13:00,12/22/2017 16:00,1629.04,2100.0,-470.96,898.9,DRV,,dat_in,False,0,Carrier 1695487,Shipper 1388,True,True,True,12/20/2017 13:00,12/22/2017 16:00,False,False,False,False,False,False,False,False,Fort Collins,CO ,Fort Collins,CO 
3912,206598393,5/22/2017 13:34,5/22/2017 13:34,5/22/2017 18:35,5/23/2017 3:00,5/24/2017 14:30,1626.57,1950.0,-323.43,377.7,RFR,2.0,,False,0,Carrier 1023114,Shipper 1249,False,False,False,5/23/2017 3:00,5/23/2017 17:00,False,False,False,False,False,False,False,False,Granite City,IL ,Granite City,IL 
3913,206598393,5/22/2017 13:34,5/22/2017 13:34,5/22/2017 18:35,5/23/2017 3:00,5/24/2017 14:30,1626.57,1950.0,-323.43,377.7,RFR,2.0,,False,0,Carrier 1023114,Shipper 1375,False,False,False,5/23/2017 3:00,5/23/2017 17:00,False,False,False,False,False,False,False,False,Granite City,IL ,Granite City,IL 
3914,206598393,5/22/2017 13:34,5/22/2017 13:34,5/22/2017 18:35,5/23/2017 3:00,5/24/2017 14:30,1626.57,1950.0,-323.43,377.7,RFR,2.0,,False,0,Carrier 1023114,Shipper 1386,False,False,False,5/23/2017 3:00,5/23/2017 17:00,False,False,False,False,False,False,False,False,Granite City,IL ,Granite City,IL 
3915,206598393,5/22/2017 13:34,5/22/2017 13:34,5/22/2017 18:35,5/23/2017 3:00,5/24/2017 14:30,1626.57,1950.0,-323.43,377.7,RFR,2.0,,False,0,Carrier 1023114,Shipper 1248,False,False,False,5/23/2017 3:00,5/23/2017 17:00,False,False,False,False,False,False,False,False,Granite City,IL ,Granite City,IL 
3916,206598393,5/22/2017 13:34,5/22/2017 13:34,5/22/2017 18:35,5/23/2017 3:00,5/24/2017 14:30,1626.57,1950.0,-323.43,377.7,RFR,2.0,,False,0,Carrier 1023114,Shipper 1387,False,False,False,5/23/2017 3:00,5/23/2017 17:00,False,False,False,False,False,False,False,False,Granite City,IL ,Granite City,IL 
3917,206598393,5/22/2017 13:34,5/22/2017 13:34,5/22/2017 18:35,5/23/2017 3:00,5/24/2017 14:30,1626.57,1950.0,-323.43,377.7,RFR,2.0,,False,0,Carrier 1023114,Shipper 1388,False,False,False,5/23/2017 3:00,5/23/2017 17:00,False,False,False,False,False,False,False,False,Granite City,IL ,Granite City,IL 
3918,206548065,4/28/2017 15:56,4/28/2017 15:58,5/4/2017 12:34,5/4/2017 13:00,5/8/2017 13:00,1625.0,2000.0,-375.0,772.6,DRV,,,False,0,Carrier 1048548,Shipper 1184,True,True,True,5/4/2017 13:00,5/8/2017 10:00,False,False,False,False,False,False,False,False,Atlanta,GA ,Atlanta,GA 
3919,206549497,4/28/2017 15:53,4/28/2017 15:53,5/2/2017 12:49,5/3/2017 12:00,5/4/2017 14:00,1625.0,1400.0,225.0,772.6,DRV,2.0,,False,0,Carrier 945702,Shipper 1184,True,True,True,5/3/2017 12:00,5/4/2017 12:00,False,False,False,False,False,False,False,False,Atlanta,GA ,Atlanta,GA 
3920,206657657,4/28/2017 15:49,4/28/2017 15:50,5/2/2017 17:04,5/4/2017 14:00,5/5/2017 11:30,1625.0,1700.0,-75.0,772.6,DRV,4.0,,False,0,Carrier 941668,Shipper 1184,True,True,True,5/4/2017 14:00,5/5/2017 12:00,False,False,False,False,False,False,False,False,Atlanta,GA ,Atlanta,GA 
3921,206510737,4/28/2017 16:00,4/28/2017 16:00,5/4/2017 9:46,5/4/2017 13:00,5/5/2017 15:50,1625.0,1750.0,-125.0,772.6,DRV,,,False,0,Carrier 1295697,Shipper 1184,True,False,False,5/4/2017 13:00,5/5/2017 9:00,False,False,False,False,False,False,False,False,Atlanta,GA ,Atlanta,GA 
3922,206584201,4/28/2017 11:25,4/28/2017 11:27,5/2/2017 9:44,5/2/2017 13:00,5/3/2017 16:20,1625.0,1900.0,-275.0,772.6,DRV,,,False,1,Carrier 130636,Shipper 1184,False,False,False,5/2/2017 13:00,5/3/2017 7:30,False,False,False,False,False,False,False,False,Atlanta,GA ,Atlanta,GA 
3923,206606601,4/28/2017 15:41,4/28/2017 15:41,5/3/2017 11:12,5/3/2017 14:00,5/4/2017 13:00,1625.0,1700.0,-75.0,772.6,DRV,3.0,,False,1,Carrier 1695246,Shipper 1184,False,True,True,5/3/2017 14:00,5/4/2017 13:00,False,False,False,False,False,False,False,False,Atlanta,GA ,Atlanta,GA 
3924,206530225,6/9/2017 16:38,6/9/2017 16:38,6/12/2017 15:45,6/13/2017 16:00,6/14/2017 14:20,1623.32,1600.0,23.32,763.6,RFR,,,False,0,Carrier 844999,Shipper 1249,True,True,True,6/13/2017 16:00,6/14/2017 17:30,False,False,False,False,False,False,False,False,Aurora,CO ,Aurora,CO 
3925,206530225,6/9/2017 16:38,6/9/2017 16:38,6/12/2017 15:45,6/13/2017 16:00,6/14/2017 14:20,1623.32,1600.0,23.32,763.6,RFR,,,False,0,Carrier 844999,Shipper 1375,True,True,True,6/13/2017 16:00,6/14/2017 17:30,False,False,False,False,False,False,False,False,Aurora,CO ,Aurora,CO 
3926,206530225,6/9/2017 16:38,6/9/2017 16:38,6/12/2017 15:45,6/13/2017 16:00,6/14/2017 14:20,1623.32,1600.0,23.32,763.6,RFR,,,False,0,Carrier 844999,Shipper 1386,True,True,True,6/13/2017 16:00,6/14/2017 17:30,False,False,False,False,False,False,False,False,Aurora,CO ,Aurora,CO 
3927,206530225,6/9/2017 16:38,6/9/2017 16:38,6/12/2017 15:45,6/13/2017 16:00,6/14/2017 14:20,1623.32,1600.0,23.32,763.6,RFR,,,False,0,Carrier 844999,Shipper 1248,True,True,True,6/13/2017 16:00,6/14/2017 17:30,False,False,False,False,False,False,False,False,Aurora,CO ,Aurora,CO 
3928,206530225,6/9/2017 16:38,6/9/2017 16:38,6/12/2017 15:45,6/13/2017 16:00,6/14/2017 14:20,1623.32,1600.0,23.32,763.6,RFR,,,False,0,Carrier 844999,Shipper 1387,True,True,True,6/13/2017 16:00,6/14/2017 17:30,False,False,False,False,False,False,False,False,Aurora,CO ,Aurora,CO 
3929,206530225,6/9/2017 16:38,6/9/2017 16:38,6/12/2017 15:45,6/13/2017 16:00,6/14/2017 14:20,1623.32,1600.0,23.32,763.6,RFR,,,False,0,Carrier 844999,Shipper 1388,True,True,True,6/13/2017 16:00,6/14/2017 17:30,False,False,False,False,False,False,False,False,Aurora,CO ,Aurora,CO 
3930,206586761,2/6/2017 15:28,2/6/2017 15:31,2/8/2017 13:52,2/8/2017 9:00,2/13/2017 10:00,1622.93,1650.0,-27.07,816.2,DRV,,,False,0,Carrier 1693483,Shipper 757,True,True,True,2/8/2017 16:00,2/13/2017 8:00,False,False,False,False,False,False,False,False,Chatsworth,IL ,Chatsworth,IL 
3931,206573761,9/7/2017 10:45,9/7/2017 10:45,9/7/2017 15:22,9/11/2017 17:00,9/12/2017 17:00,1620.9,1550.0,70.9,314.3,DRV,,,False,0,Carrier 31074,Shipper 1249,True,True,True,9/11/2017 17:00,9/12/2017 5:00,False,False,False,False,False,False,False,False,Rochester,NY ,Rochester,NY 
3932,206573761,9/7/2017 10:45,9/7/2017 10:45,9/7/2017 15:22,9/11/2017 17:00,9/12/2017 17:00,1620.9,1550.0,70.9,314.3,DRV,,,False,0,Carrier 31074,Shipper 1375,True,True,True,9/11/2017 17:00,9/12/2017 5:00,False,False,False,False,False,False,False,False,Rochester,NY ,Rochester,NY 
3933,206573761,9/7/2017 10:45,9/7/2017 10:45,9/7/2017 15:22,9/11/2017 17:00,9/12/2017 17:00,1620.9,1550.0,70.9,314.3,DRV,,,False,0,Carrier 31074,Shipper 1386,True,True,True,9/11/2017 17:00,9/12/2017 5:00,False,False,False,False,False,False,False,False,Rochester,NY ,Rochester,NY 
3934,206573761,9/7/2017 10:45,9/7/2017 10:45,9/7/2017 15:22,9/11/2017 17:00,9/12/2017 17:00,1620.9,1550.0,70.9,314.3,DRV,,,False,0,Carrier 31074,Shipper 1248,True,True,True,9/11/2017 17:00,9/12/2017 5:00,False,False,False,False,False,False,False,False,Rochester,NY ,Rochester,NY 
3935,206573761,9/7/2017 10:45,9/7/2017 10:45,9/7/2017 15:22,9/11/2017 17:00,9/12/2017 17:00,1620.9,1550.0,70.9,314.3,DRV,,,False,0,Carrier 31074,Shipper 1387,True,True,True,9/11/2017 17:00,9/12/2017 5:00,False,False,False,False,False,False,False,False,Rochester,NY ,Rochester,NY 
3936,206573761,9/7/2017 10:45,9/7/2017 10:45,9/7/2017 15:22,9/11/2017 17:00,9/12/2017 17:00,1620.9,1550.0,70.9,314.3,DRV,,,False,0,Carrier 31074,Shipper 1388,True,True,True,9/11/2017 17:00,9/12/2017 5:00,False,False,False,False,False,False,False,False,Rochester,NY ,Rochester,NY 
3937,206425561,8/23/2017 16:16,8/23/2017 16:16,8/24/2017 13:23,8/25/2017 16:00,8/28/2017 10:30,1620.57,1300.0,320.57,519.8,DRV,,,False,0,Carrier 288241,Shipper 1249,True,True,True,8/25/2017 16:00,8/28/2017 9:00,False,False,False,False,False,False,False,False,St. Louis,MO ,St. Louis,MO 
3938,206425561,8/23/2017 16:16,8/23/2017 16:16,8/24/2017 13:23,8/25/2017 16:00,8/28/2017 10:30,1620.57,1300.0,320.57,519.8,DRV,,,False,0,Carrier 288241,Shipper 1375,True,True,True,8/25/2017 16:00,8/28/2017 9:00,False,False,False,False,False,False,False,False,St. Louis,MO ,St. Louis,MO 
3939,206425561,8/23/2017 16:16,8/23/2017 16:16,8/24/2017 13:23,8/25/2017 16:00,8/28/2017 10:30,1620.57,1300.0,320.57,519.8,DRV,,,False,0,Carrier 288241,Shipper 1386,True,True,True,8/25/2017 16:00,8/28/2017 9:00,False,False,False,False,False,False,False,False,St. Louis,MO ,St. Louis,MO 
3940,206425561,8/23/2017 16:16,8/23/2017 16:16,8/24/2017 13:23,8/25/2017 16:00,8/28/2017 10:30,1620.57,1300.0,320.57,519.8,DRV,,,False,0,Carrier 288241,Shipper 1248,True,True,True,8/25/2017 16:00,8/28/2017 9:00,False,False,False,False,False,False,False,False,St. Louis,MO ,St. Louis,MO 
3941,206425561,8/23/2017 16:16,8/23/2017 16:16,8/24/2017 13:23,8/25/2017 16:00,8/28/2017 10:30,1620.57,1300.0,320.57,519.8,DRV,,,False,0,Carrier 288241,Shipper 1387,True,True,True,8/25/2017 16:00,8/28/2017 9:00,False,False,False,False,False,False,False,False,St. Louis,MO ,St. Louis,MO 
3942,206425561,8/23/2017 16:16,8/23/2017 16:16,8/24/2017 13:23,8/25/2017 16:00,8/28/2017 10:30,1620.57,1300.0,320.57,519.8,DRV,,,False,0,Carrier 288241,Shipper 1388,True,True,True,8/25/2017 16:00,8/28/2017 9:00,False,False,False,False,False,False,False,False,St. Louis,MO ,St. Louis,MO 
3943,206495633,6/23/2017 16:38,6/23/2017 16:38,6/27/2017 12:33,6/27/2017 22:00,6/28/2017 17:10,1618.33,1800.0,-181.67,450.4,DRV,,,False,0,Carrier 994031,Shipper 1249,True,True,True,6/27/2017 22:00,6/28/2017 13:00,False,False,False,False,False,False,False,False,St. Louis,MO ,St. Louis,MO 
3944,206495633,6/23/2017 16:38,6/23/2017 16:38,6/27/2017 12:33,6/27/2017 22:00,6/28/2017 17:10,1618.33,1800.0,-181.67,450.4,DRV,,,False,0,Carrier 994031,Shipper 1375,True,True,True,6/27/2017 22:00,6/28/2017 13:00,False,False,False,False,False,False,False,False,St. Louis,MO ,St. Louis,MO 
3945,206495633,6/23/2017 16:38,6/23/2017 16:38,6/27/2017 12:33,6/27/2017 22:00,6/28/2017 17:10,1618.33,1800.0,-181.67,450.4,DRV,,,False,0,Carrier 994031,Shipper 1386,True,True,True,6/27/2017 22:00,6/28/2017 13:00,False,False,False,False,False,False,False,False,St. Louis,MO ,St. Louis,MO 
3946,206495633,6/23/2017 16:38,6/23/2017 16:38,6/27/2017 12:33,6/27/2017 22:00,6/28/2017 17:10,1618.33,1800.0,-181.67,450.4,DRV,,,False,0,Carrier 994031,Shipper 1248,True,True,True,6/27/2017 22:00,6/28/2017 13:00,False,False,False,False,False,False,False,False,St. Louis,MO ,St. Louis,MO 
3947,206495633,6/23/2017 16:38,6/23/2017 16:38,6/27/2017 12:33,6/27/2017 22:00,6/28/2017 17:10,1618.33,1800.0,-181.67,450.4,DRV,,,False,0,Carrier 994031,Shipper 1387,True,True,True,6/27/2017 22:00,6/28/2017 13:00,False,False,False,False,False,False,False,False,St. Louis,MO ,St. Louis,MO 
3948,206495633,6/23/2017 16:38,6/23/2017 16:38,6/27/2017 12:33,6/27/2017 22:00,6/28/2017 17:10,1618.33,1800.0,-181.67,450.4,DRV,,,False,0,Carrier 994031,Shipper 1388,True,True,True,6/27/2017 22:00,6/28/2017 13:00,False,False,False,False,False,False,False,False,St. Louis,MO ,St. Louis,MO 
3949,206601569,12/15/2017 15:15,12/15/2017 15:15,12/20/2017 15:59,12/21/2017 13:00,12/22/2017 7:00,1617.55,1900.0,-282.45,430.3,DRV,,ts_in,False,0,Carrier 1358452,Shipper 1644,True,True,True,12/21/2017 13:00,12/22/2017 10:00,False,False,False,False,False,False,False,False,Akron,OH ,Akron,OH 
3950,206523201,11/1/2017 8:46,11/1/2017 8:46,11/2/2017 11:36,11/2/2017 17:00,11/3/2017 16:35,1617.5,1700.0,-82.5,422.5,RFR,,,False,0,Carrier 1695537,Shipper 1249,True,True,True,11/2/2017 17:00,11/3/2017 17:00,False,False,False,False,False,False,False,False,Los Angeles,CA ,Los Angeles,CA 
3951,206523201,11/1/2017 8:46,11/1/2017 8:46,11/2/2017 11:36,11/2/2017 17:00,11/3/2017 16:35,1617.5,1700.0,-82.5,422.5,RFR,,,False,0,Carrier 1695537,Shipper 1375,True,True,True,11/2/2017 17:00,11/3/2017 17:00,False,False,False,False,False,False,False,False,Los Angeles,CA ,Los Angeles,CA 
3952,206523201,11/1/2017 8:46,11/1/2017 8:46,11/2/2017 11:36,11/2/2017 17:00,11/3/2017 16:35,1617.5,1700.0,-82.5,422.5,RFR,,,False,0,Carrier 1695537,Shipper 1386,True,True,True,11/2/2017 17:00,11/3/2017 17:00,False,False,False,False,False,False,False,False,Los Angeles,CA ,Los Angeles,CA 
3953,206523201,11/1/2017 8:46,11/1/2017 8:46,11/2/2017 11:36,11/2/2017 17:00,11/3/2017 16:35,1617.5,1700.0,-82.5,422.5,RFR,,,False,0,Carrier 1695537,Shipper 1248,True,True,True,11/2/2017 17:00,11/3/2017 17:00,False,False,False,False,False,False,False,False,Los Angeles,CA ,Los Angeles,CA 
3954,206523201,11/1/2017 8:46,11/1/2017 8:46,11/2/2017 11:36,11/2/2017 17:00,11/3/2017 16:35,1617.5,1700.0,-82.5,422.5,RFR,,,False,0,Carrier 1695537,Shipper 1387,True,True,True,11/2/2017 17:00,11/3/2017 17:00,False,False,False,False,False,False,False,False,Los Angeles,CA ,Los Angeles,CA 
3955,206523201,11/1/2017 8:46,11/1/2017 8:46,11/2/2017 11:36,11/2/2017 17:00,11/3/2017 16:35,1617.5,1700.0,-82.5,422.5,RFR,,,False,0,Carrier 1695537,Shipper 1388,True,True,True,11/2/2017 17:00,11/3/2017 17:00,False,False,False,False,False,False,False,False,Los Angeles,CA ,Los Angeles,CA 
3956,206665329,9/1/2017 13:24,9/1/2017 13:24,9/1/2017 15:23,9/6/2017 18:00,9/7/2017 10:00,1616.46,1300.0,316.46,257.5,DRV,,,False,0,Carrier 6100,Shipper 758,True,False,False,9/6/2017 18:00,9/7/2017 7:00,False,False,False,False,False,False,False,False,Grapevine,TX ,Grapevine,TX 
3957,206504681,10/11/2017 16:38,10/11/2017 16:38,10/13/2017 13:41,10/13/2017 15:00,10/16/2017 9:45,1615.39,1600.0,15.39,694.3,DRV,,,False,0,Carrier 963783,Shipper 1644,True,True,True,10/13/2017 15:00,10/16/2017 8:30,False,False,False,False,False,False,False,False,North Charleston,SC ,North Charleston,SC 
3958,206701809,6/19/2017 18:10,6/19/2017 18:10,6/20/2017 12:47,6/20/2017 7:00,6/21/2017 21:10,1613.82,1506.67,107.15,770.2,DRV,,,False,0,Carrier 1036232,Shipper 1249,True,True,True,6/20/2017 21:00,6/21/2017 23:00,False,False,False,False,False,False,False,False,Erie,PA ,Erie,PA 
3959,206701809,6/19/2017 18:10,6/19/2017 18:10,6/20/2017 12:47,6/20/2017 7:00,6/21/2017 21:10,1613.82,1506.67,107.15,770.2,DRV,,,False,0,Carrier 1036232,Shipper 1375,True,True,True,6/20/2017 21:00,6/21/2017 23:00,False,False,False,False,False,False,False,False,Erie,PA ,Erie,PA 
3960,206701809,6/19/2017 18:10,6/19/2017 18:10,6/20/2017 12:47,6/20/2017 7:00,6/21/2017 21:10,1613.82,1506.67,107.15,770.2,DRV,,,False,0,Carrier 1036232,Shipper 1386,True,True,True,6/20/2017 21:00,6/21/2017 23:00,False,False,False,False,False,False,False,False,Erie,PA ,Erie,PA 
3961,206701809,6/19/2017 18:10,6/19/2017 18:10,6/20/2017 12:47,6/20/2017 7:00,6/21/2017 21:10,1613.82,1506.67,107.15,770.2,DRV,,,False,0,Carrier 1036232,Shipper 1248,True,True,True,6/20/2017 21:00,6/21/2017 23:00,False,False,False,False,False,False,False,False,Erie,PA ,Erie,PA 
3962,206701809,6/19/2017 18:10,6/19/2017 18:10,6/20/2017 12:47,6/20/2017 7:00,6/21/2017 21:10,1613.82,1506.67,107.15,770.2,DRV,,,False,0,Carrier 1036232,Shipper 1387,True,True,True,6/20/2017 21:00,6/21/2017 23:00,False,False,False,False,False,False,False,False,Erie,PA ,Erie,PA 
3963,206701809,6/19/2017 18:10,6/19/2017 18:10,6/20/2017 12:47,6/20/2017 7:00,6/21/2017 21:10,1613.82,1506.67,107.15,770.2,DRV,,,False,0,Carrier 1036232,Shipper 1388,True,True,True,6/20/2017 21:00,6/21/2017 23:00,False,False,False,False,False,False,False,False,Erie,PA ,Erie,PA 
3964,206569905,2/15/2017 14:34,2/15/2017 14:35,2/17/2017 8:49,2/17/2017 14:00,2/21/2017 19:00,1613.7,1600.0,13.7,1064.1,DRV,1.0,,False,0,Carrier 1055084,Shipper 1052,True,False,False,2/17/2017 15:30,2/20/2017 23:00,False,False,False,False,False,False,False,False,Braithwaite,LA ,Braithwaite,LA 
3965,206555457,8/17/2017 16:15,8/17/2017 16:15,8/23/2017 12:29,8/24/2017 0:00,8/25/2017 11:00,1613.21,1670.0,-56.79,969.2,DRV,,,False,1,Carrier 1051754,Shipper 1249,True,True,True,8/24/2017 0:00,8/25/2017 17:00,False,False,False,False,False,False,False,False,Fort Collins,CO ,Fort Collins,CO 
3966,206555457,8/17/2017 16:15,8/17/2017 16:15,8/23/2017 12:29,8/24/2017 0:00,8/25/2017 11:00,1613.21,1670.0,-56.79,969.2,DRV,,,False,1,Carrier 1051754,Shipper 1375,True,True,True,8/24/2017 0:00,8/25/2017 17:00,False,False,False,False,False,False,False,False,Fort Collins,CO ,Fort Collins,CO 
3967,206555457,8/17/2017 16:15,8/17/2017 16:15,8/23/2017 12:29,8/24/2017 0:00,8/25/2017 11:00,1613.21,1670.0,-56.79,969.2,DRV,,,False,1,Carrier 1051754,Shipper 1386,True,True,True,8/24/2017 0:00,8/25/2017 17:00,False,False,False,False,False,False,False,False,Fort Collins,CO ,Fort Collins,CO 
3968,206555457,8/17/2017 16:15,8/17/2017 16:15,8/23/2017 12:29,8/24/2017 0:00,8/25/2017 11:00,1613.21,1670.0,-56.79,969.2,DRV,,,False,1,Carrier 1051754,Shipper 1248,True,True,True,8/24/2017 0:00,8/25/2017 17:00,False,False,False,False,False,False,False,False,Fort Collins,CO ,Fort Collins,CO 
3969,206555457,8/17/2017 16:15,8/17/2017 16:15,8/23/2017 12:29,8/24/2017 0:00,8/25/2017 11:00,1613.21,1670.0,-56.79,969.2,DRV,,,False,1,Carrier 1051754,Shipper 1387,True,True,True,8/24/2017 0:00,8/25/2017 17:00,False,False,False,False,False,False,False,False,Fort Collins,CO ,Fort Collins,CO 
3970,206555457,8/17/2017 16:15,8/17/2017 16:15,8/23/2017 12:29,8/24/2017 0:00,8/25/2017 11:00,1613.21,1670.0,-56.79,969.2,DRV,,,False,1,Carrier 1051754,Shipper 1388,True,True,True,8/24/2017 0:00,8/25/2017 17:00,False,False,False,False,False,False,False,False,Fort Collins,CO ,Fort Collins,CO 
3971,206701617,11/19/2017 10:39,11/19/2017 10:39,11/20/2017 8:13,11/20/2017 13:00,11/21/2017 11:00,1611.01,1000.0,611.01,357.1,DRV,,,False,0,Carrier 14533,Shipper 1644,True,True,True,11/20/2017 13:00,11/21/2017 10:30,False,False,False,False,False,False,False,False,Etowah,TN ,Etowah,TN 
3972,206436217,6/6/2017 17:40,6/6/2017 17:40,6/7/2017 13:08,6/8/2017 0:00,6/9/2017 10:25,1610.25,1300.0,310.25,277.5,DRV,,,False,0,Carrier 1003220,Shipper 1249,True,True,True,6/8/2017 0:00,6/9/2017 9:00,False,False,False,False,False,False,False,False,Cartersville,GA ,Cartersville,GA 
3973,206436217,6/6/2017 17:40,6/6/2017 17:40,6/7/2017 13:08,6/8/2017 0:00,6/9/2017 10:25,1610.25,1300.0,310.25,277.5,DRV,,,False,0,Carrier 1003220,Shipper 1375,True,True,True,6/8/2017 0:00,6/9/2017 9:00,False,False,False,False,False,False,False,False,Cartersville,GA ,Cartersville,GA 
3974,206436217,6/6/2017 17:40,6/6/2017 17:40,6/7/2017 13:08,6/8/2017 0:00,6/9/2017 10:25,1610.25,1300.0,310.25,277.5,DRV,,,False,0,Carrier 1003220,Shipper 1386,True,True,True,6/8/2017 0:00,6/9/2017 9:00,False,False,False,False,False,False,False,False,Cartersville,GA ,Cartersville,GA 
3975,206436217,6/6/2017 17:40,6/6/2017 17:40,6/7/2017 13:08,6/8/2017 0:00,6/9/2017 10:25,1610.25,1300.0,310.25,277.5,DRV,,,False,0,Carrier 1003220,Shipper 1248,True,True,True,6/8/2017 0:00,6/9/2017 9:00,False,False,False,False,False,False,False,False,Cartersville,GA ,Cartersville,GA 
3976,206436217,6/6/2017 17:40,6/6/2017 17:40,6/7/2017 13:08,6/8/2017 0:00,6/9/2017 10:25,1610.25,1300.0,310.25,277.5,DRV,,,False,0,Carrier 1003220,Shipper 1387,True,True,True,6/8/2017 0:00,6/9/2017 9:00,False,False,False,False,False,False,False,False,Cartersville,GA ,Cartersville,GA 
3977,206436217,6/6/2017 17:40,6/6/2017 17:40,6/7/2017 13:08,6/8/2017 0:00,6/9/2017 10:25,1610.25,1300.0,310.25,277.5,DRV,,,False,0,Carrier 1003220,Shipper 1388,True,True,True,6/8/2017 0:00,6/9/2017 9:00,False,False,False,False,False,False,False,False,Cartersville,GA ,Cartersville,GA 
3978,206571225,9/6/2017 14:48,9/6/2017 14:48,9/12/2017 13:28,9/19/2017 18:00,9/21/2017 12:00,1610.25,1523.0,87.25,780.5,DRV,,,False,0,Carrier 31074,Shipper 758,True,True,True,9/19/2017 18:00,9/21/2017 8:00,False,False,False,False,False,False,False,False,Idaho Falls,ID ,Idaho Falls,ID 
3979,206518089,9/8/2017 18:57,9/8/2017 18:57,9/13/2017 13:05,9/13/2017 7:00,9/14/2017 7:40,1608.17,1560.0,48.17,233.4,DRV,,,False,0,Carrier 114823,Shipper 1249,True,True,True,9/13/2017 21:00,9/14/2017 23:00,False,False,False,False,False,False,False,False,Erie,PA ,Erie,PA 
3980,206518089,9/8/2017 18:57,9/8/2017 18:57,9/13/2017 13:05,9/13/2017 7:00,9/14/2017 7:40,1608.17,1560.0,48.17,233.4,DRV,,,False,0,Carrier 114823,Shipper 1375,True,True,True,9/13/2017 21:00,9/14/2017 23:00,False,False,False,False,False,False,False,False,Erie,PA ,Erie,PA 
3981,206518089,9/8/2017 18:57,9/8/2017 18:57,9/13/2017 13:05,9/13/2017 7:00,9/14/2017 7:40,1608.17,1560.0,48.17,233.4,DRV,,,False,0,Carrier 114823,Shipper 1386,True,True,True,9/13/2017 21:00,9/14/2017 23:00,False,False,False,False,False,False,False,False,Erie,PA ,Erie,PA 
3982,206518089,9/8/2017 18:57,9/8/2017 18:57,9/13/2017 13:05,9/13/2017 7:00,9/14/2017 7:40,1608.17,1560.0,48.17,233.4,DRV,,,False,0,Carrier 114823,Shipper 1248,True,True,True,9/13/2017 21:00,9/14/2017 23:00,False,False,False,False,False,False,False,False,Erie,PA ,Erie,PA 
3983,206518089,9/8/2017 18:57,9/8/2017 18:57,9/13/2017 13:05,9/13/2017 7:00,9/14/2017 7:40,1608.17,1560.0,48.17,233.4,DRV,,,False,0,Carrier 114823,Shipper 1387,True,True,True,9/13/2017 21:00,9/14/2017 23:00,False,False,False,False,False,False,False,False,Erie,PA ,Erie,PA 
3984,206518089,9/8/2017 18:57,9/8/2017 18:57,9/13/2017 13:05,9/13/2017 7:00,9/14/2017 7:40,1608.17,1560.0,48.17,233.4,DRV,,,False,0,Carrier 114823,Shipper 1388,True,True,True,9/13/2017 21:00,9/14/2017 23:00,False,False,False,False,False,False,False,False,Erie,PA ,Erie,PA 
3985,206481089,6/26/2017 17:05,6/26/2017 17:06,6/28/2017 16:29,6/29/2017 0:00,6/30/2017 12:00,1606.58,2340.0,-733.42,711.0,DRV,,,False,0,Carrier 16669,Shipper 1249,True,True,True,6/29/2017 0:00,6/30/2017 12:00,False,False,False,False,False,False,False,False,Houston,TX ,Houston,TX 
3986,206481089,6/26/2017 17:05,6/26/2017 17:06,6/28/2017 16:29,6/29/2017 0:00,6/30/2017 12:00,1606.58,2340.0,-733.42,711.0,DRV,,,False,0,Carrier 16669,Shipper 1375,True,True,True,6/29/2017 0:00,6/30/2017 12:00,False,False,False,False,False,False,False,False,Houston,TX ,Houston,TX 
3987,206481089,6/26/2017 17:05,6/26/2017 17:06,6/28/2017 16:29,6/29/2017 0:00,6/30/2017 12:00,1606.58,2340.0,-733.42,711.0,DRV,,,False,0,Carrier 16669,Shipper 1386,True,True,True,6/29/2017 0:00,6/30/2017 12:00,False,False,False,False,False,False,False,False,Houston,TX ,Houston,TX 
3988,206481089,6/26/2017 17:05,6/26/2017 17:06,6/28/2017 16:29,6/29/2017 0:00,6/30/2017 12:00,1606.58,2340.0,-733.42,711.0,DRV,,,False,0,Carrier 16669,Shipper 1248,True,True,True,6/29/2017 0:00,6/30/2017 12:00,False,False,False,False,False,False,False,False,Houston,TX ,Houston,TX 
3989,206481089,6/26/2017 17:05,6/26/2017 17:06,6/28/2017 16:29,6/29/2017 0:00,6/30/2017 12:00,1606.58,2340.0,-733.42,711.0,DRV,,,False,0,Carrier 16669,Shipper 1387,True,True,True,6/29/2017 0:00,6/30/2017 12:00,False,False,False,False,False,False,False,False,Houston,TX ,Houston,TX 
3990,206481089,6/26/2017 17:05,6/26/2017 17:06,6/28/2017 16:29,6/29/2017 0:00,6/30/2017 12:00,1606.58,2340.0,-733.42,711.0,DRV,,,False,0,Carrier 16669,Shipper 1388,True,True,True,6/29/2017 0:00,6/30/2017 12:00,False,False,False,False,False,False,False,False,Houston,TX ,Houston,TX 
3991,206549969,5/22/2017 13:46,5/22/2017 13:46,5/22/2017 18:53,5/23/2017 3:00,5/24/2017 7:00,1606.1,1806.0,-199.9,523.8,RFR,3.0,,False,0,Carrier 11186,Shipper 1249,True,True,True,5/23/2017 3:00,5/24/2017 7:00,False,False,False,False,False,False,False,False,Granite City,IL ,Granite City,IL 
3992,206549969,5/22/2017 13:46,5/22/2017 13:46,5/22/2017 18:53,5/23/2017 3:00,5/24/2017 7:00,1606.1,1806.0,-199.9,523.8,RFR,3.0,,False,0,Carrier 11186,Shipper 1375,True,True,True,5/23/2017 3:00,5/24/2017 7:00,False,False,False,False,False,False,False,False,Granite City,IL ,Granite City,IL 
3993,206549969,5/22/2017 13:46,5/22/2017 13:46,5/22/2017 18:53,5/23/2017 3:00,5/24/2017 7:00,1606.1,1806.0,-199.9,523.8,RFR,3.0,,False,0,Carrier 11186,Shipper 1386,True,True,True,5/23/2017 3:00,5/24/2017 7:00,False,False,False,False,False,False,False,False,Granite City,IL ,Granite City,IL 
3994,206549969,5/22/2017 13:46,5/22/2017 13:46,5/22/2017 18:53,5/23/2017 3:00,5/24/2017 7:00,1606.1,1806.0,-199.9,523.8,RFR,3.0,,False,0,Carrier 11186,Shipper 1248,True,True,True,5/23/2017 3:00,5/24/2017 7:00,False,False,False,False,False,False,False,False,Granite City,IL ,Granite City,IL 
3995,206549969,5/22/2017 13:46,5/22/2017 13:46,5/22/2017 18:53,5/23/2017 3:00,5/24/2017 7:00,1606.1,1806.0,-199.9,523.8,RFR,3.0,,False,0,Carrier 11186,Shipper 1387,True,True,True,5/23/2017 3:00,5/24/2017 7:00,False,False,False,False,False,False,False,False,Granite City,IL ,Granite City,IL 
3996,206549969,5/22/2017 13:46,5/22/2017 13:46,5/22/2017 18:53,5/23/2017 3:00,5/24/2017 7:00,1606.1,1806.0,-199.9,523.8,RFR,3.0,,False,0,Carrier 11186,Shipper 1388,True,True,True,5/23/2017 3:00,5/24/2017 7:00,False,False,False,False,False,False,False,False,Granite City,IL ,Granite City,IL 
3997,206482569,5/12/2017 12:34,5/12/2017 12:35,5/15/2017 18:18,5/16/2017 13:00,5/17/2017 11:30,1602.75,1300.0,302.75,484.9,RFR,3.0,,False,0,Carrier 110512,Shipper 1249,True,True,True,5/16/2017 13:00,5/17/2017 11:00,False,False,False,False,False,False,False,False,Granite City,IL ,Granite City,IL 
3998,206482569,5/12/2017 12:34,5/12/2017 12:35,5/15/2017 18:18,5/16/2017 13:00,5/17/2017 11:30,1602.75,1300.0,302.75,484.9,RFR,3.0,,False,0,Carrier 110512,Shipper 1375,True,True,True,5/16/2017 13:00,5/17/2017 11:00,False,False,False,False,False,False,False,False,Granite City,IL ,Granite City,IL 
3999,206482569,5/12/2017 12:34,5/12/2017 12:35,5/15/2017 18:18,5/16/2017 13:00,5/17/2017 11:30,1602.75,1300.0,302.75,484.9,RFR,3.0,,False,0,Carrier 110512,Shipper 1386,True,True,True,5/16/2017 13:00,5/17/2017 11:00,False,False,False,False,False,False,False,False,Granite City,IL ,Granite City,IL 
4000,206482569,5/12/2017 12:34,5/12/2017 12:35,5/15/2017 18:18,5/16/2017 13:00,5/17/2017 11:30,1602.75,1300.0,302.75,484.9,RFR,3.0,,False,0,Carrier 110512,Shipper 1248,True,True,True,5/16/2017 13:00,5/17/2017 11:00,False,False,False,False,False,False,False,False,Granite City,IL ,Granite City,IL 
4001,206482569,5/12/2017 12:34,5/12/2017 12:35,5/15/2017 18:18,5/16/2017 13:00,5/17/2017 11:30,1602.75,1300.0,302.75,484.9,RFR,3.0,,False,0,Carrier 110512,Shipper 1387,True,True,True,5/16/2017 13:00,5/17/2017 11:00,False,False,False,False,False,False,False,False,Granite City,IL ,Granite City,IL 
4002,206482569,5/12/2017 12:34,5/12/2017 12:35,5/15/2017 18:18,5/16/2017 13:00,5/17/2017 11:30,1602.75,1300.0,302.75,484.9,RFR,3.0,,False,0,Carrier 110512,Shipper 1388,True,True,True,5/16/2017 13:00,5/17/2017 11:00,False,False,False,False,False,False,False,False,Granite City,IL ,Granite City,IL 
4003,206486825,6/19/2017 18:04,6/19/2017 18:04,6/20/2017 11:07,6/20/2017 7:00,6/21/2017 18:00,1601.96,1350.0,251.96,770.2,DRV,,,False,0,Carrier 1031249,Shipper 1249,True,True,True,6/20/2017 21:00,6/21/2017 23:00,False,False,False,False,False,False,False,False,Erie,PA ,Erie,PA 
4004,206486825,6/19/2017 18:04,6/19/2017 18:04,6/20/2017 11:07,6/20/2017 7:00,6/21/2017 18:00,1601.96,1350.0,251.96,770.2,DRV,,,False,0,Carrier 1031249,Shipper 1375,True,True,True,6/20/2017 21:00,6/21/2017 23:00,False,False,False,False,False,False,False,False,Erie,PA ,Erie,PA 
4005,206486825,6/19/2017 18:04,6/19/2017 18:04,6/20/2017 11:07,6/20/2017 7:00,6/21/2017 18:00,1601.96,1350.0,251.96,770.2,DRV,,,False,0,Carrier 1031249,Shipper 1386,True,True,True,6/20/2017 21:00,6/21/2017 23:00,False,False,False,False,False,False,False,False,Erie,PA ,Erie,PA 
4006,206486825,6/19/2017 18:04,6/19/2017 18:04,6/20/2017 11:07,6/20/2017 7:00,6/21/2017 18:00,1601.96,1350.0,251.96,770.2,DRV,,,False,0,Carrier 1031249,Shipper 1248,True,True,True,6/20/2017 21:00,6/21/2017 23:00,False,False,False,False,False,False,False,False,Erie,PA ,Erie,PA 
4007,206486825,6/19/2017 18:04,6/19/2017 18:04,6/20/2017 11:07,6/20/2017 7:00,6/21/2017 18:00,1601.96,1350.0,251.96,770.2,DRV,,,False,0,Carrier 1031249,Shipper 1387,True,True,True,6/20/2017 21:00,6/21/2017 23:00,False,False,False,False,False,False,False,False,Erie,PA ,Erie,PA 
4008,206486825,6/19/2017 18:04,6/19/2017 18:04,6/20/2017 11:07,6/20/2017 7:00,6/21/2017 18:00,1601.96,1350.0,251.96,770.2,DRV,,,False,0,Carrier 1031249,Shipper 1388,True,True,True,6/20/2017 21:00,6/21/2017 23:00,False,False,False,False,False,False,False,False,Erie,PA ,Erie,PA 
4009,206436233,8/28/2017 16:28,8/28/2017 16:28,8/29/2017 11:39,8/30/2017 8:00,8/31/2017 8:30,1601.65,1300.0,301.65,664.5,RFR,,,False,0,Carrier 615933,Shipper 1249,True,True,True,8/30/2017 8:00,8/31/2017 7:30,False,False,False,False,False,False,False,False,Aurora,CO ,Aurora,CO 
4010,206436233,8/28/2017 16:28,8/28/2017 16:28,8/29/2017 11:39,8/30/2017 8:00,8/31/2017 8:30,1601.65,1300.0,301.65,664.5,RFR,,,False,0,Carrier 615933,Shipper 1375,True,True,True,8/30/2017 8:00,8/31/2017 7:30,False,False,False,False,False,False,False,False,Aurora,CO ,Aurora,CO 
4011,206436233,8/28/2017 16:28,8/28/2017 16:28,8/29/2017 11:39,8/30/2017 8:00,8/31/2017 8:30,1601.65,1300.0,301.65,664.5,RFR,,,False,0,Carrier 615933,Shipper 1386,True,True,True,8/30/2017 8:00,8/31/2017 7:30,False,False,False,False,False,False,False,False,Aurora,CO ,Aurora,CO 
4012,206436233,8/28/2017 16:28,8/28/2017 16:28,8/29/2017 11:39,8/30/2017 8:00,8/31/2017 8:30,1601.65,1300.0,301.65,664.5,RFR,,,False,0,Carrier 615933,Shipper 1248,True,True,True,8/30/2017 8:00,8/31/2017 7:30,False,False,False,False,False,False,False,False,Aurora,CO ,Aurora,CO 
4013,206436233,8/28/2017 16:28,8/28/2017 16:28,8/29/2017 11:39,8/30/2017 8:00,8/31/2017 8:30,1601.65,1300.0,301.65,664.5,RFR,,,False,0,Carrier 615933,Shipper 1387,True,True,True,8/30/2017 8:00,8/31/2017 7:30,False,False,False,False,False,False,False,False,Aurora,CO ,Aurora,CO 
4014,206436233,8/28/2017 16:28,8/28/2017 16:28,8/29/2017 11:39,8/30/2017 8:00,8/31/2017 8:30,1601.65,1300.0,301.65,664.5,RFR,,,False,0,Carrier 615933,Shipper 1388,True,True,True,8/30/2017 8:00,8/31/2017 7:30,False,False,False,False,False,False,False,False,Aurora,CO ,Aurora,CO 
4015,206481513,10/20/2017 16:49,10/20/2017 16:49,10/25/2017 10:21,10/25/2017 9:00,10/26/2017 11:30,1600.06,2000.0,-399.94,576.7,DRV,,,False,0,Carrier 27597,Shipper 1249,True,True,True,10/25/2017 16:00,10/26/2017 15:00,False,False,False,False,False,False,False,False,St. Louis,MO ,St. Louis,MO 
4016,206481513,10/20/2017 16:49,10/20/2017 16:49,10/25/2017 10:21,10/25/2017 9:00,10/26/2017 11:30,1600.06,2000.0,-399.94,576.7,DRV,,,False,0,Carrier 27597,Shipper 1375,True,True,True,10/25/2017 16:00,10/26/2017 15:00,False,False,False,False,False,False,False,False,St. Louis,MO ,St. Louis,MO 
4017,206481513,10/20/2017 16:49,10/20/2017 16:49,10/25/2017 10:21,10/25/2017 9:00,10/26/2017 11:30,1600.06,2000.0,-399.94,576.7,DRV,,,False,0,Carrier 27597,Shipper 1386,True,True,True,10/25/2017 16:00,10/26/2017 15:00,False,False,False,False,False,False,False,False,St. Louis,MO ,St. Louis,MO 
4018,206481513,10/20/2017 16:49,10/20/2017 16:49,10/25/2017 10:21,10/25/2017 9:00,10/26/2017 11:30,1600.06,2000.0,-399.94,576.7,DRV,,,False,0,Carrier 27597,Shipper 1248,True,True,True,10/25/2017 16:00,10/26/2017 15:00,False,False,False,False,False,False,False,False,St. Louis,MO ,St. Louis,MO 
4019,206481513,10/20/2017 16:49,10/20/2017 16:49,10/25/2017 10:21,10/25/2017 9:00,10/26/2017 11:30,1600.06,2000.0,-399.94,576.7,DRV,,,False,0,Carrier 27597,Shipper 1387,True,True,True,10/25/2017 16:00,10/26/2017 15:00,False,False,False,False,False,False,False,False,St. Louis,MO ,St. Louis,MO 
4020,206481513,10/20/2017 16:49,10/20/2017 16:49,10/25/2017 10:21,10/25/2017 9:00,10/26/2017 11:30,1600.06,2000.0,-399.94,576.7,DRV,,,False,0,Carrier 27597,Shipper 1388,True,True,True,10/25/2017 16:00,10/26/2017 15:00,False,False,False,False,False,False,False,False,St. Louis,MO ,St. Louis,MO 
4021,206550489,5/10/2017 12:37,5/10/2017 12:40,5/10/2017 13:23,5/10/2017 15:00,5/12/2017 11:00,1600.0,1500.0,100.0,1072.1,DRV,3.0,,False,0,Carrier 1206340,Shipper 923,True,True,True,5/10/2017 15:00,5/15/2017 10:00,False,False,False,False,False,False,False,False,Medley,FL ,Medley,FL 
4022,206470961,6/8/2017 18:37,6/8/2017 18:37,6/8/2017 18:47,6/8/2017 9:00,6/9/2017 9:00,1600.0,1300.0,300.0,303.2,DRV,,,False,0,Carrier 122771,Shipper 1511,True,True,True,6/8/2017 21:00,6/9/2017 7:30,False,False,False,False,False,False,False,False,Wabash,IN ,Wabash,IN 
4023,206432585,11/8/2017 18:26,11/8/2017 18:26,12/12/2017 15:50,12/13/2017 14:00,12/15/2017 9:32,1600.0,1400.0,200.0,1011.1,DRV,,,False,0,Carrier 1033117,Shipper 585,True,True,True,12/13/2017 14:00,12/15/2017 9:00,False,False,False,False,False,False,False,False,Plant City,FL ,Plant City,FL 
4024,206627193,10/20/2017 17:11,10/20/2017 17:11,10/23/2017 10:40,10/24/2017 14:00,10/26/2017 17:30,1599.82,1740.0,-140.18,941.2,DRV,,,False,0,Carrier 109416,Shipper 1249,True,True,True,10/24/2017 14:00,10/26/2017 12:00,False,False,False,False,False,False,False,False,Newark,NJ ,Newark,NJ 
4025,206748633,10/20/2017 17:12,10/20/2017 17:12,10/24/2017 12:16,10/24/2017 15:00,10/26/2017 8:30,1599.82,1650.0,-50.18,941.2,DRV,,,False,0,Carrier 4997,Shipper 1249,False,True,False,10/24/2017 15:00,10/26/2017 4:00,False,False,False,False,False,False,False,False,Newark,NJ ,Newark,NJ 
4026,206748633,10/20/2017 17:12,10/20/2017 17:12,10/24/2017 12:16,10/24/2017 15:00,10/26/2017 8:30,1599.82,1650.0,-50.18,941.2,DRV,,,False,0,Carrier 4997,Shipper 1375,False,True,False,10/24/2017 15:00,10/26/2017 4:00,False,False,False,False,False,False,False,False,Newark,NJ ,Newark,NJ 
4027,206627193,10/20/2017 17:11,10/20/2017 17:11,10/23/2017 10:40,10/24/2017 14:00,10/26/2017 17:30,1599.82,1740.0,-140.18,941.2,DRV,,,False,0,Carrier 109416,Shipper 1375,True,True,True,10/24/2017 14:00,10/26/2017 12:00,False,False,False,False,False,False,False,False,Newark,NJ ,Newark,NJ 
4028,206748633,10/20/2017 17:12,10/20/2017 17:12,10/24/2017 12:16,10/24/2017 15:00,10/26/2017 8:30,1599.82,1650.0,-50.18,941.2,DRV,,,False,0,Carrier 4997,Shipper 1386,False,True,False,10/24/2017 15:00,10/26/2017 4:00,False,False,False,False,False,False,False,False,Newark,NJ ,Newark,NJ 
4029,206748633,10/20/2017 17:12,10/20/2017 17:12,10/24/2017 12:16,10/24/2017 15:00,10/26/2017 8:30,1599.82,1650.0,-50.18,941.2,DRV,,,False,0,Carrier 4997,Shipper 1248,False,True,False,10/24/2017 15:00,10/26/2017 4:00,False,False,False,False,False,False,False,False,Newark,NJ ,Newark,NJ 
4030,206627193,10/20/2017 17:11,10/20/2017 17:11,10/23/2017 10:40,10/24/2017 14:00,10/26/2017 17:30,1599.82,1740.0,-140.18,941.2,DRV,,,False,0,Carrier 109416,Shipper 1386,True,True,True,10/24/2017 14:00,10/26/2017 12:00,False,False,False,False,False,False,False,False,Newark,NJ ,Newark,NJ 
4031,206748633,10/20/2017 17:12,10/20/2017 17:12,10/24/2017 12:16,10/24/2017 15:00,10/26/2017 8:30,1599.82,1650.0,-50.18,941.2,DRV,,,False,0,Carrier 4997,Shipper 1387,False,True,False,10/24/2017 15:00,10/26/2017 4:00,False,False,False,False,False,False,False,False,Newark,NJ ,Newark,NJ 
4032,206627193,10/20/2017 17:11,10/20/2017 17:11,10/23/2017 10:40,10/24/2017 14:00,10/26/2017 17:30,1599.82,1740.0,-140.18,941.2,DRV,,,False,0,Carrier 109416,Shipper 1248,True,True,True,10/24/2017 14:00,10/26/2017 12:00,False,False,False,False,False,False,False,False,Newark,NJ ,Newark,NJ 
4033,206748633,10/20/2017 17:12,10/20/2017 17:12,10/24/2017 12:16,10/24/2017 15:00,10/26/2017 8:30,1599.82,1650.0,-50.18,941.2,DRV,,,False,0,Carrier 4997,Shipper 1388,False,True,False,10/24/2017 15:00,10/26/2017 4:00,False,False,False,False,False,False,False,False,Newark,NJ ,Newark,NJ 
4034,206627193,10/20/2017 17:11,10/20/2017 17:11,10/23/2017 10:40,10/24/2017 14:00,10/26/2017 17:30,1599.82,1740.0,-140.18,941.2,DRV,,,False,0,Carrier 109416,Shipper 1387,True,True,True,10/24/2017 14:00,10/26/2017 12:00,False,False,False,False,False,False,False,False,Newark,NJ ,Newark,NJ 
4035,206627193,10/20/2017 17:11,10/20/2017 17:11,10/23/2017 10:40,10/24/2017 14:00,10/26/2017 17:30,1599.82,1740.0,-140.18,941.2,DRV,,,False,0,Carrier 109416,Shipper 1388,True,True,True,10/24/2017 14:00,10/26/2017 12:00,False,False,False,False,False,False,False,False,Newark,NJ ,Newark,NJ 
4036,206530249,8/30/2017 12:26,8/30/2017 12:26,8/30/2017 12:40,8/30/2017 12:00,8/31/2017 9:30,1598.52,1200.0,398.52,318.5,DRV,,,False,0,Carrier 37151,Shipper 1249,True,True,True,8/30/2017 15:00,8/31/2017 16:00,False,False,False,False,False,False,False,False,Baldwinsville,NY ,Baldwinsville,NY 
4037,206530249,8/30/2017 12:26,8/30/2017 12:26,8/30/2017 12:40,8/30/2017 12:00,8/31/2017 9:30,1598.52,1200.0,398.52,318.5,DRV,,,False,0,Carrier 37151,Shipper 1375,True,True,True,8/30/2017 15:00,8/31/2017 16:00,False,False,False,False,False,False,False,False,Baldwinsville,NY ,Baldwinsville,NY 
4038,206530249,8/30/2017 12:26,8/30/2017 12:26,8/30/2017 12:40,8/30/2017 12:00,8/31/2017 9:30,1598.52,1200.0,398.52,318.5,DRV,,,False,0,Carrier 37151,Shipper 1386,True,True,True,8/30/2017 15:00,8/31/2017 16:00,False,False,False,False,False,False,False,False,Baldwinsville,NY ,Baldwinsville,NY 
4039,206530249,8/30/2017 12:26,8/30/2017 12:26,8/30/2017 12:40,8/30/2017 12:00,8/31/2017 9:30,1598.52,1200.0,398.52,318.5,DRV,,,False,0,Carrier 37151,Shipper 1248,True,True,True,8/30/2017 15:00,8/31/2017 16:00,False,False,False,False,False,False,False,False,Baldwinsville,NY ,Baldwinsville,NY 
4040,206530249,8/30/2017 12:26,8/30/2017 12:26,8/30/2017 12:40,8/30/2017 12:00,8/31/2017 9:30,1598.52,1200.0,398.52,318.5,DRV,,,False,0,Carrier 37151,Shipper 1387,True,True,True,8/30/2017 15:00,8/31/2017 16:00,False,False,False,False,False,False,False,False,Baldwinsville,NY ,Baldwinsville,NY 
4041,206530249,8/30/2017 12:26,8/30/2017 12:26,8/30/2017 12:40,8/30/2017 12:00,8/31/2017 9:30,1598.52,1200.0,398.52,318.5,DRV,,,False,0,Carrier 37151,Shipper 1388,True,True,True,8/30/2017 15:00,8/31/2017 16:00,False,False,False,False,False,False,False,False,Baldwinsville,NY ,Baldwinsville,NY 
4042,206499209,9/20/2017 16:43,9/20/2017 16:43,9/23/2017 9:54,9/23/2017 14:00,9/25/2017 10:00,1597.64,1600.0,-2.36,315.7,DRV,,,False,1,Carrier 1177126,Shipper 1249,True,True,True,9/23/2017 14:00,9/25/2017 14:00,False,False,False,False,False,False,False,False,Cartersville,GA ,Cartersville,GA 
4043,206499209,9/20/2017 16:43,9/20/2017 16:43,9/23/2017 9:54,9/23/2017 14:00,9/25/2017 10:00,1597.64,1600.0,-2.36,315.7,DRV,,,False,1,Carrier 1177126,Shipper 1375,True,True,True,9/23/2017 14:00,9/25/2017 14:00,False,False,False,False,False,False,False,False,Cartersville,GA ,Cartersville,GA 
4044,206499209,9/20/2017 16:43,9/20/2017 16:43,9/23/2017 9:54,9/23/2017 14:00,9/25/2017 10:00,1597.64,1600.0,-2.36,315.7,DRV,,,False,1,Carrier 1177126,Shipper 1386,True,True,True,9/23/2017 14:00,9/25/2017 14:00,False,False,False,False,False,False,False,False,Cartersville,GA ,Cartersville,GA 
4045,206499209,9/20/2017 16:43,9/20/2017 16:43,9/23/2017 9:54,9/23/2017 14:00,9/25/2017 10:00,1597.64,1600.0,-2.36,315.7,DRV,,,False,1,Carrier 1177126,Shipper 1248,True,True,True,9/23/2017 14:00,9/25/2017 14:00,False,False,False,False,False,False,False,False,Cartersville,GA ,Cartersville,GA 
4046,206499209,9/20/2017 16:43,9/20/2017 16:43,9/23/2017 9:54,9/23/2017 14:00,9/25/2017 10:00,1597.64,1600.0,-2.36,315.7,DRV,,,False,1,Carrier 1177126,Shipper 1387,True,True,True,9/23/2017 14:00,9/25/2017 14:00,False,False,False,False,False,False,False,False,Cartersville,GA ,Cartersville,GA 
4047,206499209,9/20/2017 16:43,9/20/2017 16:43,9/23/2017 9:54,9/23/2017 14:00,9/25/2017 10:00,1597.64,1600.0,-2.36,315.7,DRV,,,False,1,Carrier 1177126,Shipper 1388,True,True,True,9/23/2017 14:00,9/25/2017 14:00,False,False,False,False,False,False,False,False,Cartersville,GA ,Cartersville,GA 
4048,206538937,6/6/2017 17:35,6/6/2017 17:35,6/8/2017 11:16,6/8/2017 14:00,6/9/2017 13:40,1596.97,1400.0,196.97,546.7,DRV,,,False,0,Carrier 669140,Shipper 1249,True,True,True,6/8/2017 14:00,6/9/2017 14:00,False,False,False,False,False,False,False,False,Granite City,IL ,Granite City,IL 
4049,206538937,6/6/2017 17:35,6/6/2017 17:35,6/8/2017 11:16,6/8/2017 14:00,6/9/2017 13:40,1596.97,1400.0,196.97,546.7,DRV,,,False,0,Carrier 669140,Shipper 1375,True,True,True,6/8/2017 14:00,6/9/2017 14:00,False,False,False,False,False,False,False,False,Granite City,IL ,Granite City,IL 
4050,206538937,6/6/2017 17:35,6/6/2017 17:35,6/8/2017 11:16,6/8/2017 14:00,6/9/2017 13:40,1596.97,1400.0,196.97,546.7,DRV,,,False,0,Carrier 669140,Shipper 1386,True,True,True,6/8/2017 14:00,6/9/2017 14:00,False,False,False,False,False,False,False,False,Granite City,IL ,Granite City,IL 
4051,206538937,6/6/2017 17:35,6/6/2017 17:35,6/8/2017 11:16,6/8/2017 14:00,6/9/2017 13:40,1596.97,1400.0,196.97,546.7,DRV,,,False,0,Carrier 669140,Shipper 1248,True,True,True,6/8/2017 14:00,6/9/2017 14:00,False,False,False,False,False,False,False,False,Granite City,IL ,Granite City,IL 
4052,206538937,6/6/2017 17:35,6/6/2017 17:35,6/8/2017 11:16,6/8/2017 14:00,6/9/2017 13:40,1596.97,1400.0,196.97,546.7,DRV,,,False,0,Carrier 669140,Shipper 1387,True,True,True,6/8/2017 14:00,6/9/2017 14:00,False,False,False,False,False,False,False,False,Granite City,IL ,Granite City,IL 
4053,206538937,6/6/2017 17:35,6/6/2017 17:35,6/8/2017 11:16,6/8/2017 14:00,6/9/2017 13:40,1596.97,1400.0,196.97,546.7,DRV,,,False,0,Carrier 669140,Shipper 1388,True,True,True,6/8/2017 14:00,6/9/2017 14:00,False,False,False,False,False,False,False,False,Granite City,IL ,Granite City,IL 
4054,206500009,7/31/2017 15:30,7/31/2017 15:30,7/31/2017 16:54,8/1/2017 13:00,8/2/2017 12:40,1596.52,1377.0,219.52,417.8,DRV,,,False,0,Carrier 1072658,Shipper 1249,True,True,True,8/1/2017 13:00,8/2/2017 12:00,False,False,False,False,False,False,False,False,Romulus,MI ,Romulus,MI 
4055,206500009,7/31/2017 15:30,7/31/2017 15:30,7/31/2017 16:54,8/1/2017 13:00,8/2/2017 12:40,1596.52,1377.0,219.52,417.8,DRV,,,False,0,Carrier 1072658,Shipper 1375,True,True,True,8/1/2017 13:00,8/2/2017 12:00,False,False,False,False,False,False,False,False,Romulus,MI ,Romulus,MI 
4056,206500009,7/31/2017 15:30,7/31/2017 15:30,7/31/2017 16:54,8/1/2017 13:00,8/2/2017 12:40,1596.52,1377.0,219.52,417.8,DRV,,,False,0,Carrier 1072658,Shipper 1386,True,True,True,8/1/2017 13:00,8/2/2017 12:00,False,False,False,False,False,False,False,False,Romulus,MI ,Romulus,MI 
4057,206500009,7/31/2017 15:30,7/31/2017 15:30,7/31/2017 16:54,8/1/2017 13:00,8/2/2017 12:40,1596.52,1377.0,219.52,417.8,DRV,,,False,0,Carrier 1072658,Shipper 1248,True,True,True,8/1/2017 13:00,8/2/2017 12:00,False,False,False,False,False,False,False,False,Romulus,MI ,Romulus,MI 
4058,206500009,7/31/2017 15:30,7/31/2017 15:30,7/31/2017 16:54,8/1/2017 13:00,8/2/2017 12:40,1596.52,1377.0,219.52,417.8,DRV,,,False,0,Carrier 1072658,Shipper 1387,True,True,True,8/1/2017 13:00,8/2/2017 12:00,False,False,False,False,False,False,False,False,Romulus,MI ,Romulus,MI 
4059,206500009,7/31/2017 15:30,7/31/2017 15:30,7/31/2017 16:54,8/1/2017 13:00,8/2/2017 12:40,1596.52,1377.0,219.52,417.8,DRV,,,False,0,Carrier 1072658,Shipper 1388,True,True,True,8/1/2017 13:00,8/2/2017 12:00,False,False,False,False,False,False,False,False,Romulus,MI ,Romulus,MI 
4060,206435561,5/15/2017 13:07,5/15/2017 13:07,5/15/2017 15:52,5/15/2017 23:00,5/16/2017 12:05,1595.44,1100.0,495.44,306.4,DRV,4.0,,False,0,Carrier 1695259,Shipper 1249,True,True,True,5/15/2017 23:00,5/16/2017 17:00,False,False,False,False,False,False,False,False,Cartersville,GA ,Cartersville,GA 
4061,206435561,5/15/2017 13:07,5/15/2017 13:07,5/15/2017 15:52,5/15/2017 23:00,5/16/2017 12:05,1595.44,1100.0,495.44,306.4,DRV,4.0,,False,0,Carrier 1695259,Shipper 1375,True,True,True,5/15/2017 23:00,5/16/2017 17:00,False,False,False,False,False,False,False,False,Cartersville,GA ,Cartersville,GA 
4062,206435561,5/15/2017 13:07,5/15/2017 13:07,5/15/2017 15:52,5/15/2017 23:00,5/16/2017 12:05,1595.44,1100.0,495.44,306.4,DRV,4.0,,False,0,Carrier 1695259,Shipper 1386,True,True,True,5/15/2017 23:00,5/16/2017 17:00,False,False,False,False,False,False,False,False,Cartersville,GA ,Cartersville,GA 
4063,206435561,5/15/2017 13:07,5/15/2017 13:07,5/15/2017 15:52,5/15/2017 23:00,5/16/2017 12:05,1595.44,1100.0,495.44,306.4,DRV,4.0,,False,0,Carrier 1695259,Shipper 1248,True,True,True,5/15/2017 23:00,5/16/2017 17:00,False,False,False,False,False,False,False,False,Cartersville,GA ,Cartersville,GA 
4064,206435561,5/15/2017 13:07,5/15/2017 13:07,5/15/2017 15:52,5/15/2017 23:00,5/16/2017 12:05,1595.44,1100.0,495.44,306.4,DRV,4.0,,False,0,Carrier 1695259,Shipper 1387,True,True,True,5/15/2017 23:00,5/16/2017 17:00,False,False,False,False,False,False,False,False,Cartersville,GA ,Cartersville,GA 
4065,206435561,5/15/2017 13:07,5/15/2017 13:07,5/15/2017 15:52,5/15/2017 23:00,5/16/2017 12:05,1595.44,1100.0,495.44,306.4,DRV,4.0,,False,0,Carrier 1695259,Shipper 1388,True,True,True,5/15/2017 23:00,5/16/2017 17:00,False,False,False,False,False,False,False,False,Cartersville,GA ,Cartersville,GA 
4066,206689897,9/25/2017 17:52,9/25/2017 17:52,10/18/2017 13:10,10/18/2017 8:00,10/20/2017 9:40,1594.0,1400.0,194.0,1089.1,DRV,,,False,0,Carrier 1493762,Shipper 585,True,True,True,10/18/2017 16:00,10/20/2017 9:00,False,False,False,False,False,False,False,False,Plant City,FL ,Plant City,FL 
4067,206619417,8/30/2017 15:13,8/30/2017 15:32,8/31/2017 8:49,8/31/2017 7:00,9/1/2017 8:53,1593.16,1100.0,493.16,308.5,DRV,,,False,0,Carrier 123730,Shipper 973,True,True,True,8/31/2017 18:00,9/1/2017 12:00,False,False,False,False,False,False,False,False,Georgetown,SC ,Georgetown,SC 
4068,206775025,6/19/2017 18:01,6/19/2017 18:01,6/20/2017 13:05,6/21/2017 7:00,6/22/2017 14:45,1592.82,1440.0,152.82,770.2,DRV,,,False,0,Carrier 1469806,Shipper 1249,True,True,True,6/21/2017 21:00,6/22/2017 23:00,False,False,False,False,False,False,False,False,Erie,PA ,Erie,PA 
4069,206775025,6/19/2017 18:01,6/19/2017 18:01,6/20/2017 13:05,6/21/2017 7:00,6/22/2017 14:45,1592.82,1440.0,152.82,770.2,DRV,,,False,0,Carrier 1469806,Shipper 1375,True,True,True,6/21/2017 21:00,6/22/2017 23:00,False,False,False,False,False,False,False,False,Erie,PA ,Erie,PA 
4070,206775025,6/19/2017 18:01,6/19/2017 18:01,6/20/2017 13:05,6/21/2017 7:00,6/22/2017 14:45,1592.82,1440.0,152.82,770.2,DRV,,,False,0,Carrier 1469806,Shipper 1386,True,True,True,6/21/2017 21:00,6/22/2017 23:00,False,False,False,False,False,False,False,False,Erie,PA ,Erie,PA 
4071,206775025,6/19/2017 18:01,6/19/2017 18:01,6/20/2017 13:05,6/21/2017 7:00,6/22/2017 14:45,1592.82,1440.0,152.82,770.2,DRV,,,False,0,Carrier 1469806,Shipper 1248,True,True,True,6/21/2017 21:00,6/22/2017 23:00,False,False,False,False,False,False,False,False,Erie,PA ,Erie,PA 
4072,206775025,6/19/2017 18:01,6/19/2017 18:01,6/20/2017 13:05,6/21/2017 7:00,6/22/2017 14:45,1592.82,1440.0,152.82,770.2,DRV,,,False,0,Carrier 1469806,Shipper 1387,True,True,True,6/21/2017 21:00,6/22/2017 23:00,False,False,False,False,False,False,False,False,Erie,PA ,Erie,PA 
4073,206775025,6/19/2017 18:01,6/19/2017 18:01,6/20/2017 13:05,6/21/2017 7:00,6/22/2017 14:45,1592.82,1440.0,152.82,770.2,DRV,,,False,0,Carrier 1469806,Shipper 1388,True,True,True,6/21/2017 21:00,6/22/2017 23:00,False,False,False,False,False,False,False,False,Erie,PA ,Erie,PA 
4074,206472137,10/27/2017 18:04,10/27/2017 18:04,10/30/2017 9:34,10/30/2017 7:00,10/31/2017 0:55,1592.11,1400.0,192.11,328.8,DRV,,,False,0,Carrier 940495,Shipper 1249,True,True,True,10/30/2017 14:00,10/31/2017 23:00,False,False,False,False,False,False,False,False,Johnstown,PA ,Johnstown,PA 
4075,206472137,10/27/2017 18:04,10/27/2017 18:04,10/30/2017 9:34,10/30/2017 7:00,10/31/2017 0:55,1592.11,1400.0,192.11,328.8,DRV,,,False,0,Carrier 940495,Shipper 1375,True,True,True,10/30/2017 14:00,10/31/2017 23:00,False,False,False,False,False,False,False,False,Johnstown,PA ,Johnstown,PA 
4076,206472137,10/27/2017 18:04,10/27/2017 18:04,10/30/2017 9:34,10/30/2017 7:00,10/31/2017 0:55,1592.11,1400.0,192.11,328.8,DRV,,,False,0,Carrier 940495,Shipper 1386,True,True,True,10/30/2017 14:00,10/31/2017 23:00,False,False,False,False,False,False,False,False,Johnstown,PA ,Johnstown,PA 
4077,206472137,10/27/2017 18:04,10/27/2017 18:04,10/30/2017 9:34,10/30/2017 7:00,10/31/2017 0:55,1592.11,1400.0,192.11,328.8,DRV,,,False,0,Carrier 940495,Shipper 1248,True,True,True,10/30/2017 14:00,10/31/2017 23:00,False,False,False,False,False,False,False,False,Johnstown,PA ,Johnstown,PA 
4078,206472137,10/27/2017 18:04,10/27/2017 18:04,10/30/2017 9:34,10/30/2017 7:00,10/31/2017 0:55,1592.11,1400.0,192.11,328.8,DRV,,,False,0,Carrier 940495,Shipper 1387,True,True,True,10/30/2017 14:00,10/31/2017 23:00,False,False,False,False,False,False,False,False,Johnstown,PA ,Johnstown,PA 
4079,206472137,10/27/2017 18:04,10/27/2017 18:04,10/30/2017 9:34,10/30/2017 7:00,10/31/2017 0:55,1592.11,1400.0,192.11,328.8,DRV,,,False,0,Carrier 940495,Shipper 1388,True,True,True,10/30/2017 14:00,10/31/2017 23:00,False,False,False,False,False,False,False,False,Johnstown,PA ,Johnstown,PA 
4080,206530745,12/4/2017 10:04,12/4/2017 10:05,12/4/2017 13:38,12/4/2017 16:00,12/8/2017 9:00,1590.88,1600.0,-9.12,315.7,DRV,,,False,0,Carrier 1326586,Shipper 1249,True,True,True,12/4/2017 16:00,12/6/2017 14:00,False,False,False,False,False,False,False,False,Cartersville,GA ,Cartersville,GA 
4081,206530745,12/4/2017 10:04,12/4/2017 10:05,12/4/2017 13:38,12/4/2017 16:00,12/8/2017 9:00,1590.88,1600.0,-9.12,315.7,DRV,,,False,0,Carrier 1326586,Shipper 1375,True,True,True,12/4/2017 16:00,12/6/2017 14:00,False,False,False,False,False,False,False,False,Cartersville,GA ,Cartersville,GA 
4082,206530745,12/4/2017 10:04,12/4/2017 10:05,12/4/2017 13:38,12/4/2017 16:00,12/8/2017 9:00,1590.88,1600.0,-9.12,315.7,DRV,,,False,0,Carrier 1326586,Shipper 1386,True,True,True,12/4/2017 16:00,12/6/2017 14:00,False,False,False,False,False,False,False,False,Cartersville,GA ,Cartersville,GA 
4083,206530745,12/4/2017 10:04,12/4/2017 10:05,12/4/2017 13:38,12/4/2017 16:00,12/8/2017 9:00,1590.88,1600.0,-9.12,315.7,DRV,,,False,0,Carrier 1326586,Shipper 1248,True,True,True,12/4/2017 16:00,12/6/2017 14:00,False,False,False,False,False,False,False,False,Cartersville,GA ,Cartersville,GA 
4084,206530745,12/4/2017 10:04,12/4/2017 10:05,12/4/2017 13:38,12/4/2017 16:00,12/8/2017 9:00,1590.88,1600.0,-9.12,315.7,DRV,,,False,0,Carrier 1326586,Shipper 1387,True,True,True,12/4/2017 16:00,12/6/2017 14:00,False,False,False,False,False,False,False,False,Cartersville,GA ,Cartersville,GA 
4085,206530745,12/4/2017 10:04,12/4/2017 10:05,12/4/2017 13:38,12/4/2017 16:00,12/8/2017 9:00,1590.88,1600.0,-9.12,315.7,DRV,,,False,0,Carrier 1326586,Shipper 1388,True,True,True,12/4/2017 16:00,12/6/2017 14:00,False,False,False,False,False,False,False,False,Cartersville,GA ,Cartersville,GA 
4086,206622025,2/24/2017 16:08,2/24/2017 16:09,2/28/2017 9:55,2/28/2017 8:00,3/2/2017 13:00,1590.0,1590.0,0.0,1052.5,DRV,,,False,0,Carrier 1435036,Shipper 744,True,True,True,2/28/2017 15:45,3/2/2017 10:00,False,False,False,False,False,False,False,False,Conover,NC ,Conover,NC 
4087,206705849,9/18/2017 14:20,9/18/2017 14:20,10/12/2017 11:38,10/13/2017 14:00,10/16/2017 10:30,1590.0,1500.0,90.0,1192.6,DRV,,,False,0,Carrier 947348,Shipper 585,True,True,True,10/13/2017 16:00,10/16/2017 8:00,False,False,False,False,False,False,False,False,Plant City,FL ,Plant City,FL 
4088,206485785,8/14/2017 16:31,8/14/2017 16:31,8/16/2017 11:59,8/17/2017 13:00,8/18/2017 12:00,1589.84,1450.0,139.84,417.8,DRV,,,False,0,Carrier 1694432,Shipper 1249,True,True,True,8/17/2017 13:00,8/18/2017 23:00,False,False,False,False,False,False,False,False,Romulus,MI ,Romulus,MI 
4089,206485785,8/14/2017 16:31,8/14/2017 16:31,8/16/2017 11:59,8/17/2017 13:00,8/18/2017 12:00,1589.84,1450.0,139.84,417.8,DRV,,,False,0,Carrier 1694432,Shipper 1375,True,True,True,8/17/2017 13:00,8/18/2017 23:00,False,False,False,False,False,False,False,False,Romulus,MI ,Romulus,MI 
4090,206485785,8/14/2017 16:31,8/14/2017 16:31,8/16/2017 11:59,8/17/2017 13:00,8/18/2017 12:00,1589.84,1450.0,139.84,417.8,DRV,,,False,0,Carrier 1694432,Shipper 1386,True,True,True,8/17/2017 13:00,8/18/2017 23:00,False,False,False,False,False,False,False,False,Romulus,MI ,Romulus,MI 
4091,206485785,8/14/2017 16:31,8/14/2017 16:31,8/16/2017 11:59,8/17/2017 13:00,8/18/2017 12:00,1589.84,1450.0,139.84,417.8,DRV,,,False,0,Carrier 1694432,Shipper 1248,True,True,True,8/17/2017 13:00,8/18/2017 23:00,False,False,False,False,False,False,False,False,Romulus,MI ,Romulus,MI 
4092,206485785,8/14/2017 16:31,8/14/2017 16:31,8/16/2017 11:59,8/17/2017 13:00,8/18/2017 12:00,1589.84,1450.0,139.84,417.8,DRV,,,False,0,Carrier 1694432,Shipper 1387,True,True,True,8/17/2017 13:00,8/18/2017 23:00,False,False,False,False,False,False,False,False,Romulus,MI ,Romulus,MI 
4093,206485785,8/14/2017 16:31,8/14/2017 16:31,8/16/2017 11:59,8/17/2017 13:00,8/18/2017 12:00,1589.84,1450.0,139.84,417.8,DRV,,,False,0,Carrier 1694432,Shipper 1388,True,True,True,8/17/2017 13:00,8/18/2017 23:00,False,False,False,False,False,False,False,False,Romulus,MI ,Romulus,MI 
4094,206727737,8/4/2017 15:08,8/4/2017 15:08,8/17/2017 13:24,8/18/2017 8:00,8/19/2017 16:50,1588.18,1170.0,418.18,372.2,DRV,,,False,1,Carrier 1215355,Shipper 1249,True,True,True,8/18/2017 14:00,8/19/2017 12:00,False,False,False,False,False,False,False,False,Annapolis,MD ,Annapolis,MD 
4095,206727737,8/4/2017 15:08,8/4/2017 15:08,8/17/2017 13:24,8/18/2017 8:00,8/19/2017 16:50,1588.18,1170.0,418.18,372.2,DRV,,,False,1,Carrier 1215355,Shipper 1375,True,True,True,8/18/2017 14:00,8/19/2017 12:00,False,False,False,False,False,False,False,False,Annapolis,MD ,Annapolis,MD 
4096,206727737,8/4/2017 15:08,8/4/2017 15:08,8/17/2017 13:24,8/18/2017 8:00,8/19/2017 16:50,1588.18,1170.0,418.18,372.2,DRV,,,False,1,Carrier 1215355,Shipper 1386,True,True,True,8/18/2017 14:00,8/19/2017 12:00,False,False,False,False,False,False,False,False,Annapolis,MD ,Annapolis,MD 
4097,206727737,8/4/2017 15:08,8/4/2017 15:08,8/17/2017 13:24,8/18/2017 8:00,8/19/2017 16:50,1588.18,1170.0,418.18,372.2,DRV,,,False,1,Carrier 1215355,Shipper 1248,True,True,True,8/18/2017 14:00,8/19/2017 12:00,False,False,False,False,False,False,False,False,Annapolis,MD ,Annapolis,MD 
4098,206727737,8/4/2017 15:08,8/4/2017 15:08,8/17/2017 13:24,8/18/2017 8:00,8/19/2017 16:50,1588.18,1170.0,418.18,372.2,DRV,,,False,1,Carrier 1215355,Shipper 1387,True,True,True,8/18/2017 14:00,8/19/2017 12:00,False,False,False,False,False,False,False,False,Annapolis,MD ,Annapolis,MD 
4099,206727737,8/4/2017 15:08,8/4/2017 15:08,8/17/2017 13:24,8/18/2017 8:00,8/19/2017 16:50,1588.18,1170.0,418.18,372.2,DRV,,,False,1,Carrier 1215355,Shipper 1388,True,True,True,8/18/2017 14:00,8/19/2017 12:00,False,False,False,False,False,False,False,False,Annapolis,MD ,Annapolis,MD 
4100,206727769,10/11/2017 14:53,10/11/2017 14:53,10/13/2017 14:10,10/17/2017 8:00,10/17/2017 19:00,1587.3,1580.0,7.3,536.4,DRV,,,True,1,Carrier 19121,Shipper 1644,True,True,True,10/17/2017 8:00,10/18/2017 6:30,False,False,False,False,False,False,False,False,Decatur,IN ,Decatur,IN 
4101,206734121,9/21/2017 16:49,9/21/2017 16:49,9/22/2017 11:23,10/2/2017 18:00,10/4/2017 10:20,1581.25,1500.0,81.25,780.5,DRV,,,False,0,Carrier 31074,Shipper 758,True,True,True,10/2/2017 18:00,10/4/2017 8:00,False,False,False,False,False,False,False,False,Idaho Falls,ID ,Idaho Falls,ID 
4102,206512841,9/25/2017 8:46,9/25/2017 8:46,10/2/2017 8:12,10/3/2017 18:00,10/5/2017 10:30,1581.25,1500.0,81.25,780.5,DRV,,,False,0,Carrier 31074,Shipper 758,True,True,True,10/3/2017 18:00,10/5/2017 8:00,False,False,False,False,False,False,False,False,Idaho Falls,ID ,Idaho Falls,ID 
4103,206505545,9/5/2017 17:55,9/5/2017 17:55,9/6/2017 14:42,9/12/2017 18:00,9/14/2017 9:00,1581.25,1500.0,81.25,780.5,DRV,,,False,0,Carrier 31074,Shipper 758,True,True,True,9/12/2017 18:00,9/14/2017 8:00,False,False,False,False,False,False,False,False,Idaho Falls,ID ,Idaho Falls,ID 
4104,206438505,11/27/2017 10:13,11/27/2017 10:13,11/27/2017 15:30,11/28/2017 12:00,11/29/2017 12:05,1580.8,1400.0,180.8,627.3,DRV,,,False,0,Carrier 1215423,Shipper 1644,True,True,True,11/28/2017 12:00,11/29/2017 11:00,False,False,False,False,False,False,False,False,Salisbury,NC ,Salisbury,NC 
4105,206701577,8/11/2017 11:20,8/11/2017 11:20,8/15/2017 12:38,8/16/2017 8:00,8/17/2017 12:45,1580.0,1569.0,11.0,672.2,RFR,,,False,0,Carrier 88001,Shipper 734,True,True,True,8/16/2017 12:00,8/17/2017 9:00,False,False,False,False,False,False,False,False,Wilkes-Barre,PA ,Wilkes-Barre,PA 
4106,206689841,7/31/2017 15:09,7/31/2017 15:09,7/31/2017 15:58,7/31/2017 9:00,8/1/2017 18:00,1578.54,980.0,598.54,375.7,DRV,,,False,0,Carrier 1352784,Shipper 1249,True,True,True,7/31/2017 23:55,8/1/2017 16:00,False,False,False,False,False,False,False,False,Newark,NJ ,Newark,NJ 
4107,206689841,7/31/2017 15:09,7/31/2017 15:09,7/31/2017 15:58,7/31/2017 9:00,8/1/2017 18:00,1578.54,980.0,598.54,375.7,DRV,,,False,0,Carrier 1352784,Shipper 1375,True,True,True,7/31/2017 23:55,8/1/2017 16:00,False,False,False,False,False,False,False,False,Newark,NJ ,Newark,NJ 
4108,206689841,7/31/2017 15:09,7/31/2017 15:09,7/31/2017 15:58,7/31/2017 9:00,8/1/2017 18:00,1578.54,980.0,598.54,375.7,DRV,,,False,0,Carrier 1352784,Shipper 1386,True,True,True,7/31/2017 23:55,8/1/2017 16:00,False,False,False,False,False,False,False,False,Newark,NJ ,Newark,NJ 
4109,206689841,7/31/2017 15:09,7/31/2017 15:09,7/31/2017 15:58,7/31/2017 9:00,8/1/2017 18:00,1578.54,980.0,598.54,375.7,DRV,,,False,0,Carrier 1352784,Shipper 1248,True,True,True,7/31/2017 23:55,8/1/2017 16:00,False,False,False,False,False,False,False,False,Newark,NJ ,Newark,NJ 
4110,206689841,7/31/2017 15:09,7/31/2017 15:09,7/31/2017 15:58,7/31/2017 9:00,8/1/2017 18:00,1578.54,980.0,598.54,375.7,DRV,,,False,0,Carrier 1352784,Shipper 1387,True,True,True,7/31/2017 23:55,8/1/2017 16:00,False,False,False,False,False,False,False,False,Newark,NJ ,Newark,NJ 
4111,206689841,7/31/2017 15:09,7/31/2017 15:09,7/31/2017 15:58,7/31/2017 9:00,8/1/2017 18:00,1578.54,980.0,598.54,375.7,DRV,,,False,0,Carrier 1352784,Shipper 1388,True,True,True,7/31/2017 23:55,8/1/2017 16:00,False,False,False,False,False,False,False,False,Newark,NJ ,Newark,NJ 
4112,206472105,7/31/2017 17:27,7/31/2017 17:27,8/1/2017 17:57,8/2/2017 15:00,8/3/2017 12:13,1578.4,1528.0,50.4,439.8,RFR,,,False,0,Carrier 944838,Shipper 1249,True,True,True,8/2/2017 15:00,8/3/2017 14:00,False,False,False,False,False,False,False,False,Granite City,IL ,Granite City,IL 
4113,206472105,7/31/2017 17:27,7/31/2017 17:27,8/1/2017 17:57,8/2/2017 15:00,8/3/2017 12:13,1578.4,1528.0,50.4,439.8,RFR,,,False,0,Carrier 944838,Shipper 1375,True,True,True,8/2/2017 15:00,8/3/2017 14:00,False,False,False,False,False,False,False,False,Granite City,IL ,Granite City,IL 
4114,206472105,7/31/2017 17:27,7/31/2017 17:27,8/1/2017 17:57,8/2/2017 15:00,8/3/2017 12:13,1578.4,1528.0,50.4,439.8,RFR,,,False,0,Carrier 944838,Shipper 1386,True,True,True,8/2/2017 15:00,8/3/2017 14:00,False,False,False,False,False,False,False,False,Granite City,IL ,Granite City,IL 
4115,206472105,7/31/2017 17:27,7/31/2017 17:27,8/1/2017 17:57,8/2/2017 15:00,8/3/2017 12:13,1578.4,1528.0,50.4,439.8,RFR,,,False,0,Carrier 944838,Shipper 1248,True,True,True,8/2/2017 15:00,8/3/2017 14:00,False,False,False,False,False,False,False,False,Granite City,IL ,Granite City,IL 
4116,206472105,7/31/2017 17:27,7/31/2017 17:27,8/1/2017 17:57,8/2/2017 15:00,8/3/2017 12:13,1578.4,1528.0,50.4,439.8,RFR,,,False,0,Carrier 944838,Shipper 1387,True,True,True,8/2/2017 15:00,8/3/2017 14:00,False,False,False,False,False,False,False,False,Granite City,IL ,Granite City,IL 
4117,206472105,7/31/2017 17:27,7/31/2017 17:27,8/1/2017 17:57,8/2/2017 15:00,8/3/2017 12:13,1578.4,1528.0,50.4,439.8,RFR,,,False,0,Carrier 944838,Shipper 1388,True,True,True,8/2/2017 15:00,8/3/2017 14:00,False,False,False,False,False,False,False,False,Granite City,IL ,Granite City,IL 
4118,206422377,4/7/2017 16:19,4/7/2017 16:20,4/12/2017 15:37,4/12/2017 18:00,4/14/2017 9:10,1577.15,1600.0,-22.85,730.1,RFR,4.0,,False,0,Carrier 1543679,Shipper 1249,True,True,True,4/12/2017 18:00,4/14/2017 13:00,False,False,False,False,False,False,False,False,Colonial Heights,VA ,Colonial Heights,VA 
4119,206422377,4/7/2017 16:19,4/7/2017 16:20,4/12/2017 15:37,4/12/2017 18:00,4/14/2017 9:10,1577.15,1600.0,-22.85,730.1,RFR,4.0,,False,0,Carrier 1543679,Shipper 1375,True,True,True,4/12/2017 18:00,4/14/2017 13:00,False,False,False,False,False,False,False,False,Colonial Heights,VA ,Colonial Heights,VA 
4120,206422377,4/7/2017 16:19,4/7/2017 16:20,4/12/2017 15:37,4/12/2017 18:00,4/14/2017 9:10,1577.15,1600.0,-22.85,730.1,RFR,4.0,,False,0,Carrier 1543679,Shipper 1386,True,True,True,4/12/2017 18:00,4/14/2017 13:00,False,False,False,False,False,False,False,False,Colonial Heights,VA ,Colonial Heights,VA 
4121,206422377,4/7/2017 16:19,4/7/2017 16:20,4/12/2017 15:37,4/12/2017 18:00,4/14/2017 9:10,1577.15,1600.0,-22.85,730.1,RFR,4.0,,False,0,Carrier 1543679,Shipper 1248,True,True,True,4/12/2017 18:00,4/14/2017 13:00,False,False,False,False,False,False,False,False,Colonial Heights,VA ,Colonial Heights,VA 
4122,206422377,4/7/2017 16:19,4/7/2017 16:20,4/12/2017 15:37,4/12/2017 18:00,4/14/2017 9:10,1577.15,1600.0,-22.85,730.1,RFR,4.0,,False,0,Carrier 1543679,Shipper 1387,True,True,True,4/12/2017 18:00,4/14/2017 13:00,False,False,False,False,False,False,False,False,Colonial Heights,VA ,Colonial Heights,VA 
4123,206422377,4/7/2017 16:19,4/7/2017 16:20,4/12/2017 15:37,4/12/2017 18:00,4/14/2017 9:10,1577.15,1600.0,-22.85,730.1,RFR,4.0,,False,0,Carrier 1543679,Shipper 1388,True,True,True,4/12/2017 18:00,4/14/2017 13:00,False,False,False,False,False,False,False,False,Colonial Heights,VA ,Colonial Heights,VA 
4124,206689825,5/9/2017 13:01,5/9/2017 13:02,5/9/2017 14:55,5/9/2017 17:00,5/10/2017 8:30,1576.59,1300.0,276.59,341.1,RFR,3.0,,False,0,Carrier 9000,Shipper 1249,True,True,True,5/9/2017 17:00,5/10/2017 14:00,False,False,False,False,False,False,False,False,Jacksonville,FL ,Jacksonville,FL 
4125,206689825,5/9/2017 13:01,5/9/2017 13:02,5/9/2017 14:55,5/9/2017 17:00,5/10/2017 8:30,1576.59,1300.0,276.59,341.1,RFR,3.0,,False,0,Carrier 9000,Shipper 1375,True,True,True,5/9/2017 17:00,5/10/2017 14:00,False,False,False,False,False,False,False,False,Jacksonville,FL ,Jacksonville,FL 
4126,206689825,5/9/2017 13:01,5/9/2017 13:02,5/9/2017 14:55,5/9/2017 17:00,5/10/2017 8:30,1576.59,1300.0,276.59,341.1,RFR,3.0,,False,0,Carrier 9000,Shipper 1386,True,True,True,5/9/2017 17:00,5/10/2017 14:00,False,False,False,False,False,False,False,False,Jacksonville,FL ,Jacksonville,FL 
4127,206689825,5/9/2017 13:01,5/9/2017 13:02,5/9/2017 14:55,5/9/2017 17:00,5/10/2017 8:30,1576.59,1300.0,276.59,341.1,RFR,3.0,,False,0,Carrier 9000,Shipper 1248,True,True,True,5/9/2017 17:00,5/10/2017 14:00,False,False,False,False,False,False,False,False,Jacksonville,FL ,Jacksonville,FL 
4128,206689825,5/9/2017 13:01,5/9/2017 13:02,5/9/2017 14:55,5/9/2017 17:00,5/10/2017 8:30,1576.59,1300.0,276.59,341.1,RFR,3.0,,False,0,Carrier 9000,Shipper 1387,True,True,True,5/9/2017 17:00,5/10/2017 14:00,False,False,False,False,False,False,False,False,Jacksonville,FL ,Jacksonville,FL 
4129,206689825,5/9/2017 13:01,5/9/2017 13:02,5/9/2017 14:55,5/9/2017 17:00,5/10/2017 8:30,1576.59,1300.0,276.59,341.1,RFR,3.0,,False,0,Carrier 9000,Shipper 1388,True,True,True,5/9/2017 17:00,5/10/2017 14:00,False,False,False,False,False,False,False,False,Jacksonville,FL ,Jacksonville,FL 
4130,206434601,9/20/2017 16:59,9/20/2017 16:59,9/21/2017 8:23,9/22/2017 16:00,9/25/2017 14:00,1576.12,1400.0,176.12,541.9,RFR,,,False,0,Carrier 819914,Shipper 1249,True,True,True,9/22/2017 16:00,9/25/2017 16:30,False,False,False,False,False,False,False,False,Aurora,CO ,Aurora,CO 
4131,206434601,9/20/2017 16:59,9/20/2017 16:59,9/21/2017 8:23,9/22/2017 16:00,9/25/2017 14:00,1576.12,1400.0,176.12,541.9,RFR,,,False,0,Carrier 819914,Shipper 1375,True,True,True,9/22/2017 16:00,9/25/2017 16:30,False,False,False,False,False,False,False,False,Aurora,CO ,Aurora,CO 
4132,206434601,9/20/2017 16:59,9/20/2017 16:59,9/21/2017 8:23,9/22/2017 16:00,9/25/2017 14:00,1576.12,1400.0,176.12,541.9,RFR,,,False,0,Carrier 819914,Shipper 1386,True,True,True,9/22/2017 16:00,9/25/2017 16:30,False,False,False,False,False,False,False,False,Aurora,CO ,Aurora,CO 
4133,206434601,9/20/2017 16:59,9/20/2017 16:59,9/21/2017 8:23,9/22/2017 16:00,9/25/2017 14:00,1576.12,1400.0,176.12,541.9,RFR,,,False,0,Carrier 819914,Shipper 1248,True,True,True,9/22/2017 16:00,9/25/2017 16:30,False,False,False,False,False,False,False,False,Aurora,CO ,Aurora,CO 
4134,206434601,9/20/2017 16:59,9/20/2017 16:59,9/21/2017 8:23,9/22/2017 16:00,9/25/2017 14:00,1576.12,1400.0,176.12,541.9,RFR,,,False,0,Carrier 819914,Shipper 1387,True,True,True,9/22/2017 16:00,9/25/2017 16:30,False,False,False,False,False,False,False,False,Aurora,CO ,Aurora,CO 
4135,206434601,9/20/2017 16:59,9/20/2017 16:59,9/21/2017 8:23,9/22/2017 16:00,9/25/2017 14:00,1576.12,1400.0,176.12,541.9,RFR,,,False,0,Carrier 819914,Shipper 1388,True,True,True,9/22/2017 16:00,9/25/2017 16:30,False,False,False,False,False,False,False,False,Aurora,CO ,Aurora,CO 
4136,206646833,5/22/2017 16:34,5/22/2017 16:34,5/22/2017 16:50,5/22/2017 19:00,5/23/2017 22:00,1575.9,1000.0,575.9,251.5,DRV,,,False,0,Carrier 4997,Shipper 1249,True,False,True,5/22/2017 21:00,5/23/2017 6:00,False,False,False,False,False,False,False,False,Baldwinsville,NY ,Baldwinsville,NY 
4137,206646833,5/22/2017 16:34,5/22/2017 16:34,5/22/2017 16:50,5/22/2017 19:00,5/23/2017 22:00,1575.9,1000.0,575.9,251.5,DRV,,,False,0,Carrier 4997,Shipper 1375,True,False,True,5/22/2017 21:00,5/23/2017 6:00,False,False,False,False,False,False,False,False,Baldwinsville,NY ,Baldwinsville,NY 
4138,206646833,5/22/2017 16:34,5/22/2017 16:34,5/22/2017 16:50,5/22/2017 19:00,5/23/2017 22:00,1575.9,1000.0,575.9,251.5,DRV,,,False,0,Carrier 4997,Shipper 1386,True,False,True,5/22/2017 21:00,5/23/2017 6:00,False,False,False,False,False,False,False,False,Baldwinsville,NY ,Baldwinsville,NY 
4139,206646833,5/22/2017 16:34,5/22/2017 16:34,5/22/2017 16:50,5/22/2017 19:00,5/23/2017 22:00,1575.9,1000.0,575.9,251.5,DRV,,,False,0,Carrier 4997,Shipper 1248,True,False,True,5/22/2017 21:00,5/23/2017 6:00,False,False,False,False,False,False,False,False,Baldwinsville,NY ,Baldwinsville,NY 
4140,206646833,5/22/2017 16:34,5/22/2017 16:34,5/22/2017 16:50,5/22/2017 19:00,5/23/2017 22:00,1575.9,1000.0,575.9,251.5,DRV,,,False,0,Carrier 4997,Shipper 1387,True,False,True,5/22/2017 21:00,5/23/2017 6:00,False,False,False,False,False,False,False,False,Baldwinsville,NY ,Baldwinsville,NY 
4141,206646833,5/22/2017 16:34,5/22/2017 16:34,5/22/2017 16:50,5/22/2017 19:00,5/23/2017 22:00,1575.9,1000.0,575.9,251.5,DRV,,,False,0,Carrier 4997,Shipper 1388,True,False,True,5/22/2017 21:00,5/23/2017 6:00,False,False,False,False,False,False,False,False,Baldwinsville,NY ,Baldwinsville,NY 
4142,206535521,9/20/2017 9:58,9/20/2017 9:59,10/11/2017 13:39,10/11/2017 18:00,10/13/2017 10:00,1574.25,1900.0,-325.75,780.5,DRV,,,False,1,Carrier 41610,Shipper 758,False,True,True,10/11/2017 18:00,10/13/2017 9:00,False,False,False,False,False,False,False,False,Idaho Falls,ID ,Idaho Falls,ID 
4143,206622169,9/28/2017 11:17,9/28/2017 11:17,10/5/2017 11:22,10/9/2017 18:00,10/11/2017 10:05,1574.13,1500.0,74.13,780.5,DRV,,,False,0,Carrier 31074,Shipper 758,True,True,True,10/9/2017 18:00,10/11/2017 7:30,False,False,False,False,False,False,False,False,Idaho Falls,ID ,Idaho Falls,ID 
4144,206586409,8/4/2017 16:13,8/4/2017 16:13,8/7/2017 10:19,8/8/2017 0:00,8/9/2017 7:30,1573.06,1300.0,273.06,682.2,RFR,,,False,1,Carrier 1695435,Shipper 1249,True,True,True,8/8/2017 0:00,8/9/2017 7:00,False,False,False,False,False,False,False,False,Aurora,CO ,Aurora,CO 
4145,206586409,8/4/2017 16:13,8/4/2017 16:13,8/7/2017 10:19,8/8/2017 0:00,8/9/2017 7:30,1573.06,1300.0,273.06,682.2,RFR,,,False,1,Carrier 1695435,Shipper 1375,True,True,True,8/8/2017 0:00,8/9/2017 7:00,False,False,False,False,False,False,False,False,Aurora,CO ,Aurora,CO 
4146,206586409,8/4/2017 16:13,8/4/2017 16:13,8/7/2017 10:19,8/8/2017 0:00,8/9/2017 7:30,1573.06,1300.0,273.06,682.2,RFR,,,False,1,Carrier 1695435,Shipper 1386,True,True,True,8/8/2017 0:00,8/9/2017 7:00,False,False,False,False,False,False,False,False,Aurora,CO ,Aurora,CO 
4147,206586409,8/4/2017 16:13,8/4/2017 16:13,8/7/2017 10:19,8/8/2017 0:00,8/9/2017 7:30,1573.06,1300.0,273.06,682.2,RFR,,,False,1,Carrier 1695435,Shipper 1248,True,True,True,8/8/2017 0:00,8/9/2017 7:00,False,False,False,False,False,False,False,False,Aurora,CO ,Aurora,CO 
4148,206586409,8/4/2017 16:13,8/4/2017 16:13,8/7/2017 10:19,8/8/2017 0:00,8/9/2017 7:30,1573.06,1300.0,273.06,682.2,RFR,,,False,1,Carrier 1695435,Shipper 1387,True,True,True,8/8/2017 0:00,8/9/2017 7:00,False,False,False,False,False,False,False,False,Aurora,CO ,Aurora,CO 
4149,206586409,8/4/2017 16:13,8/4/2017 16:13,8/7/2017 10:19,8/8/2017 0:00,8/9/2017 7:30,1573.06,1300.0,273.06,682.2,RFR,,,False,1,Carrier 1695435,Shipper 1388,True,True,True,8/8/2017 0:00,8/9/2017 7:00,False,False,False,False,False,False,False,False,Aurora,CO ,Aurora,CO 
4150,206585817,8/29/2017 15:52,8/29/2017 15:52,9/1/2017 9:25,9/5/2017 16:00,9/7/2017 8:20,1573.0,1300.0,273.0,714.2,RFR,,,False,0,Carrier 1695487,Shipper 585,True,True,True,9/5/2017 16:00,9/7/2017 9:00,False,False,False,False,False,False,False,False,Pittston,PA ,Pittston,PA 
4151,206544185,9/15/2017 17:03,9/15/2017 17:03,9/18/2017 15:51,9/19/2017 16:00,9/20/2017 11:30,1572.86,1450.0,122.86,585.7,DRV,,,False,0,Carrier 1051624,Shipper 1249,True,True,True,9/19/2017 16:00,9/20/2017 14:00,False,False,False,False,False,False,False,False,St. Louis,MO ,St. Louis,MO 
4152,206544185,9/15/2017 17:03,9/15/2017 17:03,9/18/2017 15:51,9/19/2017 16:00,9/20/2017 11:30,1572.86,1450.0,122.86,585.7,DRV,,,False,0,Carrier 1051624,Shipper 1375,True,True,True,9/19/2017 16:00,9/20/2017 14:00,False,False,False,False,False,False,False,False,St. Louis,MO ,St. Louis,MO 
4153,206544185,9/15/2017 17:03,9/15/2017 17:03,9/18/2017 15:51,9/19/2017 16:00,9/20/2017 11:30,1572.86,1450.0,122.86,585.7,DRV,,,False,0,Carrier 1051624,Shipper 1386,True,True,True,9/19/2017 16:00,9/20/2017 14:00,False,False,False,False,False,False,False,False,St. Louis,MO ,St. Louis,MO 
4154,206544185,9/15/2017 17:03,9/15/2017 17:03,9/18/2017 15:51,9/19/2017 16:00,9/20/2017 11:30,1572.86,1450.0,122.86,585.7,DRV,,,False,0,Carrier 1051624,Shipper 1248,True,True,True,9/19/2017 16:00,9/20/2017 14:00,False,False,False,False,False,False,False,False,St. Louis,MO ,St. Louis,MO 
4155,206544185,9/15/2017 17:03,9/15/2017 17:03,9/18/2017 15:51,9/19/2017 16:00,9/20/2017 11:30,1572.86,1450.0,122.86,585.7,DRV,,,False,0,Carrier 1051624,Shipper 1387,True,True,True,9/19/2017 16:00,9/20/2017 14:00,False,False,False,False,False,False,False,False,St. Louis,MO ,St. Louis,MO 
4156,206544185,9/15/2017 17:03,9/15/2017 17:03,9/18/2017 15:51,9/19/2017 16:00,9/20/2017 11:30,1572.86,1450.0,122.86,585.7,DRV,,,False,0,Carrier 1051624,Shipper 1388,True,True,True,9/19/2017 16:00,9/20/2017 14:00,False,False,False,False,False,False,False,False,St. Louis,MO ,St. Louis,MO 
4157,206527113,4/21/2017 15:45,4/21/2017 15:46,4/24/2017 14:15,4/24/2017 14:00,4/25/2017 14:25,1572.77,1700.0,-127.23,522.0,RFR,,,False,1,Carrier 1436652,Shipper 1104,False,True,True,4/24/2017 14:00,4/25/2017 16:00,False,False,False,False,False,False,False,False,Angier,NC ,Angier,NC 
4158,206485009,7/27/2017 16:59,7/27/2017 16:59,7/31/2017 11:14,7/31/2017 14:00,8/2/2017 9:00,1571.78,1450.0,121.78,631.8,RFR,,,False,0,Carrier 1308877,Shipper 1249,False,True,False,7/31/2017 14:00,8/2/2017 13:00,False,False,False,False,False,False,False,False,Fort Collins,CO ,Fort Collins,CO 
4159,206485009,7/27/2017 16:59,7/27/2017 16:59,7/31/2017 11:14,7/31/2017 14:00,8/2/2017 9:00,1571.78,1450.0,121.78,631.8,RFR,,,False,0,Carrier 1308877,Shipper 1375,False,True,False,7/31/2017 14:00,8/2/2017 13:00,False,False,False,False,False,False,False,False,Fort Collins,CO ,Fort Collins,CO 
4160,206485009,7/27/2017 16:59,7/27/2017 16:59,7/31/2017 11:14,7/31/2017 14:00,8/2/2017 9:00,1571.78,1450.0,121.78,631.8,RFR,,,False,0,Carrier 1308877,Shipper 1386,False,True,False,7/31/2017 14:00,8/2/2017 13:00,False,False,False,False,False,False,False,False,Fort Collins,CO ,Fort Collins,CO 
4161,206485009,7/27/2017 16:59,7/27/2017 16:59,7/31/2017 11:14,7/31/2017 14:00,8/2/2017 9:00,1571.78,1450.0,121.78,631.8,RFR,,,False,0,Carrier 1308877,Shipper 1248,False,True,False,7/31/2017 14:00,8/2/2017 13:00,False,False,False,False,False,False,False,False,Fort Collins,CO ,Fort Collins,CO 
4162,206485009,7/27/2017 16:59,7/27/2017 16:59,7/31/2017 11:14,7/31/2017 14:00,8/2/2017 9:00,1571.78,1450.0,121.78,631.8,RFR,,,False,0,Carrier 1308877,Shipper 1387,False,True,False,7/31/2017 14:00,8/2/2017 13:00,False,False,False,False,False,False,False,False,Fort Collins,CO ,Fort Collins,CO 
4163,206485009,7/27/2017 16:59,7/27/2017 16:59,7/31/2017 11:14,7/31/2017 14:00,8/2/2017 9:00,1571.78,1450.0,121.78,631.8,RFR,,,False,0,Carrier 1308877,Shipper 1388,False,True,False,7/31/2017 14:00,8/2/2017 13:00,False,False,False,False,False,False,False,False,Fort Collins,CO ,Fort Collins,CO 
4164,206690289,8/7/2017 16:14,8/7/2017 16:14,8/8/2017 9:11,8/8/2017 13:00,8/9/2017 16:35,1570.89,1100.0,470.89,531.2,RFR,,,False,0,Carrier 48803,Shipper 1249,True,True,True,8/8/2017 13:00,8/9/2017 16:00,False,False,False,False,False,False,False,False,St. Louis,MO ,St. Louis,MO 
4165,206690289,8/7/2017 16:14,8/7/2017 16:14,8/8/2017 9:11,8/8/2017 13:00,8/9/2017 16:35,1570.89,1100.0,470.89,531.2,RFR,,,False,0,Carrier 48803,Shipper 1375,True,True,True,8/8/2017 13:00,8/9/2017 16:00,False,False,False,False,False,False,False,False,St. Louis,MO ,St. Louis,MO 
4166,206690289,8/7/2017 16:14,8/7/2017 16:14,8/8/2017 9:11,8/8/2017 13:00,8/9/2017 16:35,1570.89,1100.0,470.89,531.2,RFR,,,False,0,Carrier 48803,Shipper 1386,True,True,True,8/8/2017 13:00,8/9/2017 16:00,False,False,False,False,False,False,False,False,St. Louis,MO ,St. Louis,MO 
4167,206690289,8/7/2017 16:14,8/7/2017 16:14,8/8/2017 9:11,8/8/2017 13:00,8/9/2017 16:35,1570.89,1100.0,470.89,531.2,RFR,,,False,0,Carrier 48803,Shipper 1248,True,True,True,8/8/2017 13:00,8/9/2017 16:00,False,False,False,False,False,False,False,False,St. Louis,MO ,St. Louis,MO 
4168,206690289,8/7/2017 16:14,8/7/2017 16:14,8/8/2017 9:11,8/8/2017 13:00,8/9/2017 16:35,1570.89,1100.0,470.89,531.2,RFR,,,False,0,Carrier 48803,Shipper 1387,True,True,True,8/8/2017 13:00,8/9/2017 16:00,False,False,False,False,False,False,False,False,St. Louis,MO ,St. Louis,MO 
4169,206690289,8/7/2017 16:14,8/7/2017 16:14,8/8/2017 9:11,8/8/2017 13:00,8/9/2017 16:35,1570.89,1100.0,470.89,531.2,RFR,,,False,0,Carrier 48803,Shipper 1388,True,True,True,8/8/2017 13:00,8/9/2017 16:00,False,False,False,False,False,False,False,False,St. Louis,MO ,St. Louis,MO 
4170,206584769,9/26/2017 16:11,9/26/2017 16:11,9/27/2017 11:19,9/27/2017 15:00,9/27/2017 23:45,1568.44,1400.0,168.44,459.9,DRV,,,False,0,Carrier 5996,Shipper 1249,True,True,True,9/27/2017 15:00,9/29/2017 0:00,False,False,False,False,False,False,False,False,Columbus,OH ,Columbus,OH 
4171,206584769,9/26/2017 16:11,9/26/2017 16:11,9/27/2017 11:19,9/27/2017 15:00,9/27/2017 23:45,1568.44,1400.0,168.44,459.9,DRV,,,False,0,Carrier 5996,Shipper 1375,True,True,True,9/27/2017 15:00,9/29/2017 0:00,False,False,False,False,False,False,False,False,Columbus,OH ,Columbus,OH 
4172,206584769,9/26/2017 16:11,9/26/2017 16:11,9/27/2017 11:19,9/27/2017 15:00,9/27/2017 23:45,1568.44,1400.0,168.44,459.9,DRV,,,False,0,Carrier 5996,Shipper 1386,True,True,True,9/27/2017 15:00,9/29/2017 0:00,False,False,False,False,False,False,False,False,Columbus,OH ,Columbus,OH 
4173,206584769,9/26/2017 16:11,9/26/2017 16:11,9/27/2017 11:19,9/27/2017 15:00,9/27/2017 23:45,1568.44,1400.0,168.44,459.9,DRV,,,False,0,Carrier 5996,Shipper 1248,True,True,True,9/27/2017 15:00,9/29/2017 0:00,False,False,False,False,False,False,False,False,Columbus,OH ,Columbus,OH 
4174,206584769,9/26/2017 16:11,9/26/2017 16:11,9/27/2017 11:19,9/27/2017 15:00,9/27/2017 23:45,1568.44,1400.0,168.44,459.9,DRV,,,False,0,Carrier 5996,Shipper 1387,True,True,True,9/27/2017 15:00,9/29/2017 0:00,False,False,False,False,False,False,False,False,Columbus,OH ,Columbus,OH 
4175,206584769,9/26/2017 16:11,9/26/2017 16:11,9/27/2017 11:19,9/27/2017 15:00,9/27/2017 23:45,1568.44,1400.0,168.44,459.9,DRV,,,False,0,Carrier 5996,Shipper 1388,True,True,True,9/27/2017 15:00,9/29/2017 0:00,False,False,False,False,False,False,False,False,Columbus,OH ,Columbus,OH 
4176,206620769,9/15/2017 15:56,9/15/2017 15:56,9/19/2017 9:03,9/20/2017 7:00,9/21/2017 10:00,1568.25,1200.0,368.25,232.5,DRV,,,False,0,Carrier 31074,Shipper 1249,True,True,True,9/20/2017 21:00,9/21/2017 21:00,False,False,False,False,False,False,False,False,Erie,PA ,Erie,PA 
4177,206620769,9/15/2017 15:56,9/15/2017 15:56,9/19/2017 9:03,9/20/2017 7:00,9/21/2017 10:00,1568.25,1200.0,368.25,232.5,DRV,,,False,0,Carrier 31074,Shipper 1375,True,True,True,9/20/2017 21:00,9/21/2017 21:00,False,False,False,False,False,False,False,False,Erie,PA ,Erie,PA 
4178,206620769,9/15/2017 15:56,9/15/2017 15:56,9/19/2017 9:03,9/20/2017 7:00,9/21/2017 10:00,1568.25,1200.0,368.25,232.5,DRV,,,False,0,Carrier 31074,Shipper 1386,True,True,True,9/20/2017 21:00,9/21/2017 21:00,False,False,False,False,False,False,False,False,Erie,PA ,Erie,PA 
4179,206620769,9/15/2017 15:56,9/15/2017 15:56,9/19/2017 9:03,9/20/2017 7:00,9/21/2017 10:00,1568.25,1200.0,368.25,232.5,DRV,,,False,0,Carrier 31074,Shipper 1248,True,True,True,9/20/2017 21:00,9/21/2017 21:00,False,False,False,False,False,False,False,False,Erie,PA ,Erie,PA 
4180,206620769,9/15/2017 15:56,9/15/2017 15:56,9/19/2017 9:03,9/20/2017 7:00,9/21/2017 10:00,1568.25,1200.0,368.25,232.5,DRV,,,False,0,Carrier 31074,Shipper 1387,True,True,True,9/20/2017 21:00,9/21/2017 21:00,False,False,False,False,False,False,False,False,Erie,PA ,Erie,PA 
4181,206620769,9/15/2017 15:56,9/15/2017 15:56,9/19/2017 9:03,9/20/2017 7:00,9/21/2017 10:00,1568.25,1200.0,368.25,232.5,DRV,,,False,0,Carrier 31074,Shipper 1388,True,True,True,9/20/2017 21:00,9/21/2017 21:00,False,False,False,False,False,False,False,False,Erie,PA ,Erie,PA 
4182,206728041,8/24/2017 11:24,8/24/2017 11:24,9/5/2017 13:40,9/5/2017 18:00,9/7/2017 12:15,1567.8,1500.0,67.8,780.5,DRV,,,False,1,Carrier 31074,Shipper 758,True,True,True,9/5/2017 18:00,9/7/2017 8:00,False,False,False,False,False,False,False,False,Idaho Falls,ID ,Idaho Falls,ID 
4183,206701873,11/7/2017 16:17,11/7/2017 16:17,11/8/2017 10:54,11/8/2017 9:00,11/9/2017 16:15,1567.03,1400.0,167.03,286.8,DRV,,,False,0,Carrier 4997,Shipper 1249,True,True,True,11/8/2017 14:00,11/9/2017 9:00,False,False,False,False,False,False,False,False,Johnstown,PA ,Johnstown,PA 
4184,206701873,11/7/2017 16:17,11/7/2017 16:17,11/8/2017 10:54,11/8/2017 9:00,11/9/2017 16:15,1567.03,1400.0,167.03,286.8,DRV,,,False,0,Carrier 4997,Shipper 1375,True,True,True,11/8/2017 14:00,11/9/2017 9:00,False,False,False,False,False,False,False,False,Johnstown,PA ,Johnstown,PA 
4185,206701873,11/7/2017 16:17,11/7/2017 16:17,11/8/2017 10:54,11/8/2017 9:00,11/9/2017 16:15,1567.03,1400.0,167.03,286.8,DRV,,,False,0,Carrier 4997,Shipper 1386,True,True,True,11/8/2017 14:00,11/9/2017 9:00,False,False,False,False,False,False,False,False,Johnstown,PA ,Johnstown,PA 
4186,206701873,11/7/2017 16:17,11/7/2017 16:17,11/8/2017 10:54,11/8/2017 9:00,11/9/2017 16:15,1567.03,1400.0,167.03,286.8,DRV,,,False,0,Carrier 4997,Shipper 1248,True,True,True,11/8/2017 14:00,11/9/2017 9:00,False,False,False,False,False,False,False,False,Johnstown,PA ,Johnstown,PA 
4187,206701873,11/7/2017 16:17,11/7/2017 16:17,11/8/2017 10:54,11/8/2017 9:00,11/9/2017 16:15,1567.03,1400.0,167.03,286.8,DRV,,,False,0,Carrier 4997,Shipper 1387,True,True,True,11/8/2017 14:00,11/9/2017 9:00,False,False,False,False,False,False,False,False,Johnstown,PA ,Johnstown,PA 
4188,206701873,11/7/2017 16:17,11/7/2017 16:17,11/8/2017 10:54,11/8/2017 9:00,11/9/2017 16:15,1567.03,1400.0,167.03,286.8,DRV,,,False,0,Carrier 4997,Shipper 1388,True,True,True,11/8/2017 14:00,11/9/2017 9:00,False,False,False,False,False,False,False,False,Johnstown,PA ,Johnstown,PA 
4189,206557393,9/15/2017 15:52,9/15/2017 15:52,9/18/2017 8:47,9/18/2017 7:00,9/19/2017 10:00,1566.0,1150.0,416.0,232.5,DRV,,,False,0,Carrier 765555,Shipper 1249,True,True,True,9/18/2017 21:00,9/19/2017 21:00,False,False,False,False,False,False,False,False,Erie,PA ,Erie,PA 
4190,206557393,9/15/2017 15:52,9/15/2017 15:52,9/18/2017 8:47,9/18/2017 7:00,9/19/2017 10:00,1566.0,1150.0,416.0,232.5,DRV,,,False,0,Carrier 765555,Shipper 1375,True,True,True,9/18/2017 21:00,9/19/2017 21:00,False,False,False,False,False,False,False,False,Erie,PA ,Erie,PA 
4191,206557393,9/15/2017 15:52,9/15/2017 15:52,9/18/2017 8:47,9/18/2017 7:00,9/19/2017 10:00,1566.0,1150.0,416.0,232.5,DRV,,,False,0,Carrier 765555,Shipper 1386,True,True,True,9/18/2017 21:00,9/19/2017 21:00,False,False,False,False,False,False,False,False,Erie,PA ,Erie,PA 
4192,206557393,9/15/2017 15:52,9/15/2017 15:52,9/18/2017 8:47,9/18/2017 7:00,9/19/2017 10:00,1566.0,1150.0,416.0,232.5,DRV,,,False,0,Carrier 765555,Shipper 1248,True,True,True,9/18/2017 21:00,9/19/2017 21:00,False,False,False,False,False,False,False,False,Erie,PA ,Erie,PA 
4193,206557393,9/15/2017 15:52,9/15/2017 15:52,9/18/2017 8:47,9/18/2017 7:00,9/19/2017 10:00,1566.0,1150.0,416.0,232.5,DRV,,,False,0,Carrier 765555,Shipper 1387,True,True,True,9/18/2017 21:00,9/19/2017 21:00,False,False,False,False,False,False,False,False,Erie,PA ,Erie,PA 
4194,206557393,9/15/2017 15:52,9/15/2017 15:52,9/18/2017 8:47,9/18/2017 7:00,9/19/2017 10:00,1566.0,1150.0,416.0,232.5,DRV,,,False,0,Carrier 765555,Shipper 1388,True,True,True,9/18/2017 21:00,9/19/2017 21:00,False,False,False,False,False,False,False,False,Erie,PA ,Erie,PA 
4195,206544425,10/31/2017 17:18,10/31/2017 17:18,11/2/2017 8:21,11/2/2017 13:00,11/3/2017 11:00,1565.95,1500.0,65.95,608.8,DRV,,,False,0,Carrier 1693483,Shipper 1644,True,True,True,11/2/2017 13:00,11/3/2017 14:00,False,False,False,False,False,False,False,False,Decatur,IN ,Decatur,IN 
4196,206569689,8/16/2017 13:57,8/16/2017 13:57,8/18/2017 8:12,8/18/2017 14:00,8/21/2017 9:00,1565.9,1600.0,-34.1,888.1,DRV,,,False,0,Carrier 48399,Shipper 1357,True,True,True,8/18/2017 14:00,8/21/2017 8:00,False,False,False,False,False,False,False,False,Gastonia,NC ,Gastonia,NC 
4197,206512393,5/22/2017 14:06,5/22/2017 14:07,5/25/2017 13:49,5/25/2017 13:00,5/30/2017 11:00,1565.39,2400.0,-834.61,587.8,DRV,,,False,2,Carrier 89123,Shipper 1249,True,True,True,5/25/2017 17:00,5/30/2017 14:00,False,False,False,False,False,False,False,False,St. Louis,MO ,St. Louis,MO 
4198,206512393,5/22/2017 14:06,5/22/2017 14:07,5/25/2017 13:49,5/25/2017 13:00,5/30/2017 11:00,1565.39,2400.0,-834.61,587.8,DRV,,,False,2,Carrier 89123,Shipper 1375,True,True,True,5/25/2017 17:00,5/30/2017 14:00,False,False,False,False,False,False,False,False,St. Louis,MO ,St. Louis,MO 
4199,206512393,5/22/2017 14:06,5/22/2017 14:07,5/25/2017 13:49,5/25/2017 13:00,5/30/2017 11:00,1565.39,2400.0,-834.61,587.8,DRV,,,False,2,Carrier 89123,Shipper 1386,True,True,True,5/25/2017 17:00,5/30/2017 14:00,False,False,False,False,False,False,False,False,St. Louis,MO ,St. Louis,MO 
4200,206512393,5/22/2017 14:06,5/22/2017 14:07,5/25/2017 13:49,5/25/2017 13:00,5/30/2017 11:00,1565.39,2400.0,-834.61,587.8,DRV,,,False,2,Carrier 89123,Shipper 1248,True,True,True,5/25/2017 17:00,5/30/2017 14:00,False,False,False,False,False,False,False,False,St. Louis,MO ,St. Louis,MO 
4201,206512393,5/22/2017 14:06,5/22/2017 14:07,5/25/2017 13:49,5/25/2017 13:00,5/30/2017 11:00,1565.39,2400.0,-834.61,587.8,DRV,,,False,2,Carrier 89123,Shipper 1387,True,True,True,5/25/2017 17:00,5/30/2017 14:00,False,False,False,False,False,False,False,False,St. Louis,MO ,St. Louis,MO 
4202,206512393,5/22/2017 14:06,5/22/2017 14:07,5/25/2017 13:49,5/25/2017 13:00,5/30/2017 11:00,1565.39,2400.0,-834.61,587.8,DRV,,,False,2,Carrier 89123,Shipper 1388,True,True,True,5/25/2017 17:00,5/30/2017 14:00,False,False,False,False,False,False,False,False,St. Louis,MO ,St. Louis,MO 
4203,206576425,7/31/2017 15:24,7/31/2017 15:24,8/1/2017 9:05,8/1/2017 7:00,8/2/2017 17:30,1564.75,1410.0,154.75,531.5,DRV,,,False,0,Carrier 975211,Shipper 1249,True,True,True,8/1/2017 15:00,8/2/2017 16:00,False,False,False,False,False,False,False,False,Baldwinsville,NY ,Baldwinsville,NY 
4204,206576425,7/31/2017 15:24,7/31/2017 15:24,8/1/2017 9:05,8/1/2017 7:00,8/2/2017 17:30,1564.75,1410.0,154.75,531.5,DRV,,,False,0,Carrier 975211,Shipper 1375,True,True,True,8/1/2017 15:00,8/2/2017 16:00,False,False,False,False,False,False,False,False,Baldwinsville,NY ,Baldwinsville,NY 
4205,206576425,7/31/2017 15:24,7/31/2017 15:24,8/1/2017 9:05,8/1/2017 7:00,8/2/2017 17:30,1564.75,1410.0,154.75,531.5,DRV,,,False,0,Carrier 975211,Shipper 1386,True,True,True,8/1/2017 15:00,8/2/2017 16:00,False,False,False,False,False,False,False,False,Baldwinsville,NY ,Baldwinsville,NY 
4206,206576425,7/31/2017 15:24,7/31/2017 15:24,8/1/2017 9:05,8/1/2017 7:00,8/2/2017 17:30,1564.75,1410.0,154.75,531.5,DRV,,,False,0,Carrier 975211,Shipper 1248,True,True,True,8/1/2017 15:00,8/2/2017 16:00,False,False,False,False,False,False,False,False,Baldwinsville,NY ,Baldwinsville,NY 
4207,206576425,7/31/2017 15:24,7/31/2017 15:24,8/1/2017 9:05,8/1/2017 7:00,8/2/2017 17:30,1564.75,1410.0,154.75,531.5,DRV,,,False,0,Carrier 975211,Shipper 1387,True,True,True,8/1/2017 15:00,8/2/2017 16:00,False,False,False,False,False,False,False,False,Baldwinsville,NY ,Baldwinsville,NY 
4208,206576425,7/31/2017 15:24,7/31/2017 15:24,8/1/2017 9:05,8/1/2017 7:00,8/2/2017 17:30,1564.75,1410.0,154.75,531.5,DRV,,,False,0,Carrier 975211,Shipper 1388,True,True,True,8/1/2017 15:00,8/2/2017 16:00,False,False,False,False,False,False,False,False,Baldwinsville,NY ,Baldwinsville,NY 
4209,206712769,4/13/2017 17:32,4/13/2017 17:32,4/14/2017 12:39,4/17/2017 1:00,4/17/2017 16:00,1564.11,1000.0,564.11,397.8,RFR,3.0,,False,0,Carrier 1690203,Shipper 1249,True,True,True,4/17/2017 1:00,4/17/2017 17:00,False,False,False,False,False,False,False,False,Aurora,CO ,Aurora,CO 
4210,206712769,4/13/2017 17:32,4/13/2017 17:32,4/14/2017 12:39,4/17/2017 1:00,4/17/2017 16:00,1564.11,1000.0,564.11,397.8,RFR,3.0,,False,0,Carrier 1690203,Shipper 1375,True,True,True,4/17/2017 1:00,4/17/2017 17:00,False,False,False,False,False,False,False,False,Aurora,CO ,Aurora,CO 
4211,206712769,4/13/2017 17:32,4/13/2017 17:32,4/14/2017 12:39,4/17/2017 1:00,4/17/2017 16:00,1564.11,1000.0,564.11,397.8,RFR,3.0,,False,0,Carrier 1690203,Shipper 1386,True,True,True,4/17/2017 1:00,4/17/2017 17:00,False,False,False,False,False,False,False,False,Aurora,CO ,Aurora,CO 
4212,206712769,4/13/2017 17:32,4/13/2017 17:32,4/14/2017 12:39,4/17/2017 1:00,4/17/2017 16:00,1564.11,1000.0,564.11,397.8,RFR,3.0,,False,0,Carrier 1690203,Shipper 1248,True,True,True,4/17/2017 1:00,4/17/2017 17:00,False,False,False,False,False,False,False,False,Aurora,CO ,Aurora,CO 
4213,206712769,4/13/2017 17:32,4/13/2017 17:32,4/14/2017 12:39,4/17/2017 1:00,4/17/2017 16:00,1564.11,1000.0,564.11,397.8,RFR,3.0,,False,0,Carrier 1690203,Shipper 1387,True,True,True,4/17/2017 1:00,4/17/2017 17:00,False,False,False,False,False,False,False,False,Aurora,CO ,Aurora,CO 
4214,206712769,4/13/2017 17:32,4/13/2017 17:32,4/14/2017 12:39,4/17/2017 1:00,4/17/2017 16:00,1564.11,1000.0,564.11,397.8,RFR,3.0,,False,0,Carrier 1690203,Shipper 1388,True,True,True,4/17/2017 1:00,4/17/2017 17:00,False,False,False,False,False,False,False,False,Aurora,CO ,Aurora,CO 
4215,206555945,9/20/2017 17:26,9/20/2017 17:26,9/22/2017 9:41,9/24/2017 12:00,9/25/2017 9:30,1562.84,1575.0,-12.16,623.6,DRV,,,False,0,Carrier 1246950,Shipper 1249,True,True,True,9/24/2017 12:00,9/25/2017 14:00,False,False,False,False,False,False,False,False,Newark,NJ ,Newark,NJ 
4216,206555945,9/20/2017 17:26,9/20/2017 17:26,9/22/2017 9:41,9/24/2017 12:00,9/25/2017 9:30,1562.84,1575.0,-12.16,623.6,DRV,,,False,0,Carrier 1246950,Shipper 1375,True,True,True,9/24/2017 12:00,9/25/2017 14:00,False,False,False,False,False,False,False,False,Newark,NJ ,Newark,NJ 
4217,206555945,9/20/2017 17:26,9/20/2017 17:26,9/22/2017 9:41,9/24/2017 12:00,9/25/2017 9:30,1562.84,1575.0,-12.16,623.6,DRV,,,False,0,Carrier 1246950,Shipper 1386,True,True,True,9/24/2017 12:00,9/25/2017 14:00,False,False,False,False,False,False,False,False,Newark,NJ ,Newark,NJ 
4218,206555945,9/20/2017 17:26,9/20/2017 17:26,9/22/2017 9:41,9/24/2017 12:00,9/25/2017 9:30,1562.84,1575.0,-12.16,623.6,DRV,,,False,0,Carrier 1246950,Shipper 1248,True,True,True,9/24/2017 12:00,9/25/2017 14:00,False,False,False,False,False,False,False,False,Newark,NJ ,Newark,NJ 
4219,206555945,9/20/2017 17:26,9/20/2017 17:26,9/22/2017 9:41,9/24/2017 12:00,9/25/2017 9:30,1562.84,1575.0,-12.16,623.6,DRV,,,False,0,Carrier 1246950,Shipper 1387,True,True,True,9/24/2017 12:00,9/25/2017 14:00,False,False,False,False,False,False,False,False,Newark,NJ ,Newark,NJ 
4220,206555945,9/20/2017 17:26,9/20/2017 17:26,9/22/2017 9:41,9/24/2017 12:00,9/25/2017 9:30,1562.84,1575.0,-12.16,623.6,DRV,,,False,0,Carrier 1246950,Shipper 1388,True,True,True,9/24/2017 12:00,9/25/2017 14:00,False,False,False,False,False,False,False,False,Newark,NJ ,Newark,NJ 
4221,206651305,8/31/2017 13:54,8/31/2017 13:54,9/7/2017 17:54,9/7/2017 16:00,9/8/2017 10:30,1560.2,1550.0,10.2,314.3,DRV,,,False,2,Carrier 46513,Shipper 1249,True,True,True,9/7/2017 22:00,9/8/2017 12:00,False,False,False,False,False,False,False,False,Rochester,NY ,Rochester,NY 
4222,206651305,8/31/2017 13:54,8/31/2017 13:54,9/7/2017 17:54,9/7/2017 16:00,9/8/2017 10:30,1560.2,1550.0,10.2,314.3,DRV,,,False,2,Carrier 46513,Shipper 1375,True,True,True,9/7/2017 22:00,9/8/2017 12:00,False,False,False,False,False,False,False,False,Rochester,NY ,Rochester,NY 
4223,206651305,8/31/2017 13:54,8/31/2017 13:54,9/7/2017 17:54,9/7/2017 16:00,9/8/2017 10:30,1560.2,1550.0,10.2,314.3,DRV,,,False,2,Carrier 46513,Shipper 1386,True,True,True,9/7/2017 22:00,9/8/2017 12:00,False,False,False,False,False,False,False,False,Rochester,NY ,Rochester,NY 
4224,206651305,8/31/2017 13:54,8/31/2017 13:54,9/7/2017 17:54,9/7/2017 16:00,9/8/2017 10:30,1560.2,1550.0,10.2,314.3,DRV,,,False,2,Carrier 46513,Shipper 1248,True,True,True,9/7/2017 22:00,9/8/2017 12:00,False,False,False,False,False,False,False,False,Rochester,NY ,Rochester,NY 
4225,206651305,8/31/2017 13:54,8/31/2017 13:54,9/7/2017 17:54,9/7/2017 16:00,9/8/2017 10:30,1560.2,1550.0,10.2,314.3,DRV,,,False,2,Carrier 46513,Shipper 1387,True,True,True,9/7/2017 22:00,9/8/2017 12:00,False,False,False,False,False,False,False,False,Rochester,NY ,Rochester,NY 
4226,206651305,8/31/2017 13:54,8/31/2017 13:54,9/7/2017 17:54,9/7/2017 16:00,9/8/2017 10:30,1560.2,1550.0,10.2,314.3,DRV,,,False,2,Carrier 46513,Shipper 1388,True,True,True,9/7/2017 22:00,9/8/2017 12:00,False,False,False,False,False,False,False,False,Rochester,NY ,Rochester,NY 
4227,206435593,9/15/2017 16:25,9/15/2017 16:25,9/18/2017 15:33,9/18/2017 20:00,9/19/2017 9:50,1559.84,1550.0,9.84,374.7,DRV,,,False,0,Carrier 1657658,Shipper 1249,True,True,True,9/18/2017 20:00,9/19/2017 13:30,False,False,False,False,False,False,False,False,St. Louis,MO ,St. Louis,MO 
4228,206435593,9/15/2017 16:25,9/15/2017 16:25,9/18/2017 15:33,9/18/2017 20:00,9/19/2017 9:50,1559.84,1550.0,9.84,374.7,DRV,,,False,0,Carrier 1657658,Shipper 1375,True,True,True,9/18/2017 20:00,9/19/2017 13:30,False,False,False,False,False,False,False,False,St. Louis,MO ,St. Louis,MO 
4229,206435593,9/15/2017 16:25,9/15/2017 16:25,9/18/2017 15:33,9/18/2017 20:00,9/19/2017 9:50,1559.84,1550.0,9.84,374.7,DRV,,,False,0,Carrier 1657658,Shipper 1386,True,True,True,9/18/2017 20:00,9/19/2017 13:30,False,False,False,False,False,False,False,False,St. Louis,MO ,St. Louis,MO 
4230,206435593,9/15/2017 16:25,9/15/2017 16:25,9/18/2017 15:33,9/18/2017 20:00,9/19/2017 9:50,1559.84,1550.0,9.84,374.7,DRV,,,False,0,Carrier 1657658,Shipper 1248,True,True,True,9/18/2017 20:00,9/19/2017 13:30,False,False,False,False,False,False,False,False,St. Louis,MO ,St. Louis,MO 
4231,206435593,9/15/2017 16:25,9/15/2017 16:25,9/18/2017 15:33,9/18/2017 20:00,9/19/2017 9:50,1559.84,1550.0,9.84,374.7,DRV,,,False,0,Carrier 1657658,Shipper 1387,True,True,True,9/18/2017 20:00,9/19/2017 13:30,False,False,False,False,False,False,False,False,St. Louis,MO ,St. Louis,MO 
4232,206435593,9/15/2017 16:25,9/15/2017 16:25,9/18/2017 15:33,9/18/2017 20:00,9/19/2017 9:50,1559.84,1550.0,9.84,374.7,DRV,,,False,0,Carrier 1657658,Shipper 1388,True,True,True,9/18/2017 20:00,9/19/2017 13:30,False,False,False,False,False,False,False,False,St. Louis,MO ,St. Louis,MO 
4233,206584353,8/22/2017 16:32,8/22/2017 16:32,8/23/2017 15:09,8/24/2017 14:00,8/25/2017 14:00,1558.97,1300.0,258.97,585.7,DRV,,,False,0,Carrier 1036149,Shipper 1249,True,True,True,8/24/2017 14:00,8/25/2017 14:00,False,False,False,False,False,False,False,False,St. Louis,MO ,St. Louis,MO 
4234,206584353,8/22/2017 16:32,8/22/2017 16:32,8/23/2017 15:09,8/24/2017 14:00,8/25/2017 14:00,1558.97,1300.0,258.97,585.7,DRV,,,False,0,Carrier 1036149,Shipper 1375,True,True,True,8/24/2017 14:00,8/25/2017 14:00,False,False,False,False,False,False,False,False,St. Louis,MO ,St. Louis,MO 
4235,206584353,8/22/2017 16:32,8/22/2017 16:32,8/23/2017 15:09,8/24/2017 14:00,8/25/2017 14:00,1558.97,1300.0,258.97,585.7,DRV,,,False,0,Carrier 1036149,Shipper 1386,True,True,True,8/24/2017 14:00,8/25/2017 14:00,False,False,False,False,False,False,False,False,St. Louis,MO ,St. Louis,MO 
4236,206584353,8/22/2017 16:32,8/22/2017 16:32,8/23/2017 15:09,8/24/2017 14:00,8/25/2017 14:00,1558.97,1300.0,258.97,585.7,DRV,,,False,0,Carrier 1036149,Shipper 1248,True,True,True,8/24/2017 14:00,8/25/2017 14:00,False,False,False,False,False,False,False,False,St. Louis,MO ,St. Louis,MO 
4237,206584353,8/22/2017 16:32,8/22/2017 16:32,8/23/2017 15:09,8/24/2017 14:00,8/25/2017 14:00,1558.97,1300.0,258.97,585.7,DRV,,,False,0,Carrier 1036149,Shipper 1387,True,True,True,8/24/2017 14:00,8/25/2017 14:00,False,False,False,False,False,False,False,False,St. Louis,MO ,St. Louis,MO 
4238,206584353,8/22/2017 16:32,8/22/2017 16:32,8/23/2017 15:09,8/24/2017 14:00,8/25/2017 14:00,1558.97,1300.0,258.97,585.7,DRV,,,False,0,Carrier 1036149,Shipper 1388,True,True,True,8/24/2017 14:00,8/25/2017 14:00,False,False,False,False,False,False,False,False,St. Louis,MO ,St. Louis,MO 
4239,206656585,4/26/2017 11:01,4/26/2017 11:02,4/27/2017 13:34,4/28/2017 9:00,5/1/2017 14:00,1558.36,1550.0,8.36,799.4,DRV,3.0,,False,0,Carrier 1626850,Shipper 971,True,True,True,4/28/2017 16:30,5/1/2017 16:00,False,False,False,False,False,False,False,False,Morris,IL ,Morris,IL 
4240,206487961,5/17/2017 14:16,5/17/2017 14:17,5/18/2017 18:28,5/19/2017 0:00,5/19/2017 10:45,1557.24,1700.0,-142.76,319.7,RFR,,,False,1,Carrier 1416349,Shipper 1249,True,True,True,5/19/2017 0:00,5/19/2017 13:00,False,False,False,False,False,False,False,False,La Porte,TX ,La Porte,TX 
4241,206487961,5/17/2017 14:16,5/17/2017 14:17,5/18/2017 18:28,5/19/2017 0:00,5/19/2017 10:45,1557.24,1700.0,-142.76,319.7,RFR,,,False,1,Carrier 1416349,Shipper 1375,True,True,True,5/19/2017 0:00,5/19/2017 13:00,False,False,False,False,False,False,False,False,La Porte,TX ,La Porte,TX 
4242,206487961,5/17/2017 14:16,5/17/2017 14:17,5/18/2017 18:28,5/19/2017 0:00,5/19/2017 10:45,1557.24,1700.0,-142.76,319.7,RFR,,,False,1,Carrier 1416349,Shipper 1386,True,True,True,5/19/2017 0:00,5/19/2017 13:00,False,False,False,False,False,False,False,False,La Porte,TX ,La Porte,TX 
4243,206487961,5/17/2017 14:16,5/17/2017 14:17,5/18/2017 18:28,5/19/2017 0:00,5/19/2017 10:45,1557.24,1700.0,-142.76,319.7,RFR,,,False,1,Carrier 1416349,Shipper 1248,True,True,True,5/19/2017 0:00,5/19/2017 13:00,False,False,False,False,False,False,False,False,La Porte,TX ,La Porte,TX 
4244,206487961,5/17/2017 14:16,5/17/2017 14:17,5/18/2017 18:28,5/19/2017 0:00,5/19/2017 10:45,1557.24,1700.0,-142.76,319.7,RFR,,,False,1,Carrier 1416349,Shipper 1387,True,True,True,5/19/2017 0:00,5/19/2017 13:00,False,False,False,False,False,False,False,False,La Porte,TX ,La Porte,TX 
4245,206487961,5/17/2017 14:16,5/17/2017 14:17,5/18/2017 18:28,5/19/2017 0:00,5/19/2017 10:45,1557.24,1700.0,-142.76,319.7,RFR,,,False,1,Carrier 1416349,Shipper 1388,True,True,True,5/19/2017 0:00,5/19/2017 13:00,False,False,False,False,False,False,False,False,La Porte,TX ,La Porte,TX 
4246,206649537,8/15/2017 16:20,8/15/2017 16:20,8/17/2017 10:04,8/17/2017 17:00,8/19/2017 11:45,1556.71,1500.0,56.71,837.0,DRV,,,False,0,Carrier 1695455,Shipper 1249,True,True,True,8/17/2017 17:00,8/19/2017 17:00,False,False,False,False,False,False,False,False,Aurora,CO ,Aurora,CO 
4247,206649537,8/15/2017 16:20,8/15/2017 16:20,8/17/2017 10:04,8/17/2017 17:00,8/19/2017 11:45,1556.71,1500.0,56.71,837.0,DRV,,,False,0,Carrier 1695455,Shipper 1375,True,True,True,8/17/2017 17:00,8/19/2017 17:00,False,False,False,False,False,False,False,False,Aurora,CO ,Aurora,CO 
4248,206649537,8/15/2017 16:20,8/15/2017 16:20,8/17/2017 10:04,8/17/2017 17:00,8/19/2017 11:45,1556.71,1500.0,56.71,837.0,DRV,,,False,0,Carrier 1695455,Shipper 1386,True,True,True,8/17/2017 17:00,8/19/2017 17:00,False,False,False,False,False,False,False,False,Aurora,CO ,Aurora,CO 
4249,206649537,8/15/2017 16:20,8/15/2017 16:20,8/17/2017 10:04,8/17/2017 17:00,8/19/2017 11:45,1556.71,1500.0,56.71,837.0,DRV,,,False,0,Carrier 1695455,Shipper 1248,True,True,True,8/17/2017 17:00,8/19/2017 17:00,False,False,False,False,False,False,False,False,Aurora,CO ,Aurora,CO 
4250,206649537,8/15/2017 16:20,8/15/2017 16:20,8/17/2017 10:04,8/17/2017 17:00,8/19/2017 11:45,1556.71,1500.0,56.71,837.0,DRV,,,False,0,Carrier 1695455,Shipper 1387,True,True,True,8/17/2017 17:00,8/19/2017 17:00,False,False,False,False,False,False,False,False,Aurora,CO ,Aurora,CO 
4251,206649537,8/15/2017 16:20,8/15/2017 16:20,8/17/2017 10:04,8/17/2017 17:00,8/19/2017 11:45,1556.71,1500.0,56.71,837.0,DRV,,,False,0,Carrier 1695455,Shipper 1388,True,True,True,8/17/2017 17:00,8/19/2017 17:00,False,False,False,False,False,False,False,False,Aurora,CO ,Aurora,CO 
4252,206758257,5/9/2017 14:24,5/9/2017 14:24,5/9/2017 14:46,5/9/2017 17:00,5/10/2017 9:00,1554.9,1100.0,454.9,311.3,RFR,3.0,,False,0,Carrier 1071866,Shipper 1249,True,True,True,5/9/2017 17:00,5/10/2017 14:30,False,False,False,False,False,False,False,False,Colonial Heights,VA ,Colonial Heights,VA 
4253,206758257,5/9/2017 14:24,5/9/2017 14:24,5/9/2017 14:46,5/9/2017 17:00,5/10/2017 9:00,1554.9,1100.0,454.9,311.3,RFR,3.0,,False,0,Carrier 1071866,Shipper 1375,True,True,True,5/9/2017 17:00,5/10/2017 14:30,False,False,False,False,False,False,False,False,Colonial Heights,VA ,Colonial Heights,VA 
4254,206758257,5/9/2017 14:24,5/9/2017 14:24,5/9/2017 14:46,5/9/2017 17:00,5/10/2017 9:00,1554.9,1100.0,454.9,311.3,RFR,3.0,,False,0,Carrier 1071866,Shipper 1386,True,True,True,5/9/2017 17:00,5/10/2017 14:30,False,False,False,False,False,False,False,False,Colonial Heights,VA ,Colonial Heights,VA 
4255,206758257,5/9/2017 14:24,5/9/2017 14:24,5/9/2017 14:46,5/9/2017 17:00,5/10/2017 9:00,1554.9,1100.0,454.9,311.3,RFR,3.0,,False,0,Carrier 1071866,Shipper 1248,True,True,True,5/9/2017 17:00,5/10/2017 14:30,False,False,False,False,False,False,False,False,Colonial Heights,VA ,Colonial Heights,VA 
4256,206758257,5/9/2017 14:24,5/9/2017 14:24,5/9/2017 14:46,5/9/2017 17:00,5/10/2017 9:00,1554.9,1100.0,454.9,311.3,RFR,3.0,,False,0,Carrier 1071866,Shipper 1387,True,True,True,5/9/2017 17:00,5/10/2017 14:30,False,False,False,False,False,False,False,False,Colonial Heights,VA ,Colonial Heights,VA 
4257,206758257,5/9/2017 14:24,5/9/2017 14:24,5/9/2017 14:46,5/9/2017 17:00,5/10/2017 9:00,1554.9,1100.0,454.9,311.3,RFR,3.0,,False,0,Carrier 1071866,Shipper 1388,True,True,True,5/9/2017 17:00,5/10/2017 14:30,False,False,False,False,False,False,False,False,Colonial Heights,VA ,Colonial Heights,VA 
4258,206479729,10/2/2017 16:17,10/2/2017 16:17,10/4/2017 10:20,10/4/2017 15:00,10/5/2017 12:30,1554.46,1200.0,354.46,370.3,RFR,,,False,0,Carrier 1035234,Shipper 1249,True,True,True,10/4/2017 15:00,10/5/2017 10:30,False,False,False,False,False,False,False,False,Jacksonville,FL ,Jacksonville,FL 
4259,206479729,10/2/2017 16:17,10/2/2017 16:17,10/4/2017 10:20,10/4/2017 15:00,10/5/2017 12:30,1554.46,1200.0,354.46,370.3,RFR,,,False,0,Carrier 1035234,Shipper 1375,True,True,True,10/4/2017 15:00,10/5/2017 10:30,False,False,False,False,False,False,False,False,Jacksonville,FL ,Jacksonville,FL 
4260,206479729,10/2/2017 16:17,10/2/2017 16:17,10/4/2017 10:20,10/4/2017 15:00,10/5/2017 12:30,1554.46,1200.0,354.46,370.3,RFR,,,False,0,Carrier 1035234,Shipper 1386,True,True,True,10/4/2017 15:00,10/5/2017 10:30,False,False,False,False,False,False,False,False,Jacksonville,FL ,Jacksonville,FL 
4261,206479729,10/2/2017 16:17,10/2/2017 16:17,10/4/2017 10:20,10/4/2017 15:00,10/5/2017 12:30,1554.46,1200.0,354.46,370.3,RFR,,,False,0,Carrier 1035234,Shipper 1248,True,True,True,10/4/2017 15:00,10/5/2017 10:30,False,False,False,False,False,False,False,False,Jacksonville,FL ,Jacksonville,FL 
4262,206479729,10/2/2017 16:17,10/2/2017 16:17,10/4/2017 10:20,10/4/2017 15:00,10/5/2017 12:30,1554.46,1200.0,354.46,370.3,RFR,,,False,0,Carrier 1035234,Shipper 1387,True,True,True,10/4/2017 15:00,10/5/2017 10:30,False,False,False,False,False,False,False,False,Jacksonville,FL ,Jacksonville,FL 
4263,206479729,10/2/2017 16:17,10/2/2017 16:17,10/4/2017 10:20,10/4/2017 15:00,10/5/2017 12:30,1554.46,1200.0,354.46,370.3,RFR,,,False,0,Carrier 1035234,Shipper 1388,True,True,True,10/4/2017 15:00,10/5/2017 10:30,False,False,False,False,False,False,False,False,Jacksonville,FL ,Jacksonville,FL 
4264,206522257,5/17/2017 14:49,5/17/2017 14:49,5/18/2017 16:06,5/19/2017 0:00,5/19/2017 17:30,1554.36,1300.0,254.36,305.5,RFR,,,False,0,Carrier 1669683,Shipper 1249,True,True,True,5/19/2017 0:00,5/19/2017 15:00,False,False,False,False,False,False,False,False,La Porte,TX ,La Porte,TX 
4265,206522257,5/17/2017 14:49,5/17/2017 14:49,5/18/2017 16:06,5/19/2017 0:00,5/19/2017 17:30,1554.36,1300.0,254.36,305.5,RFR,,,False,0,Carrier 1669683,Shipper 1375,True,True,True,5/19/2017 0:00,5/19/2017 15:00,False,False,False,False,False,False,False,False,La Porte,TX ,La Porte,TX 
4266,206522257,5/17/2017 14:49,5/17/2017 14:49,5/18/2017 16:06,5/19/2017 0:00,5/19/2017 17:30,1554.36,1300.0,254.36,305.5,RFR,,,False,0,Carrier 1669683,Shipper 1386,True,True,True,5/19/2017 0:00,5/19/2017 15:00,False,False,False,False,False,False,False,False,La Porte,TX ,La Porte,TX 
4267,206522257,5/17/2017 14:49,5/17/2017 14:49,5/18/2017 16:06,5/19/2017 0:00,5/19/2017 17:30,1554.36,1300.0,254.36,305.5,RFR,,,False,0,Carrier 1669683,Shipper 1248,True,True,True,5/19/2017 0:00,5/19/2017 15:00,False,False,False,False,False,False,False,False,La Porte,TX ,La Porte,TX 
4268,206522257,5/17/2017 14:49,5/17/2017 14:49,5/18/2017 16:06,5/19/2017 0:00,5/19/2017 17:30,1554.36,1300.0,254.36,305.5,RFR,,,False,0,Carrier 1669683,Shipper 1387,True,True,True,5/19/2017 0:00,5/19/2017 15:00,False,False,False,False,False,False,False,False,La Porte,TX ,La Porte,TX 
4269,206522257,5/17/2017 14:49,5/17/2017 14:49,5/18/2017 16:06,5/19/2017 0:00,5/19/2017 17:30,1554.36,1300.0,254.36,305.5,RFR,,,False,0,Carrier 1669683,Shipper 1388,True,True,True,5/19/2017 0:00,5/19/2017 15:00,False,False,False,False,False,False,False,False,La Porte,TX ,La Porte,TX 
4270,206624017,8/17/2017 10:52,8/17/2017 10:52,8/21/2017 15:50,8/28/2017 18:00,8/30/2017 11:30,1554.35,1500.0,54.35,780.5,DRV,,,False,0,Carrier 31074,Shipper 758,True,True,True,8/28/2017 18:00,8/30/2017 9:00,False,False,False,False,False,False,False,False,Idaho Falls,ID ,Idaho Falls,ID 
4271,206436521,11/14/2017 16:30,11/14/2017 16:30,11/16/2017 16:25,11/16/2017 19:00,11/17/2017 13:15,1554.12,1500.0,54.12,597.6,RFR,,,False,1,Carrier 1308446,Shipper 1249,True,True,True,11/16/2017 19:00,11/17/2017 13:00,False,False,False,False,False,False,False,False,Fort Collins,CO ,Fort Collins,CO 
4272,206436521,11/14/2017 16:30,11/14/2017 16:30,11/16/2017 16:25,11/16/2017 19:00,11/17/2017 13:15,1554.12,1500.0,54.12,597.6,RFR,,,False,1,Carrier 1308446,Shipper 1375,True,True,True,11/16/2017 19:00,11/17/2017 13:00,False,False,False,False,False,False,False,False,Fort Collins,CO ,Fort Collins,CO 
4273,206436521,11/14/2017 16:30,11/14/2017 16:30,11/16/2017 16:25,11/16/2017 19:00,11/17/2017 13:15,1554.12,1500.0,54.12,597.6,RFR,,,False,1,Carrier 1308446,Shipper 1386,True,True,True,11/16/2017 19:00,11/17/2017 13:00,False,False,False,False,False,False,False,False,Fort Collins,CO ,Fort Collins,CO 
4274,206436521,11/14/2017 16:30,11/14/2017 16:30,11/16/2017 16:25,11/16/2017 19:00,11/17/2017 13:15,1554.12,1500.0,54.12,597.6,RFR,,,False,1,Carrier 1308446,Shipper 1248,True,True,True,11/16/2017 19:00,11/17/2017 13:00,False,False,False,False,False,False,False,False,Fort Collins,CO ,Fort Collins,CO 
4275,206436521,11/14/2017 16:30,11/14/2017 16:30,11/16/2017 16:25,11/16/2017 19:00,11/17/2017 13:15,1554.12,1500.0,54.12,597.6,RFR,,,False,1,Carrier 1308446,Shipper 1387,True,True,True,11/16/2017 19:00,11/17/2017 13:00,False,False,False,False,False,False,False,False,Fort Collins,CO ,Fort Collins,CO 
4276,206436521,11/14/2017 16:30,11/14/2017 16:30,11/16/2017 16:25,11/16/2017 19:00,11/17/2017 13:15,1554.12,1500.0,54.12,597.6,RFR,,,False,1,Carrier 1308446,Shipper 1388,True,True,True,11/16/2017 19:00,11/17/2017 13:00,False,False,False,False,False,False,False,False,Fort Collins,CO ,Fort Collins,CO 
4277,206507145,11/3/2017 10:35,11/3/2017 10:35,11/22/2017 14:56,11/28/2017 15:30,11/29/2017 10:15,1550.0,1500.0,50.0,519.6,DRV,,,False,0,Carrier 1215413,Shipper 585,True,True,True,11/28/2017 15:30,11/29/2017 9:00,False,False,False,False,False,False,False,False,Sioux City,IA ,Sioux City,IA 
4278,206468969,5/16/2017 13:25,5/16/2017 13:25,5/17/2017 12:19,5/17/2017 16:00,5/18/2017 11:00,1549.5,1000.0,549.5,266.6,DRV,3.0,,False,1,Carrier 1047029,Shipper 1249,True,True,True,5/17/2017 16:00,5/18/2017 12:00,False,False,False,False,False,False,False,False,Jacksonville,FL ,Jacksonville,FL 
4279,206468969,5/16/2017 13:25,5/16/2017 13:25,5/17/2017 12:19,5/17/2017 16:00,5/18/2017 11:00,1549.5,1000.0,549.5,266.6,DRV,3.0,,False,1,Carrier 1047029,Shipper 1375,True,True,True,5/17/2017 16:00,5/18/2017 12:00,False,False,False,False,False,False,False,False,Jacksonville,FL ,Jacksonville,FL 
4280,206468969,5/16/2017 13:25,5/16/2017 13:25,5/17/2017 12:19,5/17/2017 16:00,5/18/2017 11:00,1549.5,1000.0,549.5,266.6,DRV,3.0,,False,1,Carrier 1047029,Shipper 1386,True,True,True,5/17/2017 16:00,5/18/2017 12:00,False,False,False,False,False,False,False,False,Jacksonville,FL ,Jacksonville,FL 
4281,206468969,5/16/2017 13:25,5/16/2017 13:25,5/17/2017 12:19,5/17/2017 16:00,5/18/2017 11:00,1549.5,1000.0,549.5,266.6,DRV,3.0,,False,1,Carrier 1047029,Shipper 1248,True,True,True,5/17/2017 16:00,5/18/2017 12:00,False,False,False,False,False,False,False,False,Jacksonville,FL ,Jacksonville,FL 
4282,206468969,5/16/2017 13:25,5/16/2017 13:25,5/17/2017 12:19,5/17/2017 16:00,5/18/2017 11:00,1549.5,1000.0,549.5,266.6,DRV,3.0,,False,1,Carrier 1047029,Shipper 1387,True,True,True,5/17/2017 16:00,5/18/2017 12:00,False,False,False,False,False,False,False,False,Jacksonville,FL ,Jacksonville,FL 
4283,206468969,5/16/2017 13:25,5/16/2017 13:25,5/17/2017 12:19,5/17/2017 16:00,5/18/2017 11:00,1549.5,1000.0,549.5,266.6,DRV,3.0,,False,1,Carrier 1047029,Shipper 1388,True,True,True,5/17/2017 16:00,5/18/2017 12:00,False,False,False,False,False,False,False,False,Jacksonville,FL ,Jacksonville,FL 
4284,206554265,2/13/2017 10:09,2/13/2017 10:09,2/14/2017 16:11,2/15/2017 8:00,2/16/2017 15:20,1549.0,1500.0,49.0,1052.5,DRV,,,True,0,Carrier 1044827,Shipper 744,True,True,True,2/15/2017 15:45,2/17/2017 8:00,False,False,False,False,False,False,False,False,Conover,NC ,Conover,NC 
4285,206586673,8/18/2017 16:34,8/18/2017 16:34,8/21/2017 13:24,8/22/2017 17:00,8/24/2017 11:00,1548.43,1545.0,3.43,722.6,RFR,,,False,0,Carrier 115262,Shipper 1249,True,True,True,8/22/2017 17:00,8/24/2017 15:00,False,False,False,False,False,False,False,False,Fort Collins,CO ,Fort Collins,CO 
4286,206586673,8/18/2017 16:34,8/18/2017 16:34,8/21/2017 13:24,8/22/2017 17:00,8/24/2017 11:00,1548.43,1545.0,3.43,722.6,RFR,,,False,0,Carrier 115262,Shipper 1375,True,True,True,8/22/2017 17:00,8/24/2017 15:00,False,False,False,False,False,False,False,False,Fort Collins,CO ,Fort Collins,CO 
4287,206586673,8/18/2017 16:34,8/18/2017 16:34,8/21/2017 13:24,8/22/2017 17:00,8/24/2017 11:00,1548.43,1545.0,3.43,722.6,RFR,,,False,0,Carrier 115262,Shipper 1386,True,True,True,8/22/2017 17:00,8/24/2017 15:00,False,False,False,False,False,False,False,False,Fort Collins,CO ,Fort Collins,CO 
4288,206586673,8/18/2017 16:34,8/18/2017 16:34,8/21/2017 13:24,8/22/2017 17:00,8/24/2017 11:00,1548.43,1545.0,3.43,722.6,RFR,,,False,0,Carrier 115262,Shipper 1248,True,True,True,8/22/2017 17:00,8/24/2017 15:00,False,False,False,False,False,False,False,False,Fort Collins,CO ,Fort Collins,CO 
4289,206586673,8/18/2017 16:34,8/18/2017 16:34,8/21/2017 13:24,8/22/2017 17:00,8/24/2017 11:00,1548.43,1545.0,3.43,722.6,RFR,,,False,0,Carrier 115262,Shipper 1387,True,True,True,8/22/2017 17:00,8/24/2017 15:00,False,False,False,False,False,False,False,False,Fort Collins,CO ,Fort Collins,CO 
4290,206586673,8/18/2017 16:34,8/18/2017 16:34,8/21/2017 13:24,8/22/2017 17:00,8/24/2017 11:00,1548.43,1545.0,3.43,722.6,RFR,,,False,0,Carrier 115262,Shipper 1388,True,True,True,8/22/2017 17:00,8/24/2017 15:00,False,False,False,False,False,False,False,False,Fort Collins,CO ,Fort Collins,CO 
4291,206569105,3/1/2017 9:25,3/1/2017 9:25,3/8/2017 16:26,3/8/2017 18:00,3/10/2017 10:30,1547.24,1650.0,-102.76,780.5,DRV,4.0,,False,2,Carrier 1694857,Shipper 758,True,True,True,3/8/2017 18:00,3/10/2017 10:00,False,False,False,False,False,False,False,False,Idaho Falls,ID ,Idaho Falls,ID 
4292,206707201,4/27/2017 11:22,4/27/2017 11:22,5/4/2017 13:40,5/5/2017 15:00,5/10/2017 12:15,1547.24,1450.0,97.24,768.7,DRV,3.0,,False,0,Carrier 1453255,Shipper 758,True,True,True,5/5/2017 15:00,5/10/2017 9:00,False,False,False,False,False,False,False,False,Idaho Falls,ID ,Idaho Falls,ID 
4293,206533921,3/30/2017 18:13,3/30/2017 18:13,4/4/2017 12:57,4/10/2017 18:00,4/12/2017 12:30,1547.24,1450.0,97.24,768.7,DRV,3.0,,False,0,Carrier 1453255,Shipper 758,True,True,True,4/10/2017 18:00,4/12/2017 8:00,False,False,False,False,False,False,False,False,Idaho Falls,ID ,Idaho Falls,ID 
4294,206501513,10/5/2017 18:02,10/5/2017 18:02,10/6/2017 10:19,10/10/2017 14:00,10/11/2017 9:30,1546.82,1540.0,6.82,390.6,DRV,,,True,0,Carrier 69267,Shipper 1644,True,True,True,10/10/2017 14:00,10/11/2017 15:00,False,False,False,False,False,False,False,False,Rossville,GA ,Rossville,GA 
4295,206423689,3/27/2017 17:12,3/27/2017 17:13,3/28/2017 15:07,3/28/2017 17:00,3/30/2017 11:00,1545.96,1750.0,-204.04,675.3,RFR,2.0,,False,0,Carrier 935316,Shipper 1249,True,False,True,3/28/2017 17:00,3/29/2017 15:00,False,False,False,False,False,False,False,False,Granite City,IL ,Granite City,IL 
4296,206423689,3/27/2017 17:12,3/27/2017 17:13,3/28/2017 15:07,3/28/2017 17:00,3/30/2017 11:00,1545.96,1750.0,-204.04,675.3,RFR,2.0,,False,0,Carrier 935316,Shipper 1375,True,False,True,3/28/2017 17:00,3/29/2017 15:00,False,False,False,False,False,False,False,False,Granite City,IL ,Granite City,IL 
4297,206423689,3/27/2017 17:12,3/27/2017 17:13,3/28/2017 15:07,3/28/2017 17:00,3/30/2017 11:00,1545.96,1750.0,-204.04,675.3,RFR,2.0,,False,0,Carrier 935316,Shipper 1386,True,False,True,3/28/2017 17:00,3/29/2017 15:00,False,False,False,False,False,False,False,False,Granite City,IL ,Granite City,IL 
4298,206423689,3/27/2017 17:12,3/27/2017 17:13,3/28/2017 15:07,3/28/2017 17:00,3/30/2017 11:00,1545.96,1750.0,-204.04,675.3,RFR,2.0,,False,0,Carrier 935316,Shipper 1248,True,False,True,3/28/2017 17:00,3/29/2017 15:00,False,False,False,False,False,False,False,False,Granite City,IL ,Granite City,IL 
4299,206423689,3/27/2017 17:12,3/27/2017 17:13,3/28/2017 15:07,3/28/2017 17:00,3/30/2017 11:00,1545.96,1750.0,-204.04,675.3,RFR,2.0,,False,0,Carrier 935316,Shipper 1387,True,False,True,3/28/2017 17:00,3/29/2017 15:00,False,False,False,False,False,False,False,False,Granite City,IL ,Granite City,IL 
4300,206423689,3/27/2017 17:12,3/27/2017 17:13,3/28/2017 15:07,3/28/2017 17:00,3/30/2017 11:00,1545.96,1750.0,-204.04,675.3,RFR,2.0,,False,0,Carrier 935316,Shipper 1388,True,False,True,3/28/2017 17:00,3/29/2017 15:00,False,False,False,False,False,False,False,False,Granite City,IL ,Granite City,IL 
4301,206600457,12/18/2017 23:23,12/18/2017 23:23,12/20/2017 17:36,12/21/2017 13:00,12/23/2017 10:25,1545.52,1900.0,-354.48,1010.9,DRV,,source_list,False,0,Carrier 1640346,Shipper 1249,True,True,True,12/21/2017 13:00,12/23/2017 11:00,False,False,False,False,False,False,False,False,Newark,NJ ,Newark,NJ 
4302,206600457,12/18/2017 23:23,12/18/2017 23:23,12/20/2017 17:36,12/21/2017 13:00,12/23/2017 10:25,1545.52,1900.0,-354.48,1010.9,DRV,,source_list,False,0,Carrier 1640346,Shipper 1375,True,True,True,12/21/2017 13:00,12/23/2017 11:00,False,False,False,False,False,False,False,False,Newark,NJ ,Newark,NJ 
4303,206600457,12/18/2017 23:23,12/18/2017 23:23,12/20/2017 17:36,12/21/2017 13:00,12/23/2017 10:25,1545.52,1900.0,-354.48,1010.9,DRV,,source_list,False,0,Carrier 1640346,Shipper 1386,True,True,True,12/21/2017 13:00,12/23/2017 11:00,False,False,False,False,False,False,False,False,Newark,NJ ,Newark,NJ 
4304,206600457,12/18/2017 23:23,12/18/2017 23:23,12/20/2017 17:36,12/21/2017 13:00,12/23/2017 10:25,1545.52,1900.0,-354.48,1010.9,DRV,,source_list,False,0,Carrier 1640346,Shipper 1248,True,True,True,12/21/2017 13:00,12/23/2017 11:00,False,False,False,False,False,False,False,False,Newark,NJ ,Newark,NJ 
4305,206600457,12/18/2017 23:23,12/18/2017 23:23,12/20/2017 17:36,12/21/2017 13:00,12/23/2017 10:25,1545.52,1900.0,-354.48,1010.9,DRV,,source_list,False,0,Carrier 1640346,Shipper 1387,True,True,True,12/21/2017 13:00,12/23/2017 11:00,False,False,False,False,False,False,False,False,Newark,NJ ,Newark,NJ 
4306,206600457,12/18/2017 23:23,12/18/2017 23:23,12/20/2017 17:36,12/21/2017 13:00,12/23/2017 10:25,1545.52,1900.0,-354.48,1010.9,DRV,,source_list,False,0,Carrier 1640346,Shipper 1388,True,True,True,12/21/2017 13:00,12/23/2017 11:00,False,False,False,False,False,False,False,False,Newark,NJ ,Newark,NJ 
4307,206428089,5/12/2017 12:26,5/12/2017 12:27,5/12/2017 16:01,5/14/2017 18:00,5/15/2017 11:10,1545.19,1250.0,295.19,523.8,RFR,,,False,0,Carrier 375724,Shipper 1249,True,True,True,5/14/2017 18:00,5/15/2017 12:00,False,False,False,False,False,False,False,False,Granite City,IL ,Granite City,IL 
4308,206428089,5/12/2017 12:26,5/12/2017 12:27,5/12/2017 16:01,5/14/2017 18:00,5/15/2017 11:10,1545.19,1250.0,295.19,523.8,RFR,,,False,0,Carrier 375724,Shipper 1375,True,True,True,5/14/2017 18:00,5/15/2017 12:00,False,False,False,False,False,False,False,False,Granite City,IL ,Granite City,IL 
4309,206428089,5/12/2017 12:26,5/12/2017 12:27,5/12/2017 16:01,5/14/2017 18:00,5/15/2017 11:10,1545.19,1250.0,295.19,523.8,RFR,,,False,0,Carrier 375724,Shipper 1386,True,True,True,5/14/2017 18:00,5/15/2017 12:00,False,False,False,False,False,False,False,False,Granite City,IL ,Granite City,IL 
4310,206428089,5/12/2017 12:26,5/12/2017 12:27,5/12/2017 16:01,5/14/2017 18:00,5/15/2017 11:10,1545.19,1250.0,295.19,523.8,RFR,,,False,0,Carrier 375724,Shipper 1248,True,True,True,5/14/2017 18:00,5/15/2017 12:00,False,False,False,False,False,False,False,False,Granite City,IL ,Granite City,IL 
4311,206428089,5/12/2017 12:26,5/12/2017 12:27,5/12/2017 16:01,5/14/2017 18:00,5/15/2017 11:10,1545.19,1250.0,295.19,523.8,RFR,,,False,0,Carrier 375724,Shipper 1387,True,True,True,5/14/2017 18:00,5/15/2017 12:00,False,False,False,False,False,False,False,False,Granite City,IL ,Granite City,IL 
4312,206428089,5/12/2017 12:26,5/12/2017 12:27,5/12/2017 16:01,5/14/2017 18:00,5/15/2017 11:10,1545.19,1250.0,295.19,523.8,RFR,,,False,0,Carrier 375724,Shipper 1388,True,True,True,5/14/2017 18:00,5/15/2017 12:00,False,False,False,False,False,False,False,False,Granite City,IL ,Granite City,IL 
4313,206467993,9/25/2017 16:51,9/25/2017 16:51,9/27/2017 13:03,9/27/2017 17:00,9/28/2017 11:30,1544.68,1540.0,4.68,285.2,RFR,,,False,0,Carrier 1695241,Shipper 1249,True,True,True,9/27/2017 17:00,9/28/2017 15:00,False,False,False,False,False,False,False,False,Newark,NJ ,Newark,NJ 
4314,206467993,9/25/2017 16:51,9/25/2017 16:51,9/27/2017 13:03,9/27/2017 17:00,9/28/2017 11:30,1544.68,1540.0,4.68,285.2,RFR,,,False,0,Carrier 1695241,Shipper 1375,True,True,True,9/27/2017 17:00,9/28/2017 15:00,False,False,False,False,False,False,False,False,Newark,NJ ,Newark,NJ 
4315,206467993,9/25/2017 16:51,9/25/2017 16:51,9/27/2017 13:03,9/27/2017 17:00,9/28/2017 11:30,1544.68,1540.0,4.68,285.2,RFR,,,False,0,Carrier 1695241,Shipper 1386,True,True,True,9/27/2017 17:00,9/28/2017 15:00,False,False,False,False,False,False,False,False,Newark,NJ ,Newark,NJ 
4316,206467993,9/25/2017 16:51,9/25/2017 16:51,9/27/2017 13:03,9/27/2017 17:00,9/28/2017 11:30,1544.68,1540.0,4.68,285.2,RFR,,,False,0,Carrier 1695241,Shipper 1248,True,True,True,9/27/2017 17:00,9/28/2017 15:00,False,False,False,False,False,False,False,False,Newark,NJ ,Newark,NJ 
4317,206467993,9/25/2017 16:51,9/25/2017 16:51,9/27/2017 13:03,9/27/2017 17:00,9/28/2017 11:30,1544.68,1540.0,4.68,285.2,RFR,,,False,0,Carrier 1695241,Shipper 1387,True,True,True,9/27/2017 17:00,9/28/2017 15:00,False,False,False,False,False,False,False,False,Newark,NJ ,Newark,NJ 
4318,206467993,9/25/2017 16:51,9/25/2017 16:51,9/27/2017 13:03,9/27/2017 17:00,9/28/2017 11:30,1544.68,1540.0,4.68,285.2,RFR,,,False,0,Carrier 1695241,Shipper 1388,True,True,True,9/27/2017 17:00,9/28/2017 15:00,False,False,False,False,False,False,False,False,Newark,NJ ,Newark,NJ 
4319,206513361,9/12/2017 14:08,9/12/2017 14:08,9/15/2017 12:44,9/20/2017 18:00,9/22/2017 20:30,1544.53,1506.0,38.53,809.8,DRV,,,False,0,Carrier 678221,Shipper 758,True,True,True,9/20/2017 18:00,9/22/2017 21:00,False,False,False,False,False,False,False,False,Idaho Falls,ID ,Idaho Falls,ID 
4320,206624041,9/8/2017 19:17,9/8/2017 19:17,9/11/2017 11:46,9/12/2017 14:00,9/13/2017 9:00,1543.45,940.0,603.45,179.3,DRV,,,False,0,Carrier 49821,Shipper 1249,True,True,True,9/12/2017 14:00,9/13/2017 8:00,False,False,False,False,False,False,False,False,Carlisle,PA ,Carlisle,PA 
4321,206624041,9/8/2017 19:17,9/8/2017 19:17,9/11/2017 11:46,9/12/2017 14:00,9/13/2017 9:00,1543.45,940.0,603.45,179.3,DRV,,,False,0,Carrier 49821,Shipper 1375,True,True,True,9/12/2017 14:00,9/13/2017 8:00,False,False,False,False,False,False,False,False,Carlisle,PA ,Carlisle,PA 
4322,206624041,9/8/2017 19:17,9/8/2017 19:17,9/11/2017 11:46,9/12/2017 14:00,9/13/2017 9:00,1543.45,940.0,603.45,179.3,DRV,,,False,0,Carrier 49821,Shipper 1386,True,True,True,9/12/2017 14:00,9/13/2017 8:00,False,False,False,False,False,False,False,False,Carlisle,PA ,Carlisle,PA 
4323,206624041,9/8/2017 19:17,9/8/2017 19:17,9/11/2017 11:46,9/12/2017 14:00,9/13/2017 9:00,1543.45,940.0,603.45,179.3,DRV,,,False,0,Carrier 49821,Shipper 1248,True,True,True,9/12/2017 14:00,9/13/2017 8:00,False,False,False,False,False,False,False,False,Carlisle,PA ,Carlisle,PA 
4324,206624041,9/8/2017 19:17,9/8/2017 19:17,9/11/2017 11:46,9/12/2017 14:00,9/13/2017 9:00,1543.45,940.0,603.45,179.3,DRV,,,False,0,Carrier 49821,Shipper 1387,True,True,True,9/12/2017 14:00,9/13/2017 8:00,False,False,False,False,False,False,False,False,Carlisle,PA ,Carlisle,PA 
4325,206624041,9/8/2017 19:17,9/8/2017 19:17,9/11/2017 11:46,9/12/2017 14:00,9/13/2017 9:00,1543.45,940.0,603.45,179.3,DRV,,,False,0,Carrier 49821,Shipper 1388,True,True,True,9/12/2017 14:00,9/13/2017 8:00,False,False,False,False,False,False,False,False,Carlisle,PA ,Carlisle,PA 
4326,206652081,8/25/2017 16:21,8/25/2017 16:21,8/28/2017 11:13,8/28/2017 19:00,8/30/2017 12:00,1542.9,1300.0,242.9,527.8,RFR,,,False,0,Carrier 85742,Shipper 1249,True,True,True,8/28/2017 19:00,8/30/2017 15:30,False,False,False,False,False,False,False,False,St. Louis,MO ,St. Louis,MO 
4327,206652081,8/25/2017 16:21,8/25/2017 16:21,8/28/2017 11:13,8/28/2017 19:00,8/30/2017 12:00,1542.9,1300.0,242.9,527.8,RFR,,,False,0,Carrier 85742,Shipper 1375,True,True,True,8/28/2017 19:00,8/30/2017 15:30,False,False,False,False,False,False,False,False,St. Louis,MO ,St. Louis,MO 
4328,206652081,8/25/2017 16:21,8/25/2017 16:21,8/28/2017 11:13,8/28/2017 19:00,8/30/2017 12:00,1542.9,1300.0,242.9,527.8,RFR,,,False,0,Carrier 85742,Shipper 1386,True,True,True,8/28/2017 19:00,8/30/2017 15:30,False,False,False,False,False,False,False,False,St. Louis,MO ,St. Louis,MO 
4329,206652081,8/25/2017 16:21,8/25/2017 16:21,8/28/2017 11:13,8/28/2017 19:00,8/30/2017 12:00,1542.9,1300.0,242.9,527.8,RFR,,,False,0,Carrier 85742,Shipper 1248,True,True,True,8/28/2017 19:00,8/30/2017 15:30,False,False,False,False,False,False,False,False,St. Louis,MO ,St. Louis,MO 
4330,206652081,8/25/2017 16:21,8/25/2017 16:21,8/28/2017 11:13,8/28/2017 19:00,8/30/2017 12:00,1542.9,1300.0,242.9,527.8,RFR,,,False,0,Carrier 85742,Shipper 1387,True,True,True,8/28/2017 19:00,8/30/2017 15:30,False,False,False,False,False,False,False,False,St. Louis,MO ,St. Louis,MO 
4331,206652081,8/25/2017 16:21,8/25/2017 16:21,8/28/2017 11:13,8/28/2017 19:00,8/30/2017 12:00,1542.9,1300.0,242.9,527.8,RFR,,,False,0,Carrier 85742,Shipper 1388,True,True,True,8/28/2017 19:00,8/30/2017 15:30,False,False,False,False,False,False,False,False,St. Louis,MO ,St. Louis,MO 
4332,206643633,10/13/2017 12:16,10/13/2017 12:16,10/17/2017 14:22,10/18/2017 12:00,10/19/2017 11:30,1542.88,1475.0,67.88,530.0,DRV,,,False,0,Carrier 1241093,Shipper 1644,True,True,True,10/18/2017 12:00,10/19/2017 8:30,False,False,False,False,False,False,False,False,Xenia,OH ,Xenia,OH 
4333,206470953,5/16/2017 14:42,5/16/2017 14:42,5/16/2017 17:25,5/16/2017 21:00,5/17/2017 14:26,1542.12,1100.0,442.12,234.5,RFR,,,False,0,Carrier 108315,Shipper 1249,True,True,True,5/16/2017 21:00,5/17/2017 14:30,False,False,False,False,False,False,False,False,Houston,TX ,Houston,TX 
4334,206470953,5/16/2017 14:42,5/16/2017 14:42,5/16/2017 17:25,5/16/2017 21:00,5/17/2017 14:26,1542.12,1100.0,442.12,234.5,RFR,,,False,0,Carrier 108315,Shipper 1375,True,True,True,5/16/2017 21:00,5/17/2017 14:30,False,False,False,False,False,False,False,False,Houston,TX ,Houston,TX 
4335,206470953,5/16/2017 14:42,5/16/2017 14:42,5/16/2017 17:25,5/16/2017 21:00,5/17/2017 14:26,1542.12,1100.0,442.12,234.5,RFR,,,False,0,Carrier 108315,Shipper 1386,True,True,True,5/16/2017 21:00,5/17/2017 14:30,False,False,False,False,False,False,False,False,Houston,TX ,Houston,TX 
4336,206470953,5/16/2017 14:42,5/16/2017 14:42,5/16/2017 17:25,5/16/2017 21:00,5/17/2017 14:26,1542.12,1100.0,442.12,234.5,RFR,,,False,0,Carrier 108315,Shipper 1248,True,True,True,5/16/2017 21:00,5/17/2017 14:30,False,False,False,False,False,False,False,False,Houston,TX ,Houston,TX 
4337,206470953,5/16/2017 14:42,5/16/2017 14:42,5/16/2017 17:25,5/16/2017 21:00,5/17/2017 14:26,1542.12,1100.0,442.12,234.5,RFR,,,False,0,Carrier 108315,Shipper 1387,True,True,True,5/16/2017 21:00,5/17/2017 14:30,False,False,False,False,False,False,False,False,Houston,TX ,Houston,TX 
4338,206470953,5/16/2017 14:42,5/16/2017 14:42,5/16/2017 17:25,5/16/2017 21:00,5/17/2017 14:26,1542.12,1100.0,442.12,234.5,RFR,,,False,0,Carrier 108315,Shipper 1388,True,True,True,5/16/2017 21:00,5/17/2017 14:30,False,False,False,False,False,False,False,False,Houston,TX ,Houston,TX 
4339,206469537,3/8/2017 12:03,3/8/2017 12:04,3/23/2017 13:00,3/24/2017 14:00,3/26/2017 18:15,1541.76,1400.0,141.76,752.9,RFR,,,False,0,Carrier 105736,Shipper 882,True,True,True,3/24/2017 17:00,3/27/2017 19:00,False,False,False,False,False,False,False,False,Denver,CO ,Denver,CO 
4340,206535161,6/9/2017 11:37,6/9/2017 11:38,6/15/2017 15:26,6/19/2017 18:00,6/21/2017 10:00,1540.91,1525.0,15.91,780.5,DRV,,,False,0,Carrier 381143,Shipper 758,True,True,True,6/19/2017 18:00,6/21/2017 8:00,False,False,False,False,False,False,False,False,Idaho Falls,ID ,Idaho Falls,ID 
4341,206433817,5/15/2017 15:47,5/15/2017 15:47,5/19/2017 13:38,5/22/2017 18:00,5/24/2017 8:00,1540.91,1600.0,-59.09,780.5,DRV,4.0,,False,0,Carrier 381143,Shipper 758,True,True,True,5/22/2017 18:00,5/24/2017 8:00,False,False,False,False,False,False,False,False,Idaho Falls,ID ,Idaho Falls,ID 
4342,206649481,4/3/2017 14:11,4/3/2017 14:12,4/3/2017 15:49,4/4/2017 11:30,4/6/2017 10:54,1540.91,1550.0,-9.09,768.7,DRV,,,False,0,Carrier 538258,Shipper 758,True,True,True,4/4/2017 11:30,4/6/2017 7:00,False,False,False,False,False,False,False,False,Idaho Falls,ID ,Idaho Falls,ID 
4343,206622121,6/1/2017 9:37,6/1/2017 9:37,6/7/2017 9:46,6/12/2017 18:00,6/14/2017 11:30,1540.91,1500.0,40.91,780.5,DRV,,,False,0,Carrier 31074,Shipper 758,True,True,True,6/12/2017 18:00,6/14/2017 8:00,False,False,False,False,False,False,False,False,Idaho Falls,ID ,Idaho Falls,ID 
4344,206432753,5/22/2017 11:28,5/22/2017 11:28,5/31/2017 9:04,5/31/2017 18:00,6/2/2017 10:00,1540.91,1700.0,-159.09,780.5,DRV,,,False,1,Carrier 1695292,Shipper 758,True,True,True,5/31/2017 18:00,6/2/2017 7:00,False,False,False,False,False,False,False,False,Idaho Falls,ID ,Idaho Falls,ID 
4345,206572529,7/24/2017 17:19,7/24/2017 17:19,7/25/2017 18:29,8/1/2017 18:00,8/3/2017 9:30,1540.91,1500.0,40.91,784.4,DRV,,,False,0,Carrier 31074,Shipper 758,False,True,True,8/1/2017 18:00,8/3/2017 9:00,False,False,False,False,False,False,False,False,Idaho Falls,ID ,Idaho Falls,ID 
4346,206622113,5/25/2017 12:48,5/25/2017 12:49,6/2/2017 11:21,6/5/2017 18:00,6/7/2017 10:30,1540.91,1500.0,40.91,780.5,DRV,,,False,0,Carrier 31074,Shipper 758,True,True,True,6/5/2017 18:00,6/7/2017 8:00,False,False,False,False,False,False,False,False,Idaho Falls,ID ,Idaho Falls,ID 
4347,206510273,8/15/2017 16:15,8/15/2017 16:15,8/16/2017 16:00,8/17/2017 16:00,8/18/2017 14:30,1540.89,1200.0,340.89,531.2,RFR,,,False,0,Carrier 1623799,Shipper 1249,True,True,True,8/17/2017 16:00,8/18/2017 16:00,False,False,False,False,False,False,False,False,St. Louis,MO ,St. Louis,MO 
4348,206510273,8/15/2017 16:15,8/15/2017 16:15,8/16/2017 16:00,8/17/2017 16:00,8/18/2017 14:30,1540.89,1200.0,340.89,531.2,RFR,,,False,0,Carrier 1623799,Shipper 1375,True,True,True,8/17/2017 16:00,8/18/2017 16:00,False,False,False,False,False,False,False,False,St. Louis,MO ,St. Louis,MO 
4349,206510273,8/15/2017 16:15,8/15/2017 16:15,8/16/2017 16:00,8/17/2017 16:00,8/18/2017 14:30,1540.89,1200.0,340.89,531.2,RFR,,,False,0,Carrier 1623799,Shipper 1386,True,True,True,8/17/2017 16:00,8/18/2017 16:00,False,False,False,False,False,False,False,False,St. Louis,MO ,St. Louis,MO 
4350,206510273,8/15/2017 16:15,8/15/2017 16:15,8/16/2017 16:00,8/17/2017 16:00,8/18/2017 14:30,1540.89,1200.0,340.89,531.2,RFR,,,False,0,Carrier 1623799,Shipper 1248,True,True,True,8/17/2017 16:00,8/18/2017 16:00,False,False,False,False,False,False,False,False,St. Louis,MO ,St. Louis,MO 
4351,206510273,8/15/2017 16:15,8/15/2017 16:15,8/16/2017 16:00,8/17/2017 16:00,8/18/2017 14:30,1540.89,1200.0,340.89,531.2,RFR,,,False,0,Carrier 1623799,Shipper 1387,True,True,True,8/17/2017 16:00,8/18/2017 16:00,False,False,False,False,False,False,False,False,St. Louis,MO ,St. Louis,MO 
4352,206510273,8/15/2017 16:15,8/15/2017 16:15,8/16/2017 16:00,8/17/2017 16:00,8/18/2017 14:30,1540.89,1200.0,340.89,531.2,RFR,,,False,0,Carrier 1623799,Shipper 1388,True,True,True,8/17/2017 16:00,8/18/2017 16:00,False,False,False,False,False,False,False,False,St. Louis,MO ,St. Louis,MO 
4353,206494649,9/8/2017 18:59,9/8/2017 18:59,9/14/2017 15:53,9/15/2017 7:00,9/15/2017 19:00,1538.88,1200.0,338.88,233.4,DRV,,,False,0,Carrier 1016367,Shipper 1249,True,True,True,9/15/2017 21:00,9/16/2017 23:00,False,False,False,False,False,False,False,False,Erie,PA ,Erie,PA 
4354,206494649,9/8/2017 18:59,9/8/2017 18:59,9/14/2017 15:53,9/15/2017 7:00,9/15/2017 19:00,1538.88,1200.0,338.88,233.4,DRV,,,False,0,Carrier 1016367,Shipper 1375,True,True,True,9/15/2017 21:00,9/16/2017 23:00,False,False,False,False,False,False,False,False,Erie,PA ,Erie,PA 
4355,206494649,9/8/2017 18:59,9/8/2017 18:59,9/14/2017 15:53,9/15/2017 7:00,9/15/2017 19:00,1538.88,1200.0,338.88,233.4,DRV,,,False,0,Carrier 1016367,Shipper 1386,True,True,True,9/15/2017 21:00,9/16/2017 23:00,False,False,False,False,False,False,False,False,Erie,PA ,Erie,PA 
4356,206494649,9/8/2017 18:59,9/8/2017 18:59,9/14/2017 15:53,9/15/2017 7:00,9/15/2017 19:00,1538.88,1200.0,338.88,233.4,DRV,,,False,0,Carrier 1016367,Shipper 1248,True,True,True,9/15/2017 21:00,9/16/2017 23:00,False,False,False,False,False,False,False,False,Erie,PA ,Erie,PA 
4357,206494649,9/8/2017 18:59,9/8/2017 18:59,9/14/2017 15:53,9/15/2017 7:00,9/15/2017 19:00,1538.88,1200.0,338.88,233.4,DRV,,,False,0,Carrier 1016367,Shipper 1387,True,True,True,9/15/2017 21:00,9/16/2017 23:00,False,False,False,False,False,False,False,False,Erie,PA ,Erie,PA 
4358,206494649,9/8/2017 18:59,9/8/2017 18:59,9/14/2017 15:53,9/15/2017 7:00,9/15/2017 19:00,1538.88,1200.0,338.88,233.4,DRV,,,False,0,Carrier 1016367,Shipper 1388,True,True,True,9/15/2017 21:00,9/16/2017 23:00,False,False,False,False,False,False,False,False,Erie,PA ,Erie,PA 
4359,206560857,9/12/2017 15:25,9/12/2017 15:25,9/20/2017 10:24,9/20/2017 14:30,9/21/2017 10:00,1538.72,1700.0,-161.28,448.7,DRV,,,False,0,Carrier 1695519,Shipper 1249,True,True,True,9/20/2017 14:30,9/21/2017 16:00,False,False,False,False,False,False,False,False,Carlisle,PA ,Carlisle,PA 
4360,206560857,9/12/2017 15:25,9/12/2017 15:25,9/20/2017 10:24,9/20/2017 14:30,9/21/2017 10:00,1538.72,1700.0,-161.28,448.7,DRV,,,False,0,Carrier 1695519,Shipper 1375,True,True,True,9/20/2017 14:30,9/21/2017 16:00,False,False,False,False,False,False,False,False,Carlisle,PA ,Carlisle,PA 
4361,206560857,9/12/2017 15:25,9/12/2017 15:25,9/20/2017 10:24,9/20/2017 14:30,9/21/2017 10:00,1538.72,1700.0,-161.28,448.7,DRV,,,False,0,Carrier 1695519,Shipper 1386,True,True,True,9/20/2017 14:30,9/21/2017 16:00,False,False,False,False,False,False,False,False,Carlisle,PA ,Carlisle,PA 
4362,206560857,9/12/2017 15:25,9/12/2017 15:25,9/20/2017 10:24,9/20/2017 14:30,9/21/2017 10:00,1538.72,1700.0,-161.28,448.7,DRV,,,False,0,Carrier 1695519,Shipper 1248,True,True,True,9/20/2017 14:30,9/21/2017 16:00,False,False,False,False,False,False,False,False,Carlisle,PA ,Carlisle,PA 
4363,206560857,9/12/2017 15:25,9/12/2017 15:25,9/20/2017 10:24,9/20/2017 14:30,9/21/2017 10:00,1538.72,1700.0,-161.28,448.7,DRV,,,False,0,Carrier 1695519,Shipper 1387,True,True,True,9/20/2017 14:30,9/21/2017 16:00,False,False,False,False,False,False,False,False,Carlisle,PA ,Carlisle,PA 
4364,206560857,9/12/2017 15:25,9/12/2017 15:25,9/20/2017 10:24,9/20/2017 14:30,9/21/2017 10:00,1538.72,1700.0,-161.28,448.7,DRV,,,False,0,Carrier 1695519,Shipper 1388,True,True,True,9/20/2017 14:30,9/21/2017 16:00,False,False,False,False,False,False,False,False,Carlisle,PA ,Carlisle,PA 
4365,206529345,5/12/2017 12:53,5/12/2017 12:53,5/12/2017 18:02,5/15/2017 21:00,5/16/2017 15:20,1536.54,1100.0,436.54,202.8,RFR,,,False,0,Carrier 978458,Shipper 1249,True,True,True,5/15/2017 21:00,5/16/2017 10:30,False,False,False,False,False,False,False,False,La Porte,TX ,La Porte,TX 
4366,206529345,5/12/2017 12:53,5/12/2017 12:53,5/12/2017 18:02,5/15/2017 21:00,5/16/2017 15:20,1536.54,1100.0,436.54,202.8,RFR,,,False,0,Carrier 978458,Shipper 1375,True,True,True,5/15/2017 21:00,5/16/2017 10:30,False,False,False,False,False,False,False,False,La Porte,TX ,La Porte,TX 
4367,206529345,5/12/2017 12:53,5/12/2017 12:53,5/12/2017 18:02,5/15/2017 21:00,5/16/2017 15:20,1536.54,1100.0,436.54,202.8,RFR,,,False,0,Carrier 978458,Shipper 1386,True,True,True,5/15/2017 21:00,5/16/2017 10:30,False,False,False,False,False,False,False,False,La Porte,TX ,La Porte,TX 
4368,206529345,5/12/2017 12:53,5/12/2017 12:53,5/12/2017 18:02,5/15/2017 21:00,5/16/2017 15:20,1536.54,1100.0,436.54,202.8,RFR,,,False,0,Carrier 978458,Shipper 1248,True,True,True,5/15/2017 21:00,5/16/2017 10:30,False,False,False,False,False,False,False,False,La Porte,TX ,La Porte,TX 
4369,206529345,5/12/2017 12:53,5/12/2017 12:53,5/12/2017 18:02,5/15/2017 21:00,5/16/2017 15:20,1536.54,1100.0,436.54,202.8,RFR,,,False,0,Carrier 978458,Shipper 1387,True,True,True,5/15/2017 21:00,5/16/2017 10:30,False,False,False,False,False,False,False,False,La Porte,TX ,La Porte,TX 
4370,206529345,5/12/2017 12:53,5/12/2017 12:53,5/12/2017 18:02,5/15/2017 21:00,5/16/2017 15:20,1536.54,1100.0,436.54,202.8,RFR,,,False,0,Carrier 978458,Shipper 1388,True,True,True,5/15/2017 21:00,5/16/2017 10:30,False,False,False,False,False,False,False,False,La Porte,TX ,La Porte,TX 
4371,206577001,8/28/2017 16:31,8/28/2017 16:31,8/29/2017 9:25,8/30/2017 14:00,8/31/2017 12:00,1535.56,2000.0,-464.44,763.6,RFR,,,False,0,Carrier 690828,Shipper 1249,True,True,True,8/30/2017 14:00,8/31/2017 17:30,False,False,False,False,False,False,False,False,Aurora,CO ,Aurora,CO 
4372,206577001,8/28/2017 16:31,8/28/2017 16:31,8/29/2017 9:25,8/30/2017 14:00,8/31/2017 12:00,1535.56,2000.0,-464.44,763.6,RFR,,,False,0,Carrier 690828,Shipper 1375,True,True,True,8/30/2017 14:00,8/31/2017 17:30,False,False,False,False,False,False,False,False,Aurora,CO ,Aurora,CO 
4373,206577001,8/28/2017 16:31,8/28/2017 16:31,8/29/2017 9:25,8/30/2017 14:00,8/31/2017 12:00,1535.56,2000.0,-464.44,763.6,RFR,,,False,0,Carrier 690828,Shipper 1386,True,True,True,8/30/2017 14:00,8/31/2017 17:30,False,False,False,False,False,False,False,False,Aurora,CO ,Aurora,CO 
4374,206577001,8/28/2017 16:31,8/28/2017 16:31,8/29/2017 9:25,8/30/2017 14:00,8/31/2017 12:00,1535.56,2000.0,-464.44,763.6,RFR,,,False,0,Carrier 690828,Shipper 1248,True,True,True,8/30/2017 14:00,8/31/2017 17:30,False,False,False,False,False,False,False,False,Aurora,CO ,Aurora,CO 
4375,206577001,8/28/2017 16:31,8/28/2017 16:31,8/29/2017 9:25,8/30/2017 14:00,8/31/2017 12:00,1535.56,2000.0,-464.44,763.6,RFR,,,False,0,Carrier 690828,Shipper 1387,True,True,True,8/30/2017 14:00,8/31/2017 17:30,False,False,False,False,False,False,False,False,Aurora,CO ,Aurora,CO 
4376,206577001,8/28/2017 16:31,8/28/2017 16:31,8/29/2017 9:25,8/30/2017 14:00,8/31/2017 12:00,1535.56,2000.0,-464.44,763.6,RFR,,,False,0,Carrier 690828,Shipper 1388,True,True,True,8/30/2017 14:00,8/31/2017 17:30,False,False,False,False,False,False,False,False,Aurora,CO ,Aurora,CO 
4377,206586793,7/27/2017 16:46,7/27/2017 16:46,8/1/2017 9:08,8/1/2017 13:00,8/2/2017 8:00,1535.4,1800.0,-264.6,508.5,DRV,,,False,1,Carrier 994590,Shipper 1249,True,True,True,8/1/2017 13:00,8/2/2017 14:00,False,False,False,False,False,False,False,False,Williamsburg,VA ,Williamsburg,VA 
4378,206586793,7/27/2017 16:46,7/27/2017 16:46,8/1/2017 9:08,8/1/2017 13:00,8/2/2017 8:00,1535.4,1800.0,-264.6,508.5,DRV,,,False,1,Carrier 994590,Shipper 1375,True,True,True,8/1/2017 13:00,8/2/2017 14:00,False,False,False,False,False,False,False,False,Williamsburg,VA ,Williamsburg,VA 
4379,206586793,7/27/2017 16:46,7/27/2017 16:46,8/1/2017 9:08,8/1/2017 13:00,8/2/2017 8:00,1535.4,1800.0,-264.6,508.5,DRV,,,False,1,Carrier 994590,Shipper 1386,True,True,True,8/1/2017 13:00,8/2/2017 14:00,False,False,False,False,False,False,False,False,Williamsburg,VA ,Williamsburg,VA 
4380,206586793,7/27/2017 16:46,7/27/2017 16:46,8/1/2017 9:08,8/1/2017 13:00,8/2/2017 8:00,1535.4,1800.0,-264.6,508.5,DRV,,,False,1,Carrier 994590,Shipper 1248,True,True,True,8/1/2017 13:00,8/2/2017 14:00,False,False,False,False,False,False,False,False,Williamsburg,VA ,Williamsburg,VA 
4381,206586793,7/27/2017 16:46,7/27/2017 16:46,8/1/2017 9:08,8/1/2017 13:00,8/2/2017 8:00,1535.4,1800.0,-264.6,508.5,DRV,,,False,1,Carrier 994590,Shipper 1387,True,True,True,8/1/2017 13:00,8/2/2017 14:00,False,False,False,False,False,False,False,False,Williamsburg,VA ,Williamsburg,VA 
4382,206586793,7/27/2017 16:46,7/27/2017 16:46,8/1/2017 9:08,8/1/2017 13:00,8/2/2017 8:00,1535.4,1800.0,-264.6,508.5,DRV,,,False,1,Carrier 994590,Shipper 1388,True,True,True,8/1/2017 13:00,8/2/2017 14:00,False,False,False,False,False,False,False,False,Williamsburg,VA ,Williamsburg,VA 
4383,206492497,7/6/2017 18:16,7/6/2017 18:16,7/12/2017 8:34,7/17/2017 18:00,7/19/2017 11:45,1533.79,1500.0,33.79,784.4,DRV,,,False,0,Carrier 31074,Shipper 758,True,True,True,7/17/2017 18:00,7/19/2017 9:00,False,False,False,False,False,False,False,False,Idaho Falls,ID ,Idaho Falls,ID 
4384,206493977,6/19/2017 16:47,6/19/2017 16:47,6/21/2017 15:13,6/21/2017 17:00,6/23/2017 11:00,1531.91,1400.0,131.91,421.6,DRV,,,False,1,Carrier 1016754,Shipper 1249,False,True,False,6/21/2017 20:00,6/23/2017 13:00,False,False,False,False,False,False,False,False,Cartersville,GA ,Cartersville,GA 
4385,206493977,6/19/2017 16:47,6/19/2017 16:47,6/21/2017 15:13,6/21/2017 17:00,6/23/2017 11:00,1531.91,1400.0,131.91,421.6,DRV,,,False,1,Carrier 1016754,Shipper 1375,False,True,False,6/21/2017 20:00,6/23/2017 13:00,False,False,False,False,False,False,False,False,Cartersville,GA ,Cartersville,GA 
4386,206493977,6/19/2017 16:47,6/19/2017 16:47,6/21/2017 15:13,6/21/2017 17:00,6/23/2017 11:00,1531.91,1400.0,131.91,421.6,DRV,,,False,1,Carrier 1016754,Shipper 1386,False,True,False,6/21/2017 20:00,6/23/2017 13:00,False,False,False,False,False,False,False,False,Cartersville,GA ,Cartersville,GA 
4387,206493977,6/19/2017 16:47,6/19/2017 16:47,6/21/2017 15:13,6/21/2017 17:00,6/23/2017 11:00,1531.91,1400.0,131.91,421.6,DRV,,,False,1,Carrier 1016754,Shipper 1248,False,True,False,6/21/2017 20:00,6/23/2017 13:00,False,False,False,False,False,False,False,False,Cartersville,GA ,Cartersville,GA 
4388,206493977,6/19/2017 16:47,6/19/2017 16:47,6/21/2017 15:13,6/21/2017 17:00,6/23/2017 11:00,1531.91,1400.0,131.91,421.6,DRV,,,False,1,Carrier 1016754,Shipper 1387,False,True,False,6/21/2017 20:00,6/23/2017 13:00,False,False,False,False,False,False,False,False,Cartersville,GA ,Cartersville,GA 
4389,206493977,6/19/2017 16:47,6/19/2017 16:47,6/21/2017 15:13,6/21/2017 17:00,6/23/2017 11:00,1531.91,1400.0,131.91,421.6,DRV,,,False,1,Carrier 1016754,Shipper 1388,False,True,False,6/21/2017 20:00,6/23/2017 13:00,False,False,False,False,False,False,False,False,Cartersville,GA ,Cartersville,GA 
4390,206664105,10/16/2017 16:18,10/16/2017 16:18,10/17/2017 12:24,10/18/2017 19:00,10/19/2017 14:55,1530.32,1550.0,-19.68,507.0,DRV,,,False,0,Carrier 1695537,Shipper 1249,True,False,True,10/18/2017 19:00,10/19/2017 16:00,False,False,False,False,False,False,False,False,Los Angeles,CA ,Los Angeles,CA 
4391,206664105,10/16/2017 16:18,10/16/2017 16:18,10/17/2017 12:24,10/18/2017 19:00,10/19/2017 14:55,1530.32,1550.0,-19.68,507.0,DRV,,,False,0,Carrier 1695537,Shipper 1375,True,False,True,10/18/2017 19:00,10/19/2017 16:00,False,False,False,False,False,False,False,False,Los Angeles,CA ,Los Angeles,CA 
4392,206664105,10/16/2017 16:18,10/16/2017 16:18,10/17/2017 12:24,10/18/2017 19:00,10/19/2017 14:55,1530.32,1550.0,-19.68,507.0,DRV,,,False,0,Carrier 1695537,Shipper 1386,True,False,True,10/18/2017 19:00,10/19/2017 16:00,False,False,False,False,False,False,False,False,Los Angeles,CA ,Los Angeles,CA 
4393,206664105,10/16/2017 16:18,10/16/2017 16:18,10/17/2017 12:24,10/18/2017 19:00,10/19/2017 14:55,1530.32,1550.0,-19.68,507.0,DRV,,,False,0,Carrier 1695537,Shipper 1248,True,False,True,10/18/2017 19:00,10/19/2017 16:00,False,False,False,False,False,False,False,False,Los Angeles,CA ,Los Angeles,CA 
4394,206664105,10/16/2017 16:18,10/16/2017 16:18,10/17/2017 12:24,10/18/2017 19:00,10/19/2017 14:55,1530.32,1550.0,-19.68,507.0,DRV,,,False,0,Carrier 1695537,Shipper 1387,True,False,True,10/18/2017 19:00,10/19/2017 16:00,False,False,False,False,False,False,False,False,Los Angeles,CA ,Los Angeles,CA 
4395,206664105,10/16/2017 16:18,10/16/2017 16:18,10/17/2017 12:24,10/18/2017 19:00,10/19/2017 14:55,1530.32,1550.0,-19.68,507.0,DRV,,,False,0,Carrier 1695537,Shipper 1388,True,False,True,10/18/2017 19:00,10/19/2017 16:00,False,False,False,False,False,False,False,False,Los Angeles,CA ,Los Angeles,CA 
4396,206646801,3/14/2017 7:00,3/14/2017 7:00,3/15/2017 14:52,3/15/2017 11:00,3/17/2017 12:00,1525.0,1625.0,-100.0,1247.2,DRV,,,False,2,Carrier 1256256,Shipper 923,True,True,True,3/15/2017 16:00,3/17/2017 11:30,False,False,False,False,False,False,False,False,Medley,FL ,Medley,FL 
4397,206573593,10/6/2017 15:20,10/6/2017 15:20,10/9/2017 12:24,10/11/2017 10:00,10/11/2017 19:30,1524.43,1520.48,3.95,565.7,DRV,,,True,0,Carrier 19121,Shipper 1644,True,True,True,10/11/2017 10:00,10/12/2017 10:00,False,False,False,False,False,False,False,False,Decatur,IN ,Decatur,IN 
4398,206600753,1/13/2017 17:22,1/13/2017 17:22,1/13/2017 18:07,1/13/2017 3:00,1/14/2017 6:00,1524.0,1000.0,524.0,140.0,RFR,,,False,0,Carrier 1064563,Shipper 758,,,,1/14/2017 2:00,1/14/2017 2:00,False,False,False,False,False,False,False,False,Portland,OR ,Portland,OR 
4399,206704033,10/2/2017 16:35,10/2/2017 16:35,10/3/2017 15:48,10/5/2017 8:00,10/6/2017 11:50,1523.42,900.0,623.42,214.0,DRV,,,False,0,Carrier 534322,Shipper 1249,True,True,True,10/5/2017 15:00,10/6/2017 10:00,False,False,False,False,False,False,False,False,Louisville,KY ,Louisville,KY 
4400,206704033,10/2/2017 16:35,10/2/2017 16:35,10/3/2017 15:48,10/5/2017 8:00,10/6/2017 11:50,1523.42,900.0,623.42,214.0,DRV,,,False,0,Carrier 534322,Shipper 1375,True,True,True,10/5/2017 15:00,10/6/2017 10:00,False,False,False,False,False,False,False,False,Louisville,KY ,Louisville,KY 
4401,206704033,10/2/2017 16:35,10/2/2017 16:35,10/3/2017 15:48,10/5/2017 8:00,10/6/2017 11:50,1523.42,900.0,623.42,214.0,DRV,,,False,0,Carrier 534322,Shipper 1386,True,True,True,10/5/2017 15:00,10/6/2017 10:00,False,False,False,False,False,False,False,False,Louisville,KY ,Louisville,KY 
4402,206704033,10/2/2017 16:35,10/2/2017 16:35,10/3/2017 15:48,10/5/2017 8:00,10/6/2017 11:50,1523.42,900.0,623.42,214.0,DRV,,,False,0,Carrier 534322,Shipper 1248,True,True,True,10/5/2017 15:00,10/6/2017 10:00,False,False,False,False,False,False,False,False,Louisville,KY ,Louisville,KY 
4403,206704033,10/2/2017 16:35,10/2/2017 16:35,10/3/2017 15:48,10/5/2017 8:00,10/6/2017 11:50,1523.42,900.0,623.42,214.0,DRV,,,False,0,Carrier 534322,Shipper 1387,True,True,True,10/5/2017 15:00,10/6/2017 10:00,False,False,False,False,False,False,False,False,Louisville,KY ,Louisville,KY 
4404,206704033,10/2/2017 16:35,10/2/2017 16:35,10/3/2017 15:48,10/5/2017 8:00,10/6/2017 11:50,1523.42,900.0,623.42,214.0,DRV,,,False,0,Carrier 534322,Shipper 1388,True,True,True,10/5/2017 15:00,10/6/2017 10:00,False,False,False,False,False,False,False,False,Louisville,KY ,Louisville,KY 
4405,206517609,7/31/2017 14:39,7/31/2017 14:39,8/3/2017 18:38,8/5/2017 17:00,8/7/2017 11:30,1522.99,1675.0,-152.01,714.9,DRV,,,False,1,Carrier 4928,Shipper 1249,True,True,True,8/5/2017 17:00,8/7/2017 14:00,False,False,False,False,False,False,False,False,Fort Collins,CO ,Fort Collins,CO 
4406,206517609,7/31/2017 14:39,7/31/2017 14:39,8/3/2017 18:38,8/5/2017 17:00,8/7/2017 11:30,1522.99,1675.0,-152.01,714.9,DRV,,,False,1,Carrier 4928,Shipper 1375,True,True,True,8/5/2017 17:00,8/7/2017 14:00,False,False,False,False,False,False,False,False,Fort Collins,CO ,Fort Collins,CO 
4407,206517609,7/31/2017 14:39,7/31/2017 14:39,8/3/2017 18:38,8/5/2017 17:00,8/7/2017 11:30,1522.99,1675.0,-152.01,714.9,DRV,,,False,1,Carrier 4928,Shipper 1386,True,True,True,8/5/2017 17:00,8/7/2017 14:00,False,False,False,False,False,False,False,False,Fort Collins,CO ,Fort Collins,CO 
4408,206517609,7/31/2017 14:39,7/31/2017 14:39,8/3/2017 18:38,8/5/2017 17:00,8/7/2017 11:30,1522.99,1675.0,-152.01,714.9,DRV,,,False,1,Carrier 4928,Shipper 1248,True,True,True,8/5/2017 17:00,8/7/2017 14:00,False,False,False,False,False,False,False,False,Fort Collins,CO ,Fort Collins,CO 
4409,206517609,7/31/2017 14:39,7/31/2017 14:39,8/3/2017 18:38,8/5/2017 17:00,8/7/2017 11:30,1522.99,1675.0,-152.01,714.9,DRV,,,False,1,Carrier 4928,Shipper 1387,True,True,True,8/5/2017 17:00,8/7/2017 14:00,False,False,False,False,False,False,False,False,Fort Collins,CO ,Fort Collins,CO 
4410,206517609,7/31/2017 14:39,7/31/2017 14:39,8/3/2017 18:38,8/5/2017 17:00,8/7/2017 11:30,1522.99,1675.0,-152.01,714.9,DRV,,,False,1,Carrier 4928,Shipper 1388,True,True,True,8/5/2017 17:00,8/7/2017 14:00,False,False,False,False,False,False,False,False,Fort Collins,CO ,Fort Collins,CO 
4411,206466793,6/19/2017 16:26,6/19/2017 16:26,6/22/2017 17:36,6/22/2017 22:00,6/23/2017 15:30,1522.22,1525.0,-2.78,365.6,DRV,,,False,0,Carrier 731927,Shipper 1249,True,True,True,6/22/2017 22:00,6/23/2017 15:30,False,False,False,False,False,False,False,False,St. Louis,MO ,St. Louis,MO 
4412,206466793,6/19/2017 16:26,6/19/2017 16:26,6/22/2017 17:36,6/22/2017 22:00,6/23/2017 15:30,1522.22,1525.0,-2.78,365.6,DRV,,,False,0,Carrier 731927,Shipper 1375,True,True,True,6/22/2017 22:00,6/23/2017 15:30,False,False,False,False,False,False,False,False,St. Louis,MO ,St. Louis,MO 
4413,206466793,6/19/2017 16:26,6/19/2017 16:26,6/22/2017 17:36,6/22/2017 22:00,6/23/2017 15:30,1522.22,1525.0,-2.78,365.6,DRV,,,False,0,Carrier 731927,Shipper 1386,True,True,True,6/22/2017 22:00,6/23/2017 15:30,False,False,False,False,False,False,False,False,St. Louis,MO ,St. Louis,MO 
4414,206466793,6/19/2017 16:26,6/19/2017 16:26,6/22/2017 17:36,6/22/2017 22:00,6/23/2017 15:30,1522.22,1525.0,-2.78,365.6,DRV,,,False,0,Carrier 731927,Shipper 1248,True,True,True,6/22/2017 22:00,6/23/2017 15:30,False,False,False,False,False,False,False,False,St. Louis,MO ,St. Louis,MO 
4415,206466793,6/19/2017 16:26,6/19/2017 16:26,6/22/2017 17:36,6/22/2017 22:00,6/23/2017 15:30,1522.22,1525.0,-2.78,365.6,DRV,,,False,0,Carrier 731927,Shipper 1387,True,True,True,6/22/2017 22:00,6/23/2017 15:30,False,False,False,False,False,False,False,False,St. Louis,MO ,St. Louis,MO 
4416,206466793,6/19/2017 16:26,6/19/2017 16:26,6/22/2017 17:36,6/22/2017 22:00,6/23/2017 15:30,1522.22,1525.0,-2.78,365.6,DRV,,,False,0,Carrier 731927,Shipper 1388,True,True,True,6/22/2017 22:00,6/23/2017 15:30,False,False,False,False,False,False,False,False,St. Louis,MO ,St. Louis,MO 
4417,206641177,9/20/2017 17:23,9/20/2017 17:23,9/24/2017 8:57,9/24/2017 16:00,9/25/2017 14:27,1521.76,1550.0,-28.24,256.9,DRV,,,False,2,Carrier 1425562,Shipper 1249,True,True,True,9/24/2017 16:00,9/25/2017 11:00,False,False,False,False,False,False,False,False,Baldwinsville,NY ,Baldwinsville,NY 
4418,206641177,9/20/2017 17:23,9/20/2017 17:23,9/24/2017 8:57,9/24/2017 16:00,9/25/2017 14:27,1521.76,1550.0,-28.24,256.9,DRV,,,False,2,Carrier 1425562,Shipper 1375,True,True,True,9/24/2017 16:00,9/25/2017 11:00,False,False,False,False,False,False,False,False,Baldwinsville,NY ,Baldwinsville,NY 
4419,206641177,9/20/2017 17:23,9/20/2017 17:23,9/24/2017 8:57,9/24/2017 16:00,9/25/2017 14:27,1521.76,1550.0,-28.24,256.9,DRV,,,False,2,Carrier 1425562,Shipper 1386,True,True,True,9/24/2017 16:00,9/25/2017 11:00,False,False,False,False,False,False,False,False,Baldwinsville,NY ,Baldwinsville,NY 
4420,206641177,9/20/2017 17:23,9/20/2017 17:23,9/24/2017 8:57,9/24/2017 16:00,9/25/2017 14:27,1521.76,1550.0,-28.24,256.9,DRV,,,False,2,Carrier 1425562,Shipper 1248,True,True,True,9/24/2017 16:00,9/25/2017 11:00,False,False,False,False,False,False,False,False,Baldwinsville,NY ,Baldwinsville,NY 
4421,206641177,9/20/2017 17:23,9/20/2017 17:23,9/24/2017 8:57,9/24/2017 16:00,9/25/2017 14:27,1521.76,1550.0,-28.24,256.9,DRV,,,False,2,Carrier 1425562,Shipper 1387,True,True,True,9/24/2017 16:00,9/25/2017 11:00,False,False,False,False,False,False,False,False,Baldwinsville,NY ,Baldwinsville,NY 
4422,206641177,9/20/2017 17:23,9/20/2017 17:23,9/24/2017 8:57,9/24/2017 16:00,9/25/2017 14:27,1521.76,1550.0,-28.24,256.9,DRV,,,False,2,Carrier 1425562,Shipper 1388,True,True,True,9/24/2017 16:00,9/25/2017 11:00,False,False,False,False,False,False,False,False,Baldwinsville,NY ,Baldwinsville,NY 
4423,206526441,7/13/2017 18:09,7/13/2017 18:09,7/18/2017 14:16,7/19/2017 8:00,7/20/2017 11:00,1520.25,1300.0,220.25,562.7,DRV,,,False,0,Carrier 1024511,Shipper 1528,True,True,True,7/19/2017 19:00,7/20/2017 14:00,False,False,False,False,False,False,False,False,Tuscaloosa,AL ,Tuscaloosa,AL 
4424,206665353,10/19/2017 15:17,10/19/2017 15:17,10/20/2017 8:11,10/20/2017 8:00,10/21/2017 0:46,1519.03,1000.0,519.03,342.7,DRV,,,False,0,Carrier 1398711,Shipper 1249,True,True,True,10/20/2017 20:00,10/21/2017 23:00,False,False,False,False,False,False,False,False,Merrimack,NH ,Merrimack,NH 
4425,206665353,10/19/2017 15:17,10/19/2017 15:17,10/20/2017 8:11,10/20/2017 8:00,10/21/2017 0:46,1519.03,1000.0,519.03,342.7,DRV,,,False,0,Carrier 1398711,Shipper 1375,True,True,True,10/20/2017 20:00,10/21/2017 23:00,False,False,False,False,False,False,False,False,Merrimack,NH ,Merrimack,NH 
4426,206665353,10/19/2017 15:17,10/19/2017 15:17,10/20/2017 8:11,10/20/2017 8:00,10/21/2017 0:46,1519.03,1000.0,519.03,342.7,DRV,,,False,0,Carrier 1398711,Shipper 1386,True,True,True,10/20/2017 20:00,10/21/2017 23:00,False,False,False,False,False,False,False,False,Merrimack,NH ,Merrimack,NH 
4427,206665353,10/19/2017 15:17,10/19/2017 15:17,10/20/2017 8:11,10/20/2017 8:00,10/21/2017 0:46,1519.03,1000.0,519.03,342.7,DRV,,,False,0,Carrier 1398711,Shipper 1248,True,True,True,10/20/2017 20:00,10/21/2017 23:00,False,False,False,False,False,False,False,False,Merrimack,NH ,Merrimack,NH 
4428,206665353,10/19/2017 15:17,10/19/2017 15:17,10/20/2017 8:11,10/20/2017 8:00,10/21/2017 0:46,1519.03,1000.0,519.03,342.7,DRV,,,False,0,Carrier 1398711,Shipper 1387,True,True,True,10/20/2017 20:00,10/21/2017 23:00,False,False,False,False,False,False,False,False,Merrimack,NH ,Merrimack,NH 
4429,206665353,10/19/2017 15:17,10/19/2017 15:17,10/20/2017 8:11,10/20/2017 8:00,10/21/2017 0:46,1519.03,1000.0,519.03,342.7,DRV,,,False,0,Carrier 1398711,Shipper 1388,True,True,True,10/20/2017 20:00,10/21/2017 23:00,False,False,False,False,False,False,False,False,Merrimack,NH ,Merrimack,NH 
4430,206689905,10/6/2017 15:09,10/6/2017 15:09,10/9/2017 10:11,10/9/2017 1:00,10/10/2017 18:15,1519.02,1100.0,419.02,342.7,DRV,,,False,1,Carrier 1054673,Shipper 1249,True,True,True,10/9/2017 23:55,10/10/2017 23:55,False,False,False,False,False,False,False,False,Merrimack,NH ,Merrimack,NH 
4431,206689905,10/6/2017 15:09,10/6/2017 15:09,10/9/2017 10:11,10/9/2017 1:00,10/10/2017 18:15,1519.02,1100.0,419.02,342.7,DRV,,,False,1,Carrier 1054673,Shipper 1375,True,True,True,10/9/2017 23:55,10/10/2017 23:55,False,False,False,False,False,False,False,False,Merrimack,NH ,Merrimack,NH 
4432,206689905,10/6/2017 15:09,10/6/2017 15:09,10/9/2017 10:11,10/9/2017 1:00,10/10/2017 18:15,1519.02,1100.0,419.02,342.7,DRV,,,False,1,Carrier 1054673,Shipper 1386,True,True,True,10/9/2017 23:55,10/10/2017 23:55,False,False,False,False,False,False,False,False,Merrimack,NH ,Merrimack,NH 
4433,206689905,10/6/2017 15:09,10/6/2017 15:09,10/9/2017 10:11,10/9/2017 1:00,10/10/2017 18:15,1519.02,1100.0,419.02,342.7,DRV,,,False,1,Carrier 1054673,Shipper 1248,True,True,True,10/9/2017 23:55,10/10/2017 23:55,False,False,False,False,False,False,False,False,Merrimack,NH ,Merrimack,NH 
4434,206689905,10/6/2017 15:09,10/6/2017 15:09,10/9/2017 10:11,10/9/2017 1:00,10/10/2017 18:15,1519.02,1100.0,419.02,342.7,DRV,,,False,1,Carrier 1054673,Shipper 1387,True,True,True,10/9/2017 23:55,10/10/2017 23:55,False,False,False,False,False,False,False,False,Merrimack,NH ,Merrimack,NH 
4435,206689905,10/6/2017 15:09,10/6/2017 15:09,10/9/2017 10:11,10/9/2017 1:00,10/10/2017 18:15,1519.02,1100.0,419.02,342.7,DRV,,,False,1,Carrier 1054673,Shipper 1388,True,True,True,10/9/2017 23:55,10/10/2017 23:55,False,False,False,False,False,False,False,False,Merrimack,NH ,Merrimack,NH 
4436,206469729,12/12/2017 16:55,12/12/2017 16:55,12/13/2017 11:18,12/13/2017 23:00,12/14/2017 19:20,1518.84,1800.0,-281.16,344.0,RFR,,carrier_capacity,False,0,Carrier 1036102,Shipper 1249,True,True,True,12/13/2017 23:00,12/14/2017 17:00,False,False,False,False,False,False,False,False,Aurora,CO ,Aurora,CO 
4437,206469729,12/12/2017 16:55,12/12/2017 16:55,12/13/2017 11:18,12/13/2017 23:00,12/14/2017 19:20,1518.84,1800.0,-281.16,344.0,RFR,,carrier_capacity,False,0,Carrier 1036102,Shipper 1375,True,True,True,12/13/2017 23:00,12/14/2017 17:00,False,False,False,False,False,False,False,False,Aurora,CO ,Aurora,CO 
4438,206469729,12/12/2017 16:55,12/12/2017 16:55,12/13/2017 11:18,12/13/2017 23:00,12/14/2017 19:20,1518.84,1800.0,-281.16,344.0,RFR,,carrier_capacity,False,0,Carrier 1036102,Shipper 1386,True,True,True,12/13/2017 23:00,12/14/2017 17:00,False,False,False,False,False,False,False,False,Aurora,CO ,Aurora,CO 
4439,206469729,12/12/2017 16:55,12/12/2017 16:55,12/13/2017 11:18,12/13/2017 23:00,12/14/2017 19:20,1518.84,1800.0,-281.16,344.0,RFR,,carrier_capacity,False,0,Carrier 1036102,Shipper 1248,True,True,True,12/13/2017 23:00,12/14/2017 17:00,False,False,False,False,False,False,False,False,Aurora,CO ,Aurora,CO 
4440,206469729,12/12/2017 16:55,12/12/2017 16:55,12/13/2017 11:18,12/13/2017 23:00,12/14/2017 19:20,1518.84,1800.0,-281.16,344.0,RFR,,carrier_capacity,False,0,Carrier 1036102,Shipper 1387,True,True,True,12/13/2017 23:00,12/14/2017 17:00,False,False,False,False,False,False,False,False,Aurora,CO ,Aurora,CO 
4441,206469729,12/12/2017 16:55,12/12/2017 16:55,12/13/2017 11:18,12/13/2017 23:00,12/14/2017 19:20,1518.84,1800.0,-281.16,344.0,RFR,,carrier_capacity,False,0,Carrier 1036102,Shipper 1388,True,True,True,12/13/2017 23:00,12/14/2017 17:00,False,False,False,False,False,False,False,False,Aurora,CO ,Aurora,CO 
4442,206436761,8/8/2017 16:52,8/8/2017 16:52,8/9/2017 8:32,8/9/2017 11:00,8/10/2017 12:00,1515.48,1300.0,215.48,300.0,DRV,,,False,0,Carrier 1451751,Shipper 1249,True,True,True,8/9/2017 15:00,8/10/2017 20:00,False,False,False,False,False,False,False,False,Baldwinsville,NY ,Baldwinsville,NY 
4443,206436761,8/8/2017 16:52,8/8/2017 16:52,8/9/2017 8:32,8/9/2017 11:00,8/10/2017 12:00,1515.48,1300.0,215.48,300.0,DRV,,,False,0,Carrier 1451751,Shipper 1375,True,True,True,8/9/2017 15:00,8/10/2017 20:00,False,False,False,False,False,False,False,False,Baldwinsville,NY ,Baldwinsville,NY 
4444,206436761,8/8/2017 16:52,8/8/2017 16:52,8/9/2017 8:32,8/9/2017 11:00,8/10/2017 12:00,1515.48,1300.0,215.48,300.0,DRV,,,False,0,Carrier 1451751,Shipper 1386,True,True,True,8/9/2017 15:00,8/10/2017 20:00,False,False,False,False,False,False,False,False,Baldwinsville,NY ,Baldwinsville,NY 
4445,206436761,8/8/2017 16:52,8/8/2017 16:52,8/9/2017 8:32,8/9/2017 11:00,8/10/2017 12:00,1515.48,1300.0,215.48,300.0,DRV,,,False,0,Carrier 1451751,Shipper 1248,True,True,True,8/9/2017 15:00,8/10/2017 20:00,False,False,False,False,False,False,False,False,Baldwinsville,NY ,Baldwinsville,NY 
4446,206436761,8/8/2017 16:52,8/8/2017 16:52,8/9/2017 8:32,8/9/2017 11:00,8/10/2017 12:00,1515.48,1300.0,215.48,300.0,DRV,,,False,0,Carrier 1451751,Shipper 1387,True,True,True,8/9/2017 15:00,8/10/2017 20:00,False,False,False,False,False,False,False,False,Baldwinsville,NY ,Baldwinsville,NY 
4447,206436761,8/8/2017 16:52,8/8/2017 16:52,8/9/2017 8:32,8/9/2017 11:00,8/10/2017 12:00,1515.48,1300.0,215.48,300.0,DRV,,,False,0,Carrier 1451751,Shipper 1388,True,True,True,8/9/2017 15:00,8/10/2017 20:00,False,False,False,False,False,False,False,False,Baldwinsville,NY ,Baldwinsville,NY 
4448,206512089,8/22/2017 16:34,8/22/2017 16:35,8/24/2017 9:31,8/24/2017 14:00,8/25/2017 10:45,1515.15,1200.0,315.15,590.1,RFR,,,False,0,Carrier 1695466,Shipper 1249,True,True,True,8/24/2017 14:00,8/25/2017 13:00,False,False,False,False,False,False,False,False,Aurora,CO ,Aurora,CO 
4449,206512089,8/22/2017 16:34,8/22/2017 16:35,8/24/2017 9:31,8/24/2017 14:00,8/25/2017 10:45,1515.15,1200.0,315.15,590.1,RFR,,,False,0,Carrier 1695466,Shipper 1375,True,True,True,8/24/2017 14:00,8/25/2017 13:00,False,False,False,False,False,False,False,False,Aurora,CO ,Aurora,CO 
4450,206512089,8/22/2017 16:34,8/22/2017 16:35,8/24/2017 9:31,8/24/2017 14:00,8/25/2017 10:45,1515.15,1200.0,315.15,590.1,RFR,,,False,0,Carrier 1695466,Shipper 1386,True,True,True,8/24/2017 14:00,8/25/2017 13:00,False,False,False,False,False,False,False,False,Aurora,CO ,Aurora,CO 
4451,206512089,8/22/2017 16:34,8/22/2017 16:35,8/24/2017 9:31,8/24/2017 14:00,8/25/2017 10:45,1515.15,1200.0,315.15,590.1,RFR,,,False,0,Carrier 1695466,Shipper 1248,True,True,True,8/24/2017 14:00,8/25/2017 13:00,False,False,False,False,False,False,False,False,Aurora,CO ,Aurora,CO 
4452,206512089,8/22/2017 16:34,8/22/2017 16:35,8/24/2017 9:31,8/24/2017 14:00,8/25/2017 10:45,1515.15,1200.0,315.15,590.1,RFR,,,False,0,Carrier 1695466,Shipper 1387,True,True,True,8/24/2017 14:00,8/25/2017 13:00,False,False,False,False,False,False,False,False,Aurora,CO ,Aurora,CO 
4453,206512089,8/22/2017 16:34,8/22/2017 16:35,8/24/2017 9:31,8/24/2017 14:00,8/25/2017 10:45,1515.15,1200.0,315.15,590.1,RFR,,,False,0,Carrier 1695466,Shipper 1388,True,True,True,8/24/2017 14:00,8/25/2017 13:00,False,False,False,False,False,False,False,False,Aurora,CO ,Aurora,CO 
4454,206567137,12/18/2017 17:30,12/18/2017 17:31,12/19/2017 9:29,12/19/2017 14:00,12/20/2017 12:30,1513.37,1650.0,-136.63,665.2,DRV,,,False,0,Carrier 1327195,Shipper 1249,True,True,True,12/19/2017 14:00,12/20/2017 14:00,False,False,False,False,False,False,False,False,Cartersville,GA ,Cartersville,GA 
4455,206567137,12/18/2017 17:30,12/18/2017 17:31,12/19/2017 9:29,12/19/2017 14:00,12/20/2017 12:30,1513.37,1650.0,-136.63,665.2,DRV,,,False,0,Carrier 1327195,Shipper 1375,True,True,True,12/19/2017 14:00,12/20/2017 14:00,False,False,False,False,False,False,False,False,Cartersville,GA ,Cartersville,GA 
4456,206567137,12/18/2017 17:30,12/18/2017 17:31,12/19/2017 9:29,12/19/2017 14:00,12/20/2017 12:30,1513.37,1650.0,-136.63,665.2,DRV,,,False,0,Carrier 1327195,Shipper 1386,True,True,True,12/19/2017 14:00,12/20/2017 14:00,False,False,False,False,False,False,False,False,Cartersville,GA ,Cartersville,GA 
4457,206567137,12/18/2017 17:30,12/18/2017 17:31,12/19/2017 9:29,12/19/2017 14:00,12/20/2017 12:30,1513.37,1650.0,-136.63,665.2,DRV,,,False,0,Carrier 1327195,Shipper 1248,True,True,True,12/19/2017 14:00,12/20/2017 14:00,False,False,False,False,False,False,False,False,Cartersville,GA ,Cartersville,GA 
4458,206567137,12/18/2017 17:30,12/18/2017 17:31,12/19/2017 9:29,12/19/2017 14:00,12/20/2017 12:30,1513.37,1650.0,-136.63,665.2,DRV,,,False,0,Carrier 1327195,Shipper 1387,True,True,True,12/19/2017 14:00,12/20/2017 14:00,False,False,False,False,False,False,False,False,Cartersville,GA ,Cartersville,GA 
4459,206567137,12/18/2017 17:30,12/18/2017 17:31,12/19/2017 9:29,12/19/2017 14:00,12/20/2017 12:30,1513.37,1650.0,-136.63,665.2,DRV,,,False,0,Carrier 1327195,Shipper 1388,True,True,True,12/19/2017 14:00,12/20/2017 14:00,False,False,False,False,False,False,False,False,Cartersville,GA ,Cartersville,GA 
4460,206514049,9/15/2017 16:03,9/15/2017 16:03,9/18/2017 8:16,9/20/2017 7:00,9/21/2017 9:00,1512.0,1200.0,312.0,235.3,DRV,,,False,0,Carrier 31074,Shipper 1249,True,True,True,9/20/2017 21:00,9/21/2017 21:00,False,False,False,False,False,False,False,False,Erie,PA ,Erie,PA 
4461,206514049,9/15/2017 16:03,9/15/2017 16:03,9/18/2017 8:16,9/20/2017 7:00,9/21/2017 9:00,1512.0,1200.0,312.0,235.3,DRV,,,False,0,Carrier 31074,Shipper 1375,True,True,True,9/20/2017 21:00,9/21/2017 21:00,False,False,False,False,False,False,False,False,Erie,PA ,Erie,PA 
4462,206514049,9/15/2017 16:03,9/15/2017 16:03,9/18/2017 8:16,9/20/2017 7:00,9/21/2017 9:00,1512.0,1200.0,312.0,235.3,DRV,,,False,0,Carrier 31074,Shipper 1386,True,True,True,9/20/2017 21:00,9/21/2017 21:00,False,False,False,False,False,False,False,False,Erie,PA ,Erie,PA 
4463,206514049,9/15/2017 16:03,9/15/2017 16:03,9/18/2017 8:16,9/20/2017 7:00,9/21/2017 9:00,1512.0,1200.0,312.0,235.3,DRV,,,False,0,Carrier 31074,Shipper 1248,True,True,True,9/20/2017 21:00,9/21/2017 21:00,False,False,False,False,False,False,False,False,Erie,PA ,Erie,PA 
4464,206514049,9/15/2017 16:03,9/15/2017 16:03,9/18/2017 8:16,9/20/2017 7:00,9/21/2017 9:00,1512.0,1200.0,312.0,235.3,DRV,,,False,0,Carrier 31074,Shipper 1387,True,True,True,9/20/2017 21:00,9/21/2017 21:00,False,False,False,False,False,False,False,False,Erie,PA ,Erie,PA 
4465,206514049,9/15/2017 16:03,9/15/2017 16:03,9/18/2017 8:16,9/20/2017 7:00,9/21/2017 9:00,1512.0,1200.0,312.0,235.3,DRV,,,False,0,Carrier 31074,Shipper 1388,True,True,True,9/20/2017 21:00,9/21/2017 21:00,False,False,False,False,False,False,False,False,Erie,PA ,Erie,PA 
4466,206432201,12/7/2017 11:56,12/7/2017 11:56,12/8/2017 16:53,12/12/2017 14:00,12/13/2017 12:00,1511.07,1400.0,111.07,530.0,DRV,,dat_out,False,0,Carrier 1039111,Shipper 1644,True,True,True,12/12/2017 14:00,12/13/2017 8:30,False,False,False,False,False,False,False,False,Xenia,OH ,Xenia,OH 
4467,206538313,9/12/2017 15:15,9/12/2017 15:15,9/21/2017 10:55,9/21/2017 14:30,9/22/2017 7:14,1511.02,1800.0,-288.98,312.8,DRV,,,False,0,Carrier 1240367,Shipper 1249,True,True,True,9/21/2017 14:30,9/22/2017 7:30,False,False,False,False,False,False,False,False,Carlisle,PA ,Carlisle,PA 
4468,206538313,9/12/2017 15:15,9/12/2017 15:15,9/21/2017 10:55,9/21/2017 14:30,9/22/2017 7:14,1511.02,1800.0,-288.98,312.8,DRV,,,False,0,Carrier 1240367,Shipper 1375,True,True,True,9/21/2017 14:30,9/22/2017 7:30,False,False,False,False,False,False,False,False,Carlisle,PA ,Carlisle,PA 
4469,206538313,9/12/2017 15:15,9/12/2017 15:15,9/21/2017 10:55,9/21/2017 14:30,9/22/2017 7:14,1511.02,1800.0,-288.98,312.8,DRV,,,False,0,Carrier 1240367,Shipper 1386,True,True,True,9/21/2017 14:30,9/22/2017 7:30,False,False,False,False,False,False,False,False,Carlisle,PA ,Carlisle,PA 
4470,206538313,9/12/2017 15:15,9/12/2017 15:15,9/21/2017 10:55,9/21/2017 14:30,9/22/2017 7:14,1511.02,1800.0,-288.98,312.8,DRV,,,False,0,Carrier 1240367,Shipper 1248,True,True,True,9/21/2017 14:30,9/22/2017 7:30,False,False,False,False,False,False,False,False,Carlisle,PA ,Carlisle,PA 
4471,206538313,9/12/2017 15:15,9/12/2017 15:15,9/21/2017 10:55,9/21/2017 14:30,9/22/2017 7:14,1511.02,1800.0,-288.98,312.8,DRV,,,False,0,Carrier 1240367,Shipper 1387,True,True,True,9/21/2017 14:30,9/22/2017 7:30,False,False,False,False,False,False,False,False,Carlisle,PA ,Carlisle,PA 
4472,206538313,9/12/2017 15:15,9/12/2017 15:15,9/21/2017 10:55,9/21/2017 14:30,9/22/2017 7:14,1511.02,1800.0,-288.98,312.8,DRV,,,False,0,Carrier 1240367,Shipper 1388,True,True,True,9/21/2017 14:30,9/22/2017 7:30,False,False,False,False,False,False,False,False,Carlisle,PA ,Carlisle,PA 
4473,206551129,6/8/2017 10:59,6/8/2017 10:59,6/9/2017 11:47,6/11/2017 17:00,6/12/2017 12:30,1509.98,1700.0,-190.02,430.4,RFR,,,False,0,Carrier 11186,Shipper 1249,True,True,True,6/11/2017 17:00,6/12/2017 12:00,False,False,False,False,False,False,False,False,St. Louis,MO ,St. Louis,MO 
4474,206551129,6/8/2017 10:59,6/8/2017 10:59,6/9/2017 11:47,6/11/2017 17:00,6/12/2017 12:30,1509.98,1700.0,-190.02,430.4,RFR,,,False,0,Carrier 11186,Shipper 1375,True,True,True,6/11/2017 17:00,6/12/2017 12:00,False,False,False,False,False,False,False,False,St. Louis,MO ,St. Louis,MO 
4475,206551129,6/8/2017 10:59,6/8/2017 10:59,6/9/2017 11:47,6/11/2017 17:00,6/12/2017 12:30,1509.98,1700.0,-190.02,430.4,RFR,,,False,0,Carrier 11186,Shipper 1386,True,True,True,6/11/2017 17:00,6/12/2017 12:00,False,False,False,False,False,False,False,False,St. Louis,MO ,St. Louis,MO 
4476,206551129,6/8/2017 10:59,6/8/2017 10:59,6/9/2017 11:47,6/11/2017 17:00,6/12/2017 12:30,1509.98,1700.0,-190.02,430.4,RFR,,,False,0,Carrier 11186,Shipper 1248,True,True,True,6/11/2017 17:00,6/12/2017 12:00,False,False,False,False,False,False,False,False,St. Louis,MO ,St. Louis,MO 
4477,206551129,6/8/2017 10:59,6/8/2017 10:59,6/9/2017 11:47,6/11/2017 17:00,6/12/2017 12:30,1509.98,1700.0,-190.02,430.4,RFR,,,False,0,Carrier 11186,Shipper 1387,True,True,True,6/11/2017 17:00,6/12/2017 12:00,False,False,False,False,False,False,False,False,St. Louis,MO ,St. Louis,MO 
4478,206551129,6/8/2017 10:59,6/8/2017 10:59,6/9/2017 11:47,6/11/2017 17:00,6/12/2017 12:30,1509.98,1700.0,-190.02,430.4,RFR,,,False,0,Carrier 11186,Shipper 1388,True,True,True,6/11/2017 17:00,6/12/2017 12:00,False,False,False,False,False,False,False,False,St. Louis,MO ,St. Louis,MO 
4479,206535673,12/13/2017 17:04,12/13/2017 17:04,12/15/2017 17:18,12/15/2017 13:00,12/16/2017 11:30,1509.88,1550.0,-40.12,412.2,DRV,,,False,1,Carrier 694858,Shipper 1249,False,True,False,12/15/2017 13:00,12/16/2017 10:00,False,False,False,False,False,False,False,False,Cartersville,GA ,Cartersville,GA 
4480,206535673,12/13/2017 17:04,12/13/2017 17:04,12/15/2017 17:18,12/15/2017 13:00,12/16/2017 11:30,1509.88,1550.0,-40.12,412.2,DRV,,,False,1,Carrier 694858,Shipper 1375,False,True,False,12/15/2017 13:00,12/16/2017 10:00,False,False,False,False,False,False,False,False,Cartersville,GA ,Cartersville,GA 
4481,206560481,12/13/2017 16:29,12/13/2017 16:29,12/14/2017 15:25,12/15/2017 14:00,12/16/2017 8:25,1509.88,1400.0,109.88,412.2,DRV,,,False,0,Carrier 1592370,Shipper 1249,True,True,True,12/15/2017 14:00,12/16/2017 8:00,False,False,False,False,False,False,False,False,Cartersville,GA ,Cartersville,GA 
4482,206535673,12/13/2017 17:04,12/13/2017 17:04,12/15/2017 17:18,12/15/2017 13:00,12/16/2017 11:30,1509.88,1550.0,-40.12,412.2,DRV,,,False,1,Carrier 694858,Shipper 1386,False,True,False,12/15/2017 13:00,12/16/2017 10:00,False,False,False,False,False,False,False,False,Cartersville,GA ,Cartersville,GA 
4483,206560481,12/13/2017 16:29,12/13/2017 16:29,12/14/2017 15:25,12/15/2017 14:00,12/16/2017 8:25,1509.88,1400.0,109.88,412.2,DRV,,,False,0,Carrier 1592370,Shipper 1375,True,True,True,12/15/2017 14:00,12/16/2017 8:00,False,False,False,False,False,False,False,False,Cartersville,GA ,Cartersville,GA 
4484,206535673,12/13/2017 17:04,12/13/2017 17:04,12/15/2017 17:18,12/15/2017 13:00,12/16/2017 11:30,1509.88,1550.0,-40.12,412.2,DRV,,,False,1,Carrier 694858,Shipper 1248,False,True,False,12/15/2017 13:00,12/16/2017 10:00,False,False,False,False,False,False,False,False,Cartersville,GA ,Cartersville,GA 
4485,206560481,12/13/2017 16:29,12/13/2017 16:29,12/14/2017 15:25,12/15/2017 14:00,12/16/2017 8:25,1509.88,1400.0,109.88,412.2,DRV,,,False,0,Carrier 1592370,Shipper 1386,True,True,True,12/15/2017 14:00,12/16/2017 8:00,False,False,False,False,False,False,False,False,Cartersville,GA ,Cartersville,GA 
4486,206535673,12/13/2017 17:04,12/13/2017 17:04,12/15/2017 17:18,12/15/2017 13:00,12/16/2017 11:30,1509.88,1550.0,-40.12,412.2,DRV,,,False,1,Carrier 694858,Shipper 1387,False,True,False,12/15/2017 13:00,12/16/2017 10:00,False,False,False,False,False,False,False,False,Cartersville,GA ,Cartersville,GA 
4487,206560481,12/13/2017 16:29,12/13/2017 16:29,12/14/2017 15:25,12/15/2017 14:00,12/16/2017 8:25,1509.88,1400.0,109.88,412.2,DRV,,,False,0,Carrier 1592370,Shipper 1248,True,True,True,12/15/2017 14:00,12/16/2017 8:00,False,False,False,False,False,False,False,False,Cartersville,GA ,Cartersville,GA 
4488,206560481,12/13/2017 16:29,12/13/2017 16:29,12/14/2017 15:25,12/15/2017 14:00,12/16/2017 8:25,1509.88,1400.0,109.88,412.2,DRV,,,False,0,Carrier 1592370,Shipper 1387,True,True,True,12/15/2017 14:00,12/16/2017 8:00,False,False,False,False,False,False,False,False,Cartersville,GA ,Cartersville,GA 
4489,206560481,12/13/2017 16:29,12/13/2017 16:29,12/14/2017 15:25,12/15/2017 14:00,12/16/2017 8:25,1509.88,1400.0,109.88,412.2,DRV,,,False,0,Carrier 1592370,Shipper 1388,True,True,True,12/15/2017 14:00,12/16/2017 8:00,False,False,False,False,False,False,False,False,Cartersville,GA ,Cartersville,GA 
4490,206535673,12/13/2017 17:04,12/13/2017 17:04,12/15/2017 17:18,12/15/2017 13:00,12/16/2017 11:30,1509.88,1550.0,-40.12,412.2,DRV,,,False,1,Carrier 694858,Shipper 1388,False,True,False,12/15/2017 13:00,12/16/2017 10:00,False,False,False,False,False,False,False,False,Cartersville,GA ,Cartersville,GA 
4491,206421865,6/6/2017 17:49,6/6/2017 17:49,6/7/2017 17:18,6/8/2017 17:00,6/9/2017 13:00,1509.26,1500.0,9.26,497.1,DRV,,,False,0,Carrier 1246950,Shipper 1249,True,True,True,6/8/2017 17:00,6/9/2017 16:30,False,False,False,False,False,False,False,False,Granite City,IL ,Granite City,IL 
4492,206421865,6/6/2017 17:49,6/6/2017 17:49,6/7/2017 17:18,6/8/2017 17:00,6/9/2017 13:00,1509.26,1500.0,9.26,497.1,DRV,,,False,0,Carrier 1246950,Shipper 1375,True,True,True,6/8/2017 17:00,6/9/2017 16:30,False,False,False,False,False,False,False,False,Granite City,IL ,Granite City,IL 
4493,206421865,6/6/2017 17:49,6/6/2017 17:49,6/7/2017 17:18,6/8/2017 17:00,6/9/2017 13:00,1509.26,1500.0,9.26,497.1,DRV,,,False,0,Carrier 1246950,Shipper 1386,True,True,True,6/8/2017 17:00,6/9/2017 16:30,False,False,False,False,False,False,False,False,Granite City,IL ,Granite City,IL 
4494,206421865,6/6/2017 17:49,6/6/2017 17:49,6/7/2017 17:18,6/8/2017 17:00,6/9/2017 13:00,1509.26,1500.0,9.26,497.1,DRV,,,False,0,Carrier 1246950,Shipper 1248,True,True,True,6/8/2017 17:00,6/9/2017 16:30,False,False,False,False,False,False,False,False,Granite City,IL ,Granite City,IL 
4495,206421865,6/6/2017 17:49,6/6/2017 17:49,6/7/2017 17:18,6/8/2017 17:00,6/9/2017 13:00,1509.26,1500.0,9.26,497.1,DRV,,,False,0,Carrier 1246950,Shipper 1387,True,True,True,6/8/2017 17:00,6/9/2017 16:30,False,False,False,False,False,False,False,False,Granite City,IL ,Granite City,IL 
4496,206421865,6/6/2017 17:49,6/6/2017 17:49,6/7/2017 17:18,6/8/2017 17:00,6/9/2017 13:00,1509.26,1500.0,9.26,497.1,DRV,,,False,0,Carrier 1246950,Shipper 1388,True,True,True,6/8/2017 17:00,6/9/2017 16:30,False,False,False,False,False,False,False,False,Granite City,IL ,Granite City,IL 
4497,206600801,6/6/2017 17:37,6/6/2017 17:37,6/9/2017 18:10,6/12/2017 18:00,6/13/2017 11:45,1508.12,950.0,558.12,367.9,DRV,,,False,0,Carrier 1650798,Shipper 1249,True,True,True,6/12/2017 18:00,6/13/2017 12:00,False,False,False,False,False,False,False,False,Cartersville,GA ,Cartersville,GA 
4498,206600801,6/6/2017 17:37,6/6/2017 17:37,6/9/2017 18:10,6/12/2017 18:00,6/13/2017 11:45,1508.12,950.0,558.12,367.9,DRV,,,False,0,Carrier 1650798,Shipper 1375,True,True,True,6/12/2017 18:00,6/13/2017 12:00,False,False,False,False,False,False,False,False,Cartersville,GA ,Cartersville,GA 
4499,206600801,6/6/2017 17:37,6/6/2017 17:37,6/9/2017 18:10,6/12/2017 18:00,6/13/2017 11:45,1508.12,950.0,558.12,367.9,DRV,,,False,0,Carrier 1650798,Shipper 1386,True,True,True,6/12/2017 18:00,6/13/2017 12:00,False,False,False,False,False,False,False,False,Cartersville,GA ,Cartersville,GA 
4500,206600801,6/6/2017 17:37,6/6/2017 17:37,6/9/2017 18:10,6/12/2017 18:00,6/13/2017 11:45,1508.12,950.0,558.12,367.9,DRV,,,False,0,Carrier 1650798,Shipper 1248,True,True,True,6/12/2017 18:00,6/13/2017 12:00,False,False,False,False,False,False,False,False,Cartersville,GA ,Cartersville,GA 
4501,206600801,6/6/2017 17:37,6/6/2017 17:37,6/9/2017 18:10,6/12/2017 18:00,6/13/2017 11:45,1508.12,950.0,558.12,367.9,DRV,,,False,0,Carrier 1650798,Shipper 1387,True,True,True,6/12/2017 18:00,6/13/2017 12:00,False,False,False,False,False,False,False,False,Cartersville,GA ,Cartersville,GA 
4502,206600801,6/6/2017 17:37,6/6/2017 17:37,6/9/2017 18:10,6/12/2017 18:00,6/13/2017 11:45,1508.12,950.0,558.12,367.9,DRV,,,False,0,Carrier 1650798,Shipper 1388,True,True,True,6/12/2017 18:00,6/13/2017 12:00,False,False,False,False,False,False,False,False,Cartersville,GA ,Cartersville,GA 
4503,206702273,10/13/2017 16:16,10/13/2017 16:16,10/20/2017 17:21,10/23/2017 16:30,10/25/2017 3:30,1507.16,1681.0,-173.84,817.6,DRV,,,False,0,Carrier 163053,Shipper 758,True,True,True,10/23/2017 16:30,10/24/2017 22:00,False,False,False,False,False,False,False,False,Idaho Falls,ID ,Idaho Falls,ID 
4504,206595297,9/20/2017 16:41,9/20/2017 16:41,9/22/2017 9:11,9/22/2017 12:00,9/25/2017 11:14,1505.32,1300.0,205.32,214.8,DRV,,,False,0,Carrier 1031719,Shipper 1249,True,True,True,9/22/2017 12:00,9/25/2017 13:00,False,False,False,False,False,False,False,False,Williamsburg,VA ,Williamsburg,VA 
4505,206595297,9/20/2017 16:41,9/20/2017 16:41,9/22/2017 9:11,9/22/2017 12:00,9/25/2017 11:14,1505.32,1300.0,205.32,214.8,DRV,,,False,0,Carrier 1031719,Shipper 1375,True,True,True,9/22/2017 12:00,9/25/2017 13:00,False,False,False,False,False,False,False,False,Williamsburg,VA ,Williamsburg,VA 
4506,206595297,9/20/2017 16:41,9/20/2017 16:41,9/22/2017 9:11,9/22/2017 12:00,9/25/2017 11:14,1505.32,1300.0,205.32,214.8,DRV,,,False,0,Carrier 1031719,Shipper 1386,True,True,True,9/22/2017 12:00,9/25/2017 13:00,False,False,False,False,False,False,False,False,Williamsburg,VA ,Williamsburg,VA 
4507,206595297,9/20/2017 16:41,9/20/2017 16:41,9/22/2017 9:11,9/22/2017 12:00,9/25/2017 11:14,1505.32,1300.0,205.32,214.8,DRV,,,False,0,Carrier 1031719,Shipper 1248,True,True,True,9/22/2017 12:00,9/25/2017 13:00,False,False,False,False,False,False,False,False,Williamsburg,VA ,Williamsburg,VA 
4508,206595297,9/20/2017 16:41,9/20/2017 16:41,9/22/2017 9:11,9/22/2017 12:00,9/25/2017 11:14,1505.32,1300.0,205.32,214.8,DRV,,,False,0,Carrier 1031719,Shipper 1387,True,True,True,9/22/2017 12:00,9/25/2017 13:00,False,False,False,False,False,False,False,False,Williamsburg,VA ,Williamsburg,VA 
4509,206595297,9/20/2017 16:41,9/20/2017 16:41,9/22/2017 9:11,9/22/2017 12:00,9/25/2017 11:14,1505.32,1300.0,205.32,214.8,DRV,,,False,0,Carrier 1031719,Shipper 1388,True,True,True,9/22/2017 12:00,9/25/2017 13:00,False,False,False,False,False,False,False,False,Williamsburg,VA ,Williamsburg,VA 
4510,206491361,10/13/2017 8:35,10/13/2017 8:36,10/13/2017 14:27,10/17/2017 13:00,10/18/2017 12:00,1502.8,1540.0,-37.2,390.6,DRV,,,True,0,Carrier 69267,Shipper 1644,True,True,True,10/17/2017 14:00,10/18/2017 12:00,False,False,False,False,False,False,False,False,Rossville,GA ,Rossville,GA 
4511,206495681,3/24/2017 17:19,3/24/2017 17:19,3/27/2017 11:57,3/27/2017 7:00,3/28/2017 10:50,1502.42,1500.0,2.42,577.9,RFR,,,False,0,Carrier 1330914,Shipper 1249,False,True,False,3/27/2017 7:00,3/28/2017 14:00,False,False,False,False,False,False,False,False,Granite City,IL ,Granite City,IL 
4512,206495681,3/24/2017 17:19,3/24/2017 17:19,3/27/2017 11:57,3/27/2017 7:00,3/28/2017 10:50,1502.42,1500.0,2.42,577.9,RFR,,,False,0,Carrier 1330914,Shipper 1375,False,True,False,3/27/2017 7:00,3/28/2017 14:00,False,False,False,False,False,False,False,False,Granite City,IL ,Granite City,IL 
4513,206495681,3/24/2017 17:19,3/24/2017 17:19,3/27/2017 11:57,3/27/2017 7:00,3/28/2017 10:50,1502.42,1500.0,2.42,577.9,RFR,,,False,0,Carrier 1330914,Shipper 1386,False,True,False,3/27/2017 7:00,3/28/2017 14:00,False,False,False,False,False,False,False,False,Granite City,IL ,Granite City,IL 
4514,206495681,3/24/2017 17:19,3/24/2017 17:19,3/27/2017 11:57,3/27/2017 7:00,3/28/2017 10:50,1502.42,1500.0,2.42,577.9,RFR,,,False,0,Carrier 1330914,Shipper 1248,False,True,False,3/27/2017 7:00,3/28/2017 14:00,False,False,False,False,False,False,False,False,Granite City,IL ,Granite City,IL 
4515,206495681,3/24/2017 17:19,3/24/2017 17:19,3/27/2017 11:57,3/27/2017 7:00,3/28/2017 10:50,1502.42,1500.0,2.42,577.9,RFR,,,False,0,Carrier 1330914,Shipper 1387,False,True,False,3/27/2017 7:00,3/28/2017 14:00,False,False,False,False,False,False,False,False,Granite City,IL ,Granite City,IL 
4516,206495681,3/24/2017 17:19,3/24/2017 17:19,3/27/2017 11:57,3/27/2017 7:00,3/28/2017 10:50,1502.42,1500.0,2.42,577.9,RFR,,,False,0,Carrier 1330914,Shipper 1388,False,True,False,3/27/2017 7:00,3/28/2017 14:00,False,False,False,False,False,False,False,False,Granite City,IL ,Granite City,IL 
4517,206546793,11/22/2017 16:23,11/22/2017 16:23,11/28/2017 9:27,11/28/2017 17:00,11/29/2017 10:30,1501.56,1300.0,201.56,285.2,RFR,,,False,0,Carrier 19248,Shipper 1249,True,True,True,11/28/2017 17:00,11/29/2017 14:00,False,False,False,False,False,False,False,False,Newark,NJ ,Newark,NJ 
4518,206546793,11/22/2017 16:23,11/22/2017 16:23,11/28/2017 9:27,11/28/2017 17:00,11/29/2017 10:30,1501.56,1300.0,201.56,285.2,RFR,,,False,0,Carrier 19248,Shipper 1375,True,True,True,11/28/2017 17:00,11/29/2017 14:00,False,False,False,False,False,False,False,False,Newark,NJ ,Newark,NJ 
4519,206546793,11/22/2017 16:23,11/22/2017 16:23,11/28/2017 9:27,11/28/2017 17:00,11/29/2017 10:30,1501.56,1300.0,201.56,285.2,RFR,,,False,0,Carrier 19248,Shipper 1386,True,True,True,11/28/2017 17:00,11/29/2017 14:00,False,False,False,False,False,False,False,False,Newark,NJ ,Newark,NJ 
4520,206546793,11/22/2017 16:23,11/22/2017 16:23,11/28/2017 9:27,11/28/2017 17:00,11/29/2017 10:30,1501.56,1300.0,201.56,285.2,RFR,,,False,0,Carrier 19248,Shipper 1248,True,True,True,11/28/2017 17:00,11/29/2017 14:00,False,False,False,False,False,False,False,False,Newark,NJ ,Newark,NJ 
4521,206546793,11/22/2017 16:23,11/22/2017 16:23,11/28/2017 9:27,11/28/2017 17:00,11/29/2017 10:30,1501.56,1300.0,201.56,285.2,RFR,,,False,0,Carrier 19248,Shipper 1387,True,True,True,11/28/2017 17:00,11/29/2017 14:00,False,False,False,False,False,False,False,False,Newark,NJ ,Newark,NJ 
4522,206546793,11/22/2017 16:23,11/22/2017 16:23,11/28/2017 9:27,11/28/2017 17:00,11/29/2017 10:30,1501.56,1300.0,201.56,285.2,RFR,,,False,0,Carrier 19248,Shipper 1388,True,True,True,11/28/2017 17:00,11/29/2017 14:00,False,False,False,False,False,False,False,False,Newark,NJ ,Newark,NJ 
4523,206560873,10/20/2017 17:31,10/20/2017 17:31,10/25/2017 10:48,10/25/2017 21:00,10/27/2017 17:15,1500.48,1800.0,-299.52,1018.8,DRV,,,False,0,Carrier 1330887,Shipper 1249,False,True,False,10/25/2017 21:00,10/27/2017 16:30,False,False,False,False,False,False,False,False,Fort Collins,CO ,Fort Collins,CO 
4524,206560873,10/20/2017 17:31,10/20/2017 17:31,10/25/2017 10:48,10/25/2017 21:00,10/27/2017 17:15,1500.48,1800.0,-299.52,1018.8,DRV,,,False,0,Carrier 1330887,Shipper 1375,False,True,False,10/25/2017 21:00,10/27/2017 16:30,False,False,False,False,False,False,False,False,Fort Collins,CO ,Fort Collins,CO 
4525,206560873,10/20/2017 17:31,10/20/2017 17:31,10/25/2017 10:48,10/25/2017 21:00,10/27/2017 17:15,1500.48,1800.0,-299.52,1018.8,DRV,,,False,0,Carrier 1330887,Shipper 1386,False,True,False,10/25/2017 21:00,10/27/2017 16:30,False,False,False,False,False,False,False,False,Fort Collins,CO ,Fort Collins,CO 
4526,206560873,10/20/2017 17:31,10/20/2017 17:31,10/25/2017 10:48,10/25/2017 21:00,10/27/2017 17:15,1500.48,1800.0,-299.52,1018.8,DRV,,,False,0,Carrier 1330887,Shipper 1248,False,True,False,10/25/2017 21:00,10/27/2017 16:30,False,False,False,False,False,False,False,False,Fort Collins,CO ,Fort Collins,CO 
4527,206560873,10/20/2017 17:31,10/20/2017 17:31,10/25/2017 10:48,10/25/2017 21:00,10/27/2017 17:15,1500.48,1800.0,-299.52,1018.8,DRV,,,False,0,Carrier 1330887,Shipper 1387,False,True,False,10/25/2017 21:00,10/27/2017 16:30,False,False,False,False,False,False,False,False,Fort Collins,CO ,Fort Collins,CO 
4528,206560873,10/20/2017 17:31,10/20/2017 17:31,10/25/2017 10:48,10/25/2017 21:00,10/27/2017 17:15,1500.48,1800.0,-299.52,1018.8,DRV,,,False,0,Carrier 1330887,Shipper 1388,False,True,False,10/25/2017 21:00,10/27/2017 16:30,False,False,False,False,False,False,False,False,Fort Collins,CO ,Fort Collins,CO 
4529,206569649,5/16/2017 14:17,5/16/2017 14:18,5/17/2017 12:23,5/17/2017 17:00,5/18/2017 13:30,1500.06,1000.0,500.06,444.0,DRV,,,False,0,Carrier 88057,Shipper 1249,True,True,True,5/17/2017 17:00,5/18/2017 15:00,False,False,False,False,False,False,False,False,Houston,TX ,Houston,TX 
4530,206569649,5/16/2017 14:17,5/16/2017 14:18,5/17/2017 12:23,5/17/2017 17:00,5/18/2017 13:30,1500.06,1000.0,500.06,444.0,DRV,,,False,0,Carrier 88057,Shipper 1375,True,True,True,5/17/2017 17:00,5/18/2017 15:00,False,False,False,False,False,False,False,False,Houston,TX ,Houston,TX 
4531,206569649,5/16/2017 14:17,5/16/2017 14:18,5/17/2017 12:23,5/17/2017 17:00,5/18/2017 13:30,1500.06,1000.0,500.06,444.0,DRV,,,False,0,Carrier 88057,Shipper 1386,True,True,True,5/17/2017 17:00,5/18/2017 15:00,False,False,False,False,False,False,False,False,Houston,TX ,Houston,TX 
4532,206569649,5/16/2017 14:17,5/16/2017 14:18,5/17/2017 12:23,5/17/2017 17:00,5/18/2017 13:30,1500.06,1000.0,500.06,444.0,DRV,,,False,0,Carrier 88057,Shipper 1248,True,True,True,5/17/2017 17:00,5/18/2017 15:00,False,False,False,False,False,False,False,False,Houston,TX ,Houston,TX 
4533,206569649,5/16/2017 14:17,5/16/2017 14:18,5/17/2017 12:23,5/17/2017 17:00,5/18/2017 13:30,1500.06,1000.0,500.06,444.0,DRV,,,False,0,Carrier 88057,Shipper 1387,True,True,True,5/17/2017 17:00,5/18/2017 15:00,False,False,False,False,False,False,False,False,Houston,TX ,Houston,TX 
4534,206569649,5/16/2017 14:17,5/16/2017 14:18,5/17/2017 12:23,5/17/2017 17:00,5/18/2017 13:30,1500.06,1000.0,500.06,444.0,DRV,,,False,0,Carrier 88057,Shipper 1388,True,True,True,5/17/2017 17:00,5/18/2017 15:00,False,False,False,False,False,False,False,False,Houston,TX ,Houston,TX 
4535,206514745,10/20/2017 16:39,10/20/2017 16:39,10/23/2017 13:05,10/23/2017 20:00,10/23/2017 22:30,1500.04,1700.0,-199.96,825.3,DRV,,,False,0,Carrier 715502,Shipper 1249,True,True,True,10/23/2017 20:00,10/25/2017 13:00,False,False,False,False,False,False,False,False,Newark,NJ ,Newark,NJ 
4536,206514745,10/20/2017 16:39,10/20/2017 16:39,10/23/2017 13:05,10/23/2017 20:00,10/23/2017 22:30,1500.04,1700.0,-199.96,825.3,DRV,,,False,0,Carrier 715502,Shipper 1375,True,True,True,10/23/2017 20:00,10/25/2017 13:00,False,False,False,False,False,False,False,False,Newark,NJ ,Newark,NJ 
4537,206514745,10/20/2017 16:39,10/20/2017 16:39,10/23/2017 13:05,10/23/2017 20:00,10/23/2017 22:30,1500.04,1700.0,-199.96,825.3,DRV,,,False,0,Carrier 715502,Shipper 1386,True,True,True,10/23/2017 20:00,10/25/2017 13:00,False,False,False,False,False,False,False,False,Newark,NJ ,Newark,NJ 
4538,206514745,10/20/2017 16:39,10/20/2017 16:39,10/23/2017 13:05,10/23/2017 20:00,10/23/2017 22:30,1500.04,1700.0,-199.96,825.3,DRV,,,False,0,Carrier 715502,Shipper 1248,True,True,True,10/23/2017 20:00,10/25/2017 13:00,False,False,False,False,False,False,False,False,Newark,NJ ,Newark,NJ 
4539,206514745,10/20/2017 16:39,10/20/2017 16:39,10/23/2017 13:05,10/23/2017 20:00,10/23/2017 22:30,1500.04,1700.0,-199.96,825.3,DRV,,,False,0,Carrier 715502,Shipper 1387,True,True,True,10/23/2017 20:00,10/25/2017 13:00,False,False,False,False,False,False,False,False,Newark,NJ ,Newark,NJ 
4540,206514745,10/20/2017 16:39,10/20/2017 16:39,10/23/2017 13:05,10/23/2017 20:00,10/23/2017 22:30,1500.04,1700.0,-199.96,825.3,DRV,,,False,0,Carrier 715502,Shipper 1388,True,True,True,10/23/2017 20:00,10/25/2017 13:00,False,False,False,False,False,False,False,False,Newark,NJ ,Newark,NJ 
4541,206576945,7/7/2017 12:54,7/7/2017 12:54,7/10/2017 9:49,7/10/2017 8:00,7/12/2017 10:30,1500.0,1650.0,-150.0,1227.5,DRV,,,False,0,Carrier 1316982,Shipper 1555,True,True,True,7/10/2017 15:00,7/12/2017 15:30,False,False,False,False,False,False,False,False,Edison,NJ ,Edison,NJ 
4542,206596249,4/10/2017 9:48,4/10/2017 9:48,4/12/2017 9:34,4/12/2017 13:00,4/14/2017 8:10,1500.0,1700.0,-200.0,981.6,DRV,,,False,0,Carrier 1541477,Shipper 1184,True,True,True,4/12/2017 13:00,4/14/2017 7:00,False,False,False,False,False,False,False,False,Port Wentworth,GA ,Port Wentworth,GA 
4543,206572521,7/19/2017 9:23,7/19/2017 9:23,7/24/2017 10:27,7/28/2017 15:00,8/1/2017 8:00,1500.0,1500.0,0.0,1011.1,DRV,,,False,0,Carrier 31074,Shipper 585,True,True,True,7/28/2017 15:00,8/1/2017 6:00,False,False,False,False,False,False,False,False,Plant City,FL ,Plant City,FL 
4544,206564201,10/20/2017 17:06,10/20/2017 17:06,10/23/2017 14:38,10/24/2017 19:00,10/25/2017 13:50,1499.92,1650.0,-150.08,486.8,DRV,,,False,0,Carrier 1444786,Shipper 1249,True,True,True,10/24/2017 19:00,10/25/2017 13:00,False,False,False,False,False,False,False,False,Fairfield,CA ,Fairfield,CA 
4545,206564201,10/20/2017 17:06,10/20/2017 17:06,10/23/2017 14:38,10/24/2017 19:00,10/25/2017 13:50,1499.92,1650.0,-150.08,486.8,DRV,,,False,0,Carrier 1444786,Shipper 1375,True,True,True,10/24/2017 19:00,10/25/2017 13:00,False,False,False,False,False,False,False,False,Fairfield,CA ,Fairfield,CA 
4546,206564201,10/20/2017 17:06,10/20/2017 17:06,10/23/2017 14:38,10/24/2017 19:00,10/25/2017 13:50,1499.92,1650.0,-150.08,486.8,DRV,,,False,0,Carrier 1444786,Shipper 1386,True,True,True,10/24/2017 19:00,10/25/2017 13:00,False,False,False,False,False,False,False,False,Fairfield,CA ,Fairfield,CA 
4547,206564201,10/20/2017 17:06,10/20/2017 17:06,10/23/2017 14:38,10/24/2017 19:00,10/25/2017 13:50,1499.92,1650.0,-150.08,486.8,DRV,,,False,0,Carrier 1444786,Shipper 1248,True,True,True,10/24/2017 19:00,10/25/2017 13:00,False,False,False,False,False,False,False,False,Fairfield,CA ,Fairfield,CA 
4548,206564201,10/20/2017 17:06,10/20/2017 17:06,10/23/2017 14:38,10/24/2017 19:00,10/25/2017 13:50,1499.92,1650.0,-150.08,486.8,DRV,,,False,0,Carrier 1444786,Shipper 1387,True,True,True,10/24/2017 19:00,10/25/2017 13:00,False,False,False,False,False,False,False,False,Fairfield,CA ,Fairfield,CA 
4549,206564201,10/20/2017 17:06,10/20/2017 17:06,10/23/2017 14:38,10/24/2017 19:00,10/25/2017 13:50,1499.92,1650.0,-150.08,486.8,DRV,,,False,0,Carrier 1444786,Shipper 1388,True,True,True,10/24/2017 19:00,10/25/2017 13:00,False,False,False,False,False,False,False,False,Fairfield,CA ,Fairfield,CA 
4550,206472025,4/17/2017 17:45,4/17/2017 17:45,4/21/2017 15:10,4/23/2017 15:00,4/24/2017 10:45,1499.51,1400.0,99.51,447.0,RFR,3.0,,False,0,Carrier 1628671,Shipper 1249,True,True,True,4/23/2017 15:00,4/24/2017 10:00,False,False,False,False,False,False,False,False,Baldwinsville,NY ,Baldwinsville,NY 
4551,206472025,4/17/2017 17:45,4/17/2017 17:45,4/21/2017 15:10,4/23/2017 15:00,4/24/2017 10:45,1499.51,1400.0,99.51,447.0,RFR,3.0,,False,0,Carrier 1628671,Shipper 1375,True,True,True,4/23/2017 15:00,4/24/2017 10:00,False,False,False,False,False,False,False,False,Baldwinsville,NY ,Baldwinsville,NY 
4552,206472025,4/17/2017 17:45,4/17/2017 17:45,4/21/2017 15:10,4/23/2017 15:00,4/24/2017 10:45,1499.51,1400.0,99.51,447.0,RFR,3.0,,False,0,Carrier 1628671,Shipper 1386,True,True,True,4/23/2017 15:00,4/24/2017 10:00,False,False,False,False,False,False,False,False,Baldwinsville,NY ,Baldwinsville,NY 
4553,206472025,4/17/2017 17:45,4/17/2017 17:45,4/21/2017 15:10,4/23/2017 15:00,4/24/2017 10:45,1499.51,1400.0,99.51,447.0,RFR,3.0,,False,0,Carrier 1628671,Shipper 1248,True,True,True,4/23/2017 15:00,4/24/2017 10:00,False,False,False,False,False,False,False,False,Baldwinsville,NY ,Baldwinsville,NY 
4554,206472025,4/17/2017 17:45,4/17/2017 17:45,4/21/2017 15:10,4/23/2017 15:00,4/24/2017 10:45,1499.51,1400.0,99.51,447.0,RFR,3.0,,False,0,Carrier 1628671,Shipper 1387,True,True,True,4/23/2017 15:00,4/24/2017 10:00,False,False,False,False,False,False,False,False,Baldwinsville,NY ,Baldwinsville,NY 
4555,206472025,4/17/2017 17:45,4/17/2017 17:45,4/21/2017 15:10,4/23/2017 15:00,4/24/2017 10:45,1499.51,1400.0,99.51,447.0,RFR,3.0,,False,0,Carrier 1628671,Shipper 1388,True,True,True,4/23/2017 15:00,4/24/2017 10:00,False,False,False,False,False,False,False,False,Baldwinsville,NY ,Baldwinsville,NY 
4556,206552337,8/21/2017 16:56,8/21/2017 16:56,8/22/2017 10:37,8/23/2017 14:00,8/24/2017 11:45,1499.27,1400.0,99.27,539.5,RFR,,,False,0,Carrier 57607,Shipper 1249,True,True,True,8/23/2017 14:00,8/24/2017 11:45,False,False,False,False,False,False,False,False,Granite City,IL ,Granite City,IL 
4557,206552337,8/21/2017 16:56,8/21/2017 16:56,8/22/2017 10:37,8/23/2017 14:00,8/24/2017 11:45,1499.27,1400.0,99.27,539.5,RFR,,,False,0,Carrier 57607,Shipper 1375,True,True,True,8/23/2017 14:00,8/24/2017 11:45,False,False,False,False,False,False,False,False,Granite City,IL ,Granite City,IL 
4558,206552337,8/21/2017 16:56,8/21/2017 16:56,8/22/2017 10:37,8/23/2017 14:00,8/24/2017 11:45,1499.27,1400.0,99.27,539.5,RFR,,,False,0,Carrier 57607,Shipper 1386,True,True,True,8/23/2017 14:00,8/24/2017 11:45,False,False,False,False,False,False,False,False,Granite City,IL ,Granite City,IL 
4559,206552337,8/21/2017 16:56,8/21/2017 16:56,8/22/2017 10:37,8/23/2017 14:00,8/24/2017 11:45,1499.27,1400.0,99.27,539.5,RFR,,,False,0,Carrier 57607,Shipper 1248,True,True,True,8/23/2017 14:00,8/24/2017 11:45,False,False,False,False,False,False,False,False,Granite City,IL ,Granite City,IL 
4560,206552337,8/21/2017 16:56,8/21/2017 16:56,8/22/2017 10:37,8/23/2017 14:00,8/24/2017 11:45,1499.27,1400.0,99.27,539.5,RFR,,,False,0,Carrier 57607,Shipper 1387,True,True,True,8/23/2017 14:00,8/24/2017 11:45,False,False,False,False,False,False,False,False,Granite City,IL ,Granite City,IL 
4561,206552337,8/21/2017 16:56,8/21/2017 16:56,8/22/2017 10:37,8/23/2017 14:00,8/24/2017 11:45,1499.27,1400.0,99.27,539.5,RFR,,,False,0,Carrier 57607,Shipper 1388,True,True,True,8/23/2017 14:00,8/24/2017 11:45,False,False,False,False,False,False,False,False,Granite City,IL ,Granite City,IL 
4562,206484433,9/14/2017 17:35,9/14/2017 17:36,9/15/2017 16:39,9/17/2017 15:00,9/18/2017 8:00,1497.12,1300.0,197.12,348.2,DRV,,,False,0,Carrier 1417083,Shipper 1249,True,True,True,9/17/2017 15:00,9/18/2017 14:00,False,False,False,False,False,False,False,False,Baldwinsville,NY ,Baldwinsville,NY 
4563,206484433,9/14/2017 17:35,9/14/2017 17:36,9/15/2017 16:39,9/17/2017 15:00,9/18/2017 8:00,1497.12,1300.0,197.12,348.2,DRV,,,False,0,Carrier 1417083,Shipper 1375,True,True,True,9/17/2017 15:00,9/18/2017 14:00,False,False,False,False,False,False,False,False,Baldwinsville,NY ,Baldwinsville,NY 
4564,206484433,9/14/2017 17:35,9/14/2017 17:36,9/15/2017 16:39,9/17/2017 15:00,9/18/2017 8:00,1497.12,1300.0,197.12,348.2,DRV,,,False,0,Carrier 1417083,Shipper 1386,True,True,True,9/17/2017 15:00,9/18/2017 14:00,False,False,False,False,False,False,False,False,Baldwinsville,NY ,Baldwinsville,NY 
4565,206484433,9/14/2017 17:35,9/14/2017 17:36,9/15/2017 16:39,9/17/2017 15:00,9/18/2017 8:00,1497.12,1300.0,197.12,348.2,DRV,,,False,0,Carrier 1417083,Shipper 1248,True,True,True,9/17/2017 15:00,9/18/2017 14:00,False,False,False,False,False,False,False,False,Baldwinsville,NY ,Baldwinsville,NY 
4566,206484433,9/14/2017 17:35,9/14/2017 17:36,9/15/2017 16:39,9/17/2017 15:00,9/18/2017 8:00,1497.12,1300.0,197.12,348.2,DRV,,,False,0,Carrier 1417083,Shipper 1387,True,True,True,9/17/2017 15:00,9/18/2017 14:00,False,False,False,False,False,False,False,False,Baldwinsville,NY ,Baldwinsville,NY 
4567,206484433,9/14/2017 17:35,9/14/2017 17:36,9/15/2017 16:39,9/17/2017 15:00,9/18/2017 8:00,1497.12,1300.0,197.12,348.2,DRV,,,False,0,Carrier 1417083,Shipper 1388,True,True,True,9/17/2017 15:00,9/18/2017 14:00,False,False,False,False,False,False,False,False,Baldwinsville,NY ,Baldwinsville,NY 
4568,206709041,8/22/2017 16:22,8/22/2017 16:22,8/24/2017 10:57,8/24/2017 16:00,8/25/2017 16:10,1496.79,1100.0,396.79,344.0,RFR,,,False,0,Carrier 572,Shipper 1249,True,True,True,8/24/2017 16:00,8/25/2017 17:00,False,False,False,False,False,False,False,False,Aurora,CO ,Aurora,CO 
4569,206709041,8/22/2017 16:22,8/22/2017 16:22,8/24/2017 10:57,8/24/2017 16:00,8/25/2017 16:10,1496.79,1100.0,396.79,344.0,RFR,,,False,0,Carrier 572,Shipper 1375,True,True,True,8/24/2017 16:00,8/25/2017 17:00,False,False,False,False,False,False,False,False,Aurora,CO ,Aurora,CO 
4570,206709041,8/22/2017 16:22,8/22/2017 16:22,8/24/2017 10:57,8/24/2017 16:00,8/25/2017 16:10,1496.79,1100.0,396.79,344.0,RFR,,,False,0,Carrier 572,Shipper 1386,True,True,True,8/24/2017 16:00,8/25/2017 17:00,False,False,False,False,False,False,False,False,Aurora,CO ,Aurora,CO 
4571,206709041,8/22/2017 16:22,8/22/2017 16:22,8/24/2017 10:57,8/24/2017 16:00,8/25/2017 16:10,1496.79,1100.0,396.79,344.0,RFR,,,False,0,Carrier 572,Shipper 1248,True,True,True,8/24/2017 16:00,8/25/2017 17:00,False,False,False,False,False,False,False,False,Aurora,CO ,Aurora,CO 
4572,206709041,8/22/2017 16:22,8/22/2017 16:22,8/24/2017 10:57,8/24/2017 16:00,8/25/2017 16:10,1496.79,1100.0,396.79,344.0,RFR,,,False,0,Carrier 572,Shipper 1387,True,True,True,8/24/2017 16:00,8/25/2017 17:00,False,False,False,False,False,False,False,False,Aurora,CO ,Aurora,CO 
4573,206709041,8/22/2017 16:22,8/22/2017 16:22,8/24/2017 10:57,8/24/2017 16:00,8/25/2017 16:10,1496.79,1100.0,396.79,344.0,RFR,,,False,0,Carrier 572,Shipper 1388,True,True,True,8/24/2017 16:00,8/25/2017 17:00,False,False,False,False,False,False,False,False,Aurora,CO ,Aurora,CO 
4574,206423217,1/13/2017 17:25,1/13/2017 17:25,1/13/2017 18:07,1/13/2017 3:00,1/14/2017 6:00,1496.0,1000.0,496.0,140.0,RFR,,,False,0,Carrier 1064563,Shipper 758,,,,1/14/2017 2:00,1/14/2017 2:00,False,False,False,False,False,False,False,False,Portland,OR ,Portland,OR 
4575,206524441,8/1/2017 10:35,8/1/2017 10:35,8/9/2017 17:02,8/10/2017 8:00,8/11/2017 16:35,1495.0,1400.0,95.0,676.2,RFR,,,False,0,Carrier 1427844,Shipper 734,True,True,True,8/10/2017 10:00,8/11/2017 6:00,False,False,False,False,False,False,False,False,Wilkes-Barre,PA ,Wilkes-Barre,PA 
4576,206542025,12/4/2017 10:20,12/4/2017 10:20,12/5/2017 16:44,12/5/2017 14:00,12/7/2017 15:30,1494.92,1750.0,-255.08,306.4,RFR,,,False,1,Carrier 792680,Shipper 1249,False,False,False,12/5/2017 14:00,12/7/2017 6:00,False,False,False,False,False,False,False,False,Cartersville,GA ,Cartersville,GA 
4577,206542025,12/4/2017 10:20,12/4/2017 10:20,12/5/2017 16:44,12/5/2017 14:00,12/7/2017 15:30,1494.92,1750.0,-255.08,306.4,RFR,,,False,1,Carrier 792680,Shipper 1375,False,False,False,12/5/2017 14:00,12/7/2017 6:00,False,False,False,False,False,False,False,False,Cartersville,GA ,Cartersville,GA 
4578,206542025,12/4/2017 10:20,12/4/2017 10:20,12/5/2017 16:44,12/5/2017 14:00,12/7/2017 15:30,1494.92,1750.0,-255.08,306.4,RFR,,,False,1,Carrier 792680,Shipper 1386,False,False,False,12/5/2017 14:00,12/7/2017 6:00,False,False,False,False,False,False,False,False,Cartersville,GA ,Cartersville,GA 
4579,206542025,12/4/2017 10:20,12/4/2017 10:20,12/5/2017 16:44,12/5/2017 14:00,12/7/2017 15:30,1494.92,1750.0,-255.08,306.4,RFR,,,False,1,Carrier 792680,Shipper 1248,False,False,False,12/5/2017 14:00,12/7/2017 6:00,False,False,False,False,False,False,False,False,Cartersville,GA ,Cartersville,GA 
4580,206542025,12/4/2017 10:20,12/4/2017 10:20,12/5/2017 16:44,12/5/2017 14:00,12/7/2017 15:30,1494.92,1750.0,-255.08,306.4,RFR,,,False,1,Carrier 792680,Shipper 1387,False,False,False,12/5/2017 14:00,12/7/2017 6:00,False,False,False,False,False,False,False,False,Cartersville,GA ,Cartersville,GA 
4581,206542025,12/4/2017 10:20,12/4/2017 10:20,12/5/2017 16:44,12/5/2017 14:00,12/7/2017 15:30,1494.92,1750.0,-255.08,306.4,RFR,,,False,1,Carrier 792680,Shipper 1388,False,False,False,12/5/2017 14:00,12/7/2017 6:00,False,False,False,False,False,False,False,False,Cartersville,GA ,Cartersville,GA 
4582,206469553,4/17/2017 16:35,4/17/2017 16:36,4/18/2017 10:49,4/18/2017 20:00,4/19/2017 13:25,1491.63,1400.0,91.63,562.0,DRV,4.0,,False,0,Carrier 1145216,Shipper 1249,True,True,True,4/18/2017 20:00,4/19/2017 14:00,False,False,False,False,False,False,False,False,Williamsburg,VA ,Williamsburg,VA 
4583,206469553,4/17/2017 16:35,4/17/2017 16:36,4/18/2017 10:49,4/18/2017 20:00,4/19/2017 13:25,1491.63,1400.0,91.63,562.0,DRV,4.0,,False,0,Carrier 1145216,Shipper 1375,True,True,True,4/18/2017 20:00,4/19/2017 14:00,False,False,False,False,False,False,False,False,Williamsburg,VA ,Williamsburg,VA 
4584,206469553,4/17/2017 16:35,4/17/2017 16:36,4/18/2017 10:49,4/18/2017 20:00,4/19/2017 13:25,1491.63,1400.0,91.63,562.0,DRV,4.0,,False,0,Carrier 1145216,Shipper 1386,True,True,True,4/18/2017 20:00,4/19/2017 14:00,False,False,False,False,False,False,False,False,Williamsburg,VA ,Williamsburg,VA 
4585,206469553,4/17/2017 16:35,4/17/2017 16:36,4/18/2017 10:49,4/18/2017 20:00,4/19/2017 13:25,1491.63,1400.0,91.63,562.0,DRV,4.0,,False,0,Carrier 1145216,Shipper 1248,True,True,True,4/18/2017 20:00,4/19/2017 14:00,False,False,False,False,False,False,False,False,Williamsburg,VA ,Williamsburg,VA 
4586,206469553,4/17/2017 16:35,4/17/2017 16:36,4/18/2017 10:49,4/18/2017 20:00,4/19/2017 13:25,1491.63,1400.0,91.63,562.0,DRV,4.0,,False,0,Carrier 1145216,Shipper 1387,True,True,True,4/18/2017 20:00,4/19/2017 14:00,False,False,False,False,False,False,False,False,Williamsburg,VA ,Williamsburg,VA 
4587,206469553,4/17/2017 16:35,4/17/2017 16:36,4/18/2017 10:49,4/18/2017 20:00,4/19/2017 13:25,1491.63,1400.0,91.63,562.0,DRV,4.0,,False,0,Carrier 1145216,Shipper 1388,True,True,True,4/18/2017 20:00,4/19/2017 14:00,False,False,False,False,False,False,False,False,Williamsburg,VA ,Williamsburg,VA 
4588,206542777,4/6/2017 16:18,4/6/2017 16:18,4/7/2017 14:35,4/9/2017 14:00,4/10/2017 15:15,1490.92,1900.0,-409.08,656.6,RFR,4.0,,False,0,Carrier 1645721,Shipper 1249,True,True,True,4/9/2017 14:00,4/11/2017 15:00,False,False,False,False,False,False,False,False,Granite City,IL ,Granite City,IL 
4589,206542777,4/6/2017 16:18,4/6/2017 16:18,4/7/2017 14:35,4/9/2017 14:00,4/10/2017 15:15,1490.92,1900.0,-409.08,656.6,RFR,4.0,,False,0,Carrier 1645721,Shipper 1375,True,True,True,4/9/2017 14:00,4/11/2017 15:00,False,False,False,False,False,False,False,False,Granite City,IL ,Granite City,IL 
4590,206542777,4/6/2017 16:18,4/6/2017 16:18,4/7/2017 14:35,4/9/2017 14:00,4/10/2017 15:15,1490.92,1900.0,-409.08,656.6,RFR,4.0,,False,0,Carrier 1645721,Shipper 1386,True,True,True,4/9/2017 14:00,4/11/2017 15:00,False,False,False,False,False,False,False,False,Granite City,IL ,Granite City,IL 
4591,206542777,4/6/2017 16:18,4/6/2017 16:18,4/7/2017 14:35,4/9/2017 14:00,4/10/2017 15:15,1490.92,1900.0,-409.08,656.6,RFR,4.0,,False,0,Carrier 1645721,Shipper 1248,True,True,True,4/9/2017 14:00,4/11/2017 15:00,False,False,False,False,False,False,False,False,Granite City,IL ,Granite City,IL 
4592,206542777,4/6/2017 16:18,4/6/2017 16:18,4/7/2017 14:35,4/9/2017 14:00,4/10/2017 15:15,1490.92,1900.0,-409.08,656.6,RFR,4.0,,False,0,Carrier 1645721,Shipper 1387,True,True,True,4/9/2017 14:00,4/11/2017 15:00,False,False,False,False,False,False,False,False,Granite City,IL ,Granite City,IL 
4593,206542777,4/6/2017 16:18,4/6/2017 16:18,4/7/2017 14:35,4/9/2017 14:00,4/10/2017 15:15,1490.92,1900.0,-409.08,656.6,RFR,4.0,,False,0,Carrier 1645721,Shipper 1388,True,True,True,4/9/2017 14:00,4/11/2017 15:00,False,False,False,False,False,False,False,False,Granite City,IL ,Granite City,IL 
4594,206428313,6/6/2017 14:34,6/6/2017 14:34,6/12/2017 10:48,6/12/2017 10:00,6/14/2017 9:15,1489.66,1800.0,-310.34,714.9,DRV,,,False,0,Carrier 1567920,Shipper 1249,True,True,True,6/12/2017 12:00,6/14/2017 14:00,False,False,False,False,False,False,False,False,Fort Collins,CO ,Fort Collins,CO 
4595,206428313,6/6/2017 14:34,6/6/2017 14:34,6/12/2017 10:48,6/12/2017 10:00,6/14/2017 9:15,1489.66,1800.0,-310.34,714.9,DRV,,,False,0,Carrier 1567920,Shipper 1375,True,True,True,6/12/2017 12:00,6/14/2017 14:00,False,False,False,False,False,False,False,False,Fort Collins,CO ,Fort Collins,CO 
4596,206428313,6/6/2017 14:34,6/6/2017 14:34,6/12/2017 10:48,6/12/2017 10:00,6/14/2017 9:15,1489.66,1800.0,-310.34,714.9,DRV,,,False,0,Carrier 1567920,Shipper 1386,True,True,True,6/12/2017 12:00,6/14/2017 14:00,False,False,False,False,False,False,False,False,Fort Collins,CO ,Fort Collins,CO 
4597,206428313,6/6/2017 14:34,6/6/2017 14:34,6/12/2017 10:48,6/12/2017 10:00,6/14/2017 9:15,1489.66,1800.0,-310.34,714.9,DRV,,,False,0,Carrier 1567920,Shipper 1248,True,True,True,6/12/2017 12:00,6/14/2017 14:00,False,False,False,False,False,False,False,False,Fort Collins,CO ,Fort Collins,CO 
4598,206428313,6/6/2017 14:34,6/6/2017 14:34,6/12/2017 10:48,6/12/2017 10:00,6/14/2017 9:15,1489.66,1800.0,-310.34,714.9,DRV,,,False,0,Carrier 1567920,Shipper 1387,True,True,True,6/12/2017 12:00,6/14/2017 14:00,False,False,False,False,False,False,False,False,Fort Collins,CO ,Fort Collins,CO 
4599,206428313,6/6/2017 14:34,6/6/2017 14:34,6/12/2017 10:48,6/12/2017 10:00,6/14/2017 9:15,1489.66,1800.0,-310.34,714.9,DRV,,,False,0,Carrier 1567920,Shipper 1388,True,True,True,6/12/2017 12:00,6/14/2017 14:00,False,False,False,False,False,False,False,False,Fort Collins,CO ,Fort Collins,CO 
4600,206440305,6/6/2017 18:20,6/6/2017 18:20,6/7/2017 15:29,6/8/2017 0:00,6/8/2017 11:25,1489.62,1200.0,289.62,230.9,RFR,,,False,0,Carrier 31074,Shipper 1249,True,True,True,6/8/2017 0:00,6/8/2017 14:00,False,False,False,False,False,False,False,False,Columbus,OH ,Columbus,OH 
4601,206440305,6/6/2017 18:20,6/6/2017 18:20,6/7/2017 15:29,6/8/2017 0:00,6/8/2017 11:25,1489.62,1200.0,289.62,230.9,RFR,,,False,0,Carrier 31074,Shipper 1375,True,True,True,6/8/2017 0:00,6/8/2017 14:00,False,False,False,False,False,False,False,False,Columbus,OH ,Columbus,OH 
4602,206440305,6/6/2017 18:20,6/6/2017 18:20,6/7/2017 15:29,6/8/2017 0:00,6/8/2017 11:25,1489.62,1200.0,289.62,230.9,RFR,,,False,0,Carrier 31074,Shipper 1386,True,True,True,6/8/2017 0:00,6/8/2017 14:00,False,False,False,False,False,False,False,False,Columbus,OH ,Columbus,OH 
4603,206440305,6/6/2017 18:20,6/6/2017 18:20,6/7/2017 15:29,6/8/2017 0:00,6/8/2017 11:25,1489.62,1200.0,289.62,230.9,RFR,,,False,0,Carrier 31074,Shipper 1248,True,True,True,6/8/2017 0:00,6/8/2017 14:00,False,False,False,False,False,False,False,False,Columbus,OH ,Columbus,OH 
4604,206440305,6/6/2017 18:20,6/6/2017 18:20,6/7/2017 15:29,6/8/2017 0:00,6/8/2017 11:25,1489.62,1200.0,289.62,230.9,RFR,,,False,0,Carrier 31074,Shipper 1387,True,True,True,6/8/2017 0:00,6/8/2017 14:00,False,False,False,False,False,False,False,False,Columbus,OH ,Columbus,OH 
4605,206440305,6/6/2017 18:20,6/6/2017 18:20,6/7/2017 15:29,6/8/2017 0:00,6/8/2017 11:25,1489.62,1200.0,289.62,230.9,RFR,,,False,0,Carrier 31074,Shipper 1388,True,True,True,6/8/2017 0:00,6/8/2017 14:00,False,False,False,False,False,False,False,False,Columbus,OH ,Columbus,OH 
4606,206531857,12/14/2017 16:22,12/14/2017 16:22,12/15/2017 11:09,12/15/2017 14:00,12/18/2017 10:20,1488.88,1600.0,-111.12,412.2,DRV,,dat_in,False,0,Carrier 1086797,Shipper 1249,True,True,True,12/15/2017 14:00,12/18/2017 9:00,False,False,False,False,False,False,False,False,Cartersville,GA ,Cartersville,GA 
4607,206531857,12/14/2017 16:22,12/14/2017 16:22,12/15/2017 11:09,12/15/2017 14:00,12/18/2017 10:20,1488.88,1600.0,-111.12,412.2,DRV,,dat_in,False,0,Carrier 1086797,Shipper 1375,True,True,True,12/15/2017 14:00,12/18/2017 9:00,False,False,False,False,False,False,False,False,Cartersville,GA ,Cartersville,GA 
4608,206531857,12/14/2017 16:22,12/14/2017 16:22,12/15/2017 11:09,12/15/2017 14:00,12/18/2017 10:20,1488.88,1600.0,-111.12,412.2,DRV,,dat_in,False,0,Carrier 1086797,Shipper 1386,True,True,True,12/15/2017 14:00,12/18/2017 9:00,False,False,False,False,False,False,False,False,Cartersville,GA ,Cartersville,GA 
4609,206531857,12/14/2017 16:22,12/14/2017 16:22,12/15/2017 11:09,12/15/2017 14:00,12/18/2017 10:20,1488.88,1600.0,-111.12,412.2,DRV,,dat_in,False,0,Carrier 1086797,Shipper 1248,True,True,True,12/15/2017 14:00,12/18/2017 9:00,False,False,False,False,False,False,False,False,Cartersville,GA ,Cartersville,GA 
4610,206531857,12/14/2017 16:22,12/14/2017 16:22,12/15/2017 11:09,12/15/2017 14:00,12/18/2017 10:20,1488.88,1600.0,-111.12,412.2,DRV,,dat_in,False,0,Carrier 1086797,Shipper 1387,True,True,True,12/15/2017 14:00,12/18/2017 9:00,False,False,False,False,False,False,False,False,Cartersville,GA ,Cartersville,GA 
4611,206531857,12/14/2017 16:22,12/14/2017 16:22,12/15/2017 11:09,12/15/2017 14:00,12/18/2017 10:20,1488.88,1600.0,-111.12,412.2,DRV,,dat_in,False,0,Carrier 1086797,Shipper 1388,True,True,True,12/15/2017 14:00,12/18/2017 9:00,False,False,False,False,False,False,False,False,Cartersville,GA ,Cartersville,GA 
4612,206424953,9/26/2017 16:34,9/26/2017 16:34,9/29/2017 10:08,9/29/2017 11:00,9/30/2017 11:30,1488.76,1400.0,88.76,306.4,DRV,,,False,1,Carrier 20160,Shipper 1249,True,True,True,9/29/2017 11:00,9/30/2017 9:30,False,False,False,False,False,False,False,False,Cartersville,GA ,Cartersville,GA 
4613,206424953,9/26/2017 16:34,9/26/2017 16:34,9/29/2017 10:08,9/29/2017 11:00,9/30/2017 11:30,1488.76,1400.0,88.76,306.4,DRV,,,False,1,Carrier 20160,Shipper 1375,True,True,True,9/29/2017 11:00,9/30/2017 9:30,False,False,False,False,False,False,False,False,Cartersville,GA ,Cartersville,GA 
4614,206424953,9/26/2017 16:34,9/26/2017 16:34,9/29/2017 10:08,9/29/2017 11:00,9/30/2017 11:30,1488.76,1400.0,88.76,306.4,DRV,,,False,1,Carrier 20160,Shipper 1386,True,True,True,9/29/2017 11:00,9/30/2017 9:30,False,False,False,False,False,False,False,False,Cartersville,GA ,Cartersville,GA 
4615,206424953,9/26/2017 16:34,9/26/2017 16:34,9/29/2017 10:08,9/29/2017 11:00,9/30/2017 11:30,1488.76,1400.0,88.76,306.4,DRV,,,False,1,Carrier 20160,Shipper 1248,True,True,True,9/29/2017 11:00,9/30/2017 9:30,False,False,False,False,False,False,False,False,Cartersville,GA ,Cartersville,GA 
4616,206424953,9/26/2017 16:34,9/26/2017 16:34,9/29/2017 10:08,9/29/2017 11:00,9/30/2017 11:30,1488.76,1400.0,88.76,306.4,DRV,,,False,1,Carrier 20160,Shipper 1387,True,True,True,9/29/2017 11:00,9/30/2017 9:30,False,False,False,False,False,False,False,False,Cartersville,GA ,Cartersville,GA 
4617,206424953,9/26/2017 16:34,9/26/2017 16:34,9/29/2017 10:08,9/29/2017 11:00,9/30/2017 11:30,1488.76,1400.0,88.76,306.4,DRV,,,False,1,Carrier 20160,Shipper 1388,True,True,True,9/29/2017 11:00,9/30/2017 9:30,False,False,False,False,False,False,False,False,Cartersville,GA ,Cartersville,GA 
4618,206624033,9/5/2017 16:44,9/5/2017 16:44,9/7/2017 15:34,9/7/2017 11:00,9/11/2017 10:00,1488.35,1300.0,188.35,664.5,RFR,,,False,1,Carrier 84507,Shipper 1249,False,True,False,9/7/2017 11:00,9/11/2017 10:00,False,False,False,False,False,False,False,False,Aurora,CO ,Aurora,CO 
4619,206624033,9/5/2017 16:44,9/5/2017 16:44,9/7/2017 15:34,9/7/2017 11:00,9/11/2017 10:00,1488.35,1300.0,188.35,664.5,RFR,,,False,1,Carrier 84507,Shipper 1375,False,True,False,9/7/2017 11:00,9/11/2017 10:00,False,False,False,False,False,False,False,False,Aurora,CO ,Aurora,CO 
4620,206624033,9/5/2017 16:44,9/5/2017 16:44,9/7/2017 15:34,9/7/2017 11:00,9/11/2017 10:00,1488.35,1300.0,188.35,664.5,RFR,,,False,1,Carrier 84507,Shipper 1386,False,True,False,9/7/2017 11:00,9/11/2017 10:00,False,False,False,False,False,False,False,False,Aurora,CO ,Aurora,CO 
4621,206624033,9/5/2017 16:44,9/5/2017 16:44,9/7/2017 15:34,9/7/2017 11:00,9/11/2017 10:00,1488.35,1300.0,188.35,664.5,RFR,,,False,1,Carrier 84507,Shipper 1248,False,True,False,9/7/2017 11:00,9/11/2017 10:00,False,False,False,False,False,False,False,False,Aurora,CO ,Aurora,CO 
4622,206624033,9/5/2017 16:44,9/5/2017 16:44,9/7/2017 15:34,9/7/2017 11:00,9/11/2017 10:00,1488.35,1300.0,188.35,664.5,RFR,,,False,1,Carrier 84507,Shipper 1387,False,True,False,9/7/2017 11:00,9/11/2017 10:00,False,False,False,False,False,False,False,False,Aurora,CO ,Aurora,CO 
4623,206624033,9/5/2017 16:44,9/5/2017 16:44,9/7/2017 15:34,9/7/2017 11:00,9/11/2017 10:00,1488.35,1300.0,188.35,664.5,RFR,,,False,1,Carrier 84507,Shipper 1388,False,True,False,9/7/2017 11:00,9/11/2017 10:00,False,False,False,False,False,False,False,False,Aurora,CO ,Aurora,CO 
4624,206572249,12/4/2017 10:41,12/4/2017 10:41,12/4/2017 12:25,12/4/2017 16:00,12/5/2017 9:45,1487.04,1200.0,287.04,394.3,RFR,,,False,0,Carrier 73823,Shipper 1249,True,True,True,12/4/2017 16:00,12/5/2017 9:00,False,False,False,False,False,False,False,False,Jacksonville,FL ,Jacksonville,FL 
4625,206572249,12/4/2017 10:41,12/4/2017 10:41,12/4/2017 12:25,12/4/2017 16:00,12/5/2017 9:45,1487.04,1200.0,287.04,394.3,RFR,,,False,0,Carrier 73823,Shipper 1375,True,True,True,12/4/2017 16:00,12/5/2017 9:00,False,False,False,False,False,False,False,False,Jacksonville,FL ,Jacksonville,FL 
4626,206572249,12/4/2017 10:41,12/4/2017 10:41,12/4/2017 12:25,12/4/2017 16:00,12/5/2017 9:45,1487.04,1200.0,287.04,394.3,RFR,,,False,0,Carrier 73823,Shipper 1386,True,True,True,12/4/2017 16:00,12/5/2017 9:00,False,False,False,False,False,False,False,False,Jacksonville,FL ,Jacksonville,FL 
4627,206572249,12/4/2017 10:41,12/4/2017 10:41,12/4/2017 12:25,12/4/2017 16:00,12/5/2017 9:45,1487.04,1200.0,287.04,394.3,RFR,,,False,0,Carrier 73823,Shipper 1248,True,True,True,12/4/2017 16:00,12/5/2017 9:00,False,False,False,False,False,False,False,False,Jacksonville,FL ,Jacksonville,FL 
4628,206572249,12/4/2017 10:41,12/4/2017 10:41,12/4/2017 12:25,12/4/2017 16:00,12/5/2017 9:45,1487.04,1200.0,287.04,394.3,RFR,,,False,0,Carrier 73823,Shipper 1387,True,True,True,12/4/2017 16:00,12/5/2017 9:00,False,False,False,False,False,False,False,False,Jacksonville,FL ,Jacksonville,FL 
4629,206572249,12/4/2017 10:41,12/4/2017 10:41,12/4/2017 12:25,12/4/2017 16:00,12/5/2017 9:45,1487.04,1200.0,287.04,394.3,RFR,,,False,0,Carrier 73823,Shipper 1388,True,True,True,12/4/2017 16:00,12/5/2017 9:00,False,False,False,False,False,False,False,False,Jacksonville,FL ,Jacksonville,FL 
4630,206501097,5/22/2017 14:31,5/22/2017 14:31,5/23/2017 16:51,5/23/2017 13:00,5/24/2017 10:22,1486.9,2000.0,-513.1,579.6,DRV,,,False,1,Carrier 1681657,Shipper 1249,True,True,True,5/23/2017 13:00,5/24/2017 13:00,False,False,False,False,False,False,False,False,Houston,TX ,Houston,TX 
4631,206501097,5/22/2017 14:31,5/22/2017 14:31,5/23/2017 16:51,5/23/2017 13:00,5/24/2017 10:22,1486.9,2000.0,-513.1,579.6,DRV,,,False,1,Carrier 1681657,Shipper 1375,True,True,True,5/23/2017 13:00,5/24/2017 13:00,False,False,False,False,False,False,False,False,Houston,TX ,Houston,TX 
4632,206501097,5/22/2017 14:31,5/22/2017 14:31,5/23/2017 16:51,5/23/2017 13:00,5/24/2017 10:22,1486.9,2000.0,-513.1,579.6,DRV,,,False,1,Carrier 1681657,Shipper 1386,True,True,True,5/23/2017 13:00,5/24/2017 13:00,False,False,False,False,False,False,False,False,Houston,TX ,Houston,TX 
4633,206501097,5/22/2017 14:31,5/22/2017 14:31,5/23/2017 16:51,5/23/2017 13:00,5/24/2017 10:22,1486.9,2000.0,-513.1,579.6,DRV,,,False,1,Carrier 1681657,Shipper 1248,True,True,True,5/23/2017 13:00,5/24/2017 13:00,False,False,False,False,False,False,False,False,Houston,TX ,Houston,TX 
4634,206501097,5/22/2017 14:31,5/22/2017 14:31,5/23/2017 16:51,5/23/2017 13:00,5/24/2017 10:22,1486.9,2000.0,-513.1,579.6,DRV,,,False,1,Carrier 1681657,Shipper 1387,True,True,True,5/23/2017 13:00,5/24/2017 13:00,False,False,False,False,False,False,False,False,Houston,TX ,Houston,TX 
4635,206501097,5/22/2017 14:31,5/22/2017 14:31,5/23/2017 16:51,5/23/2017 13:00,5/24/2017 10:22,1486.9,2000.0,-513.1,579.6,DRV,,,False,1,Carrier 1681657,Shipper 1388,True,True,True,5/23/2017 13:00,5/24/2017 13:00,False,False,False,False,False,False,False,False,Houston,TX ,Houston,TX 
4636,206482713,7/25/2017 16:17,7/25/2017 16:17,7/27/2017 14:25,7/28/2017 15:00,7/31/2017 10:00,1485.53,1400.0,85.53,837.0,RFR,,,False,0,Carrier 81816,Shipper 1249,True,True,True,7/28/2017 15:00,7/31/2017 20:00,False,False,False,False,False,False,False,False,Aurora,CO ,Aurora,CO 
4637,206482713,7/25/2017 16:17,7/25/2017 16:17,7/27/2017 14:25,7/28/2017 15:00,7/31/2017 10:00,1485.53,1400.0,85.53,837.0,RFR,,,False,0,Carrier 81816,Shipper 1375,True,True,True,7/28/2017 15:00,7/31/2017 20:00,False,False,False,False,False,False,False,False,Aurora,CO ,Aurora,CO 
4638,206482713,7/25/2017 16:17,7/25/2017 16:17,7/27/2017 14:25,7/28/2017 15:00,7/31/2017 10:00,1485.53,1400.0,85.53,837.0,RFR,,,False,0,Carrier 81816,Shipper 1386,True,True,True,7/28/2017 15:00,7/31/2017 20:00,False,False,False,False,False,False,False,False,Aurora,CO ,Aurora,CO 
4639,206482713,7/25/2017 16:17,7/25/2017 16:17,7/27/2017 14:25,7/28/2017 15:00,7/31/2017 10:00,1485.53,1400.0,85.53,837.0,RFR,,,False,0,Carrier 81816,Shipper 1248,True,True,True,7/28/2017 15:00,7/31/2017 20:00,False,False,False,False,False,False,False,False,Aurora,CO ,Aurora,CO 
4640,206482713,7/25/2017 16:17,7/25/2017 16:17,7/27/2017 14:25,7/28/2017 15:00,7/31/2017 10:00,1485.53,1400.0,85.53,837.0,RFR,,,False,0,Carrier 81816,Shipper 1387,True,True,True,7/28/2017 15:00,7/31/2017 20:00,False,False,False,False,False,False,False,False,Aurora,CO ,Aurora,CO 
4641,206482713,7/25/2017 16:17,7/25/2017 16:17,7/27/2017 14:25,7/28/2017 15:00,7/31/2017 10:00,1485.53,1400.0,85.53,837.0,RFR,,,False,0,Carrier 81816,Shipper 1388,True,True,True,7/28/2017 15:00,7/31/2017 20:00,False,False,False,False,False,False,False,False,Aurora,CO ,Aurora,CO 
4642,206564209,12/29/2017 12:52,12/29/2017 12:52,1/2/2018 8:22,1/2/2018 7:00,1/3/2018 10:00,1485.36,1600.0,-114.64,328.8,DRV,,carrier_capacity,False,0,Carrier 955825,Shipper 1249,True,True,True,1/2/2018 14:00,1/3/2018 23:00,False,False,False,False,False,False,False,False,Johnstown,PA ,Johnstown,PA 
4643,206564209,12/29/2017 12:52,12/29/2017 12:52,1/2/2018 8:22,1/2/2018 7:00,1/3/2018 10:00,1485.36,1600.0,-114.64,328.8,DRV,,carrier_capacity,False,0,Carrier 955825,Shipper 1375,True,True,True,1/2/2018 14:00,1/3/2018 23:00,False,False,False,False,False,False,False,False,Johnstown,PA ,Johnstown,PA 
4644,206564209,12/29/2017 12:52,12/29/2017 12:52,1/2/2018 8:22,1/2/2018 7:00,1/3/2018 10:00,1485.36,1600.0,-114.64,328.8,DRV,,carrier_capacity,False,0,Carrier 955825,Shipper 1386,True,True,True,1/2/2018 14:00,1/3/2018 23:00,False,False,False,False,False,False,False,False,Johnstown,PA ,Johnstown,PA 
4645,206564209,12/29/2017 12:52,12/29/2017 12:52,1/2/2018 8:22,1/2/2018 7:00,1/3/2018 10:00,1485.36,1600.0,-114.64,328.8,DRV,,carrier_capacity,False,0,Carrier 955825,Shipper 1248,True,True,True,1/2/2018 14:00,1/3/2018 23:00,False,False,False,False,False,False,False,False,Johnstown,PA ,Johnstown,PA 
4646,206564209,12/29/2017 12:52,12/29/2017 12:52,1/2/2018 8:22,1/2/2018 7:00,1/3/2018 10:00,1485.36,1600.0,-114.64,328.8,DRV,,carrier_capacity,False,0,Carrier 955825,Shipper 1387,True,True,True,1/2/2018 14:00,1/3/2018 23:00,False,False,False,False,False,False,False,False,Johnstown,PA ,Johnstown,PA 
4647,206564209,12/29/2017 12:52,12/29/2017 12:52,1/2/2018 8:22,1/2/2018 7:00,1/3/2018 10:00,1485.36,1600.0,-114.64,328.8,DRV,,carrier_capacity,False,0,Carrier 955825,Shipper 1388,True,True,True,1/2/2018 14:00,1/3/2018 23:00,False,False,False,False,False,False,False,False,Johnstown,PA ,Johnstown,PA 
4648,206628193,6/5/2017 16:18,6/5/2017 16:18,6/7/2017 11:12,6/7/2017 18:00,6/9/2017 9:19,1484.44,1575.0,-90.56,613.9,RFR,,,False,0,Carrier 1048753,Shipper 1249,True,True,True,6/7/2017 18:00,6/9/2017 8:00,False,False,False,False,False,False,False,False,Aurora,CO ,Aurora,CO 
4649,206628193,6/5/2017 16:18,6/5/2017 16:18,6/7/2017 11:12,6/7/2017 18:00,6/9/2017 9:19,1484.44,1575.0,-90.56,613.9,RFR,,,False,0,Carrier 1048753,Shipper 1375,True,True,True,6/7/2017 18:00,6/9/2017 8:00,False,False,False,False,False,False,False,False,Aurora,CO ,Aurora,CO 
4650,206628193,6/5/2017 16:18,6/5/2017 16:18,6/7/2017 11:12,6/7/2017 18:00,6/9/2017 9:19,1484.44,1575.0,-90.56,613.9,RFR,,,False,0,Carrier 1048753,Shipper 1386,True,True,True,6/7/2017 18:00,6/9/2017 8:00,False,False,False,False,False,False,False,False,Aurora,CO ,Aurora,CO 
4651,206628193,6/5/2017 16:18,6/5/2017 16:18,6/7/2017 11:12,6/7/2017 18:00,6/9/2017 9:19,1484.44,1575.0,-90.56,613.9,RFR,,,False,0,Carrier 1048753,Shipper 1248,True,True,True,6/7/2017 18:00,6/9/2017 8:00,False,False,False,False,False,False,False,False,Aurora,CO ,Aurora,CO 
4652,206628193,6/5/2017 16:18,6/5/2017 16:18,6/7/2017 11:12,6/7/2017 18:00,6/9/2017 9:19,1484.44,1575.0,-90.56,613.9,RFR,,,False,0,Carrier 1048753,Shipper 1387,True,True,True,6/7/2017 18:00,6/9/2017 8:00,False,False,False,False,False,False,False,False,Aurora,CO ,Aurora,CO 
4653,206480937,5/22/2017 14:28,5/22/2017 14:29,5/24/2017 9:19,5/24/2017 13:00,5/25/2017 10:00,1484.44,1200.0,284.44,444.7,RFR,,,False,1,Carrier 1695277,Shipper 1249,True,True,True,5/24/2017 14:00,5/25/2017 16:30,False,False,False,False,False,False,False,False,St. Louis,MO ,St. Louis,MO 
4654,206628193,6/5/2017 16:18,6/5/2017 16:18,6/7/2017 11:12,6/7/2017 18:00,6/9/2017 9:19,1484.44,1575.0,-90.56,613.9,RFR,,,False,0,Carrier 1048753,Shipper 1388,True,True,True,6/7/2017 18:00,6/9/2017 8:00,False,False,False,False,False,False,False,False,Aurora,CO ,Aurora,CO 
4655,206480937,5/22/2017 14:28,5/22/2017 14:29,5/24/2017 9:19,5/24/2017 13:00,5/25/2017 10:00,1484.44,1200.0,284.44,444.7,RFR,,,False,1,Carrier 1695277,Shipper 1375,True,True,True,5/24/2017 14:00,5/25/2017 16:30,False,False,False,False,False,False,False,False,St. Louis,MO ,St. Louis,MO 
4656,206480937,5/22/2017 14:28,5/22/2017 14:29,5/24/2017 9:19,5/24/2017 13:00,5/25/2017 10:00,1484.44,1200.0,284.44,444.7,RFR,,,False,1,Carrier 1695277,Shipper 1386,True,True,True,5/24/2017 14:00,5/25/2017 16:30,False,False,False,False,False,False,False,False,St. Louis,MO ,St. Louis,MO 
4657,206480937,5/22/2017 14:28,5/22/2017 14:29,5/24/2017 9:19,5/24/2017 13:00,5/25/2017 10:00,1484.44,1200.0,284.44,444.7,RFR,,,False,1,Carrier 1695277,Shipper 1248,True,True,True,5/24/2017 14:00,5/25/2017 16:30,False,False,False,False,False,False,False,False,St. Louis,MO ,St. Louis,MO 
4658,206480937,5/22/2017 14:28,5/22/2017 14:29,5/24/2017 9:19,5/24/2017 13:00,5/25/2017 10:00,1484.44,1200.0,284.44,444.7,RFR,,,False,1,Carrier 1695277,Shipper 1387,True,True,True,5/24/2017 14:00,5/25/2017 16:30,False,False,False,False,False,False,False,False,St. Louis,MO ,St. Louis,MO 
4659,206480937,5/22/2017 14:28,5/22/2017 14:29,5/24/2017 9:19,5/24/2017 13:00,5/25/2017 10:00,1484.44,1200.0,284.44,444.7,RFR,,,False,1,Carrier 1695277,Shipper 1388,True,True,True,5/24/2017 14:00,5/25/2017 16:30,False,False,False,False,False,False,False,False,St. Louis,MO ,St. Louis,MO 
4660,206431729,8/21/2017 16:28,8/21/2017 16:28,8/22/2017 9:49,8/23/2017 14:00,8/25/2017 13:45,1483.71,1550.0,-66.29,837.0,RFR,,,False,0,Carrier 41610,Shipper 1249,True,True,True,8/23/2017 14:00,8/25/2017 20:00,False,False,False,False,False,False,False,False,Aurora,CO ,Aurora,CO 
4661,206431729,8/21/2017 16:28,8/21/2017 16:28,8/22/2017 9:49,8/23/2017 14:00,8/25/2017 13:45,1483.71,1550.0,-66.29,837.0,RFR,,,False,0,Carrier 41610,Shipper 1375,True,True,True,8/23/2017 14:00,8/25/2017 20:00,False,False,False,False,False,False,False,False,Aurora,CO ,Aurora,CO 
4662,206431729,8/21/2017 16:28,8/21/2017 16:28,8/22/2017 9:49,8/23/2017 14:00,8/25/2017 13:45,1483.71,1550.0,-66.29,837.0,RFR,,,False,0,Carrier 41610,Shipper 1386,True,True,True,8/23/2017 14:00,8/25/2017 20:00,False,False,False,False,False,False,False,False,Aurora,CO ,Aurora,CO 
4663,206431729,8/21/2017 16:28,8/21/2017 16:28,8/22/2017 9:49,8/23/2017 14:00,8/25/2017 13:45,1483.71,1550.0,-66.29,837.0,RFR,,,False,0,Carrier 41610,Shipper 1248,True,True,True,8/23/2017 14:00,8/25/2017 20:00,False,False,False,False,False,False,False,False,Aurora,CO ,Aurora,CO 
4664,206431729,8/21/2017 16:28,8/21/2017 16:28,8/22/2017 9:49,8/23/2017 14:00,8/25/2017 13:45,1483.71,1550.0,-66.29,837.0,RFR,,,False,0,Carrier 41610,Shipper 1387,True,True,True,8/23/2017 14:00,8/25/2017 20:00,False,False,False,False,False,False,False,False,Aurora,CO ,Aurora,CO 
4665,206431729,8/21/2017 16:28,8/21/2017 16:28,8/22/2017 9:49,8/23/2017 14:00,8/25/2017 13:45,1483.71,1550.0,-66.29,837.0,RFR,,,False,0,Carrier 41610,Shipper 1388,True,True,True,8/23/2017 14:00,8/25/2017 20:00,False,False,False,False,False,False,False,False,Aurora,CO ,Aurora,CO 
4666,206584233,5/30/2017 14:47,5/30/2017 14:48,6/2/2017 12:08,6/3/2017 17:00,6/5/2017 10:00,1482.01,1400.0,82.01,568.9,RFR,,,False,0,Carrier 2242,Shipper 1249,True,True,True,6/3/2017 17:00,6/5/2017 15:00,False,False,False,False,False,False,False,False,Baldwinsville,NY ,Baldwinsville,NY 
4667,206584233,5/30/2017 14:47,5/30/2017 14:48,6/2/2017 12:08,6/3/2017 17:00,6/5/2017 10:00,1482.01,1400.0,82.01,568.9,RFR,,,False,0,Carrier 2242,Shipper 1375,True,True,True,6/3/2017 17:00,6/5/2017 15:00,False,False,False,False,False,False,False,False,Baldwinsville,NY ,Baldwinsville,NY 
4668,206584233,5/30/2017 14:47,5/30/2017 14:48,6/2/2017 12:08,6/3/2017 17:00,6/5/2017 10:00,1482.01,1400.0,82.01,568.9,RFR,,,False,0,Carrier 2242,Shipper 1386,True,True,True,6/3/2017 17:00,6/5/2017 15:00,False,False,False,False,False,False,False,False,Baldwinsville,NY ,Baldwinsville,NY 
4669,206584233,5/30/2017 14:47,5/30/2017 14:48,6/2/2017 12:08,6/3/2017 17:00,6/5/2017 10:00,1482.01,1400.0,82.01,568.9,RFR,,,False,0,Carrier 2242,Shipper 1248,True,True,True,6/3/2017 17:00,6/5/2017 15:00,False,False,False,False,False,False,False,False,Baldwinsville,NY ,Baldwinsville,NY 
4670,206584233,5/30/2017 14:47,5/30/2017 14:48,6/2/2017 12:08,6/3/2017 17:00,6/5/2017 10:00,1482.01,1400.0,82.01,568.9,RFR,,,False,0,Carrier 2242,Shipper 1387,True,True,True,6/3/2017 17:00,6/5/2017 15:00,False,False,False,False,False,False,False,False,Baldwinsville,NY ,Baldwinsville,NY 
4671,206584233,5/30/2017 14:47,5/30/2017 14:48,6/2/2017 12:08,6/3/2017 17:00,6/5/2017 10:00,1482.01,1400.0,82.01,568.9,RFR,,,False,0,Carrier 2242,Shipper 1388,True,True,True,6/3/2017 17:00,6/5/2017 15:00,False,False,False,False,False,False,False,False,Baldwinsville,NY ,Baldwinsville,NY 
4672,206665193,5/17/2017 14:42,5/17/2017 14:42,5/18/2017 14:25,5/19/2017 16:00,5/22/2017 9:45,1481.52,1100.0,381.52,554.2,DRV,,,False,0,Carrier 1604335,Shipper 1249,False,True,False,5/19/2017 16:00,5/22/2017 9:00,False,False,False,False,False,False,False,False,Houston,TX ,Houston,TX 
4673,206665193,5/17/2017 14:42,5/17/2017 14:42,5/18/2017 14:25,5/19/2017 16:00,5/22/2017 9:45,1481.52,1100.0,381.52,554.2,DRV,,,False,0,Carrier 1604335,Shipper 1375,False,True,False,5/19/2017 16:00,5/22/2017 9:00,False,False,False,False,False,False,False,False,Houston,TX ,Houston,TX 
4674,206665193,5/17/2017 14:42,5/17/2017 14:42,5/18/2017 14:25,5/19/2017 16:00,5/22/2017 9:45,1481.52,1100.0,381.52,554.2,DRV,,,False,0,Carrier 1604335,Shipper 1386,False,True,False,5/19/2017 16:00,5/22/2017 9:00,False,False,False,False,False,False,False,False,Houston,TX ,Houston,TX 
4675,206665193,5/17/2017 14:42,5/17/2017 14:42,5/18/2017 14:25,5/19/2017 16:00,5/22/2017 9:45,1481.52,1100.0,381.52,554.2,DRV,,,False,0,Carrier 1604335,Shipper 1248,False,True,False,5/19/2017 16:00,5/22/2017 9:00,False,False,False,False,False,False,False,False,Houston,TX ,Houston,TX 
4676,206665193,5/17/2017 14:42,5/17/2017 14:42,5/18/2017 14:25,5/19/2017 16:00,5/22/2017 9:45,1481.52,1100.0,381.52,554.2,DRV,,,False,0,Carrier 1604335,Shipper 1387,False,True,False,5/19/2017 16:00,5/22/2017 9:00,False,False,False,False,False,False,False,False,Houston,TX ,Houston,TX 
4677,206665193,5/17/2017 14:42,5/17/2017 14:42,5/18/2017 14:25,5/19/2017 16:00,5/22/2017 9:45,1481.52,1100.0,381.52,554.2,DRV,,,False,0,Carrier 1604335,Shipper 1388,False,True,False,5/19/2017 16:00,5/22/2017 9:00,False,False,False,False,False,False,False,False,Houston,TX ,Houston,TX 
4678,206474857,5/17/2017 13:47,5/17/2017 13:47,5/18/2017 12:11,5/18/2017 23:00,5/19/2017 12:00,1477.29,1000.0,477.29,339.9,RFR,4.0,,False,0,Carrier 104870,Shipper 1249,True,True,True,5/18/2017 23:00,5/19/2017 16:00,False,False,False,False,False,False,False,False,St. Louis,MO ,St. Louis,MO 
4679,206474857,5/17/2017 13:47,5/17/2017 13:47,5/18/2017 12:11,5/18/2017 23:00,5/19/2017 12:00,1477.29,1000.0,477.29,339.9,RFR,4.0,,False,0,Carrier 104870,Shipper 1375,True,True,True,5/18/2017 23:00,5/19/2017 16:00,False,False,False,False,False,False,False,False,St. Louis,MO ,St. Louis,MO 
4680,206474857,5/17/2017 13:47,5/17/2017 13:47,5/18/2017 12:11,5/18/2017 23:00,5/19/2017 12:00,1477.29,1000.0,477.29,339.9,RFR,4.0,,False,0,Carrier 104870,Shipper 1386,True,True,True,5/18/2017 23:00,5/19/2017 16:00,False,False,False,False,False,False,False,False,St. Louis,MO ,St. Louis,MO 
4681,206474857,5/17/2017 13:47,5/17/2017 13:47,5/18/2017 12:11,5/18/2017 23:00,5/19/2017 12:00,1477.29,1000.0,477.29,339.9,RFR,4.0,,False,0,Carrier 104870,Shipper 1248,True,True,True,5/18/2017 23:00,5/19/2017 16:00,False,False,False,False,False,False,False,False,St. Louis,MO ,St. Louis,MO 
4682,206474857,5/17/2017 13:47,5/17/2017 13:47,5/18/2017 12:11,5/18/2017 23:00,5/19/2017 12:00,1477.29,1000.0,477.29,339.9,RFR,4.0,,False,0,Carrier 104870,Shipper 1387,True,True,True,5/18/2017 23:00,5/19/2017 16:00,False,False,False,False,False,False,False,False,St. Louis,MO ,St. Louis,MO 
4683,206474857,5/17/2017 13:47,5/17/2017 13:47,5/18/2017 12:11,5/18/2017 23:00,5/19/2017 12:00,1477.29,1000.0,477.29,339.9,RFR,4.0,,False,0,Carrier 104870,Shipper 1388,True,True,True,5/18/2017 23:00,5/19/2017 16:00,False,False,False,False,False,False,False,False,St. Louis,MO ,St. Louis,MO 
4684,206640537,6/19/2017 17:58,6/19/2017 17:59,6/23/2017 9:53,6/23/2017 7:00,6/26/2017 9:00,1476.96,1400.0,76.96,770.2,DRV,,,False,1,Carrier 32005,Shipper 1249,True,True,True,6/23/2017 15:00,6/26/2017 13:00,False,False,False,False,False,False,False,False,Erie,PA ,Erie,PA 
4685,206640537,6/19/2017 17:58,6/19/2017 17:59,6/23/2017 9:53,6/23/2017 7:00,6/26/2017 9:00,1476.96,1400.0,76.96,770.2,DRV,,,False,1,Carrier 32005,Shipper 1375,True,True,True,6/23/2017 15:00,6/26/2017 13:00,False,False,False,False,False,False,False,False,Erie,PA ,Erie,PA 
4686,206552497,6/19/2017 18:11,6/19/2017 18:11,6/20/2017 11:34,6/20/2017 7:00,6/21/2017 12:00,1476.96,1350.0,126.96,770.2,DRV,,,False,0,Carrier 89517,Shipper 1249,True,True,True,6/20/2017 21:00,6/21/2017 23:00,False,False,False,False,False,False,False,False,Erie,PA ,Erie,PA 
4687,206552497,6/19/2017 18:11,6/19/2017 18:11,6/20/2017 11:34,6/20/2017 7:00,6/21/2017 12:00,1476.96,1350.0,126.96,770.2,DRV,,,False,0,Carrier 89517,Shipper 1375,True,True,True,6/20/2017 21:00,6/21/2017 23:00,False,False,False,False,False,False,False,False,Erie,PA ,Erie,PA 
4688,206640537,6/19/2017 17:58,6/19/2017 17:59,6/23/2017 9:53,6/23/2017 7:00,6/26/2017 9:00,1476.96,1400.0,76.96,770.2,DRV,,,False,1,Carrier 32005,Shipper 1386,True,True,True,6/23/2017 15:00,6/26/2017 13:00,False,False,False,False,False,False,False,False,Erie,PA ,Erie,PA 
4689,206640537,6/19/2017 17:58,6/19/2017 17:59,6/23/2017 9:53,6/23/2017 7:00,6/26/2017 9:00,1476.96,1400.0,76.96,770.2,DRV,,,False,1,Carrier 32005,Shipper 1248,True,True,True,6/23/2017 15:00,6/26/2017 13:00,False,False,False,False,False,False,False,False,Erie,PA ,Erie,PA 
4690,206640537,6/19/2017 17:58,6/19/2017 17:59,6/23/2017 9:53,6/23/2017 7:00,6/26/2017 9:00,1476.96,1400.0,76.96,770.2,DRV,,,False,1,Carrier 32005,Shipper 1387,True,True,True,6/23/2017 15:00,6/26/2017 13:00,False,False,False,False,False,False,False,False,Erie,PA ,Erie,PA 
4691,206552497,6/19/2017 18:11,6/19/2017 18:11,6/20/2017 11:34,6/20/2017 7:00,6/21/2017 12:00,1476.96,1350.0,126.96,770.2,DRV,,,False,0,Carrier 89517,Shipper 1386,True,True,True,6/20/2017 21:00,6/21/2017 23:00,False,False,False,False,False,False,False,False,Erie,PA ,Erie,PA 
4692,206552497,6/19/2017 18:11,6/19/2017 18:11,6/20/2017 11:34,6/20/2017 7:00,6/21/2017 12:00,1476.96,1350.0,126.96,770.2,DRV,,,False,0,Carrier 89517,Shipper 1248,True,True,True,6/20/2017 21:00,6/21/2017 23:00,False,False,False,False,False,False,False,False,Erie,PA ,Erie,PA 
4693,206640537,6/19/2017 17:58,6/19/2017 17:59,6/23/2017 9:53,6/23/2017 7:00,6/26/2017 9:00,1476.96,1400.0,76.96,770.2,DRV,,,False,1,Carrier 32005,Shipper 1388,True,True,True,6/23/2017 15:00,6/26/2017 13:00,False,False,False,False,False,False,False,False,Erie,PA ,Erie,PA 
4694,206552497,6/19/2017 18:11,6/19/2017 18:11,6/20/2017 11:34,6/20/2017 7:00,6/21/2017 12:00,1476.96,1350.0,126.96,770.2,DRV,,,False,0,Carrier 89517,Shipper 1387,True,True,True,6/20/2017 21:00,6/21/2017 23:00,False,False,False,False,False,False,False,False,Erie,PA ,Erie,PA 
4695,206552497,6/19/2017 18:11,6/19/2017 18:11,6/20/2017 11:34,6/20/2017 7:00,6/21/2017 12:00,1476.96,1350.0,126.96,770.2,DRV,,,False,0,Carrier 89517,Shipper 1388,True,True,True,6/20/2017 21:00,6/21/2017 23:00,False,False,False,False,False,False,False,False,Erie,PA ,Erie,PA 
4696,206490297,4/26/2017 17:11,4/26/2017 17:11,4/27/2017 14:32,4/28/2017 15:00,5/1/2017 8:25,1476.6,1400.0,76.6,491.3,RFR,,,False,0,Carrier 1126713,Shipper 1249,True,True,True,4/28/2017 15:00,5/1/2017 15:00,False,False,False,False,False,False,False,False,Baldwinsville,NY ,Baldwinsville,NY 
4697,206490297,4/26/2017 17:11,4/26/2017 17:11,4/27/2017 14:32,4/28/2017 15:00,5/1/2017 8:25,1476.6,1400.0,76.6,491.3,RFR,,,False,0,Carrier 1126713,Shipper 1375,True,True,True,4/28/2017 15:00,5/1/2017 15:00,False,False,False,False,False,False,False,False,Baldwinsville,NY ,Baldwinsville,NY 
4698,206490297,4/26/2017 17:11,4/26/2017 17:11,4/27/2017 14:32,4/28/2017 15:00,5/1/2017 8:25,1476.6,1400.0,76.6,491.3,RFR,,,False,0,Carrier 1126713,Shipper 1386,True,True,True,4/28/2017 15:00,5/1/2017 15:00,False,False,False,False,False,False,False,False,Baldwinsville,NY ,Baldwinsville,NY 
4699,206490297,4/26/2017 17:11,4/26/2017 17:11,4/27/2017 14:32,4/28/2017 15:00,5/1/2017 8:25,1476.6,1400.0,76.6,491.3,RFR,,,False,0,Carrier 1126713,Shipper 1248,True,True,True,4/28/2017 15:00,5/1/2017 15:00,False,False,False,False,False,False,False,False,Baldwinsville,NY ,Baldwinsville,NY 
4700,206490297,4/26/2017 17:11,4/26/2017 17:11,4/27/2017 14:32,4/28/2017 15:00,5/1/2017 8:25,1476.6,1400.0,76.6,491.3,RFR,,,False,0,Carrier 1126713,Shipper 1387,True,True,True,4/28/2017 15:00,5/1/2017 15:00,False,False,False,False,False,False,False,False,Baldwinsville,NY ,Baldwinsville,NY 
4701,206490297,4/26/2017 17:11,4/26/2017 17:11,4/27/2017 14:32,4/28/2017 15:00,5/1/2017 8:25,1476.6,1400.0,76.6,491.3,RFR,,,False,0,Carrier 1126713,Shipper 1388,True,True,True,4/28/2017 15:00,5/1/2017 15:00,False,False,False,False,False,False,False,False,Baldwinsville,NY ,Baldwinsville,NY 
4702,206429881,6/13/2017 16:55,6/13/2017 16:56,6/16/2017 9:05,6/16/2017 8:00,6/17/2017 12:20,1474.8,1600.0,-125.2,561.7,DRV,,,False,0,Carrier 115244,Shipper 773,True,True,True,6/16/2017 16:00,6/17/2017 10:00,False,False,False,False,False,False,False,False,Fort Payne,AL ,Fort Payne,AL 
4703,206720025,9/20/2017 17:22,9/20/2017 17:22,9/22/2017 8:27,9/22/2017 16:00,9/24/2017 11:51,1474.56,1200.0,274.56,273.7,DRV,,,False,0,Carrier 1662922,Shipper 1249,True,True,True,9/22/2017 16:00,9/24/2017 10:45,False,False,False,False,False,False,False,False,Williamsburg,VA ,Williamsburg,VA 
4704,206720025,9/20/2017 17:22,9/20/2017 17:22,9/22/2017 8:27,9/22/2017 16:00,9/24/2017 11:51,1474.56,1200.0,274.56,273.7,DRV,,,False,0,Carrier 1662922,Shipper 1375,True,True,True,9/22/2017 16:00,9/24/2017 10:45,False,False,False,False,False,False,False,False,Williamsburg,VA ,Williamsburg,VA 
4705,206720025,9/20/2017 17:22,9/20/2017 17:22,9/22/2017 8:27,9/22/2017 16:00,9/24/2017 11:51,1474.56,1200.0,274.56,273.7,DRV,,,False,0,Carrier 1662922,Shipper 1386,True,True,True,9/22/2017 16:00,9/24/2017 10:45,False,False,False,False,False,False,False,False,Williamsburg,VA ,Williamsburg,VA 
4706,206720025,9/20/2017 17:22,9/20/2017 17:22,9/22/2017 8:27,9/22/2017 16:00,9/24/2017 11:51,1474.56,1200.0,274.56,273.7,DRV,,,False,0,Carrier 1662922,Shipper 1248,True,True,True,9/22/2017 16:00,9/24/2017 10:45,False,False,False,False,False,False,False,False,Williamsburg,VA ,Williamsburg,VA 
4707,206720025,9/20/2017 17:22,9/20/2017 17:22,9/22/2017 8:27,9/22/2017 16:00,9/24/2017 11:51,1474.56,1200.0,274.56,273.7,DRV,,,False,0,Carrier 1662922,Shipper 1387,True,True,True,9/22/2017 16:00,9/24/2017 10:45,False,False,False,False,False,False,False,False,Williamsburg,VA ,Williamsburg,VA 
4708,206720025,9/20/2017 17:22,9/20/2017 17:22,9/22/2017 8:27,9/22/2017 16:00,9/24/2017 11:51,1474.56,1200.0,274.56,273.7,DRV,,,False,0,Carrier 1662922,Shipper 1388,True,True,True,9/22/2017 16:00,9/24/2017 10:45,False,False,False,False,False,False,False,False,Williamsburg,VA ,Williamsburg,VA 
4709,206644529,6/6/2017 18:03,6/6/2017 18:05,6/8/2017 11:02,6/9/2017 16:00,6/10/2017 9:50,1472.66,1375.0,97.66,420.3,DRV,,,False,0,Carrier 5043,Shipper 1249,True,True,True,6/9/2017 16:00,6/10/2017 8:00,False,False,False,False,False,False,False,False,Columbus,OH ,Columbus,OH 
4710,206644529,6/6/2017 18:03,6/6/2017 18:05,6/8/2017 11:02,6/9/2017 16:00,6/10/2017 9:50,1472.66,1375.0,97.66,420.3,DRV,,,False,0,Carrier 5043,Shipper 1375,True,True,True,6/9/2017 16:00,6/10/2017 8:00,False,False,False,False,False,False,False,False,Columbus,OH ,Columbus,OH 
4711,206644529,6/6/2017 18:03,6/6/2017 18:05,6/8/2017 11:02,6/9/2017 16:00,6/10/2017 9:50,1472.66,1375.0,97.66,420.3,DRV,,,False,0,Carrier 5043,Shipper 1386,True,True,True,6/9/2017 16:00,6/10/2017 8:00,False,False,False,False,False,False,False,False,Columbus,OH ,Columbus,OH 
4712,206644529,6/6/2017 18:03,6/6/2017 18:05,6/8/2017 11:02,6/9/2017 16:00,6/10/2017 9:50,1472.66,1375.0,97.66,420.3,DRV,,,False,0,Carrier 5043,Shipper 1248,True,True,True,6/9/2017 16:00,6/10/2017 8:00,False,False,False,False,False,False,False,False,Columbus,OH ,Columbus,OH 
4713,206644529,6/6/2017 18:03,6/6/2017 18:05,6/8/2017 11:02,6/9/2017 16:00,6/10/2017 9:50,1472.66,1375.0,97.66,420.3,DRV,,,False,0,Carrier 5043,Shipper 1387,True,True,True,6/9/2017 16:00,6/10/2017 8:00,False,False,False,False,False,False,False,False,Columbus,OH ,Columbus,OH 
4714,206644529,6/6/2017 18:03,6/6/2017 18:05,6/8/2017 11:02,6/9/2017 16:00,6/10/2017 9:50,1472.66,1375.0,97.66,420.3,DRV,,,False,0,Carrier 5043,Shipper 1388,True,True,True,6/9/2017 16:00,6/10/2017 8:00,False,False,False,False,False,False,False,False,Columbus,OH ,Columbus,OH 
4715,206486865,9/12/2017 16:34,9/12/2017 16:34,9/19/2017 10:46,9/19/2017 12:00,9/20/2017 11:00,1471.48,1500.0,-28.52,301.5,DRV,,,False,1,Carrier 1021474,Shipper 1249,True,True,True,9/19/2017 12:00,9/20/2017 9:00,False,False,False,False,False,False,False,False,Colonial Heights,VA ,Colonial Heights,VA 
4716,206486865,9/12/2017 16:34,9/12/2017 16:34,9/19/2017 10:46,9/19/2017 12:00,9/20/2017 11:00,1471.48,1500.0,-28.52,301.5,DRV,,,False,1,Carrier 1021474,Shipper 1375,True,True,True,9/19/2017 12:00,9/20/2017 9:00,False,False,False,False,False,False,False,False,Colonial Heights,VA ,Colonial Heights,VA 
4717,206486865,9/12/2017 16:34,9/12/2017 16:34,9/19/2017 10:46,9/19/2017 12:00,9/20/2017 11:00,1471.48,1500.0,-28.52,301.5,DRV,,,False,1,Carrier 1021474,Shipper 1386,True,True,True,9/19/2017 12:00,9/20/2017 9:00,False,False,False,False,False,False,False,False,Colonial Heights,VA ,Colonial Heights,VA 
4718,206486865,9/12/2017 16:34,9/12/2017 16:34,9/19/2017 10:46,9/19/2017 12:00,9/20/2017 11:00,1471.48,1500.0,-28.52,301.5,DRV,,,False,1,Carrier 1021474,Shipper 1248,True,True,True,9/19/2017 12:00,9/20/2017 9:00,False,False,False,False,False,False,False,False,Colonial Heights,VA ,Colonial Heights,VA 
4719,206486865,9/12/2017 16:34,9/12/2017 16:34,9/19/2017 10:46,9/19/2017 12:00,9/20/2017 11:00,1471.48,1500.0,-28.52,301.5,DRV,,,False,1,Carrier 1021474,Shipper 1387,True,True,True,9/19/2017 12:00,9/20/2017 9:00,False,False,False,False,False,False,False,False,Colonial Heights,VA ,Colonial Heights,VA 
4720,206486865,9/12/2017 16:34,9/12/2017 16:34,9/19/2017 10:46,9/19/2017 12:00,9/20/2017 11:00,1471.48,1500.0,-28.52,301.5,DRV,,,False,1,Carrier 1021474,Shipper 1388,True,True,True,9/19/2017 12:00,9/20/2017 9:00,False,False,False,False,False,False,False,False,Colonial Heights,VA ,Colonial Heights,VA 
4721,206628441,5/22/2017 13:29,5/22/2017 13:29,5/22/2017 17:48,5/23/2017 4:00,5/23/2017 10:30,1470.29,1250.0,220.29,234.5,DRV,,,False,0,Carrier 1406661,Shipper 1249,True,True,True,5/23/2017 4:00,5/23/2017 14:30,False,False,False,False,False,False,False,False,Houston,TX ,Houston,TX 
4722,206628441,5/22/2017 13:29,5/22/2017 13:29,5/22/2017 17:48,5/23/2017 4:00,5/23/2017 10:30,1470.29,1250.0,220.29,234.5,DRV,,,False,0,Carrier 1406661,Shipper 1375,True,True,True,5/23/2017 4:00,5/23/2017 14:30,False,False,False,False,False,False,False,False,Houston,TX ,Houston,TX 
4723,206628441,5/22/2017 13:29,5/22/2017 13:29,5/22/2017 17:48,5/23/2017 4:00,5/23/2017 10:30,1470.29,1250.0,220.29,234.5,DRV,,,False,0,Carrier 1406661,Shipper 1386,True,True,True,5/23/2017 4:00,5/23/2017 14:30,False,False,False,False,False,False,False,False,Houston,TX ,Houston,TX 
4724,206628441,5/22/2017 13:29,5/22/2017 13:29,5/22/2017 17:48,5/23/2017 4:00,5/23/2017 10:30,1470.29,1250.0,220.29,234.5,DRV,,,False,0,Carrier 1406661,Shipper 1248,True,True,True,5/23/2017 4:00,5/23/2017 14:30,False,False,False,False,False,False,False,False,Houston,TX ,Houston,TX 
4725,206628441,5/22/2017 13:29,5/22/2017 13:29,5/22/2017 17:48,5/23/2017 4:00,5/23/2017 10:30,1470.29,1250.0,220.29,234.5,DRV,,,False,0,Carrier 1406661,Shipper 1387,True,True,True,5/23/2017 4:00,5/23/2017 14:30,False,False,False,False,False,False,False,False,Houston,TX ,Houston,TX 
4726,206628441,5/22/2017 13:29,5/22/2017 13:29,5/22/2017 17:48,5/23/2017 4:00,5/23/2017 10:30,1470.29,1250.0,220.29,234.5,DRV,,,False,0,Carrier 1406661,Shipper 1388,True,True,True,5/23/2017 4:00,5/23/2017 14:30,False,False,False,False,False,False,False,False,Houston,TX ,Houston,TX 
4727,206536809,10/30/2017 16:37,10/30/2017 16:37,10/31/2017 13:30,11/1/2017 11:00,11/2/2017 8:30,1469.7,1460.0,9.7,590.1,RFR,,,False,0,Carrier 1633721,Shipper 1249,True,True,True,11/1/2017 11:00,11/2/2017 13:00,False,False,False,False,False,False,False,False,Aurora,CO ,Aurora,CO 
4728,206536809,10/30/2017 16:37,10/30/2017 16:37,10/31/2017 13:30,11/1/2017 11:00,11/2/2017 8:30,1469.7,1460.0,9.7,590.1,RFR,,,False,0,Carrier 1633721,Shipper 1375,True,True,True,11/1/2017 11:00,11/2/2017 13:00,False,False,False,False,False,False,False,False,Aurora,CO ,Aurora,CO 
4729,206536809,10/30/2017 16:37,10/30/2017 16:37,10/31/2017 13:30,11/1/2017 11:00,11/2/2017 8:30,1469.7,1460.0,9.7,590.1,RFR,,,False,0,Carrier 1633721,Shipper 1386,True,True,True,11/1/2017 11:00,11/2/2017 13:00,False,False,False,False,False,False,False,False,Aurora,CO ,Aurora,CO 
4730,206536809,10/30/2017 16:37,10/30/2017 16:37,10/31/2017 13:30,11/1/2017 11:00,11/2/2017 8:30,1469.7,1460.0,9.7,590.1,RFR,,,False,0,Carrier 1633721,Shipper 1248,True,True,True,11/1/2017 11:00,11/2/2017 13:00,False,False,False,False,False,False,False,False,Aurora,CO ,Aurora,CO 
4731,206536809,10/30/2017 16:37,10/30/2017 16:37,10/31/2017 13:30,11/1/2017 11:00,11/2/2017 8:30,1469.7,1460.0,9.7,590.1,RFR,,,False,0,Carrier 1633721,Shipper 1387,True,True,True,11/1/2017 11:00,11/2/2017 13:00,False,False,False,False,False,False,False,False,Aurora,CO ,Aurora,CO 
4732,206536809,10/30/2017 16:37,10/30/2017 16:37,10/31/2017 13:30,11/1/2017 11:00,11/2/2017 8:30,1469.7,1460.0,9.7,590.1,RFR,,,False,0,Carrier 1633721,Shipper 1388,True,True,True,11/1/2017 11:00,11/2/2017 13:00,False,False,False,False,False,False,False,False,Aurora,CO ,Aurora,CO 
4733,206480505,6/30/2017 16:48,6/30/2017 16:48,7/6/2017 10:47,7/6/2017 8:00,7/7/2017 11:00,1469.0,1800.0,-331.0,469.6,DRV,,,False,0,Carrier 1695391,Shipper 1517,True,True,True,7/6/2017 16:00,7/7/2017 9:00,False,False,False,False,False,False,False,False,Reidsville,NC ,Reidsville,NC 
4734,206429289,6/30/2017 16:54,6/30/2017 16:54,7/5/2017 14:00,7/6/2017 8:00,7/7/2017 12:15,1469.0,1450.0,19.0,469.6,DRV,,,False,0,Carrier 1006210,Shipper 1517,True,False,False,7/6/2017 16:00,7/7/2017 10:00,False,False,False,False,False,False,False,False,Reidsville,NC ,Reidsville,NC 
4735,206429137,6/13/2017 16:59,6/13/2017 16:59,6/19/2017 11:31,6/20/2017 13:00,6/22/2017 10:00,1467.95,1425.0,42.95,761.7,DRV,,,False,0,Carrier 1241778,Shipper 929,True,True,True,6/20/2017 13:00,6/22/2017 8:00,False,False,False,False,False,False,False,False,Colfax,NC ,Colfax,NC 
4736,206630857,4/20/2017 16:38,4/20/2017 16:38,4/21/2017 10:00,4/21/2017 7:00,4/23/2017 10:45,1466.06,1650.0,-183.94,911.3,DRV,,,False,0,Carrier 1654710,Shipper 1249,False,True,False,4/21/2017 7:00,4/23/2017 14:00,False,False,False,False,False,False,False,False,La Porte,TX ,La Porte,TX 
4737,206630857,4/20/2017 16:38,4/20/2017 16:38,4/21/2017 10:00,4/21/2017 7:00,4/23/2017 10:45,1466.06,1650.0,-183.94,911.3,DRV,,,False,0,Carrier 1654710,Shipper 1375,False,True,False,4/21/2017 7:00,4/23/2017 14:00,False,False,False,False,False,False,False,False,La Porte,TX ,La Porte,TX 
4738,206630857,4/20/2017 16:38,4/20/2017 16:38,4/21/2017 10:00,4/21/2017 7:00,4/23/2017 10:45,1466.06,1650.0,-183.94,911.3,DRV,,,False,0,Carrier 1654710,Shipper 1386,False,True,False,4/21/2017 7:00,4/23/2017 14:00,False,False,False,False,False,False,False,False,La Porte,TX ,La Porte,TX 
4739,206630857,4/20/2017 16:38,4/20/2017 16:38,4/21/2017 10:00,4/21/2017 7:00,4/23/2017 10:45,1466.06,1650.0,-183.94,911.3,DRV,,,False,0,Carrier 1654710,Shipper 1248,False,True,False,4/21/2017 7:00,4/23/2017 14:00,False,False,False,False,False,False,False,False,La Porte,TX ,La Porte,TX 
4740,206630857,4/20/2017 16:38,4/20/2017 16:38,4/21/2017 10:00,4/21/2017 7:00,4/23/2017 10:45,1466.06,1650.0,-183.94,911.3,DRV,,,False,0,Carrier 1654710,Shipper 1387,False,True,False,4/21/2017 7:00,4/23/2017 14:00,False,False,False,False,False,False,False,False,La Porte,TX ,La Porte,TX 
4741,206630857,4/20/2017 16:38,4/20/2017 16:38,4/21/2017 10:00,4/21/2017 7:00,4/23/2017 10:45,1466.06,1650.0,-183.94,911.3,DRV,,,False,0,Carrier 1654710,Shipper 1388,False,True,False,4/21/2017 7:00,4/23/2017 14:00,False,False,False,False,False,False,False,False,La Porte,TX ,La Porte,TX 
4742,206522585,6/12/2017 13:28,6/12/2017 13:28,6/12/2017 15:57,6/13/2017 18:00,6/14/2017 13:00,1465.91,1100.0,365.91,349.9,RFR,,,False,0,Carrier 1034828,Shipper 1249,True,True,True,6/13/2017 18:00,6/14/2017 13:00,False,False,False,False,False,False,False,False,Fort Collins,CO ,Fort Collins,CO 
4743,206522585,6/12/2017 13:28,6/12/2017 13:28,6/12/2017 15:57,6/13/2017 18:00,6/14/2017 13:00,1465.91,1100.0,365.91,349.9,RFR,,,False,0,Carrier 1034828,Shipper 1375,True,True,True,6/13/2017 18:00,6/14/2017 13:00,False,False,False,False,False,False,False,False,Fort Collins,CO ,Fort Collins,CO 
4744,206522585,6/12/2017 13:28,6/12/2017 13:28,6/12/2017 15:57,6/13/2017 18:00,6/14/2017 13:00,1465.91,1100.0,365.91,349.9,RFR,,,False,0,Carrier 1034828,Shipper 1386,True,True,True,6/13/2017 18:00,6/14/2017 13:00,False,False,False,False,False,False,False,False,Fort Collins,CO ,Fort Collins,CO 
4745,206522585,6/12/2017 13:28,6/12/2017 13:28,6/12/2017 15:57,6/13/2017 18:00,6/14/2017 13:00,1465.91,1100.0,365.91,349.9,RFR,,,False,0,Carrier 1034828,Shipper 1248,True,True,True,6/13/2017 18:00,6/14/2017 13:00,False,False,False,False,False,False,False,False,Fort Collins,CO ,Fort Collins,CO 
4746,206522585,6/12/2017 13:28,6/12/2017 13:28,6/12/2017 15:57,6/13/2017 18:00,6/14/2017 13:00,1465.91,1100.0,365.91,349.9,RFR,,,False,0,Carrier 1034828,Shipper 1387,True,True,True,6/13/2017 18:00,6/14/2017 13:00,False,False,False,False,False,False,False,False,Fort Collins,CO ,Fort Collins,CO 
4747,206522585,6/12/2017 13:28,6/12/2017 13:28,6/12/2017 15:57,6/13/2017 18:00,6/14/2017 13:00,1465.91,1100.0,365.91,349.9,RFR,,,False,0,Carrier 1034828,Shipper 1388,True,True,True,6/13/2017 18:00,6/14/2017 13:00,False,False,False,False,False,False,False,False,Fort Collins,CO ,Fort Collins,CO 
4748,206429721,12/4/2017 10:05,12/4/2017 10:05,12/6/2017 9:06,12/6/2017 15:00,12/9/2017 10:30,1465.12,1200.0,265.12,387.6,RFR,,,False,0,Carrier 1669683,Shipper 1249,True,True,True,12/6/2017 15:00,12/7/2017 15:00,False,False,False,False,False,False,False,False,Fort Collins,CO ,Fort Collins,CO 
4749,206429721,12/4/2017 10:05,12/4/2017 10:05,12/6/2017 9:06,12/6/2017 15:00,12/9/2017 10:30,1465.12,1200.0,265.12,387.6,RFR,,,False,0,Carrier 1669683,Shipper 1375,True,True,True,12/6/2017 15:00,12/7/2017 15:00,False,False,False,False,False,False,False,False,Fort Collins,CO ,Fort Collins,CO 
4750,206429721,12/4/2017 10:05,12/4/2017 10:05,12/6/2017 9:06,12/6/2017 15:00,12/9/2017 10:30,1465.12,1200.0,265.12,387.6,RFR,,,False,0,Carrier 1669683,Shipper 1386,True,True,True,12/6/2017 15:00,12/7/2017 15:00,False,False,False,False,False,False,False,False,Fort Collins,CO ,Fort Collins,CO 
4751,206429721,12/4/2017 10:05,12/4/2017 10:05,12/6/2017 9:06,12/6/2017 15:00,12/9/2017 10:30,1465.12,1200.0,265.12,387.6,RFR,,,False,0,Carrier 1669683,Shipper 1248,True,True,True,12/6/2017 15:00,12/7/2017 15:00,False,False,False,False,False,False,False,False,Fort Collins,CO ,Fort Collins,CO 
4752,206429721,12/4/2017 10:05,12/4/2017 10:05,12/6/2017 9:06,12/6/2017 15:00,12/9/2017 10:30,1465.12,1200.0,265.12,387.6,RFR,,,False,0,Carrier 1669683,Shipper 1387,True,True,True,12/6/2017 15:00,12/7/2017 15:00,False,False,False,False,False,False,False,False,Fort Collins,CO ,Fort Collins,CO 
4753,206429721,12/4/2017 10:05,12/4/2017 10:05,12/6/2017 9:06,12/6/2017 15:00,12/9/2017 10:30,1465.12,1200.0,265.12,387.6,RFR,,,False,0,Carrier 1669683,Shipper 1388,True,True,True,12/6/2017 15:00,12/7/2017 15:00,False,False,False,False,False,False,False,False,Fort Collins,CO ,Fort Collins,CO 
4754,206513993,6/23/2017 16:33,6/23/2017 16:33,6/26/2017 12:12,6/27/2017 19:00,6/28/2017 13:00,1464.3,1000.0,464.3,293.0,RFR,,,False,0,Carrier 31074,Shipper 1249,True,True,True,6/27/2017 19:00,6/28/2017 11:00,False,False,False,False,False,False,False,False,Cartersville,GA ,Cartersville,GA 
4755,206513993,6/23/2017 16:33,6/23/2017 16:33,6/26/2017 12:12,6/27/2017 19:00,6/28/2017 13:00,1464.3,1000.0,464.3,293.0,RFR,,,False,0,Carrier 31074,Shipper 1375,True,True,True,6/27/2017 19:00,6/28/2017 11:00,False,False,False,False,False,False,False,False,Cartersville,GA ,Cartersville,GA 
4756,206513993,6/23/2017 16:33,6/23/2017 16:33,6/26/2017 12:12,6/27/2017 19:00,6/28/2017 13:00,1464.3,1000.0,464.3,293.0,RFR,,,False,0,Carrier 31074,Shipper 1386,True,True,True,6/27/2017 19:00,6/28/2017 11:00,False,False,False,False,False,False,False,False,Cartersville,GA ,Cartersville,GA 
4757,206513993,6/23/2017 16:33,6/23/2017 16:33,6/26/2017 12:12,6/27/2017 19:00,6/28/2017 13:00,1464.3,1000.0,464.3,293.0,RFR,,,False,0,Carrier 31074,Shipper 1248,True,True,True,6/27/2017 19:00,6/28/2017 11:00,False,False,False,False,False,False,False,False,Cartersville,GA ,Cartersville,GA 
4758,206513993,6/23/2017 16:33,6/23/2017 16:33,6/26/2017 12:12,6/27/2017 19:00,6/28/2017 13:00,1464.3,1000.0,464.3,293.0,RFR,,,False,0,Carrier 31074,Shipper 1387,True,True,True,6/27/2017 19:00,6/28/2017 11:00,False,False,False,False,False,False,False,False,Cartersville,GA ,Cartersville,GA 
4759,206513993,6/23/2017 16:33,6/23/2017 16:33,6/26/2017 12:12,6/27/2017 19:00,6/28/2017 13:00,1464.3,1000.0,464.3,293.0,RFR,,,False,0,Carrier 31074,Shipper 1388,True,True,True,6/27/2017 19:00,6/28/2017 11:00,False,False,False,False,False,False,False,False,Cartersville,GA ,Cartersville,GA 
4760,206626689,4/3/2017 16:17,4/3/2017 16:17,4/7/2017 11:08,4/8/2017 9:00,4/10/2017 17:00,1463.71,1900.0,-436.29,1216.0,DRV,2.0,,False,0,Carrier 1215438,Shipper 1249,True,True,True,4/8/2017 9:00,4/10/2017 13:00,False,False,False,False,False,False,False,False,Fort Collins,CO ,Fort Collins,CO 
4761,206626689,4/3/2017 16:17,4/3/2017 16:17,4/7/2017 11:08,4/8/2017 9:00,4/10/2017 17:00,1463.71,1900.0,-436.29,1216.0,DRV,2.0,,False,0,Carrier 1215438,Shipper 1375,True,True,True,4/8/2017 9:00,4/10/2017 13:00,False,False,False,False,False,False,False,False,Fort Collins,CO ,Fort Collins,CO 
4762,206626689,4/3/2017 16:17,4/3/2017 16:17,4/7/2017 11:08,4/8/2017 9:00,4/10/2017 17:00,1463.71,1900.0,-436.29,1216.0,DRV,2.0,,False,0,Carrier 1215438,Shipper 1386,True,True,True,4/8/2017 9:00,4/10/2017 13:00,False,False,False,False,False,False,False,False,Fort Collins,CO ,Fort Collins,CO 
4763,206626689,4/3/2017 16:17,4/3/2017 16:17,4/7/2017 11:08,4/8/2017 9:00,4/10/2017 17:00,1463.71,1900.0,-436.29,1216.0,DRV,2.0,,False,0,Carrier 1215438,Shipper 1248,True,True,True,4/8/2017 9:00,4/10/2017 13:00,False,False,False,False,False,False,False,False,Fort Collins,CO ,Fort Collins,CO 
4764,206626689,4/3/2017 16:17,4/3/2017 16:17,4/7/2017 11:08,4/8/2017 9:00,4/10/2017 17:00,1463.71,1900.0,-436.29,1216.0,DRV,2.0,,False,0,Carrier 1215438,Shipper 1387,True,True,True,4/8/2017 9:00,4/10/2017 13:00,False,False,False,False,False,False,False,False,Fort Collins,CO ,Fort Collins,CO 
4765,206626689,4/3/2017 16:17,4/3/2017 16:17,4/7/2017 11:08,4/8/2017 9:00,4/10/2017 17:00,1463.71,1900.0,-436.29,1216.0,DRV,2.0,,False,0,Carrier 1215438,Shipper 1388,True,True,True,4/8/2017 9:00,4/10/2017 13:00,False,False,False,False,False,False,False,False,Fort Collins,CO ,Fort Collins,CO 
4766,206664545,10/11/2017 16:47,10/11/2017 16:48,10/12/2017 9:40,10/12/2017 15:00,10/13/2017 13:00,1463.4,1200.0,263.4,339.5,RFR,,,False,0,Carrier 106239,Shipper 1249,True,True,True,10/12/2017 15:00,10/13/2017 11:00,False,False,False,False,False,False,False,False,Jacksonville,FL ,Jacksonville,FL 
4767,206664545,10/11/2017 16:47,10/11/2017 16:48,10/12/2017 9:40,10/12/2017 15:00,10/13/2017 13:00,1463.4,1200.0,263.4,339.5,RFR,,,False,0,Carrier 106239,Shipper 1375,True,True,True,10/12/2017 15:00,10/13/2017 11:00,False,False,False,False,False,False,False,False,Jacksonville,FL ,Jacksonville,FL 
4768,206664545,10/11/2017 16:47,10/11/2017 16:48,10/12/2017 9:40,10/12/2017 15:00,10/13/2017 13:00,1463.4,1200.0,263.4,339.5,RFR,,,False,0,Carrier 106239,Shipper 1386,True,True,True,10/12/2017 15:00,10/13/2017 11:00,False,False,False,False,False,False,False,False,Jacksonville,FL ,Jacksonville,FL 
4769,206664545,10/11/2017 16:47,10/11/2017 16:48,10/12/2017 9:40,10/12/2017 15:00,10/13/2017 13:00,1463.4,1200.0,263.4,339.5,RFR,,,False,0,Carrier 106239,Shipper 1248,True,True,True,10/12/2017 15:00,10/13/2017 11:00,False,False,False,False,False,False,False,False,Jacksonville,FL ,Jacksonville,FL 
4770,206664545,10/11/2017 16:47,10/11/2017 16:48,10/12/2017 9:40,10/12/2017 15:00,10/13/2017 13:00,1463.4,1200.0,263.4,339.5,RFR,,,False,0,Carrier 106239,Shipper 1387,True,True,True,10/12/2017 15:00,10/13/2017 11:00,False,False,False,False,False,False,False,False,Jacksonville,FL ,Jacksonville,FL 
4771,206664545,10/11/2017 16:47,10/11/2017 16:48,10/12/2017 9:40,10/12/2017 15:00,10/13/2017 13:00,1463.4,1200.0,263.4,339.5,RFR,,,False,0,Carrier 106239,Shipper 1388,True,True,True,10/12/2017 15:00,10/13/2017 11:00,False,False,False,False,False,False,False,False,Jacksonville,FL ,Jacksonville,FL 
4772,206641873,5/30/2017 15:58,5/30/2017 15:58,5/31/2017 9:32,5/31/2017 14:00,6/1/2017 10:00,1457.81,1200.0,257.81,456.1,RFR,,,False,0,Carrier 180807,Shipper 1249,True,True,True,5/31/2017 14:00,6/1/2017 15:00,False,False,False,False,False,False,False,False,St. Louis,MO ,St. Louis,MO 
4773,206641873,5/30/2017 15:58,5/30/2017 15:58,5/31/2017 9:32,5/31/2017 14:00,6/1/2017 10:00,1457.81,1200.0,257.81,456.1,RFR,,,False,0,Carrier 180807,Shipper 1375,True,True,True,5/31/2017 14:00,6/1/2017 15:00,False,False,False,False,False,False,False,False,St. Louis,MO ,St. Louis,MO 
4774,206641873,5/30/2017 15:58,5/30/2017 15:58,5/31/2017 9:32,5/31/2017 14:00,6/1/2017 10:00,1457.81,1200.0,257.81,456.1,RFR,,,False,0,Carrier 180807,Shipper 1386,True,True,True,5/31/2017 14:00,6/1/2017 15:00,False,False,False,False,False,False,False,False,St. Louis,MO ,St. Louis,MO 
4775,206641873,5/30/2017 15:58,5/30/2017 15:58,5/31/2017 9:32,5/31/2017 14:00,6/1/2017 10:00,1457.81,1200.0,257.81,456.1,RFR,,,False,0,Carrier 180807,Shipper 1248,True,True,True,5/31/2017 14:00,6/1/2017 15:00,False,False,False,False,False,False,False,False,St. Louis,MO ,St. Louis,MO 
4776,206641873,5/30/2017 15:58,5/30/2017 15:58,5/31/2017 9:32,5/31/2017 14:00,6/1/2017 10:00,1457.81,1200.0,257.81,456.1,RFR,,,False,0,Carrier 180807,Shipper 1387,True,True,True,5/31/2017 14:00,6/1/2017 15:00,False,False,False,False,False,False,False,False,St. Louis,MO ,St. Louis,MO 
4777,206641873,5/30/2017 15:58,5/30/2017 15:58,5/31/2017 9:32,5/31/2017 14:00,6/1/2017 10:00,1457.81,1200.0,257.81,456.1,RFR,,,False,0,Carrier 180807,Shipper 1388,True,True,True,5/31/2017 14:00,6/1/2017 15:00,False,False,False,False,False,False,False,False,St. Louis,MO ,St. Louis,MO 
4778,206543897,9/20/2017 17:31,9/20/2017 17:31,9/22/2017 9:19,9/22/2017 23:00,9/25/2017 11:44,1457.34,1300.0,157.34,274.4,DRV,,,False,0,Carrier 1538447,Shipper 1249,True,True,True,9/22/2017 23:00,9/25/2017 12:00,False,False,False,False,False,False,False,False,Newark,NJ ,Newark,NJ 
4779,206543897,9/20/2017 17:31,9/20/2017 17:31,9/22/2017 9:19,9/22/2017 23:00,9/25/2017 11:44,1457.34,1300.0,157.34,274.4,DRV,,,False,0,Carrier 1538447,Shipper 1375,True,True,True,9/22/2017 23:00,9/25/2017 12:00,False,False,False,False,False,False,False,False,Newark,NJ ,Newark,NJ 
4780,206543897,9/20/2017 17:31,9/20/2017 17:31,9/22/2017 9:19,9/22/2017 23:00,9/25/2017 11:44,1457.34,1300.0,157.34,274.4,DRV,,,False,0,Carrier 1538447,Shipper 1386,True,True,True,9/22/2017 23:00,9/25/2017 12:00,False,False,False,False,False,False,False,False,Newark,NJ ,Newark,NJ 
4781,206543897,9/20/2017 17:31,9/20/2017 17:31,9/22/2017 9:19,9/22/2017 23:00,9/25/2017 11:44,1457.34,1300.0,157.34,274.4,DRV,,,False,0,Carrier 1538447,Shipper 1248,True,True,True,9/22/2017 23:00,9/25/2017 12:00,False,False,False,False,False,False,False,False,Newark,NJ ,Newark,NJ 
4782,206543897,9/20/2017 17:31,9/20/2017 17:31,9/22/2017 9:19,9/22/2017 23:00,9/25/2017 11:44,1457.34,1300.0,157.34,274.4,DRV,,,False,0,Carrier 1538447,Shipper 1387,True,True,True,9/22/2017 23:00,9/25/2017 12:00,False,False,False,False,False,False,False,False,Newark,NJ ,Newark,NJ 
4783,206543897,9/20/2017 17:31,9/20/2017 17:31,9/22/2017 9:19,9/22/2017 23:00,9/25/2017 11:44,1457.34,1300.0,157.34,274.4,DRV,,,False,0,Carrier 1538447,Shipper 1388,True,True,True,9/22/2017 23:00,9/25/2017 12:00,False,False,False,False,False,False,False,False,Newark,NJ ,Newark,NJ 
4784,206564185,7/11/2017 18:22,7/11/2017 18:22,7/18/2017 17:53,7/19/2017 18:00,7/26/2017 3:45,1457.05,874.0,583.05,809.8,DRV,,,False,1,Carrier 14840,Shipper 758,True,True,True,7/19/2017 18:00,7/25/2017 22:30,False,False,False,False,False,False,False,False,Idaho Falls,ID ,Idaho Falls,ID 
4785,206538329,9/25/2017 16:45,9/25/2017 16:45,9/26/2017 14:17,9/26/2017 20:00,9/27/2017 12:30,1456.52,1540.0,-83.48,311.3,DRV,,,False,0,Carrier 1565635,Shipper 1249,True,True,True,9/26/2017 20:00,9/27/2017 11:00,False,False,False,False,False,False,False,False,Newark,NJ ,Newark,NJ 
4786,206538329,9/25/2017 16:45,9/25/2017 16:45,9/26/2017 14:17,9/26/2017 20:00,9/27/2017 12:30,1456.52,1540.0,-83.48,311.3,DRV,,,False,0,Carrier 1565635,Shipper 1375,True,True,True,9/26/2017 20:00,9/27/2017 11:00,False,False,False,False,False,False,False,False,Newark,NJ ,Newark,NJ 
4787,206538329,9/25/2017 16:45,9/25/2017 16:45,9/26/2017 14:17,9/26/2017 20:00,9/27/2017 12:30,1456.52,1540.0,-83.48,311.3,DRV,,,False,0,Carrier 1565635,Shipper 1386,True,True,True,9/26/2017 20:00,9/27/2017 11:00,False,False,False,False,False,False,False,False,Newark,NJ ,Newark,NJ 
4788,206538329,9/25/2017 16:45,9/25/2017 16:45,9/26/2017 14:17,9/26/2017 20:00,9/27/2017 12:30,1456.52,1540.0,-83.48,311.3,DRV,,,False,0,Carrier 1565635,Shipper 1248,True,True,True,9/26/2017 20:00,9/27/2017 11:00,False,False,False,False,False,False,False,False,Newark,NJ ,Newark,NJ 
4789,206538329,9/25/2017 16:45,9/25/2017 16:45,9/26/2017 14:17,9/26/2017 20:00,9/27/2017 12:30,1456.52,1540.0,-83.48,311.3,DRV,,,False,0,Carrier 1565635,Shipper 1387,True,True,True,9/26/2017 20:00,9/27/2017 11:00,False,False,False,False,False,False,False,False,Newark,NJ ,Newark,NJ 
4790,206538329,9/25/2017 16:45,9/25/2017 16:45,9/26/2017 14:17,9/26/2017 20:00,9/27/2017 12:30,1456.52,1540.0,-83.48,311.3,DRV,,,False,0,Carrier 1565635,Shipper 1388,True,True,True,9/26/2017 20:00,9/27/2017 11:00,False,False,False,False,False,False,False,False,Newark,NJ ,Newark,NJ 
4791,206656601,5/30/2017 16:27,5/30/2017 16:28,6/1/2017 13:50,6/1/2017 16:00,6/2/2017 11:45,1456.41,1500.0,-43.59,449.8,DRV,,,False,0,Carrier 941668,Shipper 1249,True,True,True,6/1/2017 16:00,6/2/2017 11:00,False,False,False,False,False,False,False,False,Cartersville,GA ,Cartersville,GA 
4792,206656601,5/30/2017 16:27,5/30/2017 16:28,6/1/2017 13:50,6/1/2017 16:00,6/2/2017 11:45,1456.41,1500.0,-43.59,449.8,DRV,,,False,0,Carrier 941668,Shipper 1375,True,True,True,6/1/2017 16:00,6/2/2017 11:00,False,False,False,False,False,False,False,False,Cartersville,GA ,Cartersville,GA 
4793,206656601,5/30/2017 16:27,5/30/2017 16:28,6/1/2017 13:50,6/1/2017 16:00,6/2/2017 11:45,1456.41,1500.0,-43.59,449.8,DRV,,,False,0,Carrier 941668,Shipper 1386,True,True,True,6/1/2017 16:00,6/2/2017 11:00,False,False,False,False,False,False,False,False,Cartersville,GA ,Cartersville,GA 
4794,206656601,5/30/2017 16:27,5/30/2017 16:28,6/1/2017 13:50,6/1/2017 16:00,6/2/2017 11:45,1456.41,1500.0,-43.59,449.8,DRV,,,False,0,Carrier 941668,Shipper 1248,True,True,True,6/1/2017 16:00,6/2/2017 11:00,False,False,False,False,False,False,False,False,Cartersville,GA ,Cartersville,GA 
4795,206656601,5/30/2017 16:27,5/30/2017 16:28,6/1/2017 13:50,6/1/2017 16:00,6/2/2017 11:45,1456.41,1500.0,-43.59,449.8,DRV,,,False,0,Carrier 941668,Shipper 1387,True,True,True,6/1/2017 16:00,6/2/2017 11:00,False,False,False,False,False,False,False,False,Cartersville,GA ,Cartersville,GA 
4796,206656601,5/30/2017 16:27,5/30/2017 16:28,6/1/2017 13:50,6/1/2017 16:00,6/2/2017 11:45,1456.41,1500.0,-43.59,449.8,DRV,,,False,0,Carrier 941668,Shipper 1388,True,True,True,6/1/2017 16:00,6/2/2017 11:00,False,False,False,False,False,False,False,False,Cartersville,GA ,Cartersville,GA 
4797,206634953,6/6/2017 16:37,6/6/2017 16:37,6/8/2017 10:16,6/8/2017 18:00,6/9/2017 16:00,1456.28,1450.0,6.28,523.7,DRV,,,False,1,Carrier 1055986,Shipper 1249,True,True,True,6/8/2017 18:00,6/9/2017 15:00,False,False,False,False,False,False,False,False,Jacksonville,FL ,Jacksonville,FL 
4798,206634953,6/6/2017 16:37,6/6/2017 16:37,6/8/2017 10:16,6/8/2017 18:00,6/9/2017 16:00,1456.28,1450.0,6.28,523.7,DRV,,,False,1,Carrier 1055986,Shipper 1375,True,True,True,6/8/2017 18:00,6/9/2017 15:00,False,False,False,False,False,False,False,False,Jacksonville,FL ,Jacksonville,FL 
4799,206634953,6/6/2017 16:37,6/6/2017 16:37,6/8/2017 10:16,6/8/2017 18:00,6/9/2017 16:00,1456.28,1450.0,6.28,523.7,DRV,,,False,1,Carrier 1055986,Shipper 1386,True,True,True,6/8/2017 18:00,6/9/2017 15:00,False,False,False,False,False,False,False,False,Jacksonville,FL ,Jacksonville,FL 
4800,206634953,6/6/2017 16:37,6/6/2017 16:37,6/8/2017 10:16,6/8/2017 18:00,6/9/2017 16:00,1456.28,1450.0,6.28,523.7,DRV,,,False,1,Carrier 1055986,Shipper 1248,True,True,True,6/8/2017 18:00,6/9/2017 15:00,False,False,False,False,False,False,False,False,Jacksonville,FL ,Jacksonville,FL 
4801,206634953,6/6/2017 16:37,6/6/2017 16:37,6/8/2017 10:16,6/8/2017 18:00,6/9/2017 16:00,1456.28,1450.0,6.28,523.7,DRV,,,False,1,Carrier 1055986,Shipper 1387,True,True,True,6/8/2017 18:00,6/9/2017 15:00,False,False,False,False,False,False,False,False,Jacksonville,FL ,Jacksonville,FL 
4802,206634953,6/6/2017 16:37,6/6/2017 16:37,6/8/2017 10:16,6/8/2017 18:00,6/9/2017 16:00,1456.28,1450.0,6.28,523.7,DRV,,,False,1,Carrier 1055986,Shipper 1388,True,True,True,6/8/2017 18:00,6/9/2017 15:00,False,False,False,False,False,False,False,False,Jacksonville,FL ,Jacksonville,FL 
4803,206530857,9/26/2017 16:17,9/26/2017 16:17,9/28/2017 9:28,9/28/2017 14:00,9/29/2017 10:00,1455.44,1400.0,55.44,459.9,DRV,,,False,0,Carrier 1440647,Shipper 1249,True,True,True,9/28/2017 14:00,9/30/2017 0:00,False,False,False,False,False,False,False,False,Columbus,OH ,Columbus,OH 
4804,206530857,9/26/2017 16:17,9/26/2017 16:17,9/28/2017 9:28,9/28/2017 14:00,9/29/2017 10:00,1455.44,1400.0,55.44,459.9,DRV,,,False,0,Carrier 1440647,Shipper 1375,True,True,True,9/28/2017 14:00,9/30/2017 0:00,False,False,False,False,False,False,False,False,Columbus,OH ,Columbus,OH 
4805,206530857,9/26/2017 16:17,9/26/2017 16:17,9/28/2017 9:28,9/28/2017 14:00,9/29/2017 10:00,1455.44,1400.0,55.44,459.9,DRV,,,False,0,Carrier 1440647,Shipper 1386,True,True,True,9/28/2017 14:00,9/30/2017 0:00,False,False,False,False,False,False,False,False,Columbus,OH ,Columbus,OH 
4806,206530857,9/26/2017 16:17,9/26/2017 16:17,9/28/2017 9:28,9/28/2017 14:00,9/29/2017 10:00,1455.44,1400.0,55.44,459.9,DRV,,,False,0,Carrier 1440647,Shipper 1248,True,True,True,9/28/2017 14:00,9/30/2017 0:00,False,False,False,False,False,False,False,False,Columbus,OH ,Columbus,OH 
4807,206530857,9/26/2017 16:17,9/26/2017 16:17,9/28/2017 9:28,9/28/2017 14:00,9/29/2017 10:00,1455.44,1400.0,55.44,459.9,DRV,,,False,0,Carrier 1440647,Shipper 1387,True,True,True,9/28/2017 14:00,9/30/2017 0:00,False,False,False,False,False,False,False,False,Columbus,OH ,Columbus,OH 
4808,206530857,9/26/2017 16:17,9/26/2017 16:17,9/28/2017 9:28,9/28/2017 14:00,9/29/2017 10:00,1455.44,1400.0,55.44,459.9,DRV,,,False,0,Carrier 1440647,Shipper 1388,True,True,True,9/28/2017 14:00,9/30/2017 0:00,False,False,False,False,False,False,False,False,Columbus,OH ,Columbus,OH 
4809,206585265,12/1/2017 16:26,12/1/2017 16:27,12/2/2017 12:17,12/3/2017 16:00,12/4/2017 9:00,1455.12,1455.0,0.12,325.4,DRV,,dat_in,False,0,Carrier 1615975,Shipper 1249,True,True,True,12/3/2017 16:00,12/4/2017 15:00,False,False,False,False,False,False,False,False,St. Louis,MO ,St. Louis,MO 
4810,206585265,12/1/2017 16:26,12/1/2017 16:27,12/2/2017 12:17,12/3/2017 16:00,12/4/2017 9:00,1455.12,1455.0,0.12,325.4,DRV,,dat_in,False,0,Carrier 1615975,Shipper 1375,True,True,True,12/3/2017 16:00,12/4/2017 15:00,False,False,False,False,False,False,False,False,St. Louis,MO ,St. Louis,MO 
4811,206585265,12/1/2017 16:26,12/1/2017 16:27,12/2/2017 12:17,12/3/2017 16:00,12/4/2017 9:00,1455.12,1455.0,0.12,325.4,DRV,,dat_in,False,0,Carrier 1615975,Shipper 1386,True,True,True,12/3/2017 16:00,12/4/2017 15:00,False,False,False,False,False,False,False,False,St. Louis,MO ,St. Louis,MO 
4812,206585265,12/1/2017 16:26,12/1/2017 16:27,12/2/2017 12:17,12/3/2017 16:00,12/4/2017 9:00,1455.12,1455.0,0.12,325.4,DRV,,dat_in,False,0,Carrier 1615975,Shipper 1248,True,True,True,12/3/2017 16:00,12/4/2017 15:00,False,False,False,False,False,False,False,False,St. Louis,MO ,St. Louis,MO 
4813,206585265,12/1/2017 16:26,12/1/2017 16:27,12/2/2017 12:17,12/3/2017 16:00,12/4/2017 9:00,1455.12,1455.0,0.12,325.4,DRV,,dat_in,False,0,Carrier 1615975,Shipper 1387,True,True,True,12/3/2017 16:00,12/4/2017 15:00,False,False,False,False,False,False,False,False,St. Louis,MO ,St. Louis,MO 
4814,206585265,12/1/2017 16:26,12/1/2017 16:27,12/2/2017 12:17,12/3/2017 16:00,12/4/2017 9:00,1455.12,1455.0,0.12,325.4,DRV,,dat_in,False,0,Carrier 1615975,Shipper 1388,True,True,True,12/3/2017 16:00,12/4/2017 15:00,False,False,False,False,False,False,False,False,St. Louis,MO ,St. Louis,MO 
4815,206606041,10/3/2017 8:48,10/3/2017 8:48,10/10/2017 13:25,10/11/2017 16:30,10/12/2017 23:15,1454.53,1796.0,-341.47,809.8,DRV,,,False,1,Carrier 800776,Shipper 758,True,True,True,10/11/2017 16:30,10/12/2017 21:30,False,False,False,False,False,False,False,False,Idaho Falls,ID ,Idaho Falls,ID 
4816,206475833,12/14/2017 16:38,12/14/2017 16:38,12/18/2017 9:25,12/18/2017 13:00,12/20/2017 10:30,1454.32,1450.0,4.32,1064.6,DRV,,dat_in,False,0,Carrier 1083794,Shipper 1249,True,True,True,12/18/2017 13:00,12/20/2017 10:00,False,False,False,False,False,False,False,False,Newark,NJ ,Newark,NJ 
4817,206475833,12/14/2017 16:38,12/14/2017 16:38,12/18/2017 9:25,12/18/2017 13:00,12/20/2017 10:30,1454.32,1450.0,4.32,1064.6,DRV,,dat_in,False,0,Carrier 1083794,Shipper 1375,True,True,True,12/18/2017 13:00,12/20/2017 10:00,False,False,False,False,False,False,False,False,Newark,NJ ,Newark,NJ 
4818,206475833,12/14/2017 16:38,12/14/2017 16:38,12/18/2017 9:25,12/18/2017 13:00,12/20/2017 10:30,1454.32,1450.0,4.32,1064.6,DRV,,dat_in,False,0,Carrier 1083794,Shipper 1386,True,True,True,12/18/2017 13:00,12/20/2017 10:00,False,False,False,False,False,False,False,False,Newark,NJ ,Newark,NJ 
4819,206475833,12/14/2017 16:38,12/14/2017 16:38,12/18/2017 9:25,12/18/2017 13:00,12/20/2017 10:30,1454.32,1450.0,4.32,1064.6,DRV,,dat_in,False,0,Carrier 1083794,Shipper 1248,True,True,True,12/18/2017 13:00,12/20/2017 10:00,False,False,False,False,False,False,False,False,Newark,NJ ,Newark,NJ 
4820,206475833,12/14/2017 16:38,12/14/2017 16:38,12/18/2017 9:25,12/18/2017 13:00,12/20/2017 10:30,1454.32,1450.0,4.32,1064.6,DRV,,dat_in,False,0,Carrier 1083794,Shipper 1387,True,True,True,12/18/2017 13:00,12/20/2017 10:00,False,False,False,False,False,False,False,False,Newark,NJ ,Newark,NJ 
4821,206475833,12/14/2017 16:38,12/14/2017 16:38,12/18/2017 9:25,12/18/2017 13:00,12/20/2017 10:30,1454.32,1450.0,4.32,1064.6,DRV,,dat_in,False,0,Carrier 1083794,Shipper 1388,True,True,True,12/18/2017 13:00,12/20/2017 10:00,False,False,False,False,False,False,False,False,Newark,NJ ,Newark,NJ 
4822,206489001,12/5/2017 16:32,12/5/2017 16:32,12/6/2017 10:22,12/6/2017 14:00,12/7/2017 8:39,1453.04,1500.0,-46.96,451.5,RFR,,,False,0,Carrier 690828,Shipper 1249,True,True,True,12/6/2017 17:00,12/7/2017 16:30,False,False,False,False,False,False,False,False,Aurora,CO ,Aurora,CO 
4823,206489001,12/5/2017 16:32,12/5/2017 16:32,12/6/2017 10:22,12/6/2017 14:00,12/7/2017 8:39,1453.04,1500.0,-46.96,451.5,RFR,,,False,0,Carrier 690828,Shipper 1375,True,True,True,12/6/2017 17:00,12/7/2017 16:30,False,False,False,False,False,False,False,False,Aurora,CO ,Aurora,CO 
4824,206489001,12/5/2017 16:32,12/5/2017 16:32,12/6/2017 10:22,12/6/2017 14:00,12/7/2017 8:39,1453.04,1500.0,-46.96,451.5,RFR,,,False,0,Carrier 690828,Shipper 1386,True,True,True,12/6/2017 17:00,12/7/2017 16:30,False,False,False,False,False,False,False,False,Aurora,CO ,Aurora,CO 
4825,206484977,4/3/2017 16:31,4/3/2017 16:31,4/5/2017 11:03,4/5/2017 17:00,4/7/2017 13:21,1453.04,1750.0,-296.96,1216.0,DRV,,,False,1,Carrier 107790,Shipper 1249,True,True,True,4/5/2017 17:00,4/7/2017 13:00,False,False,False,False,False,False,False,False,Fort Collins,CO ,Fort Collins,CO 
4826,206489001,12/5/2017 16:32,12/5/2017 16:32,12/6/2017 10:22,12/6/2017 14:00,12/7/2017 8:39,1453.04,1500.0,-46.96,451.5,RFR,,,False,0,Carrier 690828,Shipper 1248,True,True,True,12/6/2017 17:00,12/7/2017 16:30,False,False,False,False,False,False,False,False,Aurora,CO ,Aurora,CO 
4827,206489001,12/5/2017 16:32,12/5/2017 16:32,12/6/2017 10:22,12/6/2017 14:00,12/7/2017 8:39,1453.04,1500.0,-46.96,451.5,RFR,,,False,0,Carrier 690828,Shipper 1387,True,True,True,12/6/2017 17:00,12/7/2017 16:30,False,False,False,False,False,False,False,False,Aurora,CO ,Aurora,CO 
4828,206484977,4/3/2017 16:31,4/3/2017 16:31,4/5/2017 11:03,4/5/2017 17:00,4/7/2017 13:21,1453.04,1750.0,-296.96,1216.0,DRV,,,False,1,Carrier 107790,Shipper 1375,True,True,True,4/5/2017 17:00,4/7/2017 13:00,False,False,False,False,False,False,False,False,Fort Collins,CO ,Fort Collins,CO 
4829,206489001,12/5/2017 16:32,12/5/2017 16:32,12/6/2017 10:22,12/6/2017 14:00,12/7/2017 8:39,1453.04,1500.0,-46.96,451.5,RFR,,,False,0,Carrier 690828,Shipper 1388,True,True,True,12/6/2017 17:00,12/7/2017 16:30,False,False,False,False,False,False,False,False,Aurora,CO ,Aurora,CO 
4830,206484977,4/3/2017 16:31,4/3/2017 16:31,4/5/2017 11:03,4/5/2017 17:00,4/7/2017 13:21,1453.04,1750.0,-296.96,1216.0,DRV,,,False,1,Carrier 107790,Shipper 1386,True,True,True,4/5/2017 17:00,4/7/2017 13:00,False,False,False,False,False,False,False,False,Fort Collins,CO ,Fort Collins,CO 
4831,206484977,4/3/2017 16:31,4/3/2017 16:31,4/5/2017 11:03,4/5/2017 17:00,4/7/2017 13:21,1453.04,1750.0,-296.96,1216.0,DRV,,,False,1,Carrier 107790,Shipper 1248,True,True,True,4/5/2017 17:00,4/7/2017 13:00,False,False,False,False,False,False,False,False,Fort Collins,CO ,Fort Collins,CO 
4832,206484977,4/3/2017 16:31,4/3/2017 16:31,4/5/2017 11:03,4/5/2017 17:00,4/7/2017 13:21,1453.04,1750.0,-296.96,1216.0,DRV,,,False,1,Carrier 107790,Shipper 1387,True,True,True,4/5/2017 17:00,4/7/2017 13:00,False,False,False,False,False,False,False,False,Fort Collins,CO ,Fort Collins,CO 
4833,206484977,4/3/2017 16:31,4/3/2017 16:31,4/5/2017 11:03,4/5/2017 17:00,4/7/2017 13:21,1453.04,1750.0,-296.96,1216.0,DRV,,,False,1,Carrier 107790,Shipper 1388,True,True,True,4/5/2017 17:00,4/7/2017 13:00,False,False,False,False,False,False,False,False,Fort Collins,CO ,Fort Collins,CO 
4834,206509761,4/19/2017 16:21,4/19/2017 16:21,4/20/2017 11:23,4/20/2017 11:00,4/21/2017 16:45,1450.95,1600.0,-149.05,703.3,RFR,,,False,0,Carrier 1215362,Shipper 1249,True,True,True,4/20/2017 11:00,4/21/2017 17:00,False,False,False,False,False,False,False,False,Aurora,CO ,Aurora,CO 
4835,206509761,4/19/2017 16:21,4/19/2017 16:21,4/20/2017 11:23,4/20/2017 11:00,4/21/2017 16:45,1450.95,1600.0,-149.05,703.3,RFR,,,False,0,Carrier 1215362,Shipper 1375,True,True,True,4/20/2017 11:00,4/21/2017 17:00,False,False,False,False,False,False,False,False,Aurora,CO ,Aurora,CO 
4836,206509761,4/19/2017 16:21,4/19/2017 16:21,4/20/2017 11:23,4/20/2017 11:00,4/21/2017 16:45,1450.95,1600.0,-149.05,703.3,RFR,,,False,0,Carrier 1215362,Shipper 1386,True,True,True,4/20/2017 11:00,4/21/2017 17:00,False,False,False,False,False,False,False,False,Aurora,CO ,Aurora,CO 
4837,206509761,4/19/2017 16:21,4/19/2017 16:21,4/20/2017 11:23,4/20/2017 11:00,4/21/2017 16:45,1450.95,1600.0,-149.05,703.3,RFR,,,False,0,Carrier 1215362,Shipper 1248,True,True,True,4/20/2017 11:00,4/21/2017 17:00,False,False,False,False,False,False,False,False,Aurora,CO ,Aurora,CO 
4838,206509761,4/19/2017 16:21,4/19/2017 16:21,4/20/2017 11:23,4/20/2017 11:00,4/21/2017 16:45,1450.95,1600.0,-149.05,703.3,RFR,,,False,0,Carrier 1215362,Shipper 1387,True,True,True,4/20/2017 11:00,4/21/2017 17:00,False,False,False,False,False,False,False,False,Aurora,CO ,Aurora,CO 
4839,206509761,4/19/2017 16:21,4/19/2017 16:21,4/20/2017 11:23,4/20/2017 11:00,4/21/2017 16:45,1450.95,1600.0,-149.05,703.3,RFR,,,False,0,Carrier 1215362,Shipper 1388,True,True,True,4/20/2017 11:00,4/21/2017 17:00,False,False,False,False,False,False,False,False,Aurora,CO ,Aurora,CO 
4840,206581401,1/16/2017 11:45,1/16/2017 11:45,1/16/2017 17:04,1/17/2017 8:00,1/19/2017 9:40,1450.0,1375.0,75.0,604.4,DRV,,,False,1,Carrier 962032,Shipper 744,False,True,True,1/17/2017 17:00,1/19/2017 13:00,False,False,False,False,False,False,False,False,Conover,NC ,Conover,NC 
4841,206494633,7/18/2017 15:31,7/18/2017 15:31,7/19/2017 10:25,7/19/2017 8:30,7/20/2017 8:00,1450.0,1650.0,-200.0,598.0,DRV,,,False,0,Carrier 962032,Shipper 1184,True,True,True,7/19/2017 14:00,7/20/2017 8:00,False,False,False,False,False,False,False,False,Lebanon,IN ,Lebanon,IN 
4842,206472113,8/16/2017 10:33,8/16/2017 10:34,8/16/2017 11:10,8/16/2017 8:00,8/18/2017 12:50,1450.0,1250.0,200.0,1081.1,DRV,,,False,0,Carrier 978481,Shipper 923,False,True,True,8/16/2017 12:00,8/18/2017 11:00,False,False,False,False,False,False,False,False,Opa-locka,FL ,Opa-locka,FL 
4843,206517913,1/4/2017 13:08,1/4/2017 13:08,1/4/2017 14:39,1/5/2017 8:00,1/6/2017 9:36,1450.0,1350.0,100.0,604.4,DRV,,,False,0,Carrier 947118,Shipper 744,True,True,True,1/5/2017 15:00,1/6/2017 13:00,False,False,False,False,False,False,False,False,Conover,NC ,Conover,NC 
4844,206546473,9/15/2017 16:45,9/15/2017 16:45,10/4/2017 11:25,10/16/2017 20:00,10/17/2017 13:00,1450.0,1100.0,350.0,352.3,DRV,,,False,0,Carrier 1050870,Shipper 585,True,True,True,10/16/2017 20:00,10/17/2017 11:00,False,False,False,False,False,False,False,False,Santa Ana,CA ,Santa Ana,CA 
4845,206470169,9/15/2017 16:39,9/15/2017 16:39,9/19/2017 16:19,9/26/2017 16:00,9/27/2017 16:00,1450.0,1050.0,400.0,352.3,DRV,,,False,0,Carrier 919999,Shipper 585,True,True,True,9/26/2017 16:00,9/27/2017 12:00,False,False,False,False,False,False,False,False,Santa Ana,CA ,Santa Ana,CA 
4846,206523897,5/31/2017 17:08,5/31/2017 17:08,6/7/2017 16:50,6/8/2017 16:00,6/9/2017 15:10,1449.82,1500.0,-50.18,491.3,DRV,,,False,0,Carrier 965065,Shipper 1249,True,True,True,6/8/2017 16:00,6/9/2017 15:00,False,False,False,False,False,False,False,False,Baldwinsville,NY ,Baldwinsville,NY 
4847,206523897,5/31/2017 17:08,5/31/2017 17:08,6/7/2017 16:50,6/8/2017 16:00,6/9/2017 15:10,1449.82,1500.0,-50.18,491.3,DRV,,,False,0,Carrier 965065,Shipper 1375,True,True,True,6/8/2017 16:00,6/9/2017 15:00,False,False,False,False,False,False,False,False,Baldwinsville,NY ,Baldwinsville,NY 
4848,206523897,5/31/2017 17:08,5/31/2017 17:08,6/7/2017 16:50,6/8/2017 16:00,6/9/2017 15:10,1449.82,1500.0,-50.18,491.3,DRV,,,False,0,Carrier 965065,Shipper 1386,True,True,True,6/8/2017 16:00,6/9/2017 15:00,False,False,False,False,False,False,False,False,Baldwinsville,NY ,Baldwinsville,NY 
4849,206523897,5/31/2017 17:08,5/31/2017 17:08,6/7/2017 16:50,6/8/2017 16:00,6/9/2017 15:10,1449.82,1500.0,-50.18,491.3,DRV,,,False,0,Carrier 965065,Shipper 1248,True,True,True,6/8/2017 16:00,6/9/2017 15:00,False,False,False,False,False,False,False,False,Baldwinsville,NY ,Baldwinsville,NY 
4850,206523897,5/31/2017 17:08,5/31/2017 17:08,6/7/2017 16:50,6/8/2017 16:00,6/9/2017 15:10,1449.82,1500.0,-50.18,491.3,DRV,,,False,0,Carrier 965065,Shipper 1387,True,True,True,6/8/2017 16:00,6/9/2017 15:00,False,False,False,False,False,False,False,False,Baldwinsville,NY ,Baldwinsville,NY 
4851,206523897,5/31/2017 17:08,5/31/2017 17:08,6/7/2017 16:50,6/8/2017 16:00,6/9/2017 15:10,1449.82,1500.0,-50.18,491.3,DRV,,,False,0,Carrier 965065,Shipper 1388,True,True,True,6/8/2017 16:00,6/9/2017 15:00,False,False,False,False,False,False,False,False,Baldwinsville,NY ,Baldwinsville,NY 
4852,206740345,9/15/2017 16:46,9/15/2017 16:46,9/19/2017 9:30,9/19/2017 16:00,9/20/2017 9:00,1449.68,1200.0,249.68,285.2,RFR,,,False,0,Carrier 995955,Shipper 1249,True,True,True,9/19/2017 16:00,9/20/2017 15:00,False,False,False,False,False,False,False,False,Newark,NJ ,Newark,NJ 
4853,206740345,9/15/2017 16:46,9/15/2017 16:46,9/19/2017 9:30,9/19/2017 16:00,9/20/2017 9:00,1449.68,1200.0,249.68,285.2,RFR,,,False,0,Carrier 995955,Shipper 1375,True,True,True,9/19/2017 16:00,9/20/2017 15:00,False,False,False,False,False,False,False,False,Newark,NJ ,Newark,NJ 
4854,206740345,9/15/2017 16:46,9/15/2017 16:46,9/19/2017 9:30,9/19/2017 16:00,9/20/2017 9:00,1449.68,1200.0,249.68,285.2,RFR,,,False,0,Carrier 995955,Shipper 1386,True,True,True,9/19/2017 16:00,9/20/2017 15:00,False,False,False,False,False,False,False,False,Newark,NJ ,Newark,NJ 
4855,206740345,9/15/2017 16:46,9/15/2017 16:46,9/19/2017 9:30,9/19/2017 16:00,9/20/2017 9:00,1449.68,1200.0,249.68,285.2,RFR,,,False,0,Carrier 995955,Shipper 1248,True,True,True,9/19/2017 16:00,9/20/2017 15:00,False,False,False,False,False,False,False,False,Newark,NJ ,Newark,NJ 
4856,206740345,9/15/2017 16:46,9/15/2017 16:46,9/19/2017 9:30,9/19/2017 16:00,9/20/2017 9:00,1449.68,1200.0,249.68,285.2,RFR,,,False,0,Carrier 995955,Shipper 1387,True,True,True,9/19/2017 16:00,9/20/2017 15:00,False,False,False,False,False,False,False,False,Newark,NJ ,Newark,NJ 
4857,206740345,9/15/2017 16:46,9/15/2017 16:46,9/19/2017 9:30,9/19/2017 16:00,9/20/2017 9:00,1449.68,1200.0,249.68,285.2,RFR,,,False,0,Carrier 995955,Shipper 1388,True,True,True,9/19/2017 16:00,9/20/2017 15:00,False,False,False,False,False,False,False,False,Newark,NJ ,Newark,NJ 
4858,206495209,4/12/2017 16:57,4/12/2017 16:58,4/13/2017 14:38,4/13/2017 15:30,4/15/2017 0:00,1449.0,1644.0,-195.0,682.4,DRV,3.0,,False,0,Carrier 86164,Shipper 758,True,True,True,4/13/2017 15:30,4/14/2017 21:00,False,False,False,False,False,False,False,False,Tracy,CA ,Tracy,CA 
4859,206640649,2/13/2017 18:26,2/13/2017 18:27,2/14/2017 17:35,2/15/2017 9:00,2/16/2017 11:00,1448.16,1380.0,68.16,755.6,RFR,3.0,,False,0,Carrier 400532,Shipper 1272,True,True,True,2/15/2017 16:00,2/17/2017 16:00,False,False,False,False,False,False,False,False,Timberville,VA ,Timberville,VA 
4860,206483257,9/20/2017 17:03,9/20/2017 17:03,9/21/2017 14:44,9/21/2017 17:00,9/22/2017 12:11,1448.12,1350.0,98.12,253.1,DRV,,,False,0,Carrier 505212,Shipper 1249,True,True,True,9/21/2017 17:00,9/22/2017 13:00,False,False,False,False,False,False,False,False,Newark,NJ ,Newark,NJ 
4861,206483257,9/20/2017 17:03,9/20/2017 17:03,9/21/2017 14:44,9/21/2017 17:00,9/22/2017 12:11,1448.12,1350.0,98.12,253.1,DRV,,,False,0,Carrier 505212,Shipper 1375,True,True,True,9/21/2017 17:00,9/22/2017 13:00,False,False,False,False,False,False,False,False,Newark,NJ ,Newark,NJ 
4862,206483257,9/20/2017 17:03,9/20/2017 17:03,9/21/2017 14:44,9/21/2017 17:00,9/22/2017 12:11,1448.12,1350.0,98.12,253.1,DRV,,,False,0,Carrier 505212,Shipper 1386,True,True,True,9/21/2017 17:00,9/22/2017 13:00,False,False,False,False,False,False,False,False,Newark,NJ ,Newark,NJ 
4863,206483257,9/20/2017 17:03,9/20/2017 17:03,9/21/2017 14:44,9/21/2017 17:00,9/22/2017 12:11,1448.12,1350.0,98.12,253.1,DRV,,,False,0,Carrier 505212,Shipper 1248,True,True,True,9/21/2017 17:00,9/22/2017 13:00,False,False,False,False,False,False,False,False,Newark,NJ ,Newark,NJ 
4864,206483257,9/20/2017 17:03,9/20/2017 17:03,9/21/2017 14:44,9/21/2017 17:00,9/22/2017 12:11,1448.12,1350.0,98.12,253.1,DRV,,,False,0,Carrier 505212,Shipper 1387,True,True,True,9/21/2017 17:00,9/22/2017 13:00,False,False,False,False,False,False,False,False,Newark,NJ ,Newark,NJ 
4865,206483257,9/20/2017 17:03,9/20/2017 17:03,9/21/2017 14:44,9/21/2017 17:00,9/22/2017 12:11,1448.12,1350.0,98.12,253.1,DRV,,,False,0,Carrier 505212,Shipper 1388,True,True,True,9/21/2017 17:00,9/22/2017 13:00,False,False,False,False,False,False,False,False,Newark,NJ ,Newark,NJ 
4866,206516761,7/26/2017 17:19,7/26/2017 17:19,7/28/2017 8:52,7/28/2017 14:00,7/29/2017 8:00,1447.66,1500.0,-52.34,429.9,DRV,,,False,0,Carrier 84317,Shipper 1249,True,False,True,7/28/2017 14:00,7/27/2017 12:00,False,False,False,False,False,False,False,False,Cartersville,GA ,Cartersville,GA 
4867,206516761,7/26/2017 17:19,7/26/2017 17:19,7/28/2017 8:52,7/28/2017 14:00,7/29/2017 8:00,1447.66,1500.0,-52.34,429.9,DRV,,,False,0,Carrier 84317,Shipper 1375,True,False,True,7/28/2017 14:00,7/27/2017 12:00,False,False,False,False,False,False,False,False,Cartersville,GA ,Cartersville,GA 
4868,206516761,7/26/2017 17:19,7/26/2017 17:19,7/28/2017 8:52,7/28/2017 14:00,7/29/2017 8:00,1447.66,1500.0,-52.34,429.9,DRV,,,False,0,Carrier 84317,Shipper 1386,True,False,True,7/28/2017 14:00,7/27/2017 12:00,False,False,False,False,False,False,False,False,Cartersville,GA ,Cartersville,GA 
4869,206516761,7/26/2017 17:19,7/26/2017 17:19,7/28/2017 8:52,7/28/2017 14:00,7/29/2017 8:00,1447.66,1500.0,-52.34,429.9,DRV,,,False,0,Carrier 84317,Shipper 1248,True,False,True,7/28/2017 14:00,7/27/2017 12:00,False,False,False,False,False,False,False,False,Cartersville,GA ,Cartersville,GA 
4870,206516761,7/26/2017 17:19,7/26/2017 17:19,7/28/2017 8:52,7/28/2017 14:00,7/29/2017 8:00,1447.66,1500.0,-52.34,429.9,DRV,,,False,0,Carrier 84317,Shipper 1387,True,False,True,7/28/2017 14:00,7/27/2017 12:00,False,False,False,False,False,False,False,False,Cartersville,GA ,Cartersville,GA 
4871,206516761,7/26/2017 17:19,7/26/2017 17:19,7/28/2017 8:52,7/28/2017 14:00,7/29/2017 8:00,1447.66,1500.0,-52.34,429.9,DRV,,,False,0,Carrier 84317,Shipper 1388,True,False,True,7/28/2017 14:00,7/27/2017 12:00,False,False,False,False,False,False,False,False,Cartersville,GA ,Cartersville,GA 
4872,206581921,11/9/2017 17:03,11/9/2017 17:03,11/10/2017 14:07,11/12/2017 14:00,11/13/2017 12:00,1446.49,1300.0,146.49,597.6,DRV,,,False,0,Carrier 1055986,Shipper 1249,True,True,True,11/12/2017 14:00,11/13/2017 12:00,False,False,False,False,False,False,False,False,Fort Collins,CO ,Fort Collins,CO 
4873,206581921,11/9/2017 17:03,11/9/2017 17:03,11/10/2017 14:07,11/12/2017 14:00,11/13/2017 12:00,1446.49,1300.0,146.49,597.6,DRV,,,False,0,Carrier 1055986,Shipper 1375,True,True,True,11/12/2017 14:00,11/13/2017 12:00,False,False,False,False,False,False,False,False,Fort Collins,CO ,Fort Collins,CO 
4874,206581921,11/9/2017 17:03,11/9/2017 17:03,11/10/2017 14:07,11/12/2017 14:00,11/13/2017 12:00,1446.49,1300.0,146.49,597.6,DRV,,,False,0,Carrier 1055986,Shipper 1386,True,True,True,11/12/2017 14:00,11/13/2017 12:00,False,False,False,False,False,False,False,False,Fort Collins,CO ,Fort Collins,CO 
4875,206581921,11/9/2017 17:03,11/9/2017 17:03,11/10/2017 14:07,11/12/2017 14:00,11/13/2017 12:00,1446.49,1300.0,146.49,597.6,DRV,,,False,0,Carrier 1055986,Shipper 1248,True,True,True,11/12/2017 14:00,11/13/2017 12:00,False,False,False,False,False,False,False,False,Fort Collins,CO ,Fort Collins,CO 
4876,206581921,11/9/2017 17:03,11/9/2017 17:03,11/10/2017 14:07,11/12/2017 14:00,11/13/2017 12:00,1446.49,1300.0,146.49,597.6,DRV,,,False,0,Carrier 1055986,Shipper 1387,True,True,True,11/12/2017 14:00,11/13/2017 12:00,False,False,False,False,False,False,False,False,Fort Collins,CO ,Fort Collins,CO 
4877,206581921,11/9/2017 17:03,11/9/2017 17:03,11/10/2017 14:07,11/12/2017 14:00,11/13/2017 12:00,1446.49,1300.0,146.49,597.6,DRV,,,False,0,Carrier 1055986,Shipper 1388,True,True,True,11/12/2017 14:00,11/13/2017 12:00,False,False,False,False,False,False,False,False,Fort Collins,CO ,Fort Collins,CO 
4878,206609449,4/3/2017 16:22,4/3/2017 16:22,4/4/2017 18:52,4/5/2017 14:00,4/7/2017 12:00,1446.37,1700.0,-253.63,1216.0,DRV,4.0,,False,0,Carrier 916023,Shipper 1249,True,True,True,4/5/2017 14:00,4/7/2017 12:00,False,False,False,False,False,False,False,False,Fort Collins,CO ,Fort Collins,CO 
4879,206609449,4/3/2017 16:22,4/3/2017 16:22,4/4/2017 18:52,4/5/2017 14:00,4/7/2017 12:00,1446.37,1700.0,-253.63,1216.0,DRV,4.0,,False,0,Carrier 916023,Shipper 1375,True,True,True,4/5/2017 14:00,4/7/2017 12:00,False,False,False,False,False,False,False,False,Fort Collins,CO ,Fort Collins,CO 
4880,206609449,4/3/2017 16:22,4/3/2017 16:22,4/4/2017 18:52,4/5/2017 14:00,4/7/2017 12:00,1446.37,1700.0,-253.63,1216.0,DRV,4.0,,False,0,Carrier 916023,Shipper 1386,True,True,True,4/5/2017 14:00,4/7/2017 12:00,False,False,False,False,False,False,False,False,Fort Collins,CO ,Fort Collins,CO 
4881,206609449,4/3/2017 16:22,4/3/2017 16:22,4/4/2017 18:52,4/5/2017 14:00,4/7/2017 12:00,1446.37,1700.0,-253.63,1216.0,DRV,4.0,,False,0,Carrier 916023,Shipper 1248,True,True,True,4/5/2017 14:00,4/7/2017 12:00,False,False,False,False,False,False,False,False,Fort Collins,CO ,Fort Collins,CO 
4882,206609449,4/3/2017 16:22,4/3/2017 16:22,4/4/2017 18:52,4/5/2017 14:00,4/7/2017 12:00,1446.37,1700.0,-253.63,1216.0,DRV,4.0,,False,0,Carrier 916023,Shipper 1387,True,True,True,4/5/2017 14:00,4/7/2017 12:00,False,False,False,False,False,False,False,False,Fort Collins,CO ,Fort Collins,CO 
4883,206609449,4/3/2017 16:22,4/3/2017 16:22,4/4/2017 18:52,4/5/2017 14:00,4/7/2017 12:00,1446.37,1700.0,-253.63,1216.0,DRV,4.0,,False,0,Carrier 916023,Shipper 1388,True,True,True,4/5/2017 14:00,4/7/2017 12:00,False,False,False,False,False,False,False,False,Fort Collins,CO ,Fort Collins,CO 
4884,206510889,5/22/2017 13:34,5/22/2017 13:35,5/23/2017 17:17,5/23/2017 23:00,5/24/2017 8:07,1446.12,1250.0,196.12,234.5,DRV,,,False,1,Carrier 1406661,Shipper 1249,True,True,True,5/23/2017 23:00,5/24/2017 14:30,False,False,False,False,False,False,False,False,Houston,TX ,Houston,TX 
4885,206758273,5/22/2017 13:32,5/22/2017 13:32,5/22/2017 15:35,5/23/2017 18:00,5/24/2017 9:36,1446.12,1100.0,346.12,234.5,DRV,,,False,0,Carrier 978458,Shipper 1249,True,True,True,5/23/2017 18:00,5/24/2017 14:00,False,False,False,False,False,False,False,False,Houston,TX ,Houston,TX 
4886,206510889,5/22/2017 13:34,5/22/2017 13:35,5/23/2017 17:17,5/23/2017 23:00,5/24/2017 8:07,1446.12,1250.0,196.12,234.5,DRV,,,False,1,Carrier 1406661,Shipper 1375,True,True,True,5/23/2017 23:00,5/24/2017 14:30,False,False,False,False,False,False,False,False,Houston,TX ,Houston,TX 
4887,206758273,5/22/2017 13:32,5/22/2017 13:32,5/22/2017 15:35,5/23/2017 18:00,5/24/2017 9:36,1446.12,1100.0,346.12,234.5,DRV,,,False,0,Carrier 978458,Shipper 1375,True,True,True,5/23/2017 18:00,5/24/2017 14:00,False,False,False,False,False,False,False,False,Houston,TX ,Houston,TX 
4888,206510889,5/22/2017 13:34,5/22/2017 13:35,5/23/2017 17:17,5/23/2017 23:00,5/24/2017 8:07,1446.12,1250.0,196.12,234.5,DRV,,,False,1,Carrier 1406661,Shipper 1386,True,True,True,5/23/2017 23:00,5/24/2017 14:30,False,False,False,False,False,False,False,False,Houston,TX ,Houston,TX 
4889,206510889,5/22/2017 13:34,5/22/2017 13:35,5/23/2017 17:17,5/23/2017 23:00,5/24/2017 8:07,1446.12,1250.0,196.12,234.5,DRV,,,False,1,Carrier 1406661,Shipper 1248,True,True,True,5/23/2017 23:00,5/24/2017 14:30,False,False,False,False,False,False,False,False,Houston,TX ,Houston,TX 
4890,206758273,5/22/2017 13:32,5/22/2017 13:32,5/22/2017 15:35,5/23/2017 18:00,5/24/2017 9:36,1446.12,1100.0,346.12,234.5,DRV,,,False,0,Carrier 978458,Shipper 1386,True,True,True,5/23/2017 18:00,5/24/2017 14:00,False,False,False,False,False,False,False,False,Houston,TX ,Houston,TX 
4891,206510889,5/22/2017 13:34,5/22/2017 13:35,5/23/2017 17:17,5/23/2017 23:00,5/24/2017 8:07,1446.12,1250.0,196.12,234.5,DRV,,,False,1,Carrier 1406661,Shipper 1387,True,True,True,5/23/2017 23:00,5/24/2017 14:30,False,False,False,False,False,False,False,False,Houston,TX ,Houston,TX 
4892,206758273,5/22/2017 13:32,5/22/2017 13:32,5/22/2017 15:35,5/23/2017 18:00,5/24/2017 9:36,1446.12,1100.0,346.12,234.5,DRV,,,False,0,Carrier 978458,Shipper 1248,True,True,True,5/23/2017 18:00,5/24/2017 14:00,False,False,False,False,False,False,False,False,Houston,TX ,Houston,TX 
4893,206510889,5/22/2017 13:34,5/22/2017 13:35,5/23/2017 17:17,5/23/2017 23:00,5/24/2017 8:07,1446.12,1250.0,196.12,234.5,DRV,,,False,1,Carrier 1406661,Shipper 1388,True,True,True,5/23/2017 23:00,5/24/2017 14:30,False,False,False,False,False,False,False,False,Houston,TX ,Houston,TX 
4894,206758273,5/22/2017 13:32,5/22/2017 13:32,5/22/2017 15:35,5/23/2017 18:00,5/24/2017 9:36,1446.12,1100.0,346.12,234.5,DRV,,,False,0,Carrier 978458,Shipper 1387,True,True,True,5/23/2017 18:00,5/24/2017 14:00,False,False,False,False,False,False,False,False,Houston,TX ,Houston,TX 
4895,206758273,5/22/2017 13:32,5/22/2017 13:32,5/22/2017 15:35,5/23/2017 18:00,5/24/2017 9:36,1446.12,1100.0,346.12,234.5,DRV,,,False,0,Carrier 978458,Shipper 1388,True,True,True,5/23/2017 18:00,5/24/2017 14:00,False,False,False,False,False,False,False,False,Houston,TX ,Houston,TX 
4896,206587769,7/31/2017 17:33,7/31/2017 17:33,8/2/2017 9:12,8/2/2017 15:00,8/3/2017 11:45,1444.28,1400.0,44.28,551.2,RFR,,,False,0,Carrier 51917,Shipper 1249,,,,8/2/2017 15:00,8/3/2017 14:00,False,False,False,False,False,False,False,False,Granite City,IL ,Granite City,IL 
4897,206587769,7/31/2017 17:33,7/31/2017 17:33,8/2/2017 9:12,8/2/2017 15:00,8/3/2017 11:45,1444.28,1400.0,44.28,551.2,RFR,,,False,0,Carrier 51917,Shipper 1375,,,,8/2/2017 15:00,8/3/2017 14:00,False,False,False,False,False,False,False,False,Granite City,IL ,Granite City,IL 
4898,206587769,7/31/2017 17:33,7/31/2017 17:33,8/2/2017 9:12,8/2/2017 15:00,8/3/2017 11:45,1444.28,1400.0,44.28,551.2,RFR,,,False,0,Carrier 51917,Shipper 1386,,,,8/2/2017 15:00,8/3/2017 14:00,False,False,False,False,False,False,False,False,Granite City,IL ,Granite City,IL 
4899,206587769,7/31/2017 17:33,7/31/2017 17:33,8/2/2017 9:12,8/2/2017 15:00,8/3/2017 11:45,1444.28,1400.0,44.28,551.2,RFR,,,False,0,Carrier 51917,Shipper 1248,,,,8/2/2017 15:00,8/3/2017 14:00,False,False,False,False,False,False,False,False,Granite City,IL ,Granite City,IL 
4900,206587769,7/31/2017 17:33,7/31/2017 17:33,8/2/2017 9:12,8/2/2017 15:00,8/3/2017 11:45,1444.28,1400.0,44.28,551.2,RFR,,,False,0,Carrier 51917,Shipper 1387,,,,8/2/2017 15:00,8/3/2017 14:00,False,False,False,False,False,False,False,False,Granite City,IL ,Granite City,IL 
4901,206587769,7/31/2017 17:33,7/31/2017 17:33,8/2/2017 9:12,8/2/2017 15:00,8/3/2017 11:45,1444.28,1400.0,44.28,551.2,RFR,,,False,0,Carrier 51917,Shipper 1388,,,,8/2/2017 15:00,8/3/2017 14:00,False,False,False,False,False,False,False,False,Granite City,IL ,Granite City,IL 
4902,206522121,9/25/2017 16:56,9/25/2017 16:57,9/26/2017 16:23,9/27/2017 20:00,9/28/2017 11:08,1443.84,1200.0,243.84,235.7,DRV,,,False,0,Carrier 89123,Shipper 1249,True,True,True,9/27/2017 20:00,9/28/2017 10:00,False,False,False,False,False,False,False,False,Colonial Heights,VA ,Colonial Heights,VA 
4903,206522121,9/25/2017 16:56,9/25/2017 16:57,9/26/2017 16:23,9/27/2017 20:00,9/28/2017 11:08,1443.84,1200.0,243.84,235.7,DRV,,,False,0,Carrier 89123,Shipper 1375,True,True,True,9/27/2017 20:00,9/28/2017 10:00,False,False,False,False,False,False,False,False,Colonial Heights,VA ,Colonial Heights,VA 
4904,206522121,9/25/2017 16:56,9/25/2017 16:57,9/26/2017 16:23,9/27/2017 20:00,9/28/2017 11:08,1443.84,1200.0,243.84,235.7,DRV,,,False,0,Carrier 89123,Shipper 1386,True,True,True,9/27/2017 20:00,9/28/2017 10:00,False,False,False,False,False,False,False,False,Colonial Heights,VA ,Colonial Heights,VA 
4905,206522121,9/25/2017 16:56,9/25/2017 16:57,9/26/2017 16:23,9/27/2017 20:00,9/28/2017 11:08,1443.84,1200.0,243.84,235.7,DRV,,,False,0,Carrier 89123,Shipper 1248,True,True,True,9/27/2017 20:00,9/28/2017 10:00,False,False,False,False,False,False,False,False,Colonial Heights,VA ,Colonial Heights,VA 
4906,206522121,9/25/2017 16:56,9/25/2017 16:57,9/26/2017 16:23,9/27/2017 20:00,9/28/2017 11:08,1443.84,1200.0,243.84,235.7,DRV,,,False,0,Carrier 89123,Shipper 1387,True,True,True,9/27/2017 20:00,9/28/2017 10:00,False,False,False,False,False,False,False,False,Colonial Heights,VA ,Colonial Heights,VA 
4907,206522121,9/25/2017 16:56,9/25/2017 16:57,9/26/2017 16:23,9/27/2017 20:00,9/28/2017 11:08,1443.84,1200.0,243.84,235.7,DRV,,,False,0,Carrier 89123,Shipper 1388,True,True,True,9/27/2017 20:00,9/28/2017 10:00,False,False,False,False,False,False,False,False,Colonial Heights,VA ,Colonial Heights,VA 
4908,206586817,11/3/2017 16:29,11/3/2017 16:29,11/7/2017 15:36,11/7/2017 15:00,11/8/2017 16:00,1443.5,2000.0,-556.5,422.5,RFR,,,False,1,Carrier 91007,Shipper 1249,True,True,True,11/7/2017 18:00,11/8/2017 17:00,False,False,False,False,False,False,False,False,Los Angeles,CA ,Los Angeles,CA 
4909,206586817,11/3/2017 16:29,11/3/2017 16:29,11/7/2017 15:36,11/7/2017 15:00,11/8/2017 16:00,1443.5,2000.0,-556.5,422.5,RFR,,,False,1,Carrier 91007,Shipper 1375,True,True,True,11/7/2017 18:00,11/8/2017 17:00,False,False,False,False,False,False,False,False,Los Angeles,CA ,Los Angeles,CA 
4910,206586817,11/3/2017 16:29,11/3/2017 16:29,11/7/2017 15:36,11/7/2017 15:00,11/8/2017 16:00,1443.5,2000.0,-556.5,422.5,RFR,,,False,1,Carrier 91007,Shipper 1386,True,True,True,11/7/2017 18:00,11/8/2017 17:00,False,False,False,False,False,False,False,False,Los Angeles,CA ,Los Angeles,CA 
4911,206586817,11/3/2017 16:29,11/3/2017 16:29,11/7/2017 15:36,11/7/2017 15:00,11/8/2017 16:00,1443.5,2000.0,-556.5,422.5,RFR,,,False,1,Carrier 91007,Shipper 1248,True,True,True,11/7/2017 18:00,11/8/2017 17:00,False,False,False,False,False,False,False,False,Los Angeles,CA ,Los Angeles,CA 
4912,206586817,11/3/2017 16:29,11/3/2017 16:29,11/7/2017 15:36,11/7/2017 15:00,11/8/2017 16:00,1443.5,2000.0,-556.5,422.5,RFR,,,False,1,Carrier 91007,Shipper 1387,True,True,True,11/7/2017 18:00,11/8/2017 17:00,False,False,False,False,False,False,False,False,Los Angeles,CA ,Los Angeles,CA 
4913,206586817,11/3/2017 16:29,11/3/2017 16:29,11/7/2017 15:36,11/7/2017 15:00,11/8/2017 16:00,1443.5,2000.0,-556.5,422.5,RFR,,,False,1,Carrier 91007,Shipper 1388,True,True,True,11/7/2017 18:00,11/8/2017 17:00,False,False,False,False,False,False,False,False,Los Angeles,CA ,Los Angeles,CA 
4914,206467609,5/11/2017 13:26,5/11/2017 13:26,5/12/2017 13:16,5/15/2017 7:00,5/15/2017 16:45,1442.66,1100.0,342.66,249.8,RFR,4.0,,False,0,Carrier 978458,Shipper 1249,True,True,True,5/15/2017 7:00,5/15/2017 15:00,False,False,False,False,False,False,False,False,La Porte,TX ,La Porte,TX 
4915,206467609,5/11/2017 13:26,5/11/2017 13:26,5/12/2017 13:16,5/15/2017 7:00,5/15/2017 16:45,1442.66,1100.0,342.66,249.8,RFR,4.0,,False,0,Carrier 978458,Shipper 1375,True,True,True,5/15/2017 7:00,5/15/2017 15:00,False,False,False,False,False,False,False,False,La Porte,TX ,La Porte,TX 
4916,206467609,5/11/2017 13:26,5/11/2017 13:26,5/12/2017 13:16,5/15/2017 7:00,5/15/2017 16:45,1442.66,1100.0,342.66,249.8,RFR,4.0,,False,0,Carrier 978458,Shipper 1386,True,True,True,5/15/2017 7:00,5/15/2017 15:00,False,False,False,False,False,False,False,False,La Porte,TX ,La Porte,TX 
4917,206467609,5/11/2017 13:26,5/11/2017 13:26,5/12/2017 13:16,5/15/2017 7:00,5/15/2017 16:45,1442.66,1100.0,342.66,249.8,RFR,4.0,,False,0,Carrier 978458,Shipper 1248,True,True,True,5/15/2017 7:00,5/15/2017 15:00,False,False,False,False,False,False,False,False,La Porte,TX ,La Porte,TX 
4918,206467609,5/11/2017 13:26,5/11/2017 13:26,5/12/2017 13:16,5/15/2017 7:00,5/15/2017 16:45,1442.66,1100.0,342.66,249.8,RFR,4.0,,False,0,Carrier 978458,Shipper 1387,True,True,True,5/15/2017 7:00,5/15/2017 15:00,False,False,False,False,False,False,False,False,La Porte,TX ,La Porte,TX 
4919,206467609,5/11/2017 13:26,5/11/2017 13:26,5/12/2017 13:16,5/15/2017 7:00,5/15/2017 16:45,1442.66,1100.0,342.66,249.8,RFR,4.0,,False,0,Carrier 978458,Shipper 1388,True,True,True,5/15/2017 7:00,5/15/2017 15:00,False,False,False,False,False,False,False,False,La Porte,TX ,La Porte,TX 
4920,206551353,12/27/2017 12:33,12/27/2017 12:34,12/27/2017 13:31,1/3/2018 12:00,1/5/2018 11:40,1441.08,1540.0,-98.92,390.6,DRV,,carrier_capacity,True,0,Carrier 69267,Shipper 1644,False,True,True,1/2/2018 13:00,1/4/2018 14:00,False,False,False,False,False,False,False,False,Rossville,GA ,Rossville,GA 
4921,206704009,8/1/2017 10:29,8/1/2017 10:29,8/7/2017 8:00,8/7/2017 8:00,8/9/2017 10:00,1440.0,1525.0,-85.0,944.5,RFR,,,False,0,Carrier 644327,Shipper 734,True,True,True,8/7/2017 17:00,8/9/2017 9:00,False,False,False,False,False,False,False,False,Wilkes-Barre,PA ,Wilkes-Barre,PA 
4922,206592065,5/22/2017 16:15,5/22/2017 16:15,5/23/2017 15:31,5/24/2017 1:00,5/24/2017 13:00,1439.79,1200.0,239.79,359.5,RFR,3.0,,False,0,Carrier 1041647,Shipper 1249,True,True,True,5/24/2017 1:00,5/24/2017 12:00,False,False,False,False,False,False,False,False,Portland,OR ,Portland,OR 
4923,206592065,5/22/2017 16:15,5/22/2017 16:15,5/23/2017 15:31,5/24/2017 1:00,5/24/2017 13:00,1439.79,1200.0,239.79,359.5,RFR,3.0,,False,0,Carrier 1041647,Shipper 1375,True,True,True,5/24/2017 1:00,5/24/2017 12:00,False,False,False,False,False,False,False,False,Portland,OR ,Portland,OR 
4924,206592065,5/22/2017 16:15,5/22/2017 16:15,5/23/2017 15:31,5/24/2017 1:00,5/24/2017 13:00,1439.79,1200.0,239.79,359.5,RFR,3.0,,False,0,Carrier 1041647,Shipper 1386,True,True,True,5/24/2017 1:00,5/24/2017 12:00,False,False,False,False,False,False,False,False,Portland,OR ,Portland,OR 
4925,206592065,5/22/2017 16:15,5/22/2017 16:15,5/23/2017 15:31,5/24/2017 1:00,5/24/2017 13:00,1439.79,1200.0,239.79,359.5,RFR,3.0,,False,0,Carrier 1041647,Shipper 1248,True,True,True,5/24/2017 1:00,5/24/2017 12:00,False,False,False,False,False,False,False,False,Portland,OR ,Portland,OR 
4926,206592065,5/22/2017 16:15,5/22/2017 16:15,5/23/2017 15:31,5/24/2017 1:00,5/24/2017 13:00,1439.79,1200.0,239.79,359.5,RFR,3.0,,False,0,Carrier 1041647,Shipper 1387,True,True,True,5/24/2017 1:00,5/24/2017 12:00,False,False,False,False,False,False,False,False,Portland,OR ,Portland,OR 
4927,206592065,5/22/2017 16:15,5/22/2017 16:15,5/23/2017 15:31,5/24/2017 1:00,5/24/2017 13:00,1439.79,1200.0,239.79,359.5,RFR,3.0,,False,0,Carrier 1041647,Shipper 1388,True,True,True,5/24/2017 1:00,5/24/2017 12:00,False,False,False,False,False,False,False,False,Portland,OR ,Portland,OR 
4928,206535433,9/15/2017 15:44,9/15/2017 15:44,9/18/2017 11:23,9/18/2017 12:00,9/19/2017 3:00,1439.6,1450.0,-10.4,328.8,DRV,,,False,0,Carrier 1031249,Shipper 1249,True,True,True,9/18/2017 14:00,9/19/2017 23:00,False,False,False,False,False,False,False,False,Johnstown,PA ,Johnstown,PA 
4929,206535433,9/15/2017 15:44,9/15/2017 15:44,9/18/2017 11:23,9/18/2017 12:00,9/19/2017 3:00,1439.6,1450.0,-10.4,328.8,DRV,,,False,0,Carrier 1031249,Shipper 1375,True,True,True,9/18/2017 14:00,9/19/2017 23:00,False,False,False,False,False,False,False,False,Johnstown,PA ,Johnstown,PA 
4930,206535433,9/15/2017 15:44,9/15/2017 15:44,9/18/2017 11:23,9/18/2017 12:00,9/19/2017 3:00,1439.6,1450.0,-10.4,328.8,DRV,,,False,0,Carrier 1031249,Shipper 1386,True,True,True,9/18/2017 14:00,9/19/2017 23:00,False,False,False,False,False,False,False,False,Johnstown,PA ,Johnstown,PA 
4931,206535433,9/15/2017 15:44,9/15/2017 15:44,9/18/2017 11:23,9/18/2017 12:00,9/19/2017 3:00,1439.6,1450.0,-10.4,328.8,DRV,,,False,0,Carrier 1031249,Shipper 1248,True,True,True,9/18/2017 14:00,9/19/2017 23:00,False,False,False,False,False,False,False,False,Johnstown,PA ,Johnstown,PA 
4932,206535433,9/15/2017 15:44,9/15/2017 15:44,9/18/2017 11:23,9/18/2017 12:00,9/19/2017 3:00,1439.6,1450.0,-10.4,328.8,DRV,,,False,0,Carrier 1031249,Shipper 1387,True,True,True,9/18/2017 14:00,9/19/2017 23:00,False,False,False,False,False,False,False,False,Johnstown,PA ,Johnstown,PA 
4933,206535433,9/15/2017 15:44,9/15/2017 15:44,9/18/2017 11:23,9/18/2017 12:00,9/19/2017 3:00,1439.6,1450.0,-10.4,328.8,DRV,,,False,0,Carrier 1031249,Shipper 1388,True,True,True,9/18/2017 14:00,9/19/2017 23:00,False,False,False,False,False,False,False,False,Johnstown,PA ,Johnstown,PA 
4934,206696833,6/6/2017 17:55,6/6/2017 17:55,6/9/2017 18:18,6/10/2017 7:00,6/12/2017 8:30,1439.3,1800.0,-360.7,396.5,DRV,,,False,0,Carrier 1695357,Shipper 1249,True,True,True,6/10/2017 7:00,6/12/2017 12:00,False,False,False,False,False,False,False,False,Columbus,OH ,Columbus,OH 
4935,206696833,6/6/2017 17:55,6/6/2017 17:55,6/9/2017 18:18,6/10/2017 7:00,6/12/2017 8:30,1439.3,1800.0,-360.7,396.5,DRV,,,False,0,Carrier 1695357,Shipper 1375,True,True,True,6/10/2017 7:00,6/12/2017 12:00,False,False,False,False,False,False,False,False,Columbus,OH ,Columbus,OH 
4936,206696833,6/6/2017 17:55,6/6/2017 17:55,6/9/2017 18:18,6/10/2017 7:00,6/12/2017 8:30,1439.3,1800.0,-360.7,396.5,DRV,,,False,0,Carrier 1695357,Shipper 1386,True,True,True,6/10/2017 7:00,6/12/2017 12:00,False,False,False,False,False,False,False,False,Columbus,OH ,Columbus,OH 
4937,206696833,6/6/2017 17:55,6/6/2017 17:55,6/9/2017 18:18,6/10/2017 7:00,6/12/2017 8:30,1439.3,1800.0,-360.7,396.5,DRV,,,False,0,Carrier 1695357,Shipper 1248,True,True,True,6/10/2017 7:00,6/12/2017 12:00,False,False,False,False,False,False,False,False,Columbus,OH ,Columbus,OH 
4938,206696833,6/6/2017 17:55,6/6/2017 17:55,6/9/2017 18:18,6/10/2017 7:00,6/12/2017 8:30,1439.3,1800.0,-360.7,396.5,DRV,,,False,0,Carrier 1695357,Shipper 1387,True,True,True,6/10/2017 7:00,6/12/2017 12:00,False,False,False,False,False,False,False,False,Columbus,OH ,Columbus,OH 
4939,206696833,6/6/2017 17:55,6/6/2017 17:55,6/9/2017 18:18,6/10/2017 7:00,6/12/2017 8:30,1439.3,1800.0,-360.7,396.5,DRV,,,False,0,Carrier 1695357,Shipper 1388,True,True,True,6/10/2017 7:00,6/12/2017 12:00,False,False,False,False,False,False,False,False,Columbus,OH ,Columbus,OH 
4940,206432745,5/17/2017 14:11,5/17/2017 14:11,5/17/2017 16:14,5/18/2017 1:00,5/18/2017 21:30,1439.24,1100.0,339.24,210.6,RFR,,,False,0,Carrier 1436762,Shipper 1249,True,False,True,5/18/2017 1:00,5/18/2017 11:15,False,False,False,False,False,False,False,False,Houston,TX ,Houston,TX 
4941,206432745,5/17/2017 14:11,5/17/2017 14:11,5/17/2017 16:14,5/18/2017 1:00,5/18/2017 21:30,1439.24,1100.0,339.24,210.6,RFR,,,False,0,Carrier 1436762,Shipper 1375,True,False,True,5/18/2017 1:00,5/18/2017 11:15,False,False,False,False,False,False,False,False,Houston,TX ,Houston,TX 
4942,206432745,5/17/2017 14:11,5/17/2017 14:11,5/17/2017 16:14,5/18/2017 1:00,5/18/2017 21:30,1439.24,1100.0,339.24,210.6,RFR,,,False,0,Carrier 1436762,Shipper 1386,True,False,True,5/18/2017 1:00,5/18/2017 11:15,False,False,False,False,False,False,False,False,Houston,TX ,Houston,TX 
4943,206432745,5/17/2017 14:11,5/17/2017 14:11,5/17/2017 16:14,5/18/2017 1:00,5/18/2017 21:30,1439.24,1100.0,339.24,210.6,RFR,,,False,0,Carrier 1436762,Shipper 1248,True,False,True,5/18/2017 1:00,5/18/2017 11:15,False,False,False,False,False,False,False,False,Houston,TX ,Houston,TX 
4944,206432745,5/17/2017 14:11,5/17/2017 14:11,5/17/2017 16:14,5/18/2017 1:00,5/18/2017 21:30,1439.24,1100.0,339.24,210.6,RFR,,,False,0,Carrier 1436762,Shipper 1387,True,False,True,5/18/2017 1:00,5/18/2017 11:15,False,False,False,False,False,False,False,False,Houston,TX ,Houston,TX 
4945,206432745,5/17/2017 14:11,5/17/2017 14:11,5/17/2017 16:14,5/18/2017 1:00,5/18/2017 21:30,1439.24,1100.0,339.24,210.6,RFR,,,False,0,Carrier 1436762,Shipper 1388,True,False,True,5/18/2017 1:00,5/18/2017 11:15,False,False,False,False,False,False,False,False,Houston,TX ,Houston,TX 
4946,206481337,7/31/2017 17:19,7/31/2017 17:19,8/2/2017 9:06,8/2/2017 13:00,8/4/2017 14:00,1438.2,1550.0,-111.8,500.6,DRV,,,False,0,Carrier 101590,Shipper 1249,True,True,True,8/2/2017 13:00,8/4/2017 16:00,False,False,False,False,False,False,False,False,Granite City,IL ,Granite City,IL 
4947,206481337,7/31/2017 17:19,7/31/2017 17:19,8/2/2017 9:06,8/2/2017 13:00,8/4/2017 14:00,1438.2,1550.0,-111.8,500.6,DRV,,,False,0,Carrier 101590,Shipper 1375,True,True,True,8/2/2017 13:00,8/4/2017 16:00,False,False,False,False,False,False,False,False,Granite City,IL ,Granite City,IL 
4948,206481337,7/31/2017 17:19,7/31/2017 17:19,8/2/2017 9:06,8/2/2017 13:00,8/4/2017 14:00,1438.2,1550.0,-111.8,500.6,DRV,,,False,0,Carrier 101590,Shipper 1386,True,True,True,8/2/2017 13:00,8/4/2017 16:00,False,False,False,False,False,False,False,False,Granite City,IL ,Granite City,IL 
4949,206481337,7/31/2017 17:19,7/31/2017 17:19,8/2/2017 9:06,8/2/2017 13:00,8/4/2017 14:00,1438.2,1550.0,-111.8,500.6,DRV,,,False,0,Carrier 101590,Shipper 1248,True,True,True,8/2/2017 13:00,8/4/2017 16:00,False,False,False,False,False,False,False,False,Granite City,IL ,Granite City,IL 
4950,206481337,7/31/2017 17:19,7/31/2017 17:19,8/2/2017 9:06,8/2/2017 13:00,8/4/2017 14:00,1438.2,1550.0,-111.8,500.6,DRV,,,False,0,Carrier 101590,Shipper 1387,True,True,True,8/2/2017 13:00,8/4/2017 16:00,False,False,False,False,False,False,False,False,Granite City,IL ,Granite City,IL 
4951,206481337,7/31/2017 17:19,7/31/2017 17:19,8/2/2017 9:06,8/2/2017 13:00,8/4/2017 14:00,1438.2,1550.0,-111.8,500.6,DRV,,,False,0,Carrier 101590,Shipper 1388,True,True,True,8/2/2017 13:00,8/4/2017 16:00,False,False,False,False,False,False,False,False,Granite City,IL ,Granite City,IL 
4952,206551833,6/6/2017 16:08,6/6/2017 16:08,6/7/2017 16:35,6/9/2017 13:00,6/12/2017 10:00,1436.87,1550.0,-113.13,761.7,DRV,,,False,0,Carrier 941668,Shipper 929,True,True,True,6/9/2017 13:00,6/12/2017 8:00,False,False,False,False,False,False,False,False,Colfax,NC ,Colfax,NC 
4953,206518801,6/6/2017 17:09,6/6/2017 17:09,6/7/2017 15:47,6/8/2017 15:00,6/9/2017 16:00,1436.22,1275.0,161.22,492.0,DRV,,,False,1,Carrier 95924,Shipper 1249,True,False,True,6/8/2017 15:00,6/9/2017 8:00,False,False,False,False,False,False,False,False,Jacksonville,FL ,Jacksonville,FL 
4954,206518801,6/6/2017 17:09,6/6/2017 17:09,6/7/2017 15:47,6/8/2017 15:00,6/9/2017 16:00,1436.22,1275.0,161.22,492.0,DRV,,,False,1,Carrier 95924,Shipper 1375,True,False,True,6/8/2017 15:00,6/9/2017 8:00,False,False,False,False,False,False,False,False,Jacksonville,FL ,Jacksonville,FL 
4955,206518801,6/6/2017 17:09,6/6/2017 17:09,6/7/2017 15:47,6/8/2017 15:00,6/9/2017 16:00,1436.22,1275.0,161.22,492.0,DRV,,,False,1,Carrier 95924,Shipper 1386,True,False,True,6/8/2017 15:00,6/9/2017 8:00,False,False,False,False,False,False,False,False,Jacksonville,FL ,Jacksonville,FL 
4956,206518801,6/6/2017 17:09,6/6/2017 17:09,6/7/2017 15:47,6/8/2017 15:00,6/9/2017 16:00,1436.22,1275.0,161.22,492.0,DRV,,,False,1,Carrier 95924,Shipper 1248,True,False,True,6/8/2017 15:00,6/9/2017 8:00,False,False,False,False,False,False,False,False,Jacksonville,FL ,Jacksonville,FL 
4957,206518801,6/6/2017 17:09,6/6/2017 17:09,6/7/2017 15:47,6/8/2017 15:00,6/9/2017 16:00,1436.22,1275.0,161.22,492.0,DRV,,,False,1,Carrier 95924,Shipper 1387,True,False,True,6/8/2017 15:00,6/9/2017 8:00,False,False,False,False,False,False,False,False,Jacksonville,FL ,Jacksonville,FL 
4958,206518801,6/6/2017 17:09,6/6/2017 17:09,6/7/2017 15:47,6/8/2017 15:00,6/9/2017 16:00,1436.22,1275.0,161.22,492.0,DRV,,,False,1,Carrier 95924,Shipper 1388,True,False,True,6/8/2017 15:00,6/9/2017 8:00,False,False,False,False,False,False,False,False,Jacksonville,FL ,Jacksonville,FL 
4959,206433297,6/20/2017 15:47,6/20/2017 15:47,6/30/2017 10:23,6/30/2017 13:00,7/1/2017 20:00,1432.55,2000.0,-567.45,710.1,RFR,,,False,1,Carrier 1598557,Shipper 1513,True,True,True,6/30/2017 13:00,7/1/2017 19:00,False,False,False,False,False,False,False,False,Romulus,MI ,Romulus,MI 
4960,206510297,10/7/2017 11:41,10/7/2017 11:42,10/9/2017 12:53,10/10/2017 14:00,10/11/2017 12:10,1431.16,1300.0,131.16,626.7,DRV,,,False,0,Carrier 1047029,Shipper 1644,True,True,True,10/10/2017 14:00,10/11/2017 14:00,False,False,False,False,False,False,False,False,Flowery Branch,GA ,Flowery Branch,GA 
4961,206512593,5/22/2017 13:56,5/22/2017 13:56,5/22/2017 14:42,5/23/2017 2:00,5/24/2017 6:00,1430.44,1300.0,130.44,392.7,RFR,3.0,,False,0,Carrier 1034065,Shipper 1249,True,True,True,5/23/2017 2:00,5/24/2017 4:00,False,False,False,False,False,False,False,False,St. Louis,MO ,St. Louis,MO 
4962,206512593,5/22/2017 13:56,5/22/2017 13:56,5/22/2017 14:42,5/23/2017 2:00,5/24/2017 6:00,1430.44,1300.0,130.44,392.7,RFR,3.0,,False,0,Carrier 1034065,Shipper 1375,True,True,True,5/23/2017 2:00,5/24/2017 4:00,False,False,False,False,False,False,False,False,St. Louis,MO ,St. Louis,MO 
4963,206512593,5/22/2017 13:56,5/22/2017 13:56,5/22/2017 14:42,5/23/2017 2:00,5/24/2017 6:00,1430.44,1300.0,130.44,392.7,RFR,3.0,,False,0,Carrier 1034065,Shipper 1386,True,True,True,5/23/2017 2:00,5/24/2017 4:00,False,False,False,False,False,False,False,False,St. Louis,MO ,St. Louis,MO 
4964,206512593,5/22/2017 13:56,5/22/2017 13:56,5/22/2017 14:42,5/23/2017 2:00,5/24/2017 6:00,1430.44,1300.0,130.44,392.7,RFR,3.0,,False,0,Carrier 1034065,Shipper 1248,True,True,True,5/23/2017 2:00,5/24/2017 4:00,False,False,False,False,False,False,False,False,St. Louis,MO ,St. Louis,MO 
4965,206512593,5/22/2017 13:56,5/22/2017 13:56,5/22/2017 14:42,5/23/2017 2:00,5/24/2017 6:00,1430.44,1300.0,130.44,392.7,RFR,3.0,,False,0,Carrier 1034065,Shipper 1387,True,True,True,5/23/2017 2:00,5/24/2017 4:00,False,False,False,False,False,False,False,False,St. Louis,MO ,St. Louis,MO 
4966,206512593,5/22/2017 13:56,5/22/2017 13:56,5/22/2017 14:42,5/23/2017 2:00,5/24/2017 6:00,1430.44,1300.0,130.44,392.7,RFR,3.0,,False,0,Carrier 1034065,Shipper 1388,True,True,True,5/23/2017 2:00,5/24/2017 4:00,False,False,False,False,False,False,False,False,St. Louis,MO ,St. Louis,MO 
4967,206430321,7/21/2017 9:43,7/21/2017 9:43,7/24/2017 11:32,7/24/2017 8:00,7/25/2017 13:30,1428.37,1400.0,28.37,688.8,DRV,,,False,0,Carrier 38789,Shipper 1357,True,True,True,7/24/2017 17:00,7/25/2017 12:00,False,False,False,False,False,False,False,False,Knoxville,TN ,Knoxville,TN 
4968,206472121,8/28/2017 12:14,8/28/2017 12:14,8/29/2017 11:00,8/30/2017 12:00,8/31/2017 9:45,1427.9,1350.0,77.9,389.8,DRV,,,False,0,Carrier 1492069,Shipper 1078,True,True,True,8/30/2017 12:00,8/31/2017 14:30,False,False,False,False,False,False,False,False,Columbus,OH ,Columbus,OH 
4969,206491193,8/21/2017 12:52,8/21/2017 12:52,8/31/2017 13:09,9/5/2017 15:00,9/6/2017 17:00,1425.0,1219.0,206.0,341.2,DRV,,,False,0,Carrier 31074,Shipper 585,True,True,True,9/5/2017 20:00,9/6/2017 17:00,False,False,False,False,False,False,False,False,Compton,CA ,Compton,CA 
4970,206551689,3/13/2017 13:24,3/13/2017 13:24,3/14/2017 10:37,3/14/2017 9:00,3/16/2017 9:55,1423.82,1475.0,-51.18,1052.5,DRV,3.0,,False,0,Carrier 1262171,Shipper 744,True,True,True,3/14/2017 15:30,3/16/2017 8:00,False,False,False,False,False,False,False,False,Conover,NC ,Conover,NC 
4971,206544569,12/19/2017 16:01,12/19/2017 16:01,12/27/2017 15:10,12/28/2017 15:00,1/4/2018 0:00,1422.38,2500.0,-1077.62,809.8,DRV,,dat_in,False,0,Carrier 1261469,Shipper 758,False,True,True,12/28/2017 15:00,1/3/2018 22:30,False,False,False,False,False,False,False,False,Idaho Falls,ID ,Idaho Falls,ID 
4972,206583401,10/16/2017 16:23,10/16/2017 16:23,10/17/2017 11:06,10/17/2017 15:00,10/18/2017 9:45,1421.89,1140.0,281.89,361.9,RFR,,,False,0,Carrier 330332,Shipper 1249,True,True,True,10/17/2017 15:00,10/18/2017 5:00,False,False,False,False,False,False,False,False,Jacksonville,FL ,Jacksonville,FL 
4973,206583401,10/16/2017 16:23,10/16/2017 16:23,10/17/2017 11:06,10/17/2017 15:00,10/18/2017 9:45,1421.89,1140.0,281.89,361.9,RFR,,,False,0,Carrier 330332,Shipper 1375,True,True,True,10/17/2017 15:00,10/18/2017 5:00,False,False,False,False,False,False,False,False,Jacksonville,FL ,Jacksonville,FL 
4974,206583401,10/16/2017 16:23,10/16/2017 16:23,10/17/2017 11:06,10/17/2017 15:00,10/18/2017 9:45,1421.89,1140.0,281.89,361.9,RFR,,,False,0,Carrier 330332,Shipper 1386,True,True,True,10/17/2017 15:00,10/18/2017 5:00,False,False,False,False,False,False,False,False,Jacksonville,FL ,Jacksonville,FL 
4975,206583401,10/16/2017 16:23,10/16/2017 16:23,10/17/2017 11:06,10/17/2017 15:00,10/18/2017 9:45,1421.89,1140.0,281.89,361.9,RFR,,,False,0,Carrier 330332,Shipper 1248,True,True,True,10/17/2017 15:00,10/18/2017 5:00,False,False,False,False,False,False,False,False,Jacksonville,FL ,Jacksonville,FL 
4976,206583401,10/16/2017 16:23,10/16/2017 16:23,10/17/2017 11:06,10/17/2017 15:00,10/18/2017 9:45,1421.89,1140.0,281.89,361.9,RFR,,,False,0,Carrier 330332,Shipper 1387,True,True,True,10/17/2017 15:00,10/18/2017 5:00,False,False,False,False,False,False,False,False,Jacksonville,FL ,Jacksonville,FL 
4977,206583401,10/16/2017 16:23,10/16/2017 16:23,10/17/2017 11:06,10/17/2017 15:00,10/18/2017 9:45,1421.89,1140.0,281.89,361.9,RFR,,,False,0,Carrier 330332,Shipper 1388,True,True,True,10/17/2017 15:00,10/18/2017 5:00,False,False,False,False,False,False,False,False,Jacksonville,FL ,Jacksonville,FL 
4978,206643057,7/13/2017 9:59,7/13/2017 9:59,7/14/2017 11:22,7/14/2017 9:00,7/16/2017 9:50,1420.25,1450.0,-29.75,562.7,DRV,,,False,0,Carrier 4000,Shipper 1528,True,True,True,7/14/2017 13:00,7/16/2017 10:00,False,False,False,False,False,False,False,False,Tuscaloosa,AL ,Tuscaloosa,AL 
4979,206524313,7/13/2017 10:06,7/13/2017 10:06,7/14/2017 8:32,7/14/2017 9:00,7/15/2017 10:00,1420.25,1400.0,20.25,562.7,DRV,,,False,0,Carrier 1084795,Shipper 1528,True,True,True,7/14/2017 18:00,7/15/2017 9:00,False,False,False,False,False,False,False,False,Tuscaloosa,AL ,Tuscaloosa,AL 
4980,206430449,3/17/2017 12:56,3/17/2017 12:56,3/20/2017 9:39,3/20/2017 12:30,3/21/2017 10:40,1420.19,1150.0,270.19,389.8,DRV,3.0,,False,0,Carrier 1340790,Shipper 1078,True,True,True,3/20/2017 12:30,3/21/2017 13:00,False,False,False,False,False,False,False,False,Columbus,OH ,Columbus,OH 
4981,206570577,6/20/2017 10:22,6/20/2017 10:23,6/23/2017 9:27,6/23/2017 7:00,6/26/2017 12:15,1419.84,1380.0,39.84,423.8,DRV,,,False,0,Carrier 65608,Shipper 1249,True,True,True,6/23/2017 9:00,6/26/2017 12:00,False,False,False,False,False,False,False,False,Erie,PA ,Erie,PA 
4982,206570577,6/20/2017 10:22,6/20/2017 10:23,6/23/2017 9:27,6/23/2017 7:00,6/26/2017 12:15,1419.84,1380.0,39.84,423.8,DRV,,,False,0,Carrier 65608,Shipper 1375,True,True,True,6/23/2017 9:00,6/26/2017 12:00,False,False,False,False,False,False,False,False,Erie,PA ,Erie,PA 
4983,206570577,6/20/2017 10:22,6/20/2017 10:23,6/23/2017 9:27,6/23/2017 7:00,6/26/2017 12:15,1419.84,1380.0,39.84,423.8,DRV,,,False,0,Carrier 65608,Shipper 1386,True,True,True,6/23/2017 9:00,6/26/2017 12:00,False,False,False,False,False,False,False,False,Erie,PA ,Erie,PA 
4984,206570577,6/20/2017 10:22,6/20/2017 10:23,6/23/2017 9:27,6/23/2017 7:00,6/26/2017 12:15,1419.84,1380.0,39.84,423.8,DRV,,,False,0,Carrier 65608,Shipper 1248,True,True,True,6/23/2017 9:00,6/26/2017 12:00,False,False,False,False,False,False,False,False,Erie,PA ,Erie,PA 
4985,206570577,6/20/2017 10:22,6/20/2017 10:23,6/23/2017 9:27,6/23/2017 7:00,6/26/2017 12:15,1419.84,1380.0,39.84,423.8,DRV,,,False,0,Carrier 65608,Shipper 1387,True,True,True,6/23/2017 9:00,6/26/2017 12:00,False,False,False,False,False,False,False,False,Erie,PA ,Erie,PA 
4986,206570577,6/20/2017 10:22,6/20/2017 10:23,6/23/2017 9:27,6/23/2017 7:00,6/26/2017 12:15,1419.84,1380.0,39.84,423.8,DRV,,,False,0,Carrier 65608,Shipper 1388,True,True,True,6/23/2017 9:00,6/26/2017 12:00,False,False,False,False,False,False,False,False,Erie,PA ,Erie,PA 
4987,206658073,12/18/2017 18:58,12/18/2017 18:58,12/20/2017 9:43,12/20/2017 18:00,12/22/2017 19:20,1419.69,2000.0,-580.31,616.4,DRV,,,False,0,Carrier 24241,Shipper 1249,True,False,True,12/20/2017 18:00,12/22/2017 15:00,False,False,False,False,False,False,False,False,Fort Collins,CO ,Fort Collins,CO 
4988,206658073,12/18/2017 18:58,12/18/2017 18:58,12/20/2017 9:43,12/20/2017 18:00,12/22/2017 19:20,1419.69,2000.0,-580.31,616.4,DRV,,,False,0,Carrier 24241,Shipper 1375,True,False,True,12/20/2017 18:00,12/22/2017 15:00,False,False,False,False,False,False,False,False,Fort Collins,CO ,Fort Collins,CO 
4989,206658073,12/18/2017 18:58,12/18/2017 18:58,12/20/2017 9:43,12/20/2017 18:00,12/22/2017 19:20,1419.69,2000.0,-580.31,616.4,DRV,,,False,0,Carrier 24241,Shipper 1386,True,False,True,12/20/2017 18:00,12/22/2017 15:00,False,False,False,False,False,False,False,False,Fort Collins,CO ,Fort Collins,CO 
4990,206658073,12/18/2017 18:58,12/18/2017 18:58,12/20/2017 9:43,12/20/2017 18:00,12/22/2017 19:20,1419.69,2000.0,-580.31,616.4,DRV,,,False,0,Carrier 24241,Shipper 1248,True,False,True,12/20/2017 18:00,12/22/2017 15:00,False,False,False,False,False,False,False,False,Fort Collins,CO ,Fort Collins,CO 
4991,206658073,12/18/2017 18:58,12/18/2017 18:58,12/20/2017 9:43,12/20/2017 18:00,12/22/2017 19:20,1419.69,2000.0,-580.31,616.4,DRV,,,False,0,Carrier 24241,Shipper 1387,True,False,True,12/20/2017 18:00,12/22/2017 15:00,False,False,False,False,False,False,False,False,Fort Collins,CO ,Fort Collins,CO 
4992,206658073,12/18/2017 18:58,12/18/2017 18:58,12/20/2017 9:43,12/20/2017 18:00,12/22/2017 19:20,1419.69,2000.0,-580.31,616.4,DRV,,,False,0,Carrier 24241,Shipper 1388,True,False,True,12/20/2017 18:00,12/22/2017 15:00,False,False,False,False,False,False,False,False,Fort Collins,CO ,Fort Collins,CO 
4993,206546225,6/20/2017 10:43,6/20/2017 10:43,6/21/2017 8:48,6/21/2017 10:00,6/22/2017 14:50,1419.12,1500.0,-80.88,994.4,DRV,,,False,0,Carrier 1048548,Shipper 1249,True,True,True,6/21/2017 10:00,6/23/2017 13:00,False,False,False,False,False,False,False,False,Newark,NJ ,Newark,NJ 
4994,206546225,6/20/2017 10:43,6/20/2017 10:43,6/21/2017 8:48,6/21/2017 10:00,6/22/2017 14:50,1419.12,1500.0,-80.88,994.4,DRV,,,False,0,Carrier 1048548,Shipper 1375,True,True,True,6/21/2017 10:00,6/23/2017 13:00,False,False,False,False,False,False,False,False,Newark,NJ ,Newark,NJ 
4995,206546225,6/20/2017 10:43,6/20/2017 10:43,6/21/2017 8:48,6/21/2017 10:00,6/22/2017 14:50,1419.12,1500.0,-80.88,994.4,DRV,,,False,0,Carrier 1048548,Shipper 1386,True,True,True,6/21/2017 10:00,6/23/2017 13:00,False,False,False,False,False,False,False,False,Newark,NJ ,Newark,NJ 
4996,206546225,6/20/2017 10:43,6/20/2017 10:43,6/21/2017 8:48,6/21/2017 10:00,6/22/2017 14:50,1419.12,1500.0,-80.88,994.4,DRV,,,False,0,Carrier 1048548,Shipper 1248,True,True,True,6/21/2017 10:00,6/23/2017 13:00,False,False,False,False,False,False,False,False,Newark,NJ ,Newark,NJ 
4997,206546225,6/20/2017 10:43,6/20/2017 10:43,6/21/2017 8:48,6/21/2017 10:00,6/22/2017 14:50,1419.12,1500.0,-80.88,994.4,DRV,,,False,0,Carrier 1048548,Shipper 1387,True,True,True,6/21/2017 10:00,6/23/2017 13:00,False,False,False,False,False,False,False,False,Newark,NJ ,Newark,NJ 
4998,206546225,6/20/2017 10:43,6/20/2017 10:43,6/21/2017 8:48,6/21/2017 10:00,6/22/2017 14:50,1419.12,1500.0,-80.88,994.4,DRV,,,False,0,Carrier 1048548,Shipper 1388,True,True,True,6/21/2017 10:00,6/23/2017 13:00,False,False,False,False,False,False,False,False,Newark,NJ ,Newark,NJ 
4999,206577321,8/2/2017 16:49,8/2/2017 16:49,8/4/2017 16:44,8/5/2017 13:00,8/7/2017 10:00,1418.26,1650.0,-231.74,634.7,DRV,,,False,0,Carrier 975211,Shipper 1249,,,,8/5/2017 13:00,8/7/2017 15:00,False,False,False,False,False,False,False,False,Granite City,IL ,Granite City,IL 
5000,206577321,8/2/2017 16:49,8/2/2017 16:49,8/4/2017 16:44,8/5/2017 13:00,8/7/2017 10:00,1418.26,1650.0,-231.74,634.7,DRV,,,False,0,Carrier 975211,Shipper 1375,,,,8/5/2017 13:00,8/7/2017 15:00,False,False,False,False,False,False,False,False,Granite City,IL ,Granite City,IL 
5001,206577321,8/2/2017 16:49,8/2/2017 16:49,8/4/2017 16:44,8/5/2017 13:00,8/7/2017 10:00,1418.26,1650.0,-231.74,634.7,DRV,,,False,0,Carrier 975211,Shipper 1386,,,,8/5/2017 13:00,8/7/2017 15:00,False,False,False,False,False,False,False,False,Granite City,IL ,Granite City,IL 
5002,206577321,8/2/2017 16:49,8/2/2017 16:49,8/4/2017 16:44,8/5/2017 13:00,8/7/2017 10:00,1418.26,1650.0,-231.74,634.7,DRV,,,False,0,Carrier 975211,Shipper 1248,,,,8/5/2017 13:00,8/7/2017 15:00,False,False,False,False,False,False,False,False,Granite City,IL ,Granite City,IL 
5003,206577321,8/2/2017 16:49,8/2/2017 16:49,8/4/2017 16:44,8/5/2017 13:00,8/7/2017 10:00,1418.26,1650.0,-231.74,634.7,DRV,,,False,0,Carrier 975211,Shipper 1387,,,,8/5/2017 13:00,8/7/2017 15:00,False,False,False,False,False,False,False,False,Granite City,IL ,Granite City,IL 
5004,206577321,8/2/2017 16:49,8/2/2017 16:49,8/4/2017 16:44,8/5/2017 13:00,8/7/2017 10:00,1418.26,1650.0,-231.74,634.7,DRV,,,False,0,Carrier 975211,Shipper 1388,,,,8/5/2017 13:00,8/7/2017 15:00,False,False,False,False,False,False,False,False,Granite City,IL ,Granite City,IL 
5005,206527753,12/3/2017 20:53,12/3/2017 20:53,12/4/2017 12:03,12/4/2017 14:00,12/5/2017 11:45,1415.4,1600.0,-184.6,334.5,DRV,,dat_out,False,0,Carrier 1469806,Shipper 1249,True,True,True,12/4/2017 14:00,12/5/2017 14:00,False,False,False,False,False,False,False,False,Cartersville,GA ,Cartersville,GA 
5006,206527753,12/3/2017 20:53,12/3/2017 20:53,12/4/2017 12:03,12/4/2017 14:00,12/5/2017 11:45,1415.4,1600.0,-184.6,334.5,DRV,,dat_out,False,0,Carrier 1469806,Shipper 1375,True,True,True,12/4/2017 14:00,12/5/2017 14:00,False,False,False,False,False,False,False,False,Cartersville,GA ,Cartersville,GA 
5007,206527753,12/3/2017 20:53,12/3/2017 20:53,12/4/2017 12:03,12/4/2017 14:00,12/5/2017 11:45,1415.4,1600.0,-184.6,334.5,DRV,,dat_out,False,0,Carrier 1469806,Shipper 1386,True,True,True,12/4/2017 14:00,12/5/2017 14:00,False,False,False,False,False,False,False,False,Cartersville,GA ,Cartersville,GA 
5008,206527753,12/3/2017 20:53,12/3/2017 20:53,12/4/2017 12:03,12/4/2017 14:00,12/5/2017 11:45,1415.4,1600.0,-184.6,334.5,DRV,,dat_out,False,0,Carrier 1469806,Shipper 1248,True,True,True,12/4/2017 14:00,12/5/2017 14:00,False,False,False,False,False,False,False,False,Cartersville,GA ,Cartersville,GA 
5009,206527753,12/3/2017 20:53,12/3/2017 20:53,12/4/2017 12:03,12/4/2017 14:00,12/5/2017 11:45,1415.4,1600.0,-184.6,334.5,DRV,,dat_out,False,0,Carrier 1469806,Shipper 1387,True,True,True,12/4/2017 14:00,12/5/2017 14:00,False,False,False,False,False,False,False,False,Cartersville,GA ,Cartersville,GA 
5010,206527753,12/3/2017 20:53,12/3/2017 20:53,12/4/2017 12:03,12/4/2017 14:00,12/5/2017 11:45,1415.4,1600.0,-184.6,334.5,DRV,,dat_out,False,0,Carrier 1469806,Shipper 1388,True,True,True,12/4/2017 14:00,12/5/2017 14:00,False,False,False,False,False,False,False,False,Cartersville,GA ,Cartersville,GA 
5011,206516505,10/24/2017 16:42,10/24/2017 16:42,10/25/2017 13:27,10/25/2017 17:00,10/26/2017 16:20,1414.02,1650.0,-235.98,344.0,RFR,,,False,0,Carrier 73029,Shipper 1249,True,True,True,10/25/2017 17:00,10/26/2017 17:00,False,False,False,False,False,False,False,False,Aurora,CO ,Aurora,CO 
5012,206516505,10/24/2017 16:42,10/24/2017 16:42,10/25/2017 13:27,10/25/2017 17:00,10/26/2017 16:20,1414.02,1650.0,-235.98,344.0,RFR,,,False,0,Carrier 73029,Shipper 1375,True,True,True,10/25/2017 17:00,10/26/2017 17:00,False,False,False,False,False,False,False,False,Aurora,CO ,Aurora,CO 
5013,206516505,10/24/2017 16:42,10/24/2017 16:42,10/25/2017 13:27,10/25/2017 17:00,10/26/2017 16:20,1414.02,1650.0,-235.98,344.0,RFR,,,False,0,Carrier 73029,Shipper 1386,True,True,True,10/25/2017 17:00,10/26/2017 17:00,False,False,False,False,False,False,False,False,Aurora,CO ,Aurora,CO 
5014,206516505,10/24/2017 16:42,10/24/2017 16:42,10/25/2017 13:27,10/25/2017 17:00,10/26/2017 16:20,1414.02,1650.0,-235.98,344.0,RFR,,,False,0,Carrier 73029,Shipper 1248,True,True,True,10/25/2017 17:00,10/26/2017 17:00,False,False,False,False,False,False,False,False,Aurora,CO ,Aurora,CO 
5015,206516505,10/24/2017 16:42,10/24/2017 16:42,10/25/2017 13:27,10/25/2017 17:00,10/26/2017 16:20,1414.02,1650.0,-235.98,344.0,RFR,,,False,0,Carrier 73029,Shipper 1387,True,True,True,10/25/2017 17:00,10/26/2017 17:00,False,False,False,False,False,False,False,False,Aurora,CO ,Aurora,CO 
5016,206516505,10/24/2017 16:42,10/24/2017 16:42,10/25/2017 13:27,10/25/2017 17:00,10/26/2017 16:20,1414.02,1650.0,-235.98,344.0,RFR,,,False,0,Carrier 73029,Shipper 1388,True,True,True,10/25/2017 17:00,10/26/2017 17:00,False,False,False,False,False,False,False,False,Aurora,CO ,Aurora,CO 
5017,206641033,10/2/2017 16:37,10/2/2017 16:37,10/3/2017 15:35,10/4/2017 8:00,10/10/2017 11:30,1412.42,900.0,512.42,214.0,DRV,,,False,0,Carrier 534322,Shipper 1249,True,True,True,10/4/2017 15:00,10/5/2017 10:00,False,False,False,False,False,False,False,False,Louisville,KY ,Louisville,KY 
5018,206641033,10/2/2017 16:37,10/2/2017 16:37,10/3/2017 15:35,10/4/2017 8:00,10/10/2017 11:30,1412.42,900.0,512.42,214.0,DRV,,,False,0,Carrier 534322,Shipper 1375,True,True,True,10/4/2017 15:00,10/5/2017 10:00,False,False,False,False,False,False,False,False,Louisville,KY ,Louisville,KY 
5019,206641033,10/2/2017 16:37,10/2/2017 16:37,10/3/2017 15:35,10/4/2017 8:00,10/10/2017 11:30,1412.42,900.0,512.42,214.0,DRV,,,False,0,Carrier 534322,Shipper 1386,True,True,True,10/4/2017 15:00,10/5/2017 10:00,False,False,False,False,False,False,False,False,Louisville,KY ,Louisville,KY 
5020,206641033,10/2/2017 16:37,10/2/2017 16:37,10/3/2017 15:35,10/4/2017 8:00,10/10/2017 11:30,1412.42,900.0,512.42,214.0,DRV,,,False,0,Carrier 534322,Shipper 1248,True,True,True,10/4/2017 15:00,10/5/2017 10:00,False,False,False,False,False,False,False,False,Louisville,KY ,Louisville,KY 
5021,206641033,10/2/2017 16:37,10/2/2017 16:37,10/3/2017 15:35,10/4/2017 8:00,10/10/2017 11:30,1412.42,900.0,512.42,214.0,DRV,,,False,0,Carrier 534322,Shipper 1387,True,True,True,10/4/2017 15:00,10/5/2017 10:00,False,False,False,False,False,False,False,False,Louisville,KY ,Louisville,KY 
5022,206641033,10/2/2017 16:37,10/2/2017 16:37,10/3/2017 15:35,10/4/2017 8:00,10/10/2017 11:30,1412.42,900.0,512.42,214.0,DRV,,,False,0,Carrier 534322,Shipper 1388,True,True,True,10/4/2017 15:00,10/5/2017 10:00,False,False,False,False,False,False,False,False,Louisville,KY ,Louisville,KY 
5023,206441065,9/20/2017 16:45,9/20/2017 16:45,9/22/2017 10:39,9/22/2017 17:00,9/25/2017 11:05,1411.6,1000.0,411.6,208.1,DRV,,,False,0,Carrier 71406,Shipper 1249,True,True,True,9/22/2017 17:00,9/25/2017 8:30,False,False,False,False,False,False,False,False,Williamsburg,VA ,Williamsburg,VA 
5024,206441065,9/20/2017 16:45,9/20/2017 16:45,9/22/2017 10:39,9/22/2017 17:00,9/25/2017 11:05,1411.6,1000.0,411.6,208.1,DRV,,,False,0,Carrier 71406,Shipper 1375,True,True,True,9/22/2017 17:00,9/25/2017 8:30,False,False,False,False,False,False,False,False,Williamsburg,VA ,Williamsburg,VA 
5025,206441065,9/20/2017 16:45,9/20/2017 16:45,9/22/2017 10:39,9/22/2017 17:00,9/25/2017 11:05,1411.6,1000.0,411.6,208.1,DRV,,,False,0,Carrier 71406,Shipper 1386,True,True,True,9/22/2017 17:00,9/25/2017 8:30,False,False,False,False,False,False,False,False,Williamsburg,VA ,Williamsburg,VA 
5026,206441065,9/20/2017 16:45,9/20/2017 16:45,9/22/2017 10:39,9/22/2017 17:00,9/25/2017 11:05,1411.6,1000.0,411.6,208.1,DRV,,,False,0,Carrier 71406,Shipper 1248,True,True,True,9/22/2017 17:00,9/25/2017 8:30,False,False,False,False,False,False,False,False,Williamsburg,VA ,Williamsburg,VA 
5027,206441065,9/20/2017 16:45,9/20/2017 16:45,9/22/2017 10:39,9/22/2017 17:00,9/25/2017 11:05,1411.6,1000.0,411.6,208.1,DRV,,,False,0,Carrier 71406,Shipper 1387,True,True,True,9/22/2017 17:00,9/25/2017 8:30,False,False,False,False,False,False,False,False,Williamsburg,VA ,Williamsburg,VA 
5028,206441065,9/20/2017 16:45,9/20/2017 16:45,9/22/2017 10:39,9/22/2017 17:00,9/25/2017 11:05,1411.6,1000.0,411.6,208.1,DRV,,,False,0,Carrier 71406,Shipper 1388,True,True,True,9/22/2017 17:00,9/25/2017 8:30,False,False,False,False,False,False,False,False,Williamsburg,VA ,Williamsburg,VA 
5029,206504233,5/16/2017 14:38,5/16/2017 14:38,5/17/2017 12:46,5/17/2017 17:00,5/18/2017 12:00,1410.52,1800.0,-389.48,613.1,DRV,3.0,,False,0,Carrier 1047029,Shipper 1249,True,True,True,5/17/2017 17:00,5/18/2017 14:00,False,False,False,False,False,False,False,False,Houston,TX ,Houston,TX 
5030,206504233,5/16/2017 14:38,5/16/2017 14:38,5/17/2017 12:46,5/17/2017 17:00,5/18/2017 12:00,1410.52,1800.0,-389.48,613.1,DRV,3.0,,False,0,Carrier 1047029,Shipper 1375,True,True,True,5/17/2017 17:00,5/18/2017 14:00,False,False,False,False,False,False,False,False,Houston,TX ,Houston,TX 
5031,206504233,5/16/2017 14:38,5/16/2017 14:38,5/17/2017 12:46,5/17/2017 17:00,5/18/2017 12:00,1410.52,1800.0,-389.48,613.1,DRV,3.0,,False,0,Carrier 1047029,Shipper 1386,True,True,True,5/17/2017 17:00,5/18/2017 14:00,False,False,False,False,False,False,False,False,Houston,TX ,Houston,TX 
5032,206504233,5/16/2017 14:38,5/16/2017 14:38,5/17/2017 12:46,5/17/2017 17:00,5/18/2017 12:00,1410.52,1800.0,-389.48,613.1,DRV,3.0,,False,0,Carrier 1047029,Shipper 1248,True,True,True,5/17/2017 17:00,5/18/2017 14:00,False,False,False,False,False,False,False,False,Houston,TX ,Houston,TX 
5033,206504233,5/16/2017 14:38,5/16/2017 14:38,5/17/2017 12:46,5/17/2017 17:00,5/18/2017 12:00,1410.52,1800.0,-389.48,613.1,DRV,3.0,,False,0,Carrier 1047029,Shipper 1387,True,True,True,5/17/2017 17:00,5/18/2017 14:00,False,False,False,False,False,False,False,False,Houston,TX ,Houston,TX 
5034,206504233,5/16/2017 14:38,5/16/2017 14:38,5/17/2017 12:46,5/17/2017 17:00,5/18/2017 12:00,1410.52,1800.0,-389.48,613.1,DRV,3.0,,False,0,Carrier 1047029,Shipper 1388,True,True,True,5/17/2017 17:00,5/18/2017 14:00,False,False,False,False,False,False,False,False,Houston,TX ,Houston,TX 
5035,206650585,9/20/2017 17:28,9/20/2017 17:28,9/21/2017 14:14,9/21/2017 22:00,9/22/2017 11:40,1409.5,1100.0,309.5,273.7,DRV,,,False,0,Carrier 1140333,Shipper 1249,True,True,True,9/21/2017 22:00,9/22/2017 15:30,False,False,False,False,False,False,False,False,St. Louis,MO ,St. Louis,MO 
5036,206650585,9/20/2017 17:28,9/20/2017 17:28,9/21/2017 14:14,9/21/2017 22:00,9/22/2017 11:40,1409.5,1100.0,309.5,273.7,DRV,,,False,0,Carrier 1140333,Shipper 1375,True,True,True,9/21/2017 22:00,9/22/2017 15:30,False,False,False,False,False,False,False,False,St. Louis,MO ,St. Louis,MO 
5037,206650585,9/20/2017 17:28,9/20/2017 17:28,9/21/2017 14:14,9/21/2017 22:00,9/22/2017 11:40,1409.5,1100.0,309.5,273.7,DRV,,,False,0,Carrier 1140333,Shipper 1386,True,True,True,9/21/2017 22:00,9/22/2017 15:30,False,False,False,False,False,False,False,False,St. Louis,MO ,St. Louis,MO 
5038,206650585,9/20/2017 17:28,9/20/2017 17:28,9/21/2017 14:14,9/21/2017 22:00,9/22/2017 11:40,1409.5,1100.0,309.5,273.7,DRV,,,False,0,Carrier 1140333,Shipper 1248,True,True,True,9/21/2017 22:00,9/22/2017 15:30,False,False,False,False,False,False,False,False,St. Louis,MO ,St. Louis,MO 
5039,206650585,9/20/2017 17:28,9/20/2017 17:28,9/21/2017 14:14,9/21/2017 22:00,9/22/2017 11:40,1409.5,1100.0,309.5,273.7,DRV,,,False,0,Carrier 1140333,Shipper 1387,True,True,True,9/21/2017 22:00,9/22/2017 15:30,False,False,False,False,False,False,False,False,St. Louis,MO ,St. Louis,MO 
5040,206650585,9/20/2017 17:28,9/20/2017 17:28,9/21/2017 14:14,9/21/2017 22:00,9/22/2017 11:40,1409.5,1100.0,309.5,273.7,DRV,,,False,0,Carrier 1140333,Shipper 1388,True,True,True,9/21/2017 22:00,9/22/2017 15:30,False,False,False,False,False,False,False,False,St. Louis,MO ,St. Louis,MO 
5041,206555809,12/5/2017 16:29,12/5/2017 16:29,12/6/2017 15:55,12/7/2017 21:00,12/8/2017 11:55,1408.84,1500.0,-91.16,391.2,RFR,,,False,0,Carrier 1226345,Shipper 1249,True,True,True,12/7/2017 21:00,12/8/2017 17:00,False,False,False,False,False,False,False,False,Fort Collins,CO ,Fort Collins,CO 
5042,206555809,12/5/2017 16:29,12/5/2017 16:29,12/6/2017 15:55,12/7/2017 21:00,12/8/2017 11:55,1408.84,1500.0,-91.16,391.2,RFR,,,False,0,Carrier 1226345,Shipper 1375,True,True,True,12/7/2017 21:00,12/8/2017 17:00,False,False,False,False,False,False,False,False,Fort Collins,CO ,Fort Collins,CO 
5043,206555809,12/5/2017 16:29,12/5/2017 16:29,12/6/2017 15:55,12/7/2017 21:00,12/8/2017 11:55,1408.84,1500.0,-91.16,391.2,RFR,,,False,0,Carrier 1226345,Shipper 1386,True,True,True,12/7/2017 21:00,12/8/2017 17:00,False,False,False,False,False,False,False,False,Fort Collins,CO ,Fort Collins,CO 
5044,206555809,12/5/2017 16:29,12/5/2017 16:29,12/6/2017 15:55,12/7/2017 21:00,12/8/2017 11:55,1408.84,1500.0,-91.16,391.2,RFR,,,False,0,Carrier 1226345,Shipper 1248,True,True,True,12/7/2017 21:00,12/8/2017 17:00,False,False,False,False,False,False,False,False,Fort Collins,CO ,Fort Collins,CO 
5045,206555809,12/5/2017 16:29,12/5/2017 16:29,12/6/2017 15:55,12/7/2017 21:00,12/8/2017 11:55,1408.84,1500.0,-91.16,391.2,RFR,,,False,0,Carrier 1226345,Shipper 1387,True,True,True,12/7/2017 21:00,12/8/2017 17:00,False,False,False,False,False,False,False,False,Fort Collins,CO ,Fort Collins,CO 
5046,206555809,12/5/2017 16:29,12/5/2017 16:29,12/6/2017 15:55,12/7/2017 21:00,12/8/2017 11:55,1408.84,1500.0,-91.16,391.2,RFR,,,False,0,Carrier 1226345,Shipper 1388,True,True,True,12/7/2017 21:00,12/8/2017 17:00,False,False,False,False,False,False,False,False,Fort Collins,CO ,Fort Collins,CO 
5047,206488609,9/11/2017 16:28,9/11/2017 16:28,9/12/2017 8:33,9/13/2017 17:00,9/14/2017 12:20,1405.74,1300.0,105.74,682.2,RFR,,,False,0,Carrier 528438,Shipper 1249,True,True,True,9/13/2017 17:00,9/14/2017 13:00,False,False,False,False,False,False,False,False,Aurora,CO ,Aurora,CO 
5048,206488609,9/11/2017 16:28,9/11/2017 16:28,9/12/2017 8:33,9/13/2017 17:00,9/14/2017 12:20,1405.74,1300.0,105.74,682.2,RFR,,,False,0,Carrier 528438,Shipper 1375,True,True,True,9/13/2017 17:00,9/14/2017 13:00,False,False,False,False,False,False,False,False,Aurora,CO ,Aurora,CO 
5049,206488609,9/11/2017 16:28,9/11/2017 16:28,9/12/2017 8:33,9/13/2017 17:00,9/14/2017 12:20,1405.74,1300.0,105.74,682.2,RFR,,,False,0,Carrier 528438,Shipper 1386,True,True,True,9/13/2017 17:00,9/14/2017 13:00,False,False,False,False,False,False,False,False,Aurora,CO ,Aurora,CO 
5050,206488609,9/11/2017 16:28,9/11/2017 16:28,9/12/2017 8:33,9/13/2017 17:00,9/14/2017 12:20,1405.74,1300.0,105.74,682.2,RFR,,,False,0,Carrier 528438,Shipper 1248,True,True,True,9/13/2017 17:00,9/14/2017 13:00,False,False,False,False,False,False,False,False,Aurora,CO ,Aurora,CO 
5051,206488609,9/11/2017 16:28,9/11/2017 16:28,9/12/2017 8:33,9/13/2017 17:00,9/14/2017 12:20,1405.74,1300.0,105.74,682.2,RFR,,,False,0,Carrier 528438,Shipper 1387,True,True,True,9/13/2017 17:00,9/14/2017 13:00,False,False,False,False,False,False,False,False,Aurora,CO ,Aurora,CO 
5052,206488609,9/11/2017 16:28,9/11/2017 16:28,9/12/2017 8:33,9/13/2017 17:00,9/14/2017 12:20,1405.74,1300.0,105.74,682.2,RFR,,,False,0,Carrier 528438,Shipper 1388,True,True,True,9/13/2017 17:00,9/14/2017 13:00,False,False,False,False,False,False,False,False,Aurora,CO ,Aurora,CO 
5053,206516473,5/22/2017 13:42,5/22/2017 13:42,5/23/2017 11:49,5/23/2017 15:00,5/24/2017 13:15,1404.28,1500.0,-95.72,481.2,DRV,,,False,0,Carrier 342587,Shipper 1249,True,True,True,5/23/2017 15:00,5/24/2017 14:30,False,False,False,False,False,False,False,False,Granite City,IL ,Granite City,IL 
5054,206516473,5/22/2017 13:42,5/22/2017 13:42,5/23/2017 11:49,5/23/2017 15:00,5/24/2017 13:15,1404.28,1500.0,-95.72,481.2,DRV,,,False,0,Carrier 342587,Shipper 1375,True,True,True,5/23/2017 15:00,5/24/2017 14:30,False,False,False,False,False,False,False,False,Granite City,IL ,Granite City,IL 
5055,206516473,5/22/2017 13:42,5/22/2017 13:42,5/23/2017 11:49,5/23/2017 15:00,5/24/2017 13:15,1404.28,1500.0,-95.72,481.2,DRV,,,False,0,Carrier 342587,Shipper 1386,True,True,True,5/23/2017 15:00,5/24/2017 14:30,False,False,False,False,False,False,False,False,Granite City,IL ,Granite City,IL 
5056,206516473,5/22/2017 13:42,5/22/2017 13:42,5/23/2017 11:49,5/23/2017 15:00,5/24/2017 13:15,1404.28,1500.0,-95.72,481.2,DRV,,,False,0,Carrier 342587,Shipper 1248,True,True,True,5/23/2017 15:00,5/24/2017 14:30,False,False,False,False,False,False,False,False,Granite City,IL ,Granite City,IL 
5057,206516473,5/22/2017 13:42,5/22/2017 13:42,5/23/2017 11:49,5/23/2017 15:00,5/24/2017 13:15,1404.28,1500.0,-95.72,481.2,DRV,,,False,0,Carrier 342587,Shipper 1387,True,True,True,5/23/2017 15:00,5/24/2017 14:30,False,False,False,False,False,False,False,False,Granite City,IL ,Granite City,IL 
5058,206516473,5/22/2017 13:42,5/22/2017 13:42,5/23/2017 11:49,5/23/2017 15:00,5/24/2017 13:15,1404.28,1500.0,-95.72,481.2,DRV,,,False,0,Carrier 342587,Shipper 1388,True,True,True,5/23/2017 15:00,5/24/2017 14:30,False,False,False,False,False,False,False,False,Granite City,IL ,Granite City,IL 
5059,206611473,6/6/2017 17:59,6/6/2017 18:00,6/9/2017 17:01,6/9/2017 21:00,6/12/2017 13:00,1402.12,1800.0,-397.88,349.9,DRV,,,False,1,Carrier 1121703,Shipper 1249,True,True,True,6/9/2017 21:00,6/12/2017 12:00,False,False,False,False,False,False,False,False,Columbus,OH ,Columbus,OH 
5060,206611473,6/6/2017 17:59,6/6/2017 18:00,6/9/2017 17:01,6/9/2017 21:00,6/12/2017 13:00,1402.12,1800.0,-397.88,349.9,DRV,,,False,1,Carrier 1121703,Shipper 1375,True,True,True,6/9/2017 21:00,6/12/2017 12:00,False,False,False,False,False,False,False,False,Columbus,OH ,Columbus,OH 
5061,206611473,6/6/2017 17:59,6/6/2017 18:00,6/9/2017 17:01,6/9/2017 21:00,6/12/2017 13:00,1402.12,1800.0,-397.88,349.9,DRV,,,False,1,Carrier 1121703,Shipper 1386,True,True,True,6/9/2017 21:00,6/12/2017 12:00,False,False,False,False,False,False,False,False,Columbus,OH ,Columbus,OH 
5062,206611473,6/6/2017 17:59,6/6/2017 18:00,6/9/2017 17:01,6/9/2017 21:00,6/12/2017 13:00,1402.12,1800.0,-397.88,349.9,DRV,,,False,1,Carrier 1121703,Shipper 1248,True,True,True,6/9/2017 21:00,6/12/2017 12:00,False,False,False,False,False,False,False,False,Columbus,OH ,Columbus,OH 
5063,206611473,6/6/2017 17:59,6/6/2017 18:00,6/9/2017 17:01,6/9/2017 21:00,6/12/2017 13:00,1402.12,1800.0,-397.88,349.9,DRV,,,False,1,Carrier 1121703,Shipper 1387,True,True,True,6/9/2017 21:00,6/12/2017 12:00,False,False,False,False,False,False,False,False,Columbus,OH ,Columbus,OH 
5064,206611473,6/6/2017 17:59,6/6/2017 18:00,6/9/2017 17:01,6/9/2017 21:00,6/12/2017 13:00,1402.12,1800.0,-397.88,349.9,DRV,,,False,1,Carrier 1121703,Shipper 1388,True,True,True,6/9/2017 21:00,6/12/2017 12:00,False,False,False,False,False,False,False,False,Columbus,OH ,Columbus,OH 
5065,206535129,9/6/2017 13:26,9/6/2017 13:26,9/7/2017 11:14,9/7/2017 9:00,9/7/2017 22:00,1400.0,1200.0,200.0,137.5,RFR,,,False,0,Carrier 1215313,Shipper 1590,True,True,True,9/7/2017 14:00,9/7/2017 23:00,False,False,False,False,False,False,False,False,Vineland,NJ ,Vineland,NJ 
5066,206590969,8/18/2017 13:57,8/18/2017 13:57,8/18/2017 14:13,8/19/2017 8:00,8/19/2017 18:20,1400.0,1300.0,100.0,363.7,DRV,,,False,0,Carrier 961246,Shipper 1570,True,True,True,8/19/2017 9:00,8/19/2017 19:00,False,False,False,False,False,False,False,False,Valparaiso,IN ,Valparaiso,IN 
5067,206705673,1/11/2017 11:14,1/11/2017 11:14,1/11/2017 14:00,1/12/2017 7:00,1/13/2017 9:20,1400.0,1150.0,250.0,644.6,DRV,,,False,0,Carrier 117599,Shipper 937,True,True,True,1/12/2017 12:00,1/13/2017 15:00,False,False,False,False,False,False,False,False,Clayton,NC ,Clayton,NC 
5068,206569161,9/29/2017 15:32,9/29/2017 15:32,10/2/2017 11:22,10/3/2017 8:00,10/4/2017 10:55,1400.0,1300.0,100.0,268.6,DRV,,,False,0,Carrier 22870,Shipper 1184,True,True,True,10/3/2017 17:00,10/4/2017 8:00,False,False,False,False,False,False,False,False,Geneva,NY ,Geneva,NY 
5069,206468585,9/5/2017 10:44,9/5/2017 10:44,9/5/2017 14:42,9/6/2017 9:00,9/6/2017 22:10,1400.0,1100.0,300.0,363.7,DRV,,,False,0,Carrier 1024934,Shipper 1570,True,True,True,9/6/2017 16:00,9/7/2017 8:00,False,False,False,False,False,False,False,False,Valparaiso,IN ,Valparaiso,IN 
5070,206571865,8/3/2017 8:57,8/3/2017 8:57,9/1/2017 9:55,9/5/2017 16:00,9/7/2017 11:25,1400.0,1450.0,-50.0,1011.1,DRV,,,False,0,Carrier 31074,Shipper 585,True,True,True,9/5/2017 16:00,9/7/2017 11:00,False,False,False,False,False,False,False,False,Plant City,FL ,Plant City,FL 
5071,206559961,9/23/2017 8:49,9/23/2017 8:49,9/25/2017 9:11,9/25/2017 14:00,9/26/2017 10:20,1399.77,1150.0,249.77,302.7,DRV,,,False,0,Carrier 106770,Shipper 1644,True,True,True,9/25/2017 14:00,9/26/2017 9:00,False,False,False,False,False,False,False,False,Mount Airy,NC ,Mount Airy,NC 
5072,206620489,10/30/2017 11:56,10/30/2017 11:57,10/31/2017 12:42,11/1/2017 10:00,11/2/2017 9:50,1399.72,1250.0,149.72,530.0,DRV,,,False,0,Carrier 1645780,Shipper 1644,True,True,True,11/1/2017 10:00,11/2/2017 9:00,False,False,False,False,False,False,False,False,Xenia,OH ,Xenia,OH 
5073,206648297,9/15/2017 15:59,9/15/2017 15:59,9/18/2017 8:54,9/18/2017 7:00,9/19/2017 11:20,1399.5,1100.0,299.5,232.5,DRV,,,False,0,Carrier 1253264,Shipper 1249,True,True,True,9/18/2017 21:00,9/19/2017 21:00,False,False,False,False,False,False,False,False,Erie,PA ,Erie,PA 
5074,206648297,9/15/2017 15:59,9/15/2017 15:59,9/18/2017 8:54,9/18/2017 7:00,9/19/2017 11:20,1399.5,1100.0,299.5,232.5,DRV,,,False,0,Carrier 1253264,Shipper 1375,True,True,True,9/18/2017 21:00,9/19/2017 21:00,False,False,False,False,False,False,False,False,Erie,PA ,Erie,PA 
5075,206648297,9/15/2017 15:59,9/15/2017 15:59,9/18/2017 8:54,9/18/2017 7:00,9/19/2017 11:20,1399.5,1100.0,299.5,232.5,DRV,,,False,0,Carrier 1253264,Shipper 1386,True,True,True,9/18/2017 21:00,9/19/2017 21:00,False,False,False,False,False,False,False,False,Erie,PA ,Erie,PA 
5076,206648297,9/15/2017 15:59,9/15/2017 15:59,9/18/2017 8:54,9/18/2017 7:00,9/19/2017 11:20,1399.5,1100.0,299.5,232.5,DRV,,,False,0,Carrier 1253264,Shipper 1248,True,True,True,9/18/2017 21:00,9/19/2017 21:00,False,False,False,False,False,False,False,False,Erie,PA ,Erie,PA 
5077,206648297,9/15/2017 15:59,9/15/2017 15:59,9/18/2017 8:54,9/18/2017 7:00,9/19/2017 11:20,1399.5,1100.0,299.5,232.5,DRV,,,False,0,Carrier 1253264,Shipper 1387,True,True,True,9/18/2017 21:00,9/19/2017 21:00,False,False,False,False,False,False,False,False,Erie,PA ,Erie,PA 
5078,206648297,9/15/2017 15:59,9/15/2017 15:59,9/18/2017 8:54,9/18/2017 7:00,9/19/2017 11:20,1399.5,1100.0,299.5,232.5,DRV,,,False,0,Carrier 1253264,Shipper 1388,True,True,True,9/18/2017 21:00,9/19/2017 21:00,False,False,False,False,False,False,False,False,Erie,PA ,Erie,PA 
5079,206480977,8/29/2017 14:46,8/29/2017 14:46,9/5/2017 13:06,9/6/2017 10:00,9/8/2017 0:30,1398.61,1449.0,-50.39,817.6,DRV,,,False,1,Carrier 35383,Shipper 758,True,True,True,9/6/2017 10:00,9/7/2017 21:00,False,False,False,False,False,False,False,False,Idaho Falls,ID ,Idaho Falls,ID 
5080,206620449,8/18/2017 16:59,8/18/2017 16:59,8/21/2017 13:36,8/30/2017 18:00,9/1/2017 0:00,1398.32,1360.0,38.32,505.4,DRV,,,False,1,Carrier 31074,Shipper 758,True,True,True,8/30/2017 18:00,8/31/2017 17:00,False,False,False,False,False,False,False,False,Idaho Falls,ID ,Idaho Falls,ID 
5081,206558473,10/20/2017 10:55,10/20/2017 10:56,10/23/2017 12:08,10/24/2017 7:00,10/25/2017 10:09,1395.45,950.0,445.45,318.1,DRV,,,False,0,Carrier 1075061,Shipper 1175,True,True,True,10/24/2017 14:00,10/25/2017 15:00,False,False,False,False,False,True,False,False,Washington,PA ,Washington,PA 
5082,206434593,7/11/2017 16:03,7/11/2017 16:03,7/12/2017 15:37,7/12/2017 15:00,7/13/2017 11:40,1395.0,1550.0,-155.0,333.9,RFR,,,False,1,Carrier 1567302,Shipper 1173,True,True,True,7/12/2017 17:00,7/13/2017 8:00,False,False,False,False,False,False,False,False,Baltimore,MD ,Baltimore,MD 
5083,206562577,6/30/2017 14:25,6/30/2017 14:25,7/6/2017 10:51,7/6/2017 15:00,7/7/2017 8:00,1395.0,1400.0,-5.0,333.9,RFR,,,False,0,Carrier 936214,Shipper 1173,True,True,True,7/6/2017 15:00,7/7/2017 8:00,False,False,False,False,False,False,False,False,Baltimore,MD ,Baltimore,MD 
5084,206617393,1/16/2017 17:55,1/16/2017 17:55,1/25/2017 13:10,1/26/2017 11:00,1/27/2017 11:00,1395.0,1170.0,225.0,574.7,DRV,,,False,0,Carrier 458370,Shipper 758,True,True,True,1/27/2017 1:00,1/27/2017 8:00,False,False,False,False,False,False,False,False,Fresno,CA ,Fresno,CA 
5085,206707233,7/26/2017 10:31,7/26/2017 10:32,7/26/2017 14:41,7/27/2017 10:00,7/28/2017 15:30,1392.99,1300.0,92.99,777.9,DRV,,,False,0,Carrier 104161,Shipper 973,True,True,True,7/27/2017 19:00,7/28/2017 19:00,False,False,False,False,False,False,False,False,Casa Grande,AZ ,Casa Grande,AZ 
5086,206577313,7/31/2017 17:13,7/31/2017 17:13,8/2/2017 12:07,8/2/2017 15:00,8/4/2017 11:45,1391.62,1500.0,-108.38,837.0,RFR,,,False,1,Carrier 1043529,Shipper 1249,True,True,True,8/2/2017 15:00,8/4/2017 20:00,False,False,False,False,False,False,False,False,Aurora,CO ,Aurora,CO 
5087,206577313,7/31/2017 17:13,7/31/2017 17:13,8/2/2017 12:07,8/2/2017 15:00,8/4/2017 11:45,1391.62,1500.0,-108.38,837.0,RFR,,,False,1,Carrier 1043529,Shipper 1375,True,True,True,8/2/2017 15:00,8/4/2017 20:00,False,False,False,False,False,False,False,False,Aurora,CO ,Aurora,CO 
5088,206577313,7/31/2017 17:13,7/31/2017 17:13,8/2/2017 12:07,8/2/2017 15:00,8/4/2017 11:45,1391.62,1500.0,-108.38,837.0,RFR,,,False,1,Carrier 1043529,Shipper 1386,True,True,True,8/2/2017 15:00,8/4/2017 20:00,False,False,False,False,False,False,False,False,Aurora,CO ,Aurora,CO 
5089,206577313,7/31/2017 17:13,7/31/2017 17:13,8/2/2017 12:07,8/2/2017 15:00,8/4/2017 11:45,1391.62,1500.0,-108.38,837.0,RFR,,,False,1,Carrier 1043529,Shipper 1248,True,True,True,8/2/2017 15:00,8/4/2017 20:00,False,False,False,False,False,False,False,False,Aurora,CO ,Aurora,CO 
5090,206577313,7/31/2017 17:13,7/31/2017 17:13,8/2/2017 12:07,8/2/2017 15:00,8/4/2017 11:45,1391.62,1500.0,-108.38,837.0,RFR,,,False,1,Carrier 1043529,Shipper 1387,True,True,True,8/2/2017 15:00,8/4/2017 20:00,False,False,False,False,False,False,False,False,Aurora,CO ,Aurora,CO 
5091,206577313,7/31/2017 17:13,7/31/2017 17:13,8/2/2017 12:07,8/2/2017 15:00,8/4/2017 11:45,1391.62,1500.0,-108.38,837.0,RFR,,,False,1,Carrier 1043529,Shipper 1388,True,True,True,8/2/2017 15:00,8/4/2017 20:00,False,False,False,False,False,False,False,False,Aurora,CO ,Aurora,CO 
5092,206657753,11/9/2017 18:09,11/9/2017 18:09,11/10/2017 9:24,11/10/2017 7:00,11/10/2017 18:30,1388.17,1100.0,288.17,209.3,DRV,,,False,0,Carrier 1695564,Shipper 1249,True,True,True,11/10/2017 12:00,11/10/2017 20:00,False,False,False,False,False,False,False,False,Newark,NJ ,Newark,NJ 
5093,206657753,11/9/2017 18:09,11/9/2017 18:09,11/10/2017 9:24,11/10/2017 7:00,11/10/2017 18:30,1388.17,1100.0,288.17,209.3,DRV,,,False,0,Carrier 1695564,Shipper 1375,True,True,True,11/10/2017 12:00,11/10/2017 20:00,False,False,False,False,False,False,False,False,Newark,NJ ,Newark,NJ 
5094,206657753,11/9/2017 18:09,11/9/2017 18:09,11/10/2017 9:24,11/10/2017 7:00,11/10/2017 18:30,1388.17,1100.0,288.17,209.3,DRV,,,False,0,Carrier 1695564,Shipper 1386,True,True,True,11/10/2017 12:00,11/10/2017 20:00,False,False,False,False,False,False,False,False,Newark,NJ ,Newark,NJ 
5095,206657753,11/9/2017 18:09,11/9/2017 18:09,11/10/2017 9:24,11/10/2017 7:00,11/10/2017 18:30,1388.17,1100.0,288.17,209.3,DRV,,,False,0,Carrier 1695564,Shipper 1248,True,True,True,11/10/2017 12:00,11/10/2017 20:00,False,False,False,False,False,False,False,False,Newark,NJ ,Newark,NJ 
5096,206657753,11/9/2017 18:09,11/9/2017 18:09,11/10/2017 9:24,11/10/2017 7:00,11/10/2017 18:30,1388.17,1100.0,288.17,209.3,DRV,,,False,0,Carrier 1695564,Shipper 1387,True,True,True,11/10/2017 12:00,11/10/2017 20:00,False,False,False,False,False,False,False,False,Newark,NJ ,Newark,NJ 
5097,206657753,11/9/2017 18:09,11/9/2017 18:09,11/10/2017 9:24,11/10/2017 7:00,11/10/2017 18:30,1388.17,1100.0,288.17,209.3,DRV,,,False,0,Carrier 1695564,Shipper 1388,True,True,True,11/10/2017 12:00,11/10/2017 20:00,False,False,False,False,False,False,False,False,Newark,NJ ,Newark,NJ 
5098,206461865,2/13/2017 18:36,2/13/2017 18:36,2/20/2017 9:12,2/20/2017 12:00,2/23/2017 7:30,1387.87,100.0,1287.87,449.7,DRV,1.0,,False,1,Carrier 31047,Shipper 832,True,True,True,2/20/2017 15:00,2/23/2017 8:00,False,False,False,False,False,False,False,False,Upper Marlboro,MD ,Upper Marlboro,MD 
5099,206704361,5/30/2017 15:29,5/30/2017 15:29,6/1/2017 12:49,6/1/2017 18:00,6/2/2017 12:30,1385.3,1400.0,-14.7,341.0,DRV,,,False,0,Carrier 1477566,Shipper 1249,True,True,True,6/1/2017 18:00,6/2/2017 16:00,False,False,False,False,False,False,False,False,Granite City,IL ,Granite City,IL 
5100,206704361,5/30/2017 15:29,5/30/2017 15:29,6/1/2017 12:49,6/1/2017 18:00,6/2/2017 12:30,1385.3,1400.0,-14.7,341.0,DRV,,,False,0,Carrier 1477566,Shipper 1375,True,True,True,6/1/2017 18:00,6/2/2017 16:00,False,False,False,False,False,False,False,False,Granite City,IL ,Granite City,IL 
5101,206704361,5/30/2017 15:29,5/30/2017 15:29,6/1/2017 12:49,6/1/2017 18:00,6/2/2017 12:30,1385.3,1400.0,-14.7,341.0,DRV,,,False,0,Carrier 1477566,Shipper 1386,True,True,True,6/1/2017 18:00,6/2/2017 16:00,False,False,False,False,False,False,False,False,Granite City,IL ,Granite City,IL 
5102,206704361,5/30/2017 15:29,5/30/2017 15:29,6/1/2017 12:49,6/1/2017 18:00,6/2/2017 12:30,1385.3,1400.0,-14.7,341.0,DRV,,,False,0,Carrier 1477566,Shipper 1248,True,True,True,6/1/2017 18:00,6/2/2017 16:00,False,False,False,False,False,False,False,False,Granite City,IL ,Granite City,IL 
5103,206704361,5/30/2017 15:29,5/30/2017 15:29,6/1/2017 12:49,6/1/2017 18:00,6/2/2017 12:30,1385.3,1400.0,-14.7,341.0,DRV,,,False,0,Carrier 1477566,Shipper 1387,True,True,True,6/1/2017 18:00,6/2/2017 16:00,False,False,False,False,False,False,False,False,Granite City,IL ,Granite City,IL 
5104,206704361,5/30/2017 15:29,5/30/2017 15:29,6/1/2017 12:49,6/1/2017 18:00,6/2/2017 12:30,1385.3,1400.0,-14.7,341.0,DRV,,,False,0,Carrier 1477566,Shipper 1388,True,True,True,6/1/2017 18:00,6/2/2017 16:00,False,False,False,False,False,False,False,False,Granite City,IL ,Granite City,IL 
5105,206494369,4/7/2017 12:02,4/7/2017 12:15,4/11/2017 10:43,4/11/2017 10:00,4/12/2017 14:00,1384.63,1500.0,-115.37,823.3,DRV,3.0,,False,1,Carrier 1007131,Shipper 1052,True,False,False,4/11/2017 13:00,4/11/2017 23:55,False,False,False,False,False,False,False,False,1,LA ,1,LA 
5106,206621513,4/7/2017 12:25,4/7/2017 12:26,4/11/2017 11:57,4/11/2017 10:00,4/12/2017 8:30,1384.63,1600.0,-215.37,823.3,DRV,4.0,,False,0,Carrier 1428479,Shipper 1052,False,True,True,4/11/2017 13:00,4/12/2017 23:55,False,False,False,False,False,False,False,False,1,LA ,1,LA 
5107,206531913,4/7/2017 14:42,4/7/2017 14:44,4/13/2017 9:25,4/13/2017 14:00,4/14/2017 9:33,1384.63,1400.0,-15.37,823.3,DRV,,,False,0,Carrier 73257,Shipper 1052,True,True,True,4/13/2017 15:30,4/14/2017 20:00,False,False,False,False,False,False,False,False,1,LA ,1,LA 
5108,206570793,4/7/2017 14:45,4/7/2017 14:45,4/10/2017 14:20,4/10/2017 14:00,4/11/2017 9:30,1384.63,1600.0,-215.37,823.3,DRV,4.0,,False,0,Carrier 1695180,Shipper 1052,True,True,True,4/10/2017 15:30,4/12/2017 23:55,False,False,False,False,False,False,False,False,1,LA ,1,LA 
5109,206434409,9/8/2017 14:16,9/8/2017 14:17,9/19/2017 14:17,9/20/2017 11:30,9/21/2017 21:00,1383.53,1266.0,117.53,809.8,DRV,,,False,1,Carrier 7971,Shipper 758,True,True,True,9/20/2017 11:30,9/21/2017 21:00,False,False,False,False,False,False,False,False,Idaho Falls,ID ,Idaho Falls,ID 
5110,206476745,11/9/2017 16:47,11/9/2017 16:47,11/13/2017 8:09,11/13/2017 13:00,11/14/2017 10:20,1383.33,1250.0,133.33,394.3,RFR,,,False,0,Carrier 6967,Shipper 1249,False,True,False,11/13/2017 13:00,11/14/2017 8:00,False,False,False,False,False,False,False,False,Jacksonville,FL ,Jacksonville,FL 
5111,206476745,11/9/2017 16:47,11/9/2017 16:47,11/13/2017 8:09,11/13/2017 13:00,11/14/2017 10:20,1383.33,1250.0,133.33,394.3,RFR,,,False,0,Carrier 6967,Shipper 1375,False,True,False,11/13/2017 13:00,11/14/2017 8:00,False,False,False,False,False,False,False,False,Jacksonville,FL ,Jacksonville,FL 
5112,206476745,11/9/2017 16:47,11/9/2017 16:47,11/13/2017 8:09,11/13/2017 13:00,11/14/2017 10:20,1383.33,1250.0,133.33,394.3,RFR,,,False,0,Carrier 6967,Shipper 1386,False,True,False,11/13/2017 13:00,11/14/2017 8:00,False,False,False,False,False,False,False,False,Jacksonville,FL ,Jacksonville,FL 
5113,206476745,11/9/2017 16:47,11/9/2017 16:47,11/13/2017 8:09,11/13/2017 13:00,11/14/2017 10:20,1383.33,1250.0,133.33,394.3,RFR,,,False,0,Carrier 6967,Shipper 1248,False,True,False,11/13/2017 13:00,11/14/2017 8:00,False,False,False,False,False,False,False,False,Jacksonville,FL ,Jacksonville,FL 
5114,206476745,11/9/2017 16:47,11/9/2017 16:47,11/13/2017 8:09,11/13/2017 13:00,11/14/2017 10:20,1383.33,1250.0,133.33,394.3,RFR,,,False,0,Carrier 6967,Shipper 1387,False,True,False,11/13/2017 13:00,11/14/2017 8:00,False,False,False,False,False,False,False,False,Jacksonville,FL ,Jacksonville,FL 
5115,206476745,11/9/2017 16:47,11/9/2017 16:47,11/13/2017 8:09,11/13/2017 13:00,11/14/2017 10:20,1383.33,1250.0,133.33,394.3,RFR,,,False,0,Carrier 6967,Shipper 1388,False,True,False,11/13/2017 13:00,11/14/2017 8:00,False,False,False,False,False,False,False,False,Jacksonville,FL ,Jacksonville,FL 
5116,206555905,8/10/2017 10:09,8/10/2017 10:09,8/11/2017 10:18,8/14/2017 8:00,8/15/2017 9:00,1380.54,850.0,530.54,274.1,DRV,,,False,0,Carrier 1695440,Shipper 1249,True,True,True,8/14/2017 20:00,8/15/2017 16:00,False,False,False,False,False,False,False,False,Merrimack,NH ,Merrimack,NH 
5117,206555905,8/10/2017 10:09,8/10/2017 10:09,8/11/2017 10:18,8/14/2017 8:00,8/15/2017 9:00,1380.54,850.0,530.54,274.1,DRV,,,False,0,Carrier 1695440,Shipper 1375,True,True,True,8/14/2017 20:00,8/15/2017 16:00,False,False,False,False,False,False,False,False,Merrimack,NH ,Merrimack,NH 
5118,206555905,8/10/2017 10:09,8/10/2017 10:09,8/11/2017 10:18,8/14/2017 8:00,8/15/2017 9:00,1380.54,850.0,530.54,274.1,DRV,,,False,0,Carrier 1695440,Shipper 1386,True,True,True,8/14/2017 20:00,8/15/2017 16:00,False,False,False,False,False,False,False,False,Merrimack,NH ,Merrimack,NH 
5119,206555905,8/10/2017 10:09,8/10/2017 10:09,8/11/2017 10:18,8/14/2017 8:00,8/15/2017 9:00,1380.54,850.0,530.54,274.1,DRV,,,False,0,Carrier 1695440,Shipper 1248,True,True,True,8/14/2017 20:00,8/15/2017 16:00,False,False,False,False,False,False,False,False,Merrimack,NH ,Merrimack,NH 
5120,206555905,8/10/2017 10:09,8/10/2017 10:09,8/11/2017 10:18,8/14/2017 8:00,8/15/2017 9:00,1380.54,850.0,530.54,274.1,DRV,,,False,0,Carrier 1695440,Shipper 1387,True,True,True,8/14/2017 20:00,8/15/2017 16:00,False,False,False,False,False,False,False,False,Merrimack,NH ,Merrimack,NH 
5121,206555905,8/10/2017 10:09,8/10/2017 10:09,8/11/2017 10:18,8/14/2017 8:00,8/15/2017 9:00,1380.54,850.0,530.54,274.1,DRV,,,False,0,Carrier 1695440,Shipper 1388,True,True,True,8/14/2017 20:00,8/15/2017 16:00,False,False,False,False,False,False,False,False,Merrimack,NH ,Merrimack,NH 
5122,206479721,6/6/2017 17:26,6/6/2017 17:26,6/7/2017 15:39,6/8/2017 16:00,6/9/2017 8:00,1380.46,1150.0,230.46,554.2,DRV,,,False,0,Carrier 1695349,Shipper 1249,True,True,True,6/8/2017 16:00,6/9/2017 9:15,False,False,False,False,False,False,False,False,Houston,TX ,Houston,TX 
5123,206479721,6/6/2017 17:26,6/6/2017 17:26,6/7/2017 15:39,6/8/2017 16:00,6/9/2017 8:00,1380.46,1150.0,230.46,554.2,DRV,,,False,0,Carrier 1695349,Shipper 1375,True,True,True,6/8/2017 16:00,6/9/2017 9:15,False,False,False,False,False,False,False,False,Houston,TX ,Houston,TX 
5124,206479721,6/6/2017 17:26,6/6/2017 17:26,6/7/2017 15:39,6/8/2017 16:00,6/9/2017 8:00,1380.46,1150.0,230.46,554.2,DRV,,,False,0,Carrier 1695349,Shipper 1386,True,True,True,6/8/2017 16:00,6/9/2017 9:15,False,False,False,False,False,False,False,False,Houston,TX ,Houston,TX 
5125,206479721,6/6/2017 17:26,6/6/2017 17:26,6/7/2017 15:39,6/8/2017 16:00,6/9/2017 8:00,1380.46,1150.0,230.46,554.2,DRV,,,False,0,Carrier 1695349,Shipper 1248,True,True,True,6/8/2017 16:00,6/9/2017 9:15,False,False,False,False,False,False,False,False,Houston,TX ,Houston,TX 
5126,206479721,6/6/2017 17:26,6/6/2017 17:26,6/7/2017 15:39,6/8/2017 16:00,6/9/2017 8:00,1380.46,1150.0,230.46,554.2,DRV,,,False,0,Carrier 1695349,Shipper 1387,True,True,True,6/8/2017 16:00,6/9/2017 9:15,False,False,False,False,False,False,False,False,Houston,TX ,Houston,TX 
5127,206479721,6/6/2017 17:26,6/6/2017 17:26,6/7/2017 15:39,6/8/2017 16:00,6/9/2017 8:00,1380.46,1150.0,230.46,554.2,DRV,,,False,0,Carrier 1695349,Shipper 1388,True,True,True,6/8/2017 16:00,6/9/2017 9:15,False,False,False,False,False,False,False,False,Houston,TX ,Houston,TX 
5128,206540273,5/30/2017 15:37,5/30/2017 15:38,6/5/2017 9:22,6/5/2017 12:00,6/6/2017 7:00,1378.22,1500.0,-121.78,432.3,DRV,,,False,1,Carrier 941668,Shipper 1249,True,True,True,6/5/2017 12:00,6/6/2017 6:00,False,False,False,False,False,False,False,False,Jacksonville,FL ,Jacksonville,FL 
5129,206540273,5/30/2017 15:37,5/30/2017 15:38,6/5/2017 9:22,6/5/2017 12:00,6/6/2017 7:00,1378.22,1500.0,-121.78,432.3,DRV,,,False,1,Carrier 941668,Shipper 1375,True,True,True,6/5/2017 12:00,6/6/2017 6:00,False,False,False,False,False,False,False,False,Jacksonville,FL ,Jacksonville,FL 
5130,206540273,5/30/2017 15:37,5/30/2017 15:38,6/5/2017 9:22,6/5/2017 12:00,6/6/2017 7:00,1378.22,1500.0,-121.78,432.3,DRV,,,False,1,Carrier 941668,Shipper 1386,True,True,True,6/5/2017 12:00,6/6/2017 6:00,False,False,False,False,False,False,False,False,Jacksonville,FL ,Jacksonville,FL 
5131,206540273,5/30/2017 15:37,5/30/2017 15:38,6/5/2017 9:22,6/5/2017 12:00,6/6/2017 7:00,1378.22,1500.0,-121.78,432.3,DRV,,,False,1,Carrier 941668,Shipper 1248,True,True,True,6/5/2017 12:00,6/6/2017 6:00,False,False,False,False,False,False,False,False,Jacksonville,FL ,Jacksonville,FL 
5132,206540273,5/30/2017 15:37,5/30/2017 15:38,6/5/2017 9:22,6/5/2017 12:00,6/6/2017 7:00,1378.22,1500.0,-121.78,432.3,DRV,,,False,1,Carrier 941668,Shipper 1387,True,True,True,6/5/2017 12:00,6/6/2017 6:00,False,False,False,False,False,False,False,False,Jacksonville,FL ,Jacksonville,FL 
5133,206540273,5/30/2017 15:37,5/30/2017 15:38,6/5/2017 9:22,6/5/2017 12:00,6/6/2017 7:00,1378.22,1500.0,-121.78,432.3,DRV,,,False,1,Carrier 941668,Shipper 1388,True,True,True,6/5/2017 12:00,6/6/2017 6:00,False,False,False,False,False,False,False,False,Jacksonville,FL ,Jacksonville,FL 
5134,206499473,12/18/2017 18:45,12/18/2017 18:45,12/20/2017 12:17,12/21/2017 4:00,12/22/2017 12:45,1375.84,3100.0,-1724.16,391.2,RFR,,source_list,False,0,Carrier 1207954,Shipper 1249,True,True,True,12/21/2017 4:00,12/22/2017 17:00,False,False,False,False,False,False,False,False,Fort Collins,CO ,Fort Collins,CO 
5135,206499473,12/18/2017 18:45,12/18/2017 18:45,12/20/2017 12:17,12/21/2017 4:00,12/22/2017 12:45,1375.84,3100.0,-1724.16,391.2,RFR,,source_list,False,0,Carrier 1207954,Shipper 1375,True,True,True,12/21/2017 4:00,12/22/2017 17:00,False,False,False,False,False,False,False,False,Fort Collins,CO ,Fort Collins,CO 
5136,206499473,12/18/2017 18:45,12/18/2017 18:45,12/20/2017 12:17,12/21/2017 4:00,12/22/2017 12:45,1375.84,3100.0,-1724.16,391.2,RFR,,source_list,False,0,Carrier 1207954,Shipper 1386,True,True,True,12/21/2017 4:00,12/22/2017 17:00,False,False,False,False,False,False,False,False,Fort Collins,CO ,Fort Collins,CO 
5137,206499473,12/18/2017 18:45,12/18/2017 18:45,12/20/2017 12:17,12/21/2017 4:00,12/22/2017 12:45,1375.84,3100.0,-1724.16,391.2,RFR,,source_list,False,0,Carrier 1207954,Shipper 1248,True,True,True,12/21/2017 4:00,12/22/2017 17:00,False,False,False,False,False,False,False,False,Fort Collins,CO ,Fort Collins,CO 
5138,206499473,12/18/2017 18:45,12/18/2017 18:45,12/20/2017 12:17,12/21/2017 4:00,12/22/2017 12:45,1375.84,3100.0,-1724.16,391.2,RFR,,source_list,False,0,Carrier 1207954,Shipper 1387,True,True,True,12/21/2017 4:00,12/22/2017 17:00,False,False,False,False,False,False,False,False,Fort Collins,CO ,Fort Collins,CO 
5139,206499473,12/18/2017 18:45,12/18/2017 18:45,12/20/2017 12:17,12/21/2017 4:00,12/22/2017 12:45,1375.84,3100.0,-1724.16,391.2,RFR,,source_list,False,0,Carrier 1207954,Shipper 1388,True,True,True,12/21/2017 4:00,12/22/2017 17:00,False,False,False,False,False,False,False,False,Fort Collins,CO ,Fort Collins,CO 
5140,206473481,11/8/2017 16:22,11/8/2017 16:22,11/9/2017 14:47,11/13/2017 17:00,11/14/2017 9:55,1375.0,1200.0,175.0,366.3,DRV,,,False,0,Carrier 1021379,Shipper 398,True,True,True,11/13/2017 17:00,11/14/2017 15:00,False,False,False,False,False,False,False,False,Buffalo,NY ,Buffalo,NY 
5141,206603825,11/21/2017 13:29,11/21/2017 13:29,11/22/2017 9:37,11/28/2017 15:00,11/29/2017 10:00,1375.0,1200.0,175.0,365.0,DRV,,,False,0,Carrier 1021379,Shipper 398,True,True,True,11/28/2017 15:00,11/29/2017 15:00,False,False,False,False,False,False,False,False,Buffalo,NY ,Buffalo,NY 
5142,206551521,11/21/2017 13:31,11/21/2017 13:31,11/22/2017 9:36,11/30/2017 15:00,12/1/2017 10:30,1375.0,1200.0,175.0,365.0,DRV,,,False,0,Carrier 1021379,Shipper 398,True,True,True,11/30/2017 15:00,12/1/2017 15:00,False,False,False,False,False,False,False,False,Buffalo,NY ,Buffalo,NY 
5143,206484449,11/8/2017 16:24,11/8/2017 16:24,11/9/2017 14:47,11/14/2017 16:00,11/15/2017 10:00,1375.0,1200.0,175.0,366.3,DRV,,,False,0,Carrier 1021379,Shipper 398,True,True,True,11/14/2017 16:00,11/15/2017 15:00,False,False,False,False,False,False,False,False,Buffalo,NY ,Buffalo,NY 
5144,206478521,11/8/2017 16:26,11/8/2017 16:26,11/9/2017 14:47,11/15/2017 16:00,11/16/2017 10:55,1375.0,1200.0,175.0,366.3,DRV,,,False,0,Carrier 1021379,Shipper 398,True,True,True,11/15/2017 16:00,11/16/2017 15:00,False,False,False,False,False,False,False,False,Buffalo,NY ,Buffalo,NY 
5145,206481097,7/21/2017 13:46,7/21/2017 13:47,7/24/2017 17:20,7/25/2017 8:00,7/26/2017 10:00,1374.34,1400.0,-25.66,469.6,DRV,,,False,0,Carrier 1207302,Shipper 1517,True,True,True,7/25/2017 16:00,7/26/2017 9:00,False,False,False,False,False,False,False,False,Reidsville,NC ,Reidsville,NC 
5146,206426217,10/6/2017 15:07,10/6/2017 15:07,10/7/2017 10:02,10/7/2017 1:00,10/8/2017 0:30,1373.52,1400.0,-26.48,342.7,DRV,,,False,0,Carrier 4997,Shipper 1249,True,True,True,10/7/2017 15:00,10/8/2017 23:00,False,False,False,False,False,False,False,False,Merrimack,NH ,Merrimack,NH 
5147,206426217,10/6/2017 15:07,10/6/2017 15:07,10/7/2017 10:02,10/7/2017 1:00,10/8/2017 0:30,1373.52,1400.0,-26.48,342.7,DRV,,,False,0,Carrier 4997,Shipper 1375,True,True,True,10/7/2017 15:00,10/8/2017 23:00,False,False,False,False,False,False,False,False,Merrimack,NH ,Merrimack,NH 
5148,206426217,10/6/2017 15:07,10/6/2017 15:07,10/7/2017 10:02,10/7/2017 1:00,10/8/2017 0:30,1373.52,1400.0,-26.48,342.7,DRV,,,False,0,Carrier 4997,Shipper 1386,True,True,True,10/7/2017 15:00,10/8/2017 23:00,False,False,False,False,False,False,False,False,Merrimack,NH ,Merrimack,NH 
5149,206426217,10/6/2017 15:07,10/6/2017 15:07,10/7/2017 10:02,10/7/2017 1:00,10/8/2017 0:30,1373.52,1400.0,-26.48,342.7,DRV,,,False,0,Carrier 4997,Shipper 1248,True,True,True,10/7/2017 15:00,10/8/2017 23:00,False,False,False,False,False,False,False,False,Merrimack,NH ,Merrimack,NH 
5150,206426217,10/6/2017 15:07,10/6/2017 15:07,10/7/2017 10:02,10/7/2017 1:00,10/8/2017 0:30,1373.52,1400.0,-26.48,342.7,DRV,,,False,0,Carrier 4997,Shipper 1387,True,True,True,10/7/2017 15:00,10/8/2017 23:00,False,False,False,False,False,False,False,False,Merrimack,NH ,Merrimack,NH 
5151,206426217,10/6/2017 15:07,10/6/2017 15:07,10/7/2017 10:02,10/7/2017 1:00,10/8/2017 0:30,1373.52,1400.0,-26.48,342.7,DRV,,,False,0,Carrier 4997,Shipper 1388,True,True,True,10/7/2017 15:00,10/8/2017 23:00,False,False,False,False,False,False,False,False,Merrimack,NH ,Merrimack,NH 
5152,206553025,1/16/2017 9:37,1/16/2017 9:37,1/16/2017 10:41,1/13/2017 3:00,1/14/2017 6:00,1372.0,550.0,822.0,140.0,RFR,,,False,0,Carrier 1064563,Shipper 758,,,,1/14/2017 2:00,1/14/2017 2:00,False,False,False,False,False,False,False,False,Portland,OR ,Portland,OR 
5153,206562905,7/31/2017 15:34,7/31/2017 15:34,8/1/2017 9:12,8/1/2017 7:00,8/2/2017 12:30,1369.9,1200.0,169.9,531.5,DRV,,,False,0,Carrier 1677669,Shipper 1249,True,True,True,8/1/2017 15:00,8/2/2017 16:00,False,False,False,False,False,False,False,False,Baldwinsville,NY ,Baldwinsville,NY 
5154,206701569,7/31/2017 15:32,7/31/2017 15:32,7/31/2017 16:24,8/1/2017 7:00,8/2/2017 12:00,1369.9,1200.0,169.9,531.5,DRV,,,False,0,Carrier 1693588,Shipper 1249,True,True,True,8/1/2017 15:00,8/2/2017 16:00,False,False,False,False,False,False,False,False,Baldwinsville,NY ,Baldwinsville,NY 
5155,206748625,7/31/2017 15:30,7/31/2017 15:30,7/31/2017 16:31,8/1/2017 7:00,8/2/2017 8:30,1369.9,1200.0,169.9,531.5,DRV,,,False,0,Carrier 1693549,Shipper 1249,True,True,True,8/1/2017 15:00,8/2/2017 16:00,False,False,False,False,False,False,False,False,Baldwinsville,NY ,Baldwinsville,NY 
5156,206701569,7/31/2017 15:32,7/31/2017 15:32,7/31/2017 16:24,8/1/2017 7:00,8/2/2017 12:00,1369.9,1200.0,169.9,531.5,DRV,,,False,0,Carrier 1693588,Shipper 1375,True,True,True,8/1/2017 15:00,8/2/2017 16:00,False,False,False,False,False,False,False,False,Baldwinsville,NY ,Baldwinsville,NY 
5157,206748625,7/31/2017 15:30,7/31/2017 15:30,7/31/2017 16:31,8/1/2017 7:00,8/2/2017 8:30,1369.9,1200.0,169.9,531.5,DRV,,,False,0,Carrier 1693549,Shipper 1375,True,True,True,8/1/2017 15:00,8/2/2017 16:00,False,False,False,False,False,False,False,False,Baldwinsville,NY ,Baldwinsville,NY 
5158,206562905,7/31/2017 15:34,7/31/2017 15:34,8/1/2017 9:12,8/1/2017 7:00,8/2/2017 12:30,1369.9,1200.0,169.9,531.5,DRV,,,False,0,Carrier 1677669,Shipper 1375,True,True,True,8/1/2017 15:00,8/2/2017 16:00,False,False,False,False,False,False,False,False,Baldwinsville,NY ,Baldwinsville,NY 
5159,206562905,7/31/2017 15:34,7/31/2017 15:34,8/1/2017 9:12,8/1/2017 7:00,8/2/2017 12:30,1369.9,1200.0,169.9,531.5,DRV,,,False,0,Carrier 1677669,Shipper 1386,True,True,True,8/1/2017 15:00,8/2/2017 16:00,False,False,False,False,False,False,False,False,Baldwinsville,NY ,Baldwinsville,NY 
5160,206701569,7/31/2017 15:32,7/31/2017 15:32,7/31/2017 16:24,8/1/2017 7:00,8/2/2017 12:00,1369.9,1200.0,169.9,531.5,DRV,,,False,0,Carrier 1693588,Shipper 1386,True,True,True,8/1/2017 15:00,8/2/2017 16:00,False,False,False,False,False,False,False,False,Baldwinsville,NY ,Baldwinsville,NY 
5161,206748625,7/31/2017 15:30,7/31/2017 15:30,7/31/2017 16:31,8/1/2017 7:00,8/2/2017 8:30,1369.9,1200.0,169.9,531.5,DRV,,,False,0,Carrier 1693549,Shipper 1386,True,True,True,8/1/2017 15:00,8/2/2017 16:00,False,False,False,False,False,False,False,False,Baldwinsville,NY ,Baldwinsville,NY 
5162,206701569,7/31/2017 15:32,7/31/2017 15:32,7/31/2017 16:24,8/1/2017 7:00,8/2/2017 12:00,1369.9,1200.0,169.9,531.5,DRV,,,False,0,Carrier 1693588,Shipper 1248,True,True,True,8/1/2017 15:00,8/2/2017 16:00,False,False,False,False,False,False,False,False,Baldwinsville,NY ,Baldwinsville,NY 
5163,206748625,7/31/2017 15:30,7/31/2017 15:30,7/31/2017 16:31,8/1/2017 7:00,8/2/2017 8:30,1369.9,1200.0,169.9,531.5,DRV,,,False,0,Carrier 1693549,Shipper 1248,True,True,True,8/1/2017 15:00,8/2/2017 16:00,False,False,False,False,False,False,False,False,Baldwinsville,NY ,Baldwinsville,NY 
5164,206701569,7/31/2017 15:32,7/31/2017 15:32,7/31/2017 16:24,8/1/2017 7:00,8/2/2017 12:00,1369.9,1200.0,169.9,531.5,DRV,,,False,0,Carrier 1693588,Shipper 1387,True,True,True,8/1/2017 15:00,8/2/2017 16:00,False,False,False,False,False,False,False,False,Baldwinsville,NY ,Baldwinsville,NY 
5165,206562905,7/31/2017 15:34,7/31/2017 15:34,8/1/2017 9:12,8/1/2017 7:00,8/2/2017 12:30,1369.9,1200.0,169.9,531.5,DRV,,,False,0,Carrier 1677669,Shipper 1248,True,True,True,8/1/2017 15:00,8/2/2017 16:00,False,False,False,False,False,False,False,False,Baldwinsville,NY ,Baldwinsville,NY 
5166,206748625,7/31/2017 15:30,7/31/2017 15:30,7/31/2017 16:31,8/1/2017 7:00,8/2/2017 8:30,1369.9,1200.0,169.9,531.5,DRV,,,False,0,Carrier 1693549,Shipper 1387,True,True,True,8/1/2017 15:00,8/2/2017 16:00,False,False,False,False,False,False,False,False,Baldwinsville,NY ,Baldwinsville,NY 
5167,206562905,7/31/2017 15:34,7/31/2017 15:34,8/1/2017 9:12,8/1/2017 7:00,8/2/2017 12:30,1369.9,1200.0,169.9,531.5,DRV,,,False,0,Carrier 1677669,Shipper 1387,True,True,True,8/1/2017 15:00,8/2/2017 16:00,False,False,False,False,False,False,False,False,Baldwinsville,NY ,Baldwinsville,NY 
5168,206701569,7/31/2017 15:32,7/31/2017 15:32,7/31/2017 16:24,8/1/2017 7:00,8/2/2017 12:00,1369.9,1200.0,169.9,531.5,DRV,,,False,0,Carrier 1693588,Shipper 1388,True,True,True,8/1/2017 15:00,8/2/2017 16:00,False,False,False,False,False,False,False,False,Baldwinsville,NY ,Baldwinsville,NY 
5169,206562905,7/31/2017 15:34,7/31/2017 15:34,8/1/2017 9:12,8/1/2017 7:00,8/2/2017 12:30,1369.9,1200.0,169.9,531.5,DRV,,,False,0,Carrier 1677669,Shipper 1388,True,True,True,8/1/2017 15:00,8/2/2017 16:00,False,False,False,False,False,False,False,False,Baldwinsville,NY ,Baldwinsville,NY 
5170,206748625,7/31/2017 15:30,7/31/2017 15:30,7/31/2017 16:31,8/1/2017 7:00,8/2/2017 8:30,1369.9,1200.0,169.9,531.5,DRV,,,False,0,Carrier 1693549,Shipper 1388,True,True,True,8/1/2017 15:00,8/2/2017 16:00,False,False,False,False,False,False,False,False,Baldwinsville,NY ,Baldwinsville,NY 
5171,206494441,9/18/2017 17:05,9/18/2017 17:05,9/19/2017 13:05,9/19/2017 20:00,9/20/2017 14:50,1368.52,1200.0,168.52,311.3,DRV,,,False,1,Carrier 1695515,Shipper 1249,True,True,True,9/19/2017 20:00,9/20/2017 13:00,False,False,False,False,False,False,False,False,Newark,NJ ,Newark,NJ 
5172,206494441,9/18/2017 17:05,9/18/2017 17:05,9/19/2017 13:05,9/19/2017 20:00,9/20/2017 14:50,1368.52,1200.0,168.52,311.3,DRV,,,False,1,Carrier 1695515,Shipper 1375,True,True,True,9/19/2017 20:00,9/20/2017 13:00,False,False,False,False,False,False,False,False,Newark,NJ ,Newark,NJ 
5173,206494441,9/18/2017 17:05,9/18/2017 17:05,9/19/2017 13:05,9/19/2017 20:00,9/20/2017 14:50,1368.52,1200.0,168.52,311.3,DRV,,,False,1,Carrier 1695515,Shipper 1386,True,True,True,9/19/2017 20:00,9/20/2017 13:00,False,False,False,False,False,False,False,False,Newark,NJ ,Newark,NJ 
5174,206494441,9/18/2017 17:05,9/18/2017 17:05,9/19/2017 13:05,9/19/2017 20:00,9/20/2017 14:50,1368.52,1200.0,168.52,311.3,DRV,,,False,1,Carrier 1695515,Shipper 1248,True,True,True,9/19/2017 20:00,9/20/2017 13:00,False,False,False,False,False,False,False,False,Newark,NJ ,Newark,NJ 
5175,206494441,9/18/2017 17:05,9/18/2017 17:05,9/19/2017 13:05,9/19/2017 20:00,9/20/2017 14:50,1368.52,1200.0,168.52,311.3,DRV,,,False,1,Carrier 1695515,Shipper 1387,True,True,True,9/19/2017 20:00,9/20/2017 13:00,False,False,False,False,False,False,False,False,Newark,NJ ,Newark,NJ 
5176,206494441,9/18/2017 17:05,9/18/2017 17:05,9/19/2017 13:05,9/19/2017 20:00,9/20/2017 14:50,1368.52,1200.0,168.52,311.3,DRV,,,False,1,Carrier 1695515,Shipper 1388,True,True,True,9/19/2017 20:00,9/20/2017 13:00,False,False,False,False,False,False,False,False,Newark,NJ ,Newark,NJ 
5177,206475657,9/20/2017 17:53,9/20/2017 17:53,10/3/2017 10:48,10/3/2017 8:00,10/4/2017 11:00,1367.64,1500.0,-132.36,264.4,DRV,,,False,0,Carrier 1695234,Shipper 1249,True,True,True,10/3/2017 14:30,10/4/2017 9:00,False,False,False,False,False,False,False,False,Carlisle,PA ,Carlisle,PA 
5178,206475657,9/20/2017 17:53,9/20/2017 17:53,10/3/2017 10:48,10/3/2017 8:00,10/4/2017 11:00,1367.64,1500.0,-132.36,264.4,DRV,,,False,0,Carrier 1695234,Shipper 1375,True,True,True,10/3/2017 14:30,10/4/2017 9:00,False,False,False,False,False,False,False,False,Carlisle,PA ,Carlisle,PA 
5179,206475657,9/20/2017 17:53,9/20/2017 17:53,10/3/2017 10:48,10/3/2017 8:00,10/4/2017 11:00,1367.64,1500.0,-132.36,264.4,DRV,,,False,0,Carrier 1695234,Shipper 1386,True,True,True,10/3/2017 14:30,10/4/2017 9:00,False,False,False,False,False,False,False,False,Carlisle,PA ,Carlisle,PA 
5180,206475657,9/20/2017 17:53,9/20/2017 17:53,10/3/2017 10:48,10/3/2017 8:00,10/4/2017 11:00,1367.64,1500.0,-132.36,264.4,DRV,,,False,0,Carrier 1695234,Shipper 1248,True,True,True,10/3/2017 14:30,10/4/2017 9:00,False,False,False,False,False,False,False,False,Carlisle,PA ,Carlisle,PA 
5181,206475657,9/20/2017 17:53,9/20/2017 17:53,10/3/2017 10:48,10/3/2017 8:00,10/4/2017 11:00,1367.64,1500.0,-132.36,264.4,DRV,,,False,0,Carrier 1695234,Shipper 1387,True,True,True,10/3/2017 14:30,10/4/2017 9:00,False,False,False,False,False,False,False,False,Carlisle,PA ,Carlisle,PA 
5182,206475657,9/20/2017 17:53,9/20/2017 17:53,10/3/2017 10:48,10/3/2017 8:00,10/4/2017 11:00,1367.64,1500.0,-132.36,264.4,DRV,,,False,0,Carrier 1695234,Shipper 1388,True,True,True,10/3/2017 14:30,10/4/2017 9:00,False,False,False,False,False,False,False,False,Carlisle,PA ,Carlisle,PA 
5183,206579393,11/2/2017 11:15,11/2/2017 11:19,11/3/2017 13:03,11/5/2017 11:00,11/6/2017 8:40,1367.63,1120.0,247.63,167.0,DRV,,,False,0,Carrier 1243288,Shipper 1662,True,True,True,11/5/2017 11:00,11/6/2017 8:00,False,False,False,False,False,True,False,False,New York,NY ,New York,NY 
5184,206537777,12/4/2017 10:13,12/4/2017 10:13,12/5/2017 9:32,12/5/2017 13:00,12/6/2017 12:30,1367.08,1490.0,-122.92,306.4,DRV,,carrier_capacity,False,1,Carrier 1611471,Shipper 1249,True,True,True,12/5/2017 13:00,12/6/2017 8:00,False,False,False,False,False,False,False,False,Cartersville,GA ,Cartersville,GA 
5185,206537777,12/4/2017 10:13,12/4/2017 10:13,12/5/2017 9:32,12/5/2017 13:00,12/6/2017 12:30,1367.08,1490.0,-122.92,306.4,DRV,,carrier_capacity,False,1,Carrier 1611471,Shipper 1375,True,True,True,12/5/2017 13:00,12/6/2017 8:00,False,False,False,False,False,False,False,False,Cartersville,GA ,Cartersville,GA 
5186,206537777,12/4/2017 10:13,12/4/2017 10:13,12/5/2017 9:32,12/5/2017 13:00,12/6/2017 12:30,1367.08,1490.0,-122.92,306.4,DRV,,carrier_capacity,False,1,Carrier 1611471,Shipper 1386,True,True,True,12/5/2017 13:00,12/6/2017 8:00,False,False,False,False,False,False,False,False,Cartersville,GA ,Cartersville,GA 
5187,206537777,12/4/2017 10:13,12/4/2017 10:13,12/5/2017 9:32,12/5/2017 13:00,12/6/2017 12:30,1367.08,1490.0,-122.92,306.4,DRV,,carrier_capacity,False,1,Carrier 1611471,Shipper 1248,True,True,True,12/5/2017 13:00,12/6/2017 8:00,False,False,False,False,False,False,False,False,Cartersville,GA ,Cartersville,GA 
5188,206537777,12/4/2017 10:13,12/4/2017 10:13,12/5/2017 9:32,12/5/2017 13:00,12/6/2017 12:30,1367.08,1490.0,-122.92,306.4,DRV,,carrier_capacity,False,1,Carrier 1611471,Shipper 1387,True,True,True,12/5/2017 13:00,12/6/2017 8:00,False,False,False,False,False,False,False,False,Cartersville,GA ,Cartersville,GA 
5189,206537777,12/4/2017 10:13,12/4/2017 10:13,12/5/2017 9:32,12/5/2017 13:00,12/6/2017 12:30,1367.08,1490.0,-122.92,306.4,DRV,,carrier_capacity,False,1,Carrier 1611471,Shipper 1388,True,True,True,12/5/2017 13:00,12/6/2017 8:00,False,False,False,False,False,False,False,False,Cartersville,GA ,Cartersville,GA 
5190,206559929,7/19/2017 10:09,7/19/2017 10:09,7/22/2017 16:47,7/24/2017 8:00,7/25/2017 12:30,1366.66,1250.0,116.66,684.7,DRV,,,False,3,Carrier 1695405,Shipper 1357,True,True,True,7/24/2017 17:00,7/25/2017 11:00,False,False,False,False,False,False,False,False,Knoxville,TN ,Knoxville,TN 
5191,206496441,7/19/2017 10:04,7/19/2017 10:06,7/20/2017 12:15,7/20/2017 8:00,7/21/2017 13:30,1366.66,1400.0,-33.34,684.7,DRV,,,False,1,Carrier 16669,Shipper 1357,True,True,True,7/20/2017 17:00,7/21/2017 11:00,False,False,False,False,False,False,False,False,Knoxville,TN ,Knoxville,TN 
5192,206650361,4/17/2017 16:28,4/17/2017 16:28,4/19/2017 11:22,4/19/2017 13:00,4/20/2017 14:00,1366.39,1300.0,66.39,497.0,RFR,4.0,,False,1,Carrier 572,Shipper 1249,True,True,True,4/20/2017 0:00,4/20/2017 14:00,False,False,False,False,False,False,False,False,Aurora,CO ,Aurora,CO 
5193,206650361,4/17/2017 16:28,4/17/2017 16:28,4/19/2017 11:22,4/19/2017 13:00,4/20/2017 14:00,1366.39,1300.0,66.39,497.0,RFR,4.0,,False,1,Carrier 572,Shipper 1375,True,True,True,4/20/2017 0:00,4/20/2017 14:00,False,False,False,False,False,False,False,False,Aurora,CO ,Aurora,CO 
5194,206650361,4/17/2017 16:28,4/17/2017 16:28,4/19/2017 11:22,4/19/2017 13:00,4/20/2017 14:00,1366.39,1300.0,66.39,497.0,RFR,4.0,,False,1,Carrier 572,Shipper 1386,True,True,True,4/20/2017 0:00,4/20/2017 14:00,False,False,False,False,False,False,False,False,Aurora,CO ,Aurora,CO 
5195,206650361,4/17/2017 16:28,4/17/2017 16:28,4/19/2017 11:22,4/19/2017 13:00,4/20/2017 14:00,1366.39,1300.0,66.39,497.0,RFR,4.0,,False,1,Carrier 572,Shipper 1248,True,True,True,4/20/2017 0:00,4/20/2017 14:00,False,False,False,False,False,False,False,False,Aurora,CO ,Aurora,CO 
5196,206650361,4/17/2017 16:28,4/17/2017 16:28,4/19/2017 11:22,4/19/2017 13:00,4/20/2017 14:00,1366.39,1300.0,66.39,497.0,RFR,4.0,,False,1,Carrier 572,Shipper 1387,True,True,True,4/20/2017 0:00,4/20/2017 14:00,False,False,False,False,False,False,False,False,Aurora,CO ,Aurora,CO 
5197,206650361,4/17/2017 16:28,4/17/2017 16:28,4/19/2017 11:22,4/19/2017 13:00,4/20/2017 14:00,1366.39,1300.0,66.39,497.0,RFR,4.0,,False,1,Carrier 572,Shipper 1388,True,True,True,4/20/2017 0:00,4/20/2017 14:00,False,False,False,False,False,False,False,False,Aurora,CO ,Aurora,CO 
5198,206595321,12/1/2017 16:29,12/1/2017 16:29,12/5/2017 10:43,12/5/2017 15:00,12/6/2017 10:30,1361.24,1300.0,61.24,300.4,DRV,,,False,0,Carrier 1072494,Shipper 1249,True,True,True,12/5/2017 15:00,12/6/2017 9:00,False,False,False,False,False,False,False,False,St. Louis,MO ,St. Louis,MO 
5199,206595321,12/1/2017 16:29,12/1/2017 16:29,12/5/2017 10:43,12/5/2017 15:00,12/6/2017 10:30,1361.24,1300.0,61.24,300.4,DRV,,,False,0,Carrier 1072494,Shipper 1375,True,True,True,12/5/2017 15:00,12/6/2017 9:00,False,False,False,False,False,False,False,False,St. Louis,MO ,St. Louis,MO 
5200,206595321,12/1/2017 16:29,12/1/2017 16:29,12/5/2017 10:43,12/5/2017 15:00,12/6/2017 10:30,1361.24,1300.0,61.24,300.4,DRV,,,False,0,Carrier 1072494,Shipper 1386,True,True,True,12/5/2017 15:00,12/6/2017 9:00,False,False,False,False,False,False,False,False,St. Louis,MO ,St. Louis,MO 
5201,206595321,12/1/2017 16:29,12/1/2017 16:29,12/5/2017 10:43,12/5/2017 15:00,12/6/2017 10:30,1361.24,1300.0,61.24,300.4,DRV,,,False,0,Carrier 1072494,Shipper 1248,True,True,True,12/5/2017 15:00,12/6/2017 9:00,False,False,False,False,False,False,False,False,St. Louis,MO ,St. Louis,MO 
5202,206595321,12/1/2017 16:29,12/1/2017 16:29,12/5/2017 10:43,12/5/2017 15:00,12/6/2017 10:30,1361.24,1300.0,61.24,300.4,DRV,,,False,0,Carrier 1072494,Shipper 1387,True,True,True,12/5/2017 15:00,12/6/2017 9:00,False,False,False,False,False,False,False,False,St. Louis,MO ,St. Louis,MO 
5203,206595321,12/1/2017 16:29,12/1/2017 16:29,12/5/2017 10:43,12/5/2017 15:00,12/6/2017 10:30,1361.24,1300.0,61.24,300.4,DRV,,,False,0,Carrier 1072494,Shipper 1388,True,True,True,12/5/2017 15:00,12/6/2017 9:00,False,False,False,False,False,False,False,False,St. Louis,MO ,St. Louis,MO 
5204,206643625,9/20/2017 17:17,9/20/2017 17:17,9/22/2017 15:45,9/22/2017 16:00,9/23/2017 10:40,1360.72,1400.0,-39.28,247.9,DRV,,,False,0,Carrier 1077459,Shipper 1249,True,True,True,9/22/2017 16:00,9/23/2017 12:00,False,False,False,False,False,False,False,False,Williamsburg,VA ,Williamsburg,VA 
5205,206643625,9/20/2017 17:17,9/20/2017 17:17,9/22/2017 15:45,9/22/2017 16:00,9/23/2017 10:40,1360.72,1400.0,-39.28,247.9,DRV,,,False,0,Carrier 1077459,Shipper 1375,True,True,True,9/22/2017 16:00,9/23/2017 12:00,False,False,False,False,False,False,False,False,Williamsburg,VA ,Williamsburg,VA 
5206,206643625,9/20/2017 17:17,9/20/2017 17:17,9/22/2017 15:45,9/22/2017 16:00,9/23/2017 10:40,1360.72,1400.0,-39.28,247.9,DRV,,,False,0,Carrier 1077459,Shipper 1386,True,True,True,9/22/2017 16:00,9/23/2017 12:00,False,False,False,False,False,False,False,False,Williamsburg,VA ,Williamsburg,VA 
5207,206643625,9/20/2017 17:17,9/20/2017 17:17,9/22/2017 15:45,9/22/2017 16:00,9/23/2017 10:40,1360.72,1400.0,-39.28,247.9,DRV,,,False,0,Carrier 1077459,Shipper 1248,True,True,True,9/22/2017 16:00,9/23/2017 12:00,False,False,False,False,False,False,False,False,Williamsburg,VA ,Williamsburg,VA 
5208,206643625,9/20/2017 17:17,9/20/2017 17:17,9/22/2017 15:45,9/22/2017 16:00,9/23/2017 10:40,1360.72,1400.0,-39.28,247.9,DRV,,,False,0,Carrier 1077459,Shipper 1387,True,True,True,9/22/2017 16:00,9/23/2017 12:00,False,False,False,False,False,False,False,False,Williamsburg,VA ,Williamsburg,VA 
5209,206643625,9/20/2017 17:17,9/20/2017 17:17,9/22/2017 15:45,9/22/2017 16:00,9/23/2017 10:40,1360.72,1400.0,-39.28,247.9,DRV,,,False,0,Carrier 1077459,Shipper 1388,True,True,True,9/22/2017 16:00,9/23/2017 12:00,False,False,False,False,False,False,False,False,Williamsburg,VA ,Williamsburg,VA 
5210,206554961,10/30/2017 8:47,10/30/2017 8:47,10/30/2017 9:09,10/31/2017 13:00,11/1/2017 13:00,1360.0,1540.0,-180.0,390.6,DRV,,,True,0,Carrier 69267,Shipper 1644,True,True,True,10/31/2017 13:00,11/1/2017 14:00,False,False,False,False,False,False,False,False,Rossville,GA ,Rossville,GA 
5211,206555497,9/25/2017 15:27,9/25/2017 15:27,9/27/2017 14:27,9/28/2017 10:00,9/29/2017 11:51,1356.51,1150.0,206.51,302.7,DRV,,,False,0,Carrier 100051,Shipper 1644,True,True,True,9/28/2017 10:00,9/29/2017 13:00,False,False,False,False,False,False,False,False,Mount Airy,NC ,Mount Airy,NC 
5212,206533969,8/24/2017 16:26,8/24/2017 16:26,8/25/2017 10:24,8/27/2017 10:00,8/28/2017 12:00,1353.65,1000.0,353.65,334.5,DRV,,,False,0,Carrier 1035131,Shipper 1249,True,True,True,8/27/2017 10:00,8/28/2017 14:00,False,False,False,False,False,False,False,False,Cartersville,GA ,Cartersville,GA 
5213,206533969,8/24/2017 16:26,8/24/2017 16:26,8/25/2017 10:24,8/27/2017 10:00,8/28/2017 12:00,1353.65,1000.0,353.65,334.5,DRV,,,False,0,Carrier 1035131,Shipper 1375,True,True,True,8/27/2017 10:00,8/28/2017 14:00,False,False,False,False,False,False,False,False,Cartersville,GA ,Cartersville,GA 
5214,206533969,8/24/2017 16:26,8/24/2017 16:26,8/25/2017 10:24,8/27/2017 10:00,8/28/2017 12:00,1353.65,1000.0,353.65,334.5,DRV,,,False,0,Carrier 1035131,Shipper 1386,True,True,True,8/27/2017 10:00,8/28/2017 14:00,False,False,False,False,False,False,False,False,Cartersville,GA ,Cartersville,GA 
5215,206533969,8/24/2017 16:26,8/24/2017 16:26,8/25/2017 10:24,8/27/2017 10:00,8/28/2017 12:00,1353.65,1000.0,353.65,334.5,DRV,,,False,0,Carrier 1035131,Shipper 1248,True,True,True,8/27/2017 10:00,8/28/2017 14:00,False,False,False,False,False,False,False,False,Cartersville,GA ,Cartersville,GA 
5216,206533969,8/24/2017 16:26,8/24/2017 16:26,8/25/2017 10:24,8/27/2017 10:00,8/28/2017 12:00,1353.65,1000.0,353.65,334.5,DRV,,,False,0,Carrier 1035131,Shipper 1387,True,True,True,8/27/2017 10:00,8/28/2017 14:00,False,False,False,False,False,False,False,False,Cartersville,GA ,Cartersville,GA 
5217,206533969,8/24/2017 16:26,8/24/2017 16:26,8/25/2017 10:24,8/27/2017 10:00,8/28/2017 12:00,1353.65,1000.0,353.65,334.5,DRV,,,False,0,Carrier 1035131,Shipper 1388,True,True,True,8/27/2017 10:00,8/28/2017 14:00,False,False,False,False,False,False,False,False,Cartersville,GA ,Cartersville,GA 
5218,206537745,8/24/2017 16:24,8/24/2017 16:24,8/28/2017 11:20,8/28/2017 14:00,8/29/2017 9:45,1353.52,1200.0,153.52,306.4,DRV,,,False,0,Carrier 260171,Shipper 1249,True,True,True,8/28/2017 14:00,8/29/2017 7:00,False,False,False,False,False,False,False,False,Cartersville,GA ,Cartersville,GA 
5219,206537745,8/24/2017 16:24,8/24/2017 16:24,8/28/2017 11:20,8/28/2017 14:00,8/29/2017 9:45,1353.52,1200.0,153.52,306.4,DRV,,,False,0,Carrier 260171,Shipper 1375,True,True,True,8/28/2017 14:00,8/29/2017 7:00,False,False,False,False,False,False,False,False,Cartersville,GA ,Cartersville,GA 
5220,206537745,8/24/2017 16:24,8/24/2017 16:24,8/28/2017 11:20,8/28/2017 14:00,8/29/2017 9:45,1353.52,1200.0,153.52,306.4,DRV,,,False,0,Carrier 260171,Shipper 1386,True,True,True,8/28/2017 14:00,8/29/2017 7:00,False,False,False,False,False,False,False,False,Cartersville,GA ,Cartersville,GA 
5221,206537745,8/24/2017 16:24,8/24/2017 16:24,8/28/2017 11:20,8/28/2017 14:00,8/29/2017 9:45,1353.52,1200.0,153.52,306.4,DRV,,,False,0,Carrier 260171,Shipper 1248,True,True,True,8/28/2017 14:00,8/29/2017 7:00,False,False,False,False,False,False,False,False,Cartersville,GA ,Cartersville,GA 
5222,206537745,8/24/2017 16:24,8/24/2017 16:24,8/28/2017 11:20,8/28/2017 14:00,8/29/2017 9:45,1353.52,1200.0,153.52,306.4,DRV,,,False,0,Carrier 260171,Shipper 1387,True,True,True,8/28/2017 14:00,8/29/2017 7:00,False,False,False,False,False,False,False,False,Cartersville,GA ,Cartersville,GA 
5223,206537745,8/24/2017 16:24,8/24/2017 16:24,8/28/2017 11:20,8/28/2017 14:00,8/29/2017 9:45,1353.52,1200.0,153.52,306.4,DRV,,,False,0,Carrier 260171,Shipper 1388,True,True,True,8/28/2017 14:00,8/29/2017 7:00,False,False,False,False,False,False,False,False,Cartersville,GA ,Cartersville,GA 
5224,206633593,11/2/2017 11:08,11/2/2017 11:08,11/9/2017 13:42,11/9/2017 18:30,11/10/2017 8:00,1352.26,1100.0,252.26,284.1,RFR,,,False,0,Carrier 1452223,Shipper 758,True,True,True,11/9/2017 18:30,11/10/2017 7:00,False,False,False,False,False,False,False,False,Kent,WA ,Kent,WA 
5225,206598193,10/9/2017 14:24,10/9/2017 14:24,10/9/2017 16:29,10/12/2017 15:00,10/13/2017 15:30,1351.46,1306.0,45.46,621.6,DRV,,,True,0,Carrier 1040295,Shipper 1644,True,True,True,10/12/2017 15:00,10/13/2017 14:00,False,False,False,False,False,False,False,False,Mount Airy,NC ,Mount Airy,NC 
5226,206484849,3/23/2017 13:16,3/23/2017 13:16,3/24/2017 11:24,3/24/2017 12:00,3/27/2017 4:00,1350.0,1350.0,0.0,795.8,RFR,4.0,,False,0,Carrier 38605,Shipper 618,True,True,True,3/24/2017 15:00,3/27/2017 2:00,False,False,False,False,False,False,False,False,Irvington,NJ ,Irvington,NJ 
5227,206657697,7/11/2017 12:11,7/11/2017 12:12,7/11/2017 15:01,7/12/2017 9:00,7/13/2017 15:00,1350.0,1000.0,350.0,761.9,DRV,,,False,1,Carrier 581872,Shipper 944,True,True,True,7/12/2017 16:00,7/14/2017 16:30,False,False,False,False,False,False,False,False,McCook,NE ,McCook,NE 
5228,206509201,1/13/2017 12:59,1/13/2017 12:59,1/16/2017 8:36,1/16/2017 13:00,1/18/2017 3:00,1350.0,1200.0,150.0,795.8,RFR,,,False,0,Carrier 1301148,Shipper 618,True,True,True,1/16/2017 15:00,1/18/2017 2:00,False,False,False,False,False,False,False,False,Irvington,NJ ,Irvington,NJ 
5229,206690313,10/12/2017 16:15,10/12/2017 16:15,10/13/2017 10:54,10/13/2017 8:00,10/16/2017 8:55,1350.0,1200.0,150.0,345.7,RFR,,,False,0,Carrier 939442,Shipper 585,True,True,True,10/13/2017 15:00,10/16/2017 8:00,False,False,False,False,False,False,False,False,Pittsburgh,PA ,Pittsburgh,PA 
5230,206475665,10/12/2017 16:17,10/12/2017 16:17,10/16/2017 9:39,10/16/2017 8:00,10/17/2017 9:58,1350.0,1150.0,200.0,345.7,RFR,,,False,1,Carrier 1016367,Shipper 585,True,True,True,10/16/2017 15:00,10/17/2017 10:00,False,False,False,False,False,False,False,False,Pittsburgh,PA ,Pittsburgh,PA 
5231,206438281,1/27/2017 13:41,1/27/2017 13:41,2/1/2017 9:31,2/3/2017 8:00,2/6/2017 10:05,1350.0,1200.0,150.0,1011.1,DRV,,,False,0,Carrier 34822,Shipper 585,True,True,True,2/3/2017 8:00,2/6/2017 10:00,False,False,False,False,False,False,False,False,Plant City,FL ,Plant City,FL 
5232,206560345,9/10/2017 12:43,9/10/2017 12:43,9/12/2017 14:02,9/12/2017 16:00,9/13/2017 10:30,1349.74,1200.0,149.74,339.1,DRV,,,False,0,Carrier 106770,Shipper 1249,True,True,True,9/12/2017 16:00,9/13/2017 15:30,False,False,False,False,False,False,False,False,Williamsburg,VA ,Williamsburg,VA 
5233,206560345,9/10/2017 12:43,9/10/2017 12:43,9/12/2017 14:02,9/12/2017 16:00,9/13/2017 10:30,1349.74,1200.0,149.74,339.1,DRV,,,False,0,Carrier 106770,Shipper 1375,True,True,True,9/12/2017 16:00,9/13/2017 15:30,False,False,False,False,False,False,False,False,Williamsburg,VA ,Williamsburg,VA 
5234,206560345,9/10/2017 12:43,9/10/2017 12:43,9/12/2017 14:02,9/12/2017 16:00,9/13/2017 10:30,1349.74,1200.0,149.74,339.1,DRV,,,False,0,Carrier 106770,Shipper 1386,True,True,True,9/12/2017 16:00,9/13/2017 15:30,False,False,False,False,False,False,False,False,Williamsburg,VA ,Williamsburg,VA 
5235,206560345,9/10/2017 12:43,9/10/2017 12:43,9/12/2017 14:02,9/12/2017 16:00,9/13/2017 10:30,1349.74,1200.0,149.74,339.1,DRV,,,False,0,Carrier 106770,Shipper 1248,True,True,True,9/12/2017 16:00,9/13/2017 15:30,False,False,False,False,False,False,False,False,Williamsburg,VA ,Williamsburg,VA 
5236,206560345,9/10/2017 12:43,9/10/2017 12:43,9/12/2017 14:02,9/12/2017 16:00,9/13/2017 10:30,1349.74,1200.0,149.74,339.1,DRV,,,False,0,Carrier 106770,Shipper 1387,True,True,True,9/12/2017 16:00,9/13/2017 15:30,False,False,False,False,False,False,False,False,Williamsburg,VA ,Williamsburg,VA 
5237,206560345,9/10/2017 12:43,9/10/2017 12:43,9/12/2017 14:02,9/12/2017 16:00,9/13/2017 10:30,1349.74,1200.0,149.74,339.1,DRV,,,False,0,Carrier 106770,Shipper 1388,True,True,True,9/12/2017 16:00,9/13/2017 15:30,False,False,False,False,False,False,False,False,Williamsburg,VA ,Williamsburg,VA 
5238,206530217,5/30/2017 17:12,5/30/2017 17:12,5/31/2017 11:18,5/31/2017 21:00,6/2/2017 14:25,1347.8,1200.0,147.8,731.7,DRV,,,False,0,Carrier 1307209,Shipper 1249,True,True,True,6/1/2017 1:00,6/2/2017 15:00,False,False,False,False,False,False,False,False,Fort Collins,CO ,Fort Collins,CO 
5239,206530217,5/30/2017 17:12,5/30/2017 17:12,5/31/2017 11:18,5/31/2017 21:00,6/2/2017 14:25,1347.8,1200.0,147.8,731.7,DRV,,,False,0,Carrier 1307209,Shipper 1375,True,True,True,6/1/2017 1:00,6/2/2017 15:00,False,False,False,False,False,False,False,False,Fort Collins,CO ,Fort Collins,CO 
5240,206530217,5/30/2017 17:12,5/30/2017 17:12,5/31/2017 11:18,5/31/2017 21:00,6/2/2017 14:25,1347.8,1200.0,147.8,731.7,DRV,,,False,0,Carrier 1307209,Shipper 1386,True,True,True,6/1/2017 1:00,6/2/2017 15:00,False,False,False,False,False,False,False,False,Fort Collins,CO ,Fort Collins,CO 
5241,206530217,5/30/2017 17:12,5/30/2017 17:12,5/31/2017 11:18,5/31/2017 21:00,6/2/2017 14:25,1347.8,1200.0,147.8,731.7,DRV,,,False,0,Carrier 1307209,Shipper 1248,True,True,True,6/1/2017 1:00,6/2/2017 15:00,False,False,False,False,False,False,False,False,Fort Collins,CO ,Fort Collins,CO 
5242,206530217,5/30/2017 17:12,5/30/2017 17:12,5/31/2017 11:18,5/31/2017 21:00,6/2/2017 14:25,1347.8,1200.0,147.8,731.7,DRV,,,False,0,Carrier 1307209,Shipper 1387,True,True,True,6/1/2017 1:00,6/2/2017 15:00,False,False,False,False,False,False,False,False,Fort Collins,CO ,Fort Collins,CO 
5243,206530217,5/30/2017 17:12,5/30/2017 17:12,5/31/2017 11:18,5/31/2017 21:00,6/2/2017 14:25,1347.8,1200.0,147.8,731.7,DRV,,,False,0,Carrier 1307209,Shipper 1388,True,True,True,6/1/2017 1:00,6/2/2017 15:00,False,False,False,False,False,False,False,False,Fort Collins,CO ,Fort Collins,CO 
5244,206712753,3/17/2017 11:45,3/17/2017 11:45,3/20/2017 8:20,3/20/2017 14:00,3/22/2017 12:30,1343.62,1375.0,-31.38,823.3,DRV,3.0,,False,0,Carrier 30737,Shipper 1052,True,True,True,3/20/2017 15:30,3/22/2017 22:00,False,False,False,False,False,False,False,False,1,LA ,1,LA 
5245,206467777,3/17/2017 11:47,3/17/2017 11:47,3/21/2017 12:08,3/21/2017 14:00,3/22/2017 23:00,1343.62,1500.0,-156.38,823.3,DRV,,,False,0,Carrier 1019579,Shipper 1052,True,True,True,3/21/2017 15:30,3/22/2017 23:50,False,False,False,False,False,False,False,False,1,LA ,1,LA 
5246,206550753,1/19/2017 15:47,1/19/2017 15:47,1/20/2017 15:16,1/23/2017 9:00,1/24/2017 10:08,1339.87,1525.0,-185.13,611.1,RFR,,,False,0,Carrier 132245,Shipper 780,True,True,True,1/23/2017 10:00,1/24/2017 7:00,False,False,False,False,False,False,False,False,Covesville,VA ,Covesville,VA 
5247,206546921,8/21/2017 16:24,8/21/2017 16:24,8/22/2017 12:17,8/23/2017 15:00,8/24/2017 9:00,1339.26,1300.0,39.26,461.1,DRV,,,False,0,Carrier 1340577,Shipper 1249,True,True,True,8/23/2017 15:00,8/24/2017 15:00,False,False,False,False,False,False,False,False,Granite City,IL ,Granite City,IL 
5248,206546921,8/21/2017 16:24,8/21/2017 16:24,8/22/2017 12:17,8/23/2017 15:00,8/24/2017 9:00,1339.26,1300.0,39.26,461.1,DRV,,,False,0,Carrier 1340577,Shipper 1375,True,True,True,8/23/2017 15:00,8/24/2017 15:00,False,False,False,False,False,False,False,False,Granite City,IL ,Granite City,IL 
5249,206546921,8/21/2017 16:24,8/21/2017 16:24,8/22/2017 12:17,8/23/2017 15:00,8/24/2017 9:00,1339.26,1300.0,39.26,461.1,DRV,,,False,0,Carrier 1340577,Shipper 1386,True,True,True,8/23/2017 15:00,8/24/2017 15:00,False,False,False,False,False,False,False,False,Granite City,IL ,Granite City,IL 
5250,206546921,8/21/2017 16:24,8/21/2017 16:24,8/22/2017 12:17,8/23/2017 15:00,8/24/2017 9:00,1339.26,1300.0,39.26,461.1,DRV,,,False,0,Carrier 1340577,Shipper 1248,True,True,True,8/23/2017 15:00,8/24/2017 15:00,False,False,False,False,False,False,False,False,Granite City,IL ,Granite City,IL 
5251,206546921,8/21/2017 16:24,8/21/2017 16:24,8/22/2017 12:17,8/23/2017 15:00,8/24/2017 9:00,1339.26,1300.0,39.26,461.1,DRV,,,False,0,Carrier 1340577,Shipper 1387,True,True,True,8/23/2017 15:00,8/24/2017 15:00,False,False,False,False,False,False,False,False,Granite City,IL ,Granite City,IL 
5252,206546921,8/21/2017 16:24,8/21/2017 16:24,8/22/2017 12:17,8/23/2017 15:00,8/24/2017 9:00,1339.26,1300.0,39.26,461.1,DRV,,,False,0,Carrier 1340577,Shipper 1388,True,True,True,8/23/2017 15:00,8/24/2017 15:00,False,False,False,False,False,False,False,False,Granite City,IL ,Granite City,IL 
5253,206618313,5/17/2017 14:21,5/17/2017 14:22,5/19/2017 15:35,5/22/2017 17:00,5/23/2017 13:05,1337.28,800.0,537.28,480.5,DRV,,,False,0,Carrier 105523,Shipper 1249,True,True,True,5/22/2017 17:00,5/23/2017 8:45,False,False,False,False,False,False,False,False,Houston,TX ,Houston,TX 
5254,206618313,5/17/2017 14:21,5/17/2017 14:22,5/19/2017 15:35,5/22/2017 17:00,5/23/2017 13:05,1337.28,800.0,537.28,480.5,DRV,,,False,0,Carrier 105523,Shipper 1375,True,True,True,5/22/2017 17:00,5/23/2017 8:45,False,False,False,False,False,False,False,False,Houston,TX ,Houston,TX 
5255,206618313,5/17/2017 14:21,5/17/2017 14:22,5/19/2017 15:35,5/22/2017 17:00,5/23/2017 13:05,1337.28,800.0,537.28,480.5,DRV,,,False,0,Carrier 105523,Shipper 1386,True,True,True,5/22/2017 17:00,5/23/2017 8:45,False,False,False,False,False,False,False,False,Houston,TX ,Houston,TX 
5256,206618313,5/17/2017 14:21,5/17/2017 14:22,5/19/2017 15:35,5/22/2017 17:00,5/23/2017 13:05,1337.28,800.0,537.28,480.5,DRV,,,False,0,Carrier 105523,Shipper 1248,True,True,True,5/22/2017 17:00,5/23/2017 8:45,False,False,False,False,False,False,False,False,Houston,TX ,Houston,TX 
5257,206618313,5/17/2017 14:21,5/17/2017 14:22,5/19/2017 15:35,5/22/2017 17:00,5/23/2017 13:05,1337.28,800.0,537.28,480.5,DRV,,,False,0,Carrier 105523,Shipper 1387,True,True,True,5/22/2017 17:00,5/23/2017 8:45,False,False,False,False,False,False,False,False,Houston,TX ,Houston,TX 
5258,206618313,5/17/2017 14:21,5/17/2017 14:22,5/19/2017 15:35,5/22/2017 17:00,5/23/2017 13:05,1337.28,800.0,537.28,480.5,DRV,,,False,0,Carrier 105523,Shipper 1388,True,True,True,5/22/2017 17:00,5/23/2017 8:45,False,False,False,False,False,False,False,False,Houston,TX ,Houston,TX 
5259,206598545,5/11/2017 13:00,5/11/2017 13:00,5/11/2017 18:09,5/12/2017 5:00,5/12/2017 10:59,1336.75,1100.0,236.75,137.8,RFR,,,False,0,Carrier 978458,Shipper 1249,True,True,True,5/12/2017 5:00,5/15/2017 14:00,False,False,False,False,False,False,False,False,Houston,TX ,Houston,TX 
5260,206598545,5/11/2017 13:00,5/11/2017 13:00,5/11/2017 18:09,5/12/2017 5:00,5/12/2017 10:59,1336.75,1100.0,236.75,137.8,RFR,,,False,0,Carrier 978458,Shipper 1375,True,True,True,5/12/2017 5:00,5/15/2017 14:00,False,False,False,False,False,False,False,False,Houston,TX ,Houston,TX 
5261,206598545,5/11/2017 13:00,5/11/2017 13:00,5/11/2017 18:09,5/12/2017 5:00,5/12/2017 10:59,1336.75,1100.0,236.75,137.8,RFR,,,False,0,Carrier 978458,Shipper 1386,True,True,True,5/12/2017 5:00,5/15/2017 14:00,False,False,False,False,False,False,False,False,Houston,TX ,Houston,TX 
5262,206598545,5/11/2017 13:00,5/11/2017 13:00,5/11/2017 18:09,5/12/2017 5:00,5/12/2017 10:59,1336.75,1100.0,236.75,137.8,RFR,,,False,0,Carrier 978458,Shipper 1248,True,True,True,5/12/2017 5:00,5/15/2017 14:00,False,False,False,False,False,False,False,False,Houston,TX ,Houston,TX 
5263,206598545,5/11/2017 13:00,5/11/2017 13:00,5/11/2017 18:09,5/12/2017 5:00,5/12/2017 10:59,1336.75,1100.0,236.75,137.8,RFR,,,False,0,Carrier 978458,Shipper 1387,True,True,True,5/12/2017 5:00,5/15/2017 14:00,False,False,False,False,False,False,False,False,Houston,TX ,Houston,TX 
5264,206598545,5/11/2017 13:00,5/11/2017 13:00,5/11/2017 18:09,5/12/2017 5:00,5/12/2017 10:59,1336.75,1100.0,236.75,137.8,RFR,,,False,0,Carrier 978458,Shipper 1388,True,True,True,5/12/2017 5:00,5/15/2017 14:00,False,False,False,False,False,False,False,False,Houston,TX ,Houston,TX 
5265,206693457,4/3/2017 18:43,4/3/2017 18:43,4/12/2017 9:40,4/12/2017 11:00,4/13/2017 11:00,1336.67,1100.0,236.67,574.7,DRV,4.0,,False,0,Carrier 1693519,Shipper 758,True,True,True,4/12/2017 20:00,4/13/2017 8:00,False,False,False,False,False,False,False,False,Fresno,CA ,Fresno,CA 
5266,206581881,5/1/2017 17:50,5/1/2017 17:50,5/1/2017 18:34,5/1/2017 18:00,5/2/2017 12:00,1335.78,1040.0,295.78,375.7,DRV,3.0,,False,0,Carrier 1035008,Shipper 1249,True,True,True,5/1/2017 22:00,5/2/2017 8:00,False,False,False,False,False,False,False,False,Newark,NJ ,Newark,NJ 
5267,206581881,5/1/2017 17:50,5/1/2017 17:50,5/1/2017 18:34,5/1/2017 18:00,5/2/2017 12:00,1335.78,1040.0,295.78,375.7,DRV,3.0,,False,0,Carrier 1035008,Shipper 1375,True,True,True,5/1/2017 22:00,5/2/2017 8:00,False,False,False,False,False,False,False,False,Newark,NJ ,Newark,NJ 
5268,206581881,5/1/2017 17:50,5/1/2017 17:50,5/1/2017 18:34,5/1/2017 18:00,5/2/2017 12:00,1335.78,1040.0,295.78,375.7,DRV,3.0,,False,0,Carrier 1035008,Shipper 1386,True,True,True,5/1/2017 22:00,5/2/2017 8:00,False,False,False,False,False,False,False,False,Newark,NJ ,Newark,NJ 
5269,206581881,5/1/2017 17:50,5/1/2017 17:50,5/1/2017 18:34,5/1/2017 18:00,5/2/2017 12:00,1335.78,1040.0,295.78,375.7,DRV,3.0,,False,0,Carrier 1035008,Shipper 1248,True,True,True,5/1/2017 22:00,5/2/2017 8:00,False,False,False,False,False,False,False,False,Newark,NJ ,Newark,NJ 
5270,206581881,5/1/2017 17:50,5/1/2017 17:50,5/1/2017 18:34,5/1/2017 18:00,5/2/2017 12:00,1335.78,1040.0,295.78,375.7,DRV,3.0,,False,0,Carrier 1035008,Shipper 1387,True,True,True,5/1/2017 22:00,5/2/2017 8:00,False,False,False,False,False,False,False,False,Newark,NJ ,Newark,NJ 
5271,206581881,5/1/2017 17:50,5/1/2017 17:50,5/1/2017 18:34,5/1/2017 18:00,5/2/2017 12:00,1335.78,1040.0,295.78,375.7,DRV,3.0,,False,0,Carrier 1035008,Shipper 1388,True,True,True,5/1/2017 22:00,5/2/2017 8:00,False,False,False,False,False,False,False,False,Newark,NJ ,Newark,NJ 
5272,206478169,10/27/2017 12:12,10/27/2017 12:13,10/30/2017 12:10,10/31/2017 7:30,11/1/2017 11:00,1334.1,1100.0,234.1,318.1,DRV,,,False,0,Carrier 83985,Shipper 1175,True,False,False,10/31/2017 14:00,10/31/2017 15:00,False,False,False,False,False,True,False,False,Washington,PA ,Washington,PA 
5273,206588345,4/12/2017 16:54,4/12/2017 16:54,4/17/2017 10:52,4/17/2017 3:00,4/18/2017 11:15,1333.53,1400.0,-66.47,595.3,RFR,4.0,,False,0,Carrier 1337114,Shipper 1249,True,True,True,4/18/2017 2:00,4/18/2017 15:00,False,False,False,False,False,False,False,False,Los Angeles,CA ,Los Angeles,CA 
5274,206588345,4/12/2017 16:54,4/12/2017 16:54,4/17/2017 10:52,4/17/2017 3:00,4/18/2017 11:15,1333.53,1400.0,-66.47,595.3,RFR,4.0,,False,0,Carrier 1337114,Shipper 1375,True,True,True,4/18/2017 2:00,4/18/2017 15:00,False,False,False,False,False,False,False,False,Los Angeles,CA ,Los Angeles,CA 
5275,206588345,4/12/2017 16:54,4/12/2017 16:54,4/17/2017 10:52,4/17/2017 3:00,4/18/2017 11:15,1333.53,1400.0,-66.47,595.3,RFR,4.0,,False,0,Carrier 1337114,Shipper 1386,True,True,True,4/18/2017 2:00,4/18/2017 15:00,False,False,False,False,False,False,False,False,Los Angeles,CA ,Los Angeles,CA 
5276,206588345,4/12/2017 16:54,4/12/2017 16:54,4/17/2017 10:52,4/17/2017 3:00,4/18/2017 11:15,1333.53,1400.0,-66.47,595.3,RFR,4.0,,False,0,Carrier 1337114,Shipper 1248,True,True,True,4/18/2017 2:00,4/18/2017 15:00,False,False,False,False,False,False,False,False,Los Angeles,CA ,Los Angeles,CA 
5277,206588345,4/12/2017 16:54,4/12/2017 16:54,4/17/2017 10:52,4/17/2017 3:00,4/18/2017 11:15,1333.53,1400.0,-66.47,595.3,RFR,4.0,,False,0,Carrier 1337114,Shipper 1387,True,True,True,4/18/2017 2:00,4/18/2017 15:00,False,False,False,False,False,False,False,False,Los Angeles,CA ,Los Angeles,CA 
5278,206588345,4/12/2017 16:54,4/12/2017 16:54,4/17/2017 10:52,4/17/2017 3:00,4/18/2017 11:15,1333.53,1400.0,-66.47,595.3,RFR,4.0,,False,0,Carrier 1337114,Shipper 1388,True,True,True,4/18/2017 2:00,4/18/2017 15:00,False,False,False,False,False,False,False,False,Los Angeles,CA ,Los Angeles,CA 
5279,206551169,6/23/2017 16:16,6/23/2017 16:16,6/26/2017 17:25,6/27/2017 19:00,6/28/2017 9:15,1333.0,1100.0,233.0,403.4,RFR,,,False,0,Carrier 77017,Shipper 1249,True,True,True,6/27/2017 19:00,6/28/2017 13:00,False,False,False,False,False,False,False,False,Aurora,CO ,Aurora,CO 
5280,206551169,6/23/2017 16:16,6/23/2017 16:16,6/26/2017 17:25,6/27/2017 19:00,6/28/2017 9:15,1333.0,1100.0,233.0,403.4,RFR,,,False,0,Carrier 77017,Shipper 1375,True,True,True,6/27/2017 19:00,6/28/2017 13:00,False,False,False,False,False,False,False,False,Aurora,CO ,Aurora,CO 
5281,206551169,6/23/2017 16:16,6/23/2017 16:16,6/26/2017 17:25,6/27/2017 19:00,6/28/2017 9:15,1333.0,1100.0,233.0,403.4,RFR,,,False,0,Carrier 77017,Shipper 1386,True,True,True,6/27/2017 19:00,6/28/2017 13:00,False,False,False,False,False,False,False,False,Aurora,CO ,Aurora,CO 
5282,206551169,6/23/2017 16:16,6/23/2017 16:16,6/26/2017 17:25,6/27/2017 19:00,6/28/2017 9:15,1333.0,1100.0,233.0,403.4,RFR,,,False,0,Carrier 77017,Shipper 1248,True,True,True,6/27/2017 19:00,6/28/2017 13:00,False,False,False,False,False,False,False,False,Aurora,CO ,Aurora,CO 
5283,206551169,6/23/2017 16:16,6/23/2017 16:16,6/26/2017 17:25,6/27/2017 19:00,6/28/2017 9:15,1333.0,1100.0,233.0,403.4,RFR,,,False,0,Carrier 77017,Shipper 1387,True,True,True,6/27/2017 19:00,6/28/2017 13:00,False,False,False,False,False,False,False,False,Aurora,CO ,Aurora,CO 
5284,206551169,6/23/2017 16:16,6/23/2017 16:16,6/26/2017 17:25,6/27/2017 19:00,6/28/2017 9:15,1333.0,1100.0,233.0,403.4,RFR,,,False,0,Carrier 77017,Shipper 1388,True,True,True,6/27/2017 19:00,6/28/2017 13:00,False,False,False,False,False,False,False,False,Aurora,CO ,Aurora,CO 
5285,206486857,7/31/2017 9:36,7/31/2017 9:36,8/1/2017 14:11,8/2/2017 18:00,8/5/2017 17:00,1332.76,1466.0,-133.24,809.8,DRV,,,False,0,Carrier 1012360,Shipper 758,True,True,True,8/2/2017 18:00,8/4/2017 23:00,False,False,False,False,False,False,False,False,Idaho Falls,ID ,Idaho Falls,ID 
5286,206435457,8/16/2017 16:42,8/16/2017 16:42,8/18/2017 10:01,8/18/2017 8:00,8/21/2017 8:50,1331.79,1400.0,-68.21,469.6,DRV,,,False,0,Carrier 821366,Shipper 1517,True,True,True,8/18/2017 16:00,8/21/2017 8:30,False,False,False,False,False,False,False,False,Reidsville,NC ,Reidsville,NC 
5287,206550785,4/20/2017 16:20,4/20/2017 16:20,4/20/2017 17:14,4/20/2017 18:00,4/21/2017 12:30,1331.62,1200.0,131.62,307.0,RFR,4.0,,False,0,Carrier 46177,Shipper 1249,True,True,True,4/20/2017 18:00,4/21/2017 14:00,False,False,False,False,False,False,False,False,Granite City,IL ,Granite City,IL 
5288,206550785,4/20/2017 16:20,4/20/2017 16:20,4/20/2017 17:14,4/20/2017 18:00,4/21/2017 12:30,1331.62,1200.0,131.62,307.0,RFR,4.0,,False,0,Carrier 46177,Shipper 1375,True,True,True,4/20/2017 18:00,4/21/2017 14:00,False,False,False,False,False,False,False,False,Granite City,IL ,Granite City,IL 
5289,206550785,4/20/2017 16:20,4/20/2017 16:20,4/20/2017 17:14,4/20/2017 18:00,4/21/2017 12:30,1331.62,1200.0,131.62,307.0,RFR,4.0,,False,0,Carrier 46177,Shipper 1386,True,True,True,4/20/2017 18:00,4/21/2017 14:00,False,False,False,False,False,False,False,False,Granite City,IL ,Granite City,IL 
5290,206550785,4/20/2017 16:20,4/20/2017 16:20,4/20/2017 17:14,4/20/2017 18:00,4/21/2017 12:30,1331.62,1200.0,131.62,307.0,RFR,4.0,,False,0,Carrier 46177,Shipper 1248,True,True,True,4/20/2017 18:00,4/21/2017 14:00,False,False,False,False,False,False,False,False,Granite City,IL ,Granite City,IL 
5291,206550785,4/20/2017 16:20,4/20/2017 16:20,4/20/2017 17:14,4/20/2017 18:00,4/21/2017 12:30,1331.62,1200.0,131.62,307.0,RFR,4.0,,False,0,Carrier 46177,Shipper 1387,True,True,True,4/20/2017 18:00,4/21/2017 14:00,False,False,False,False,False,False,False,False,Granite City,IL ,Granite City,IL 
5292,206550785,4/20/2017 16:20,4/20/2017 16:20,4/20/2017 17:14,4/20/2017 18:00,4/21/2017 12:30,1331.62,1200.0,131.62,307.0,RFR,4.0,,False,0,Carrier 46177,Shipper 1388,True,True,True,4/20/2017 18:00,4/21/2017 14:00,False,False,False,False,False,False,False,False,Granite City,IL ,Granite City,IL 
5293,206512881,10/30/2017 12:03,10/30/2017 12:03,10/31/2017 9:34,10/31/2017 15:00,11/2/2017 8:25,1330.73,1350.0,-19.27,626.7,DRV,,,False,0,Carrier 104019,Shipper 1644,True,True,True,10/31/2017 15:00,11/2/2017 7:30,False,False,False,False,False,False,False,False,Flowery Branch,GA ,Flowery Branch,GA 
5294,206434393,6/20/2017 18:19,6/20/2017 18:19,6/21/2017 15:53,6/22/2017 12:30,6/23/2017 11:00,1330.42,1200.0,130.42,312.8,DRV,,,False,0,Carrier 1215346,Shipper 1249,True,True,True,6/22/2017 12:30,6/23/2017 9:30,False,False,False,False,False,False,False,False,Carlisle,PA ,Carlisle,PA 
5295,206434393,6/20/2017 18:19,6/20/2017 18:19,6/21/2017 15:53,6/22/2017 12:30,6/23/2017 11:00,1330.42,1200.0,130.42,312.8,DRV,,,False,0,Carrier 1215346,Shipper 1375,True,True,True,6/22/2017 12:30,6/23/2017 9:30,False,False,False,False,False,False,False,False,Carlisle,PA ,Carlisle,PA 
5296,206434393,6/20/2017 18:19,6/20/2017 18:19,6/21/2017 15:53,6/22/2017 12:30,6/23/2017 11:00,1330.42,1200.0,130.42,312.8,DRV,,,False,0,Carrier 1215346,Shipper 1386,True,True,True,6/22/2017 12:30,6/23/2017 9:30,False,False,False,False,False,False,False,False,Carlisle,PA ,Carlisle,PA 
5297,206434393,6/20/2017 18:19,6/20/2017 18:19,6/21/2017 15:53,6/22/2017 12:30,6/23/2017 11:00,1330.42,1200.0,130.42,312.8,DRV,,,False,0,Carrier 1215346,Shipper 1248,True,True,True,6/22/2017 12:30,6/23/2017 9:30,False,False,False,False,False,False,False,False,Carlisle,PA ,Carlisle,PA 
5298,206434393,6/20/2017 18:19,6/20/2017 18:19,6/21/2017 15:53,6/22/2017 12:30,6/23/2017 11:00,1330.42,1200.0,130.42,312.8,DRV,,,False,0,Carrier 1215346,Shipper 1387,True,True,True,6/22/2017 12:30,6/23/2017 9:30,False,False,False,False,False,False,False,False,Carlisle,PA ,Carlisle,PA 
5299,206434393,6/20/2017 18:19,6/20/2017 18:19,6/21/2017 15:53,6/22/2017 12:30,6/23/2017 11:00,1330.42,1200.0,130.42,312.8,DRV,,,False,0,Carrier 1215346,Shipper 1388,True,True,True,6/22/2017 12:30,6/23/2017 9:30,False,False,False,False,False,False,False,False,Carlisle,PA ,Carlisle,PA 
5300,206627177,7/31/2017 15:46,7/31/2017 15:46,8/4/2017 17:31,8/7/2017 12:30,8/8/2017 11:15,1329.24,1300.0,29.24,408.8,DRV,,,False,0,Carrier 1000270,Shipper 1249,True,True,True,8/7/2017 12:30,8/8/2017 11:30,False,False,False,False,False,False,False,False,Carlisle,PA ,Carlisle,PA 
5301,206627177,7/31/2017 15:46,7/31/2017 15:46,8/4/2017 17:31,8/7/2017 12:30,8/8/2017 11:15,1329.24,1300.0,29.24,408.8,DRV,,,False,0,Carrier 1000270,Shipper 1375,True,True,True,8/7/2017 12:30,8/8/2017 11:30,False,False,False,False,False,False,False,False,Carlisle,PA ,Carlisle,PA 
5302,206627177,7/31/2017 15:46,7/31/2017 15:46,8/4/2017 17:31,8/7/2017 12:30,8/8/2017 11:15,1329.24,1300.0,29.24,408.8,DRV,,,False,0,Carrier 1000270,Shipper 1386,True,True,True,8/7/2017 12:30,8/8/2017 11:30,False,False,False,False,False,False,False,False,Carlisle,PA ,Carlisle,PA 
5303,206627177,7/31/2017 15:46,7/31/2017 15:46,8/4/2017 17:31,8/7/2017 12:30,8/8/2017 11:15,1329.24,1300.0,29.24,408.8,DRV,,,False,0,Carrier 1000270,Shipper 1248,True,True,True,8/7/2017 12:30,8/8/2017 11:30,False,False,False,False,False,False,False,False,Carlisle,PA ,Carlisle,PA 
5304,206627177,7/31/2017 15:46,7/31/2017 15:46,8/4/2017 17:31,8/7/2017 12:30,8/8/2017 11:15,1329.24,1300.0,29.24,408.8,DRV,,,False,0,Carrier 1000270,Shipper 1387,True,True,True,8/7/2017 12:30,8/8/2017 11:30,False,False,False,False,False,False,False,False,Carlisle,PA ,Carlisle,PA 
5305,206627177,7/31/2017 15:46,7/31/2017 15:46,8/4/2017 17:31,8/7/2017 12:30,8/8/2017 11:15,1329.24,1300.0,29.24,408.8,DRV,,,False,0,Carrier 1000270,Shipper 1388,True,True,True,8/7/2017 12:30,8/8/2017 11:30,False,False,False,False,False,False,False,False,Carlisle,PA ,Carlisle,PA 
5306,206429129,5/22/2017 14:22,5/22/2017 14:22,5/23/2017 18:48,5/23/2017 22:00,5/24/2017 5:00,1325.44,1750.0,-424.56,400.5,RFR,4.0,,False,1,Carrier 95641,Shipper 1249,True,True,True,5/23/2017 22:00,5/24/2017 23:00,False,False,False,False,False,False,False,False,Jacksonville,FL ,Jacksonville,FL 
5307,206429129,5/22/2017 14:22,5/22/2017 14:22,5/23/2017 18:48,5/23/2017 22:00,5/24/2017 5:00,1325.44,1750.0,-424.56,400.5,RFR,4.0,,False,1,Carrier 95641,Shipper 1375,True,True,True,5/23/2017 22:00,5/24/2017 23:00,False,False,False,False,False,False,False,False,Jacksonville,FL ,Jacksonville,FL 
5308,206429129,5/22/2017 14:22,5/22/2017 14:22,5/23/2017 18:48,5/23/2017 22:00,5/24/2017 5:00,1325.44,1750.0,-424.56,400.5,RFR,4.0,,False,1,Carrier 95641,Shipper 1386,True,True,True,5/23/2017 22:00,5/24/2017 23:00,False,False,False,False,False,False,False,False,Jacksonville,FL ,Jacksonville,FL 
5309,206429129,5/22/2017 14:22,5/22/2017 14:22,5/23/2017 18:48,5/23/2017 22:00,5/24/2017 5:00,1325.44,1750.0,-424.56,400.5,RFR,4.0,,False,1,Carrier 95641,Shipper 1248,True,True,True,5/23/2017 22:00,5/24/2017 23:00,False,False,False,False,False,False,False,False,Jacksonville,FL ,Jacksonville,FL 
5310,206429129,5/22/2017 14:22,5/22/2017 14:22,5/23/2017 18:48,5/23/2017 22:00,5/24/2017 5:00,1325.44,1750.0,-424.56,400.5,RFR,4.0,,False,1,Carrier 95641,Shipper 1387,True,True,True,5/23/2017 22:00,5/24/2017 23:00,False,False,False,False,False,False,False,False,Jacksonville,FL ,Jacksonville,FL 
5311,206429129,5/22/2017 14:22,5/22/2017 14:22,5/23/2017 18:48,5/23/2017 22:00,5/24/2017 5:00,1325.44,1750.0,-424.56,400.5,RFR,4.0,,False,1,Carrier 95641,Shipper 1388,True,True,True,5/23/2017 22:00,5/24/2017 23:00,False,False,False,False,False,False,False,False,Jacksonville,FL ,Jacksonville,FL 
5312,206528457,5/12/2017 12:50,5/12/2017 12:50,5/12/2017 14:59,5/15/2017 7:00,5/15/2017 12:42,1323.4,1000.0,323.4,130.0,RFR,,,False,0,Carrier 978458,Shipper 1249,True,True,True,5/15/2017 7:00,5/15/2017 14:00,False,False,False,False,False,False,False,False,La Porte,TX ,La Porte,TX 
5313,206528457,5/12/2017 12:50,5/12/2017 12:50,5/12/2017 14:59,5/15/2017 7:00,5/15/2017 12:42,1323.4,1000.0,323.4,130.0,RFR,,,False,0,Carrier 978458,Shipper 1375,True,True,True,5/15/2017 7:00,5/15/2017 14:00,False,False,False,False,False,False,False,False,La Porte,TX ,La Porte,TX 
5314,206528457,5/12/2017 12:50,5/12/2017 12:50,5/12/2017 14:59,5/15/2017 7:00,5/15/2017 12:42,1323.4,1000.0,323.4,130.0,RFR,,,False,0,Carrier 978458,Shipper 1386,True,True,True,5/15/2017 7:00,5/15/2017 14:00,False,False,False,False,False,False,False,False,La Porte,TX ,La Porte,TX 
5315,206528457,5/12/2017 12:50,5/12/2017 12:50,5/12/2017 14:59,5/15/2017 7:00,5/15/2017 12:42,1323.4,1000.0,323.4,130.0,RFR,,,False,0,Carrier 978458,Shipper 1248,True,True,True,5/15/2017 7:00,5/15/2017 14:00,False,False,False,False,False,False,False,False,La Porte,TX ,La Porte,TX 
5316,206528457,5/12/2017 12:50,5/12/2017 12:50,5/12/2017 14:59,5/15/2017 7:00,5/15/2017 12:42,1323.4,1000.0,323.4,130.0,RFR,,,False,0,Carrier 978458,Shipper 1387,True,True,True,5/15/2017 7:00,5/15/2017 14:00,False,False,False,False,False,False,False,False,La Porte,TX ,La Porte,TX 
5317,206528457,5/12/2017 12:50,5/12/2017 12:50,5/12/2017 14:59,5/15/2017 7:00,5/15/2017 12:42,1323.4,1000.0,323.4,130.0,RFR,,,False,0,Carrier 978458,Shipper 1388,True,True,True,5/15/2017 7:00,5/15/2017 14:00,False,False,False,False,False,False,False,False,La Porte,TX ,La Porte,TX 
5318,206686897,5/22/2017 14:20,5/22/2017 14:20,5/22/2017 19:41,5/23/2017 0:00,5/23/2017 11:37,1321.48,1500.0,-178.52,282.9,RFR,,,False,1,Carrier 1400325,Shipper 1249,True,True,True,5/23/2017 0:00,5/23/2017 12:00,False,False,False,False,False,False,False,False,Jacksonville,FL ,Jacksonville,FL 
5319,206686897,5/22/2017 14:20,5/22/2017 14:20,5/22/2017 19:41,5/23/2017 0:00,5/23/2017 11:37,1321.48,1500.0,-178.52,282.9,RFR,,,False,1,Carrier 1400325,Shipper 1375,True,True,True,5/23/2017 0:00,5/23/2017 12:00,False,False,False,False,False,False,False,False,Jacksonville,FL ,Jacksonville,FL 
5320,206686897,5/22/2017 14:20,5/22/2017 14:20,5/22/2017 19:41,5/23/2017 0:00,5/23/2017 11:37,1321.48,1500.0,-178.52,282.9,RFR,,,False,1,Carrier 1400325,Shipper 1386,True,True,True,5/23/2017 0:00,5/23/2017 12:00,False,False,False,False,False,False,False,False,Jacksonville,FL ,Jacksonville,FL 
5321,206686897,5/22/2017 14:20,5/22/2017 14:20,5/22/2017 19:41,5/23/2017 0:00,5/23/2017 11:37,1321.48,1500.0,-178.52,282.9,RFR,,,False,1,Carrier 1400325,Shipper 1248,True,True,True,5/23/2017 0:00,5/23/2017 12:00,False,False,False,False,False,False,False,False,Jacksonville,FL ,Jacksonville,FL 
5322,206686897,5/22/2017 14:20,5/22/2017 14:20,5/22/2017 19:41,5/23/2017 0:00,5/23/2017 11:37,1321.48,1500.0,-178.52,282.9,RFR,,,False,1,Carrier 1400325,Shipper 1387,True,True,True,5/23/2017 0:00,5/23/2017 12:00,False,False,False,False,False,False,False,False,Jacksonville,FL ,Jacksonville,FL 
5323,206686897,5/22/2017 14:20,5/22/2017 14:20,5/22/2017 19:41,5/23/2017 0:00,5/23/2017 11:37,1321.48,1500.0,-178.52,282.9,RFR,,,False,1,Carrier 1400325,Shipper 1388,True,True,True,5/23/2017 0:00,5/23/2017 12:00,False,False,False,False,False,False,False,False,Jacksonville,FL ,Jacksonville,FL 
5324,206649513,5/22/2017 14:00,5/22/2017 14:00,5/22/2017 14:51,5/23/2017 1:00,5/23/2017 15:20,1321.14,1100.0,221.14,286.4,DRV,,,False,0,Carrier 978458,Shipper 1249,True,True,True,5/23/2017 1:00,5/23/2017 16:00,False,False,False,False,False,False,False,False,La Porte,TX ,La Porte,TX 
5325,206649513,5/22/2017 14:00,5/22/2017 14:00,5/22/2017 14:51,5/23/2017 1:00,5/23/2017 15:20,1321.14,1100.0,221.14,286.4,DRV,,,False,0,Carrier 978458,Shipper 1375,True,True,True,5/23/2017 1:00,5/23/2017 16:00,False,False,False,False,False,False,False,False,La Porte,TX ,La Porte,TX 
5326,206649513,5/22/2017 14:00,5/22/2017 14:00,5/22/2017 14:51,5/23/2017 1:00,5/23/2017 15:20,1321.14,1100.0,221.14,286.4,DRV,,,False,0,Carrier 978458,Shipper 1386,True,True,True,5/23/2017 1:00,5/23/2017 16:00,False,False,False,False,False,False,False,False,La Porte,TX ,La Porte,TX 
5327,206649513,5/22/2017 14:00,5/22/2017 14:00,5/22/2017 14:51,5/23/2017 1:00,5/23/2017 15:20,1321.14,1100.0,221.14,286.4,DRV,,,False,0,Carrier 978458,Shipper 1248,True,True,True,5/23/2017 1:00,5/23/2017 16:00,False,False,False,False,False,False,False,False,La Porte,TX ,La Porte,TX 
5328,206649513,5/22/2017 14:00,5/22/2017 14:00,5/22/2017 14:51,5/23/2017 1:00,5/23/2017 15:20,1321.14,1100.0,221.14,286.4,DRV,,,False,0,Carrier 978458,Shipper 1387,True,True,True,5/23/2017 1:00,5/23/2017 16:00,False,False,False,False,False,False,False,False,La Porte,TX ,La Porte,TX 
5329,206649513,5/22/2017 14:00,5/22/2017 14:00,5/22/2017 14:51,5/23/2017 1:00,5/23/2017 15:20,1321.14,1100.0,221.14,286.4,DRV,,,False,0,Carrier 978458,Shipper 1388,True,True,True,5/23/2017 1:00,5/23/2017 16:00,False,False,False,False,False,False,False,False,La Porte,TX ,La Porte,TX 
5330,206576897,6/1/2017 9:13,6/1/2017 9:13,6/2/2017 12:59,6/2/2017 8:00,6/5/2017 11:35,1317.63,1400.0,-82.37,811.2,DRV,,,False,0,Carrier 1178263,Shipper 841,True,True,True,6/2/2017 17:00,6/5/2017 9:30,False,False,False,False,False,False,False,False,Mount Ayr,IA ,Mount Ayr,IA 
5331,206620761,9/8/2017 19:19,9/8/2017 19:19,9/11/2017 11:44,9/12/2017 14:30,9/13/2017 4:00,1315.11,940.0,375.11,179.3,DRV,,,False,0,Carrier 49821,Shipper 1249,True,True,True,9/12/2017 14:30,9/13/2017 4:00,False,False,False,False,False,False,False,False,Carlisle,PA ,Carlisle,PA 
5332,206620761,9/8/2017 19:19,9/8/2017 19:19,9/11/2017 11:44,9/12/2017 14:30,9/13/2017 4:00,1315.11,940.0,375.11,179.3,DRV,,,False,0,Carrier 49821,Shipper 1375,True,True,True,9/12/2017 14:30,9/13/2017 4:00,False,False,False,False,False,False,False,False,Carlisle,PA ,Carlisle,PA 
5333,206620761,9/8/2017 19:19,9/8/2017 19:19,9/11/2017 11:44,9/12/2017 14:30,9/13/2017 4:00,1315.11,940.0,375.11,179.3,DRV,,,False,0,Carrier 49821,Shipper 1386,True,True,True,9/12/2017 14:30,9/13/2017 4:00,False,False,False,False,False,False,False,False,Carlisle,PA ,Carlisle,PA 
5334,206620761,9/8/2017 19:19,9/8/2017 19:19,9/11/2017 11:44,9/12/2017 14:30,9/13/2017 4:00,1315.11,940.0,375.11,179.3,DRV,,,False,0,Carrier 49821,Shipper 1248,True,True,True,9/12/2017 14:30,9/13/2017 4:00,False,False,False,False,False,False,False,False,Carlisle,PA ,Carlisle,PA 
5335,206620761,9/8/2017 19:19,9/8/2017 19:19,9/11/2017 11:44,9/12/2017 14:30,9/13/2017 4:00,1315.11,940.0,375.11,179.3,DRV,,,False,0,Carrier 49821,Shipper 1387,True,True,True,9/12/2017 14:30,9/13/2017 4:00,False,False,False,False,False,False,False,False,Carlisle,PA ,Carlisle,PA 
5336,206620761,9/8/2017 19:19,9/8/2017 19:19,9/11/2017 11:44,9/12/2017 14:30,9/13/2017 4:00,1315.11,940.0,375.11,179.3,DRV,,,False,0,Carrier 49821,Shipper 1388,True,True,True,9/12/2017 14:30,9/13/2017 4:00,False,False,False,False,False,False,False,False,Carlisle,PA ,Carlisle,PA 
5337,206618929,10/23/2017 13:01,10/23/2017 13:01,10/23/2017 15:40,10/24/2017 10:00,10/25/2017 11:21,1314.89,1350.0,-35.11,530.0,DRV,,,False,0,Carrier 1185163,Shipper 1644,True,True,True,10/24/2017 10:00,10/25/2017 11:00,False,False,False,False,False,False,False,False,Xenia,OH ,Xenia,OH 
5338,206522153,11/14/2017 16:33,11/14/2017 16:33,11/15/2017 7:41,11/17/2017 12:00,11/18/2017 8:30,1311.84,1200.0,111.84,365.6,RFR,,,False,0,Carrier 180807,Shipper 1249,True,True,True,11/17/2017 12:00,11/18/2017 10:00,False,False,False,False,False,False,False,False,St. Louis,MO ,St. Louis,MO 
5339,206522153,11/14/2017 16:33,11/14/2017 16:33,11/15/2017 7:41,11/17/2017 12:00,11/18/2017 8:30,1311.84,1200.0,111.84,365.6,RFR,,,False,0,Carrier 180807,Shipper 1375,True,True,True,11/17/2017 12:00,11/18/2017 10:00,False,False,False,False,False,False,False,False,St. Louis,MO ,St. Louis,MO 
5340,206522153,11/14/2017 16:33,11/14/2017 16:33,11/15/2017 7:41,11/17/2017 12:00,11/18/2017 8:30,1311.84,1200.0,111.84,365.6,RFR,,,False,0,Carrier 180807,Shipper 1386,True,True,True,11/17/2017 12:00,11/18/2017 10:00,False,False,False,False,False,False,False,False,St. Louis,MO ,St. Louis,MO 
5341,206522153,11/14/2017 16:33,11/14/2017 16:33,11/15/2017 7:41,11/17/2017 12:00,11/18/2017 8:30,1311.84,1200.0,111.84,365.6,RFR,,,False,0,Carrier 180807,Shipper 1248,True,True,True,11/17/2017 12:00,11/18/2017 10:00,False,False,False,False,False,False,False,False,St. Louis,MO ,St. Louis,MO 
5342,206522153,11/14/2017 16:33,11/14/2017 16:33,11/15/2017 7:41,11/17/2017 12:00,11/18/2017 8:30,1311.84,1200.0,111.84,365.6,RFR,,,False,0,Carrier 180807,Shipper 1387,True,True,True,11/17/2017 12:00,11/18/2017 10:00,False,False,False,False,False,False,False,False,St. Louis,MO ,St. Louis,MO 
5343,206522153,11/14/2017 16:33,11/14/2017 16:33,11/15/2017 7:41,11/17/2017 12:00,11/18/2017 8:30,1311.84,1200.0,111.84,365.6,RFR,,,False,0,Carrier 180807,Shipper 1388,True,True,True,11/17/2017 12:00,11/18/2017 10:00,False,False,False,False,False,False,False,False,St. Louis,MO ,St. Louis,MO 
5344,206657225,5/30/2017 19:30,5/30/2017 19:30,5/31/2017 14:23,5/31/2017 19:00,6/1/2017 9:30,1310.16,1300.0,10.16,331.2,RFR,,,False,0,Carrier 90581,Shipper 1249,True,True,True,5/31/2017 19:00,6/1/2017 16:00,False,False,False,False,False,False,False,False,Granite City,IL ,Granite City,IL 
5345,206657225,5/30/2017 19:30,5/30/2017 19:30,5/31/2017 14:23,5/31/2017 19:00,6/1/2017 9:30,1310.16,1300.0,10.16,331.2,RFR,,,False,0,Carrier 90581,Shipper 1375,True,True,True,5/31/2017 19:00,6/1/2017 16:00,False,False,False,False,False,False,False,False,Granite City,IL ,Granite City,IL 
5346,206657225,5/30/2017 19:30,5/30/2017 19:30,5/31/2017 14:23,5/31/2017 19:00,6/1/2017 9:30,1310.16,1300.0,10.16,331.2,RFR,,,False,0,Carrier 90581,Shipper 1386,True,True,True,5/31/2017 19:00,6/1/2017 16:00,False,False,False,False,False,False,False,False,Granite City,IL ,Granite City,IL 
5347,206657225,5/30/2017 19:30,5/30/2017 19:30,5/31/2017 14:23,5/31/2017 19:00,6/1/2017 9:30,1310.16,1300.0,10.16,331.2,RFR,,,False,0,Carrier 90581,Shipper 1248,True,True,True,5/31/2017 19:00,6/1/2017 16:00,False,False,False,False,False,False,False,False,Granite City,IL ,Granite City,IL 
5348,206657225,5/30/2017 19:30,5/30/2017 19:30,5/31/2017 14:23,5/31/2017 19:00,6/1/2017 9:30,1310.16,1300.0,10.16,331.2,RFR,,,False,0,Carrier 90581,Shipper 1387,True,True,True,5/31/2017 19:00,6/1/2017 16:00,False,False,False,False,False,False,False,False,Granite City,IL ,Granite City,IL 
5349,206657225,5/30/2017 19:30,5/30/2017 19:30,5/31/2017 14:23,5/31/2017 19:00,6/1/2017 9:30,1310.16,1300.0,10.16,331.2,RFR,,,False,0,Carrier 90581,Shipper 1388,True,True,True,5/31/2017 19:00,6/1/2017 16:00,False,False,False,False,False,False,False,False,Granite City,IL ,Granite City,IL 
5350,206531921,5/22/2017 14:28,5/22/2017 14:29,5/23/2017 15:03,5/23/2017 17:00,5/24/2017 9:11,1309.85,1200.0,109.85,339.5,RFR,,,False,0,Carrier 1367568,Shipper 1249,True,True,True,5/23/2017 17:00,5/24/2017 7:30,False,False,False,False,False,False,False,False,Jacksonville,FL ,Jacksonville,FL 
5351,206531921,5/22/2017 14:28,5/22/2017 14:29,5/23/2017 15:03,5/23/2017 17:00,5/24/2017 9:11,1309.85,1200.0,109.85,339.5,RFR,,,False,0,Carrier 1367568,Shipper 1375,True,True,True,5/23/2017 17:00,5/24/2017 7:30,False,False,False,False,False,False,False,False,Jacksonville,FL ,Jacksonville,FL 
5352,206531921,5/22/2017 14:28,5/22/2017 14:29,5/23/2017 15:03,5/23/2017 17:00,5/24/2017 9:11,1309.85,1200.0,109.85,339.5,RFR,,,False,0,Carrier 1367568,Shipper 1386,True,True,True,5/23/2017 17:00,5/24/2017 7:30,False,False,False,False,False,False,False,False,Jacksonville,FL ,Jacksonville,FL 
5353,206531921,5/22/2017 14:28,5/22/2017 14:29,5/23/2017 15:03,5/23/2017 17:00,5/24/2017 9:11,1309.85,1200.0,109.85,339.5,RFR,,,False,0,Carrier 1367568,Shipper 1248,True,True,True,5/23/2017 17:00,5/24/2017 7:30,False,False,False,False,False,False,False,False,Jacksonville,FL ,Jacksonville,FL 
5354,206531921,5/22/2017 14:28,5/22/2017 14:29,5/23/2017 15:03,5/23/2017 17:00,5/24/2017 9:11,1309.85,1200.0,109.85,339.5,RFR,,,False,0,Carrier 1367568,Shipper 1387,True,True,True,5/23/2017 17:00,5/24/2017 7:30,False,False,False,False,False,False,False,False,Jacksonville,FL ,Jacksonville,FL 
5355,206531921,5/22/2017 14:28,5/22/2017 14:29,5/23/2017 15:03,5/23/2017 17:00,5/24/2017 9:11,1309.85,1200.0,109.85,339.5,RFR,,,False,0,Carrier 1367568,Shipper 1388,True,True,True,5/23/2017 17:00,5/24/2017 7:30,False,False,False,False,False,False,False,False,Jacksonville,FL ,Jacksonville,FL 
5356,206577297,5/30/2017 17:26,5/30/2017 17:26,5/31/2017 15:02,5/31/2017 20:00,6/1/2017 14:30,1307.94,1100.0,207.94,327.7,DRV,,,False,0,Carrier 1352308,Shipper 1249,True,True,True,5/31/2017 20:00,6/1/2017 14:30,False,False,False,False,False,False,False,False,Jacksonville,FL ,Jacksonville,FL 
5357,206577297,5/30/2017 17:26,5/30/2017 17:26,5/31/2017 15:02,5/31/2017 20:00,6/1/2017 14:30,1307.94,1100.0,207.94,327.7,DRV,,,False,0,Carrier 1352308,Shipper 1375,True,True,True,5/31/2017 20:00,6/1/2017 14:30,False,False,False,False,False,False,False,False,Jacksonville,FL ,Jacksonville,FL 
5358,206577297,5/30/2017 17:26,5/30/2017 17:26,5/31/2017 15:02,5/31/2017 20:00,6/1/2017 14:30,1307.94,1100.0,207.94,327.7,DRV,,,False,0,Carrier 1352308,Shipper 1386,True,True,True,5/31/2017 20:00,6/1/2017 14:30,False,False,False,False,False,False,False,False,Jacksonville,FL ,Jacksonville,FL 
5359,206577297,5/30/2017 17:26,5/30/2017 17:26,5/31/2017 15:02,5/31/2017 20:00,6/1/2017 14:30,1307.94,1100.0,207.94,327.7,DRV,,,False,0,Carrier 1352308,Shipper 1248,True,True,True,5/31/2017 20:00,6/1/2017 14:30,False,False,False,False,False,False,False,False,Jacksonville,FL ,Jacksonville,FL 
5360,206577297,5/30/2017 17:26,5/30/2017 17:26,5/31/2017 15:02,5/31/2017 20:00,6/1/2017 14:30,1307.94,1100.0,207.94,327.7,DRV,,,False,0,Carrier 1352308,Shipper 1387,True,True,True,5/31/2017 20:00,6/1/2017 14:30,False,False,False,False,False,False,False,False,Jacksonville,FL ,Jacksonville,FL 
5361,206577297,5/30/2017 17:26,5/30/2017 17:26,5/31/2017 15:02,5/31/2017 20:00,6/1/2017 14:30,1307.94,1100.0,207.94,327.7,DRV,,,False,0,Carrier 1352308,Shipper 1388,True,True,True,5/31/2017 20:00,6/1/2017 14:30,False,False,False,False,False,False,False,False,Jacksonville,FL ,Jacksonville,FL 
5362,206728025,5/30/2017 12:55,5/30/2017 12:55,6/2/2017 12:04,6/4/2017 7:00,6/5/2017 11:30,1305.4,1300.0,5.4,615.5,DRV,,,False,0,Carrier 158675,Shipper 1249,True,True,True,6/4/2017 7:00,6/5/2017 18:00,False,False,False,False,False,False,False,False,Fort Collins,CO ,Fort Collins,CO 
5363,206728025,5/30/2017 12:55,5/30/2017 12:55,6/2/2017 12:04,6/4/2017 7:00,6/5/2017 11:30,1305.4,1300.0,5.4,615.5,DRV,,,False,0,Carrier 158675,Shipper 1375,True,True,True,6/4/2017 7:00,6/5/2017 18:00,False,False,False,False,False,False,False,False,Fort Collins,CO ,Fort Collins,CO 
5364,206728025,5/30/2017 12:55,5/30/2017 12:55,6/2/2017 12:04,6/4/2017 7:00,6/5/2017 11:30,1305.4,1300.0,5.4,615.5,DRV,,,False,0,Carrier 158675,Shipper 1386,True,True,True,6/4/2017 7:00,6/5/2017 18:00,False,False,False,False,False,False,False,False,Fort Collins,CO ,Fort Collins,CO 
5365,206728025,5/30/2017 12:55,5/30/2017 12:55,6/2/2017 12:04,6/4/2017 7:00,6/5/2017 11:30,1305.4,1300.0,5.4,615.5,DRV,,,False,0,Carrier 158675,Shipper 1248,True,True,True,6/4/2017 7:00,6/5/2017 18:00,False,False,False,False,False,False,False,False,Fort Collins,CO ,Fort Collins,CO 
5366,206728025,5/30/2017 12:55,5/30/2017 12:55,6/2/2017 12:04,6/4/2017 7:00,6/5/2017 11:30,1305.4,1300.0,5.4,615.5,DRV,,,False,0,Carrier 158675,Shipper 1387,True,True,True,6/4/2017 7:00,6/5/2017 18:00,False,False,False,False,False,False,False,False,Fort Collins,CO ,Fort Collins,CO 
5367,206728025,5/30/2017 12:55,5/30/2017 12:55,6/2/2017 12:04,6/4/2017 7:00,6/5/2017 11:30,1305.4,1300.0,5.4,615.5,DRV,,,False,0,Carrier 158675,Shipper 1388,True,True,True,6/4/2017 7:00,6/5/2017 18:00,False,False,False,False,False,False,False,False,Fort Collins,CO ,Fort Collins,CO 
5368,206553593,8/11/2017 16:14,8/11/2017 16:14,8/14/2017 10:00,8/15/2017 15:00,8/16/2017 13:00,1305.26,1050.0,255.26,655.9,RFR,,,False,0,Carrier 10209,Shipper 1249,True,True,True,8/15/2017 15:00,8/16/2017 16:30,False,False,False,False,False,False,False,False,Houston,TX ,Houston,TX 
5369,206553593,8/11/2017 16:14,8/11/2017 16:14,8/14/2017 10:00,8/15/2017 15:00,8/16/2017 13:00,1305.26,1050.0,255.26,655.9,RFR,,,False,0,Carrier 10209,Shipper 1375,True,True,True,8/15/2017 15:00,8/16/2017 16:30,False,False,False,False,False,False,False,False,Houston,TX ,Houston,TX 
5370,206553593,8/11/2017 16:14,8/11/2017 16:14,8/14/2017 10:00,8/15/2017 15:00,8/16/2017 13:00,1305.26,1050.0,255.26,655.9,RFR,,,False,0,Carrier 10209,Shipper 1386,True,True,True,8/15/2017 15:00,8/16/2017 16:30,False,False,False,False,False,False,False,False,Houston,TX ,Houston,TX 
5371,206553593,8/11/2017 16:14,8/11/2017 16:14,8/14/2017 10:00,8/15/2017 15:00,8/16/2017 13:00,1305.26,1050.0,255.26,655.9,RFR,,,False,0,Carrier 10209,Shipper 1248,True,True,True,8/15/2017 15:00,8/16/2017 16:30,False,False,False,False,False,False,False,False,Houston,TX ,Houston,TX 
5372,206553593,8/11/2017 16:14,8/11/2017 16:14,8/14/2017 10:00,8/15/2017 15:00,8/16/2017 13:00,1305.26,1050.0,255.26,655.9,RFR,,,False,0,Carrier 10209,Shipper 1387,True,True,True,8/15/2017 15:00,8/16/2017 16:30,False,False,False,False,False,False,False,False,Houston,TX ,Houston,TX 
5373,206553593,8/11/2017 16:14,8/11/2017 16:14,8/14/2017 10:00,8/15/2017 15:00,8/16/2017 13:00,1305.26,1050.0,255.26,655.9,RFR,,,False,0,Carrier 10209,Shipper 1388,True,True,True,8/15/2017 15:00,8/16/2017 16:30,False,False,False,False,False,False,False,False,Houston,TX ,Houston,TX 
5374,206591001,11/28/2017 16:33,11/28/2017 16:33,11/29/2017 8:56,11/29/2017 15:00,11/30/2017 9:40,1304.0,1000.0,304.0,403.4,DRV,,,False,0,Carrier 131313,Shipper 1249,True,True,True,11/29/2017 15:00,11/30/2017 13:00,False,False,False,False,False,False,False,False,Aurora,CO ,Aurora,CO 
5375,206591001,11/28/2017 16:33,11/28/2017 16:33,11/29/2017 8:56,11/29/2017 15:00,11/30/2017 9:40,1304.0,1000.0,304.0,403.4,DRV,,,False,0,Carrier 131313,Shipper 1375,True,True,True,11/29/2017 15:00,11/30/2017 13:00,False,False,False,False,False,False,False,False,Aurora,CO ,Aurora,CO 
5376,206591001,11/28/2017 16:33,11/28/2017 16:33,11/29/2017 8:56,11/29/2017 15:00,11/30/2017 9:40,1304.0,1000.0,304.0,403.4,DRV,,,False,0,Carrier 131313,Shipper 1386,True,True,True,11/29/2017 15:00,11/30/2017 13:00,False,False,False,False,False,False,False,False,Aurora,CO ,Aurora,CO 
5377,206591001,11/28/2017 16:33,11/28/2017 16:33,11/29/2017 8:56,11/29/2017 15:00,11/30/2017 9:40,1304.0,1000.0,304.0,403.4,DRV,,,False,0,Carrier 131313,Shipper 1248,True,True,True,11/29/2017 15:00,11/30/2017 13:00,False,False,False,False,False,False,False,False,Aurora,CO ,Aurora,CO 
5378,206591001,11/28/2017 16:33,11/28/2017 16:33,11/29/2017 8:56,11/29/2017 15:00,11/30/2017 9:40,1304.0,1000.0,304.0,403.4,DRV,,,False,0,Carrier 131313,Shipper 1387,True,True,True,11/29/2017 15:00,11/30/2017 13:00,False,False,False,False,False,False,False,False,Aurora,CO ,Aurora,CO 
5379,206591001,11/28/2017 16:33,11/28/2017 16:33,11/29/2017 8:56,11/29/2017 15:00,11/30/2017 9:40,1304.0,1000.0,304.0,403.4,DRV,,,False,0,Carrier 131313,Shipper 1388,True,True,True,11/29/2017 15:00,11/30/2017 13:00,False,False,False,False,False,False,False,False,Aurora,CO ,Aurora,CO 
5380,206496737,3/30/2017 15:21,3/30/2017 15:21,4/3/2017 17:22,4/3/2017 14:00,4/5/2017 2:00,1301.98,2050.0,-748.02,526.9,RFR,0.0,,False,0,Carrier 108547,Shipper 1104,False,False,False,4/3/2017 18:00,4/4/2017 14:00,False,False,False,False,False,False,False,False,Dunn,NC ,Dunn,NC 
5381,206608489,6/6/2017 17:28,6/6/2017 17:29,6/9/2017 11:00,6/9/2017 20:00,6/10/2017 10:00,1301.3,1350.0,-48.7,334.5,DRV,,,False,0,Carrier 1564828,Shipper 1249,True,True,True,6/9/2017 20:00,6/10/2017 12:00,False,False,False,False,False,False,False,False,Cartersville,GA ,Cartersville,GA 
5382,206608489,6/6/2017 17:28,6/6/2017 17:29,6/9/2017 11:00,6/9/2017 20:00,6/10/2017 10:00,1301.3,1350.0,-48.7,334.5,DRV,,,False,0,Carrier 1564828,Shipper 1375,True,True,True,6/9/2017 20:00,6/10/2017 12:00,False,False,False,False,False,False,False,False,Cartersville,GA ,Cartersville,GA 
5383,206608489,6/6/2017 17:28,6/6/2017 17:29,6/9/2017 11:00,6/9/2017 20:00,6/10/2017 10:00,1301.3,1350.0,-48.7,334.5,DRV,,,False,0,Carrier 1564828,Shipper 1386,True,True,True,6/9/2017 20:00,6/10/2017 12:00,False,False,False,False,False,False,False,False,Cartersville,GA ,Cartersville,GA 
5384,206608489,6/6/2017 17:28,6/6/2017 17:29,6/9/2017 11:00,6/9/2017 20:00,6/10/2017 10:00,1301.3,1350.0,-48.7,334.5,DRV,,,False,0,Carrier 1564828,Shipper 1248,True,True,True,6/9/2017 20:00,6/10/2017 12:00,False,False,False,False,False,False,False,False,Cartersville,GA ,Cartersville,GA 
5385,206608489,6/6/2017 17:28,6/6/2017 17:29,6/9/2017 11:00,6/9/2017 20:00,6/10/2017 10:00,1301.3,1350.0,-48.7,334.5,DRV,,,False,0,Carrier 1564828,Shipper 1387,True,True,True,6/9/2017 20:00,6/10/2017 12:00,False,False,False,False,False,False,False,False,Cartersville,GA ,Cartersville,GA 
5386,206608489,6/6/2017 17:28,6/6/2017 17:29,6/9/2017 11:00,6/9/2017 20:00,6/10/2017 10:00,1301.3,1350.0,-48.7,334.5,DRV,,,False,0,Carrier 1564828,Shipper 1388,True,True,True,6/9/2017 20:00,6/10/2017 12:00,False,False,False,False,False,False,False,False,Cartersville,GA ,Cartersville,GA 
5387,206490545,10/20/2017 17:14,10/20/2017 17:14,10/24/2017 9:31,10/24/2017 12:00,10/25/2017 12:35,1300.32,1350.0,-49.68,660.0,DRV,,,False,0,Carrier 97236,Shipper 1249,True,True,True,10/24/2017 12:00,10/25/2017 11:00,False,False,False,False,False,False,False,False,Newark,NJ ,Newark,NJ 
5388,206490545,10/20/2017 17:14,10/20/2017 17:14,10/24/2017 9:31,10/24/2017 12:00,10/25/2017 12:35,1300.32,1350.0,-49.68,660.0,DRV,,,False,0,Carrier 97236,Shipper 1375,True,True,True,10/24/2017 12:00,10/25/2017 11:00,False,False,False,False,False,False,False,False,Newark,NJ ,Newark,NJ 
5389,206490545,10/20/2017 17:14,10/20/2017 17:14,10/24/2017 9:31,10/24/2017 12:00,10/25/2017 12:35,1300.32,1350.0,-49.68,660.0,DRV,,,False,0,Carrier 97236,Shipper 1386,True,True,True,10/24/2017 12:00,10/25/2017 11:00,False,False,False,False,False,False,False,False,Newark,NJ ,Newark,NJ 
5390,206490545,10/20/2017 17:14,10/20/2017 17:14,10/24/2017 9:31,10/24/2017 12:00,10/25/2017 12:35,1300.32,1350.0,-49.68,660.0,DRV,,,False,0,Carrier 97236,Shipper 1248,True,True,True,10/24/2017 12:00,10/25/2017 11:00,False,False,False,False,False,False,False,False,Newark,NJ ,Newark,NJ 
5391,206490545,10/20/2017 17:14,10/20/2017 17:14,10/24/2017 9:31,10/24/2017 12:00,10/25/2017 12:35,1300.32,1350.0,-49.68,660.0,DRV,,,False,0,Carrier 97236,Shipper 1387,True,True,True,10/24/2017 12:00,10/25/2017 11:00,False,False,False,False,False,False,False,False,Newark,NJ ,Newark,NJ 
5392,206490545,10/20/2017 17:14,10/20/2017 17:14,10/24/2017 9:31,10/24/2017 12:00,10/25/2017 12:35,1300.32,1350.0,-49.68,660.0,DRV,,,False,0,Carrier 97236,Shipper 1388,True,True,True,10/24/2017 12:00,10/25/2017 11:00,False,False,False,False,False,False,False,False,Newark,NJ ,Newark,NJ 
5393,206537489,4/14/2017 11:40,4/14/2017 11:40,4/17/2017 9:46,4/17/2017 8:00,4/18/2017 14:30,1300.0,1300.0,0.0,1003.9,DRV,4.0,,True,0,Carrier 1378831,Shipper 968,True,True,True,4/17/2017 16:30,4/19/2017 12:30,False,False,False,False,False,False,False,False,Newark,NJ ,Newark,NJ 
5394,206586001,1/4/2017 12:52,1/4/2017 12:52,1/4/2017 15:37,1/5/2017 9:00,1/6/2017 13:15,1300.0,1150.0,150.0,522.5,DRV,,,False,0,Carrier 92971,Shipper 1033,True,True,True,1/5/2017 16:00,1/6/2017 17:00,False,False,False,False,False,False,False,False,Halls,TN ,Halls,TN 
5395,206636529,7/18/2017 12:00,7/18/2017 12:00,7/18/2017 12:18,7/18/2017 13:00,7/19/2017 9:00,1300.0,1200.0,100.0,363.7,DRV,,,False,0,Carrier 88202,Shipper 1570,True,True,True,7/18/2017 16:00,7/19/2017 9:00,False,False,False,False,False,False,False,False,Valparaiso,IN ,Valparaiso,IN 
5396,206500249,2/16/2017 15:18,2/16/2017 15:18,3/3/2017 7:56,3/3/2017 8:00,3/6/2017 11:30,1300.0,1250.0,50.0,1011.1,DRV,,,False,0,Carrier 34822,Shipper 585,True,True,True,3/3/2017 16:00,3/6/2017 10:00,False,False,False,False,False,False,False,False,Plant City,FL ,Plant City,FL 
5397,206664089,7/24/2017 16:59,7/24/2017 16:59,7/25/2017 11:03,7/26/2017 16:00,7/27/2017 16:20,1300.0,1200.0,100.0,519.6,RFR,,,False,0,Carrier 1353061,Shipper 585,True,True,True,7/26/2017 16:00,7/27/2017 15:00,False,False,False,False,False,False,False,False,Sioux City,IA ,Sioux City,IA 
5398,206473017,9/7/2017 16:44,9/7/2017 16:44,9/11/2017 9:42,9/11/2017 16:00,9/12/2017 12:00,1295.0,1200.0,95.0,366.3,DRV,,,False,0,Carrier 1403410,Shipper 398,True,True,True,9/11/2017 16:00,9/12/2017 15:00,False,False,False,False,False,False,False,False,Buffalo,NY ,Buffalo,NY 
5399,206748569,1/19/2017 16:48,1/19/2017 16:48,1/25/2017 13:47,1/26/2017 19:30,1/28/2017 15:00,1295.0,1100.0,195.0,422.7,DRV,,,False,0,Carrier 43527,Shipper 758,True,True,True,1/26/2017 19:30,1/27/2017 20:00,False,False,False,False,False,False,False,False,Oxnard,CA ,Oxnard,CA 
5400,206703913,1/24/2017 13:16,1/24/2017 13:16,1/30/2017 13:34,2/1/2017 16:30,2/2/2017 20:00,1295.0,1100.0,195.0,422.7,DRV,3.0,,False,0,Carrier 43527,Shipper 758,True,True,True,2/1/2017 16:30,2/2/2017 20:00,False,False,False,False,False,False,False,False,Oxnard,CA ,Oxnard,CA 
5401,206701545,5/16/2017 15:25,5/16/2017 15:25,5/17/2017 17:18,5/23/2017 19:30,5/24/2017 23:00,1295.0,1200.0,95.0,422.7,DRV,,,False,0,Carrier 43527,Shipper 758,True,True,True,5/23/2017 19:30,5/24/2017 21:00,False,False,False,False,False,False,False,False,Oxnard,CA ,Oxnard,CA 
5402,206642329,1/17/2017 8:24,1/17/2017 8:24,1/20/2017 14:32,1/24/2017 19:30,1/25/2017 21:30,1295.0,1100.0,195.0,422.7,DRV,,,False,0,Carrier 1069080,Shipper 758,True,True,True,1/24/2017 19:30,1/25/2017 20:00,False,False,False,False,False,False,False,False,Oxnard,CA ,Oxnard,CA 
5403,206686889,3/27/2017 17:34,3/27/2017 17:34,3/29/2017 15:49,3/30/2017 19:30,3/31/2017 22:00,1295.0,1200.0,95.0,422.7,DRV,,,False,0,Carrier 1396474,Shipper 758,False,True,True,3/30/2017 19:30,3/31/2017 21:00,False,False,False,False,False,False,False,False,Oxnard,CA ,Oxnard,CA 
5404,206688601,5/16/2017 15:23,5/16/2017 15:23,5/22/2017 14:12,5/22/2017 19:30,5/23/2017 23:50,1295.0,1400.0,-105.0,422.7,DRV,,,False,0,Carrier 951529,Shipper 758,True,True,True,5/22/2017 19:30,5/23/2017 21:00,False,False,False,False,False,False,False,False,Oxnard,CA ,Oxnard,CA 
5405,206631449,1/24/2017 13:04,1/24/2017 13:04,1/27/2017 16:15,1/30/2017 19:30,1/31/2017 23:00,1295.0,1200.0,95.0,422.7,DRV,,,False,0,Carrier 1396474,Shipper 758,True,False,False,1/30/2017 19:30,1/31/2017 18:00,False,False,False,False,False,False,False,False,Oxnard,CA ,Oxnard,CA 
5406,206592713,1/24/2017 13:08,1/24/2017 13:08,1/27/2017 11:03,1/30/2017 16:30,1/31/2017 12:00,1295.0,1100.0,195.0,422.7,DRV,3.0,,False,0,Carrier 43527,Shipper 758,True,True,True,1/30/2017 16:30,1/31/2017 18:00,False,False,False,False,False,False,False,False,Oxnard,CA ,Oxnard,CA 
5407,206590537,1/19/2017 16:44,1/19/2017 16:44,1/24/2017 15:30,1/25/2017 20:30,1/26/2017 23:00,1295.0,1100.0,195.0,422.7,DRV,,,False,0,Carrier 43527,Shipper 758,True,True,True,1/25/2017 20:30,1/26/2017 20:00,False,False,False,False,False,False,False,False,Oxnard,CA ,Oxnard,CA 
5408,206592769,6/21/2017 10:55,6/21/2017 10:55,6/26/2017 11:36,6/26/2017 19:30,6/28/2017 0:00,1295.0,1300.0,-5.0,422.7,DRV,,,False,1,Carrier 43527,Shipper 758,True,True,True,6/26/2017 19:30,6/27/2017 21:00,False,False,False,False,False,False,False,False,Oxnard,CA ,Oxnard,CA 
5409,206546697,5/2/2017 18:23,5/2/2017 18:23,5/4/2017 15:47,5/8/2017 19:30,5/10/2017 0:00,1295.0,1200.0,95.0,422.7,DRV,3.0,,False,0,Carrier 43527,Shipper 758,True,True,True,5/8/2017 19:30,5/9/2017 21:00,False,False,False,False,False,False,False,False,Oxnard,CA ,Oxnard,CA 
5410,206589353,5/9/2017 18:21,5/9/2017 18:21,5/15/2017 11:38,5/15/2017 19:30,5/16/2017 22:30,1295.0,1200.0,95.0,422.7,DRV,,,False,1,Carrier 43527,Shipper 758,True,True,True,5/15/2017 19:30,5/16/2017 21:00,False,False,False,False,False,False,False,False,Oxnard,CA ,Oxnard,CA 
5411,206587753,5/16/2017 15:20,5/16/2017 15:21,5/18/2017 17:14,5/22/2017 20:30,5/23/2017 23:00,1295.0,1200.0,95.0,422.7,DRV,,,False,0,Carrier 43527,Shipper 758,True,True,True,5/22/2017 20:30,5/23/2017 21:00,False,False,False,False,False,False,False,False,Oxnard,CA ,Oxnard,CA 
5412,206703793,1/24/2017 11:27,1/24/2017 11:27,1/25/2017 13:47,1/26/2017 22:30,1/28/2017 14:00,1295.0,1100.0,195.0,422.7,DRV,,,False,0,Carrier 43527,Shipper 758,True,True,True,1/26/2017 22:30,1/27/2017 18:00,False,False,False,False,False,False,False,False,Oxnard,CA ,Oxnard,CA 
5413,206748577,2/15/2017 16:53,2/15/2017 16:53,2/20/2017 13:15,2/20/2017 21:30,2/21/2017 22:00,1295.0,1000.0,295.0,422.7,DRV,,,False,1,Carrier 43527,Shipper 758,True,True,True,2/20/2017 21:30,2/21/2017 20:00,False,False,False,False,False,False,False,False,Oxnard,CA ,Oxnard,CA 
5414,206641465,1/24/2017 13:01,1/24/2017 13:02,1/27/2017 11:03,1/30/2017 15:30,1/31/2017 12:00,1295.0,1100.0,195.0,422.7,DRV,3.0,,False,0,Carrier 43527,Shipper 758,True,True,True,1/30/2017 15:30,1/31/2017 20:00,False,False,False,False,False,False,False,False,Oxnard,CA ,Oxnard,CA 
5415,206640625,1/17/2017 8:21,1/17/2017 8:21,1/19/2017 12:11,1/23/2017 19:30,1/24/2017 21:30,1295.0,1100.0,195.0,422.7,DRV,,,False,0,Carrier 43527,Shipper 758,True,True,True,1/23/2017 19:30,1/24/2017 20:00,False,False,False,False,False,False,False,False,Oxnard,CA ,Oxnard,CA 
5416,206656593,5/18/2017 9:48,5/18/2017 9:48,5/22/2017 10:49,5/22/2017 8:00,5/23/2017 12:30,1295.0,1550.0,-255.0,756.3,DRV,,,False,0,Carrier 982751,Shipper 773,True,True,True,5/22/2017 16:00,5/23/2017 13:00,False,False,False,False,False,False,False,False,Opelika,AL ,Opelika,AL 
5417,206627097,1/4/2017 17:57,1/4/2017 17:57,1/6/2017 16:55,1/11/2017 19:30,1/12/2017 23:00,1295.0,1180.0,115.0,422.7,DRV,3.0,,False,0,Carrier 1396474,Shipper 758,True,False,False,1/11/2017 19:30,1/12/2017 20:00,False,False,False,False,False,False,False,False,Oxnard,CA ,Oxnard,CA 
5418,206690249,1/4/2017 17:52,1/4/2017 17:52,1/6/2017 16:54,1/9/2017 19:30,1/10/2017 21:30,1295.0,1250.0,45.0,422.7,DRV,3.0,,False,0,Carrier 1396474,Shipper 758,True,True,True,1/9/2017 19:30,1/10/2017 20:00,False,False,False,False,False,False,False,False,Oxnard,CA ,Oxnard,CA 
5419,206628409,3/1/2017 14:20,3/1/2017 14:20,3/9/2017 16:11,3/9/2017 21:30,3/10/2017 20:00,1295.0,1200.0,95.0,422.7,DRV,,,False,1,Carrier 1396474,Shipper 758,True,True,True,3/9/2017 21:30,3/10/2017 20:00,False,False,False,False,False,False,False,False,Oxnard,CA ,Oxnard,CA 
5420,206579801,3/30/2017 17:36,3/30/2017 17:36,4/4/2017 11:02,4/5/2017 19:30,4/6/2017 20:35,1295.0,1200.0,95.0,422.7,DRV,,,False,0,Carrier 1396474,Shipper 758,False,True,True,4/5/2017 19:30,4/6/2017 19:00,False,False,False,False,False,False,False,False,Oxnard,CA ,Oxnard,CA 
5421,206576857,1/10/2017 13:21,1/10/2017 13:21,1/13/2017 9:59,1/16/2017 23:30,1/18/2017 12:42,1295.0,1200.0,95.0,422.7,DRV,5.0,,False,0,Carrier 1396474,Shipper 758,True,True,True,1/16/2017 23:30,1/17/2017 20:00,False,False,False,False,False,False,False,False,Oxnard,CA ,Oxnard,CA 
5422,206508489,4/4/2017 15:37,4/4/2017 15:37,4/5/2017 14:17,4/10/2017 19:30,4/11/2017 22:30,1295.0,1200.0,95.0,422.7,DRV,,,False,0,Carrier 1396474,Shipper 758,,,,4/10/2017 19:30,4/11/2017 21:00,False,False,False,False,False,False,False,False,Oxnard,CA ,Oxnard,CA 
5423,206576369,2/22/2017 9:21,2/22/2017 9:21,2/22/2017 17:05,2/27/2017 19:30,3/1/2017 15:30,1295.0,1200.0,95.0,422.7,DRV,,,False,0,Carrier 1396474,Shipper 758,True,False,False,2/27/2017 19:30,2/28/2017 20:00,False,False,False,False,False,False,False,False,Oxnard,CA ,Oxnard,CA 
5424,206509889,1/24/2017 11:31,1/24/2017 11:31,1/25/2017 13:41,1/26/2017 23:30,1/27/2017 23:00,1295.0,1300.0,-5.0,422.7,DRV,,,False,0,Carrier 1396474,Shipper 758,True,False,False,1/26/2017 23:30,1/27/2017 18:00,False,False,False,False,False,False,False,False,Oxnard,CA ,Oxnard,CA 
5425,206631457,3/9/2017 8:31,3/9/2017 8:34,3/10/2017 16:57,3/14/2017 19:30,3/15/2017 19:40,1295.0,1200.0,95.0,422.7,DRV,3.0,,False,0,Carrier 1396474,Shipper 758,True,True,True,3/14/2017 19:30,3/15/2017 19:00,False,False,False,False,False,False,False,False,Oxnard,CA ,Oxnard,CA 
5426,206517993,1/24/2017 12:59,1/24/2017 12:59,1/27/2017 11:26,1/30/2017 18:30,1/31/2017 12:00,1295.0,1100.0,195.0,422.7,DRV,3.0,,False,0,Carrier 43527,Shipper 758,True,True,True,1/30/2017 18:30,1/31/2017 18:00,False,False,False,False,False,False,False,False,Oxnard,CA ,Oxnard,CA 
5427,206589361,5/30/2017 19:55,5/30/2017 19:55,6/5/2017 15:50,6/6/2017 12:30,6/6/2017 23:00,1295.0,1200.0,95.0,422.7,DRV,,,False,0,Carrier 43527,Shipper 758,False,True,True,6/6/2017 12:30,6/6/2017 21:00,False,False,False,False,False,False,False,False,Oxnard,CA ,Oxnard,CA 
5428,206588721,5/16/2017 16:54,5/16/2017 16:54,5/17/2017 11:30,5/18/2017 20:30,5/19/2017 21:00,1295.0,1200.0,95.0,422.7,DRV,,,False,0,Carrier 43527,Shipper 758,True,True,True,5/18/2017 20:30,5/19/2017 19:00,False,False,False,False,False,False,False,False,Oxnard,CA ,Oxnard,CA 
5429,206489833,3/28/2017 15:44,3/28/2017 15:44,4/3/2017 13:32,4/4/2017 19:30,4/6/2017 15:00,1295.0,1100.0,195.0,422.7,DRV,3.0,,False,0,Carrier 43527,Shipper 758,True,True,True,4/4/2017 19:30,4/5/2017 21:00,False,False,False,False,False,False,False,False,Oxnard,CA ,Oxnard,CA 
5430,206551025,1/31/2017 16:36,1/31/2017 16:36,2/7/2017 12:50,2/9/2017 19:30,2/10/2017 23:00,1295.0,1200.0,95.0,422.7,DRV,,,False,0,Carrier 1396474,Shipper 758,True,True,True,2/9/2017 19:30,2/10/2017 20:00,False,False,False,False,False,False,False,False,Oxnard,CA ,Oxnard,CA 
5431,206550777,4/18/2017 17:33,4/18/2017 17:33,4/19/2017 17:57,4/25/2017 19:30,4/26/2017 17:30,1295.0,1200.0,95.0,422.7,DRV,,,False,0,Carrier 1396474,Shipper 758,True,True,True,4/25/2017 19:30,4/26/2017 21:00,False,False,False,False,False,False,False,False,Oxnard,CA ,Oxnard,CA 
5432,206542265,6/15/2017 12:55,6/15/2017 12:55,6/16/2017 15:27,6/20/2017 19:30,6/21/2017 18:50,1295.0,1200.0,95.0,422.7,DRV,,,False,0,Carrier 1396474,Shipper 758,True,True,True,6/20/2017 19:30,6/21/2017 21:00,False,False,False,False,False,False,False,False,Oxnard,CA ,Oxnard,CA 
5433,206542769,3/22/2017 13:57,3/22/2017 13:57,3/27/2017 21:03,3/28/2017 19:30,3/28/2017 17:20,1295.0,1200.0,95.0,422.7,DRV,,,False,0,Carrier 1396474,Shipper 758,True,True,True,3/28/2017 19:30,3/28/2017 19:00,False,False,False,False,False,False,False,False,Oxnard,CA ,Oxnard,CA 
5434,206472001,1/20/2017 16:47,1/20/2017 16:47,1/25/2017 13:47,1/26/2017 18:30,1/28/2017 14:00,1295.0,1100.0,195.0,422.7,DRV,,,False,0,Carrier 43527,Shipper 758,True,True,True,1/26/2017 18:30,1/27/2017 18:00,False,False,False,False,False,False,False,False,Oxnard,CA ,Oxnard,CA 
5435,206590929,3/21/2017 15:25,3/21/2017 15:25,3/27/2017 12:08,3/27/2017 19:30,3/28/2017 23:30,1295.0,1100.0,195.0,422.7,DRV,,,False,0,Carrier 1069080,Shipper 758,True,True,True,3/27/2017 19:30,3/28/2017 21:00,False,False,False,False,False,False,False,False,Oxnard,CA ,Oxnard,CA 
5436,206533585,5/11/2017 16:51,5/11/2017 16:52,5/16/2017 12:03,5/17/2017 19:30,5/18/2017 21:00,1295.0,1200.0,95.0,422.7,DRV,,,False,0,Carrier 43527,Shipper 758,True,True,True,5/17/2017 19:30,5/18/2017 19:00,False,False,False,False,False,False,False,False,Oxnard,CA ,Oxnard,CA 
5437,206544801,4/17/2017 18:52,4/17/2017 18:53,4/21/2017 11:42,4/20/2017 14:00,4/25/2017 1:45,1295.0,1679.0,-384.0,682.4,DRV,3.0,,False,2,Carrier 1039260,Shipper 758,True,True,True,4/20/2017 14:00,4/24/2017 21:00,False,False,False,False,False,False,False,False,Tracy,CA ,Tracy,CA 
5438,206475609,3/15/2017 9:09,3/15/2017 9:09,3/17/2017 15:50,3/20/2017 19:30,3/21/2017 22:00,1295.0,1200.0,95.0,422.7,DRV,,,False,0,Carrier 1396474,Shipper 758,True,True,True,3/20/2017 19:30,3/21/2017 19:00,False,False,False,False,False,False,False,False,Oxnard,CA ,Oxnard,CA 
5439,206430153,1/17/2017 8:23,1/17/2017 8:23,1/18/2017 18:25,1/23/2017 19:30,1/24/2017 23:47,1295.0,1200.0,95.0,422.7,DRV,,,False,0,Carrier 1396474,Shipper 758,True,False,False,1/23/2017 19:30,1/24/2017 20:00,False,False,False,False,False,False,False,False,Oxnard,CA ,Oxnard,CA 
5440,206436185,2/15/2017 17:09,2/15/2017 17:09,2/20/2017 18:47,2/23/2017 19:30,2/24/2017 20:00,1295.0,1200.0,95.0,422.7,DRV,,,False,0,Carrier 1396474,Shipper 758,True,True,True,2/23/2017 19:30,2/24/2017 18:00,False,False,False,False,False,False,False,False,Oxnard,CA ,Oxnard,CA 
5441,206489873,5/11/2017 16:54,5/11/2017 16:54,5/16/2017 11:26,5/16/2017 19:30,5/17/2017 21:00,1295.0,1200.0,95.0,422.7,DRV,,,False,0,Carrier 43527,Shipper 758,True,True,True,5/16/2017 19:30,5/17/2017 19:00,False,False,False,False,False,False,False,False,Oxnard,CA ,Oxnard,CA 
5442,206425393,1/20/2017 16:49,1/20/2017 16:50,1/25/2017 13:47,1/26/2017 17:30,1/28/2017 15:00,1295.0,1100.0,195.0,422.7,DRV,,,False,0,Carrier 43527,Shipper 758,True,True,True,1/26/2017 17:30,1/27/2017 18:00,False,False,False,False,False,False,False,False,Oxnard,CA ,Oxnard,CA 
5443,206555393,1/11/2017 14:37,1/11/2017 14:37,1/19/2017 11:42,1/23/2017 14:00,1/24/2017 21:13,1295.0,1200.0,95.0,140.0,DRV,,,False,0,Carrier 1011047,Shipper 758,True,True,True,1/23/2017 14:00,1/24/2017 20:00,False,False,False,False,False,False,False,False,Tracy,CA ,Tracy,CA 
5444,206617401,3/14/2017 12:07,3/14/2017 12:07,3/20/2017 17:33,3/21/2017 14:00,3/22/2017 18:00,1295.0,1200.0,95.0,682.4,DRV,,,False,1,Carrier 1469538,Shipper 758,True,True,True,3/21/2017 14:00,3/22/2017 17:00,False,False,False,False,False,False,False,False,Tracy,CA ,Tracy,CA 
5445,206565233,4/21/2017 11:58,4/21/2017 11:59,4/25/2017 12:40,4/26/2017 19:30,4/27/2017 23:00,1295.0,1200.0,95.0,422.7,DRV,3.0,,False,0,Carrier 5742,Shipper 758,True,True,True,4/26/2017 19:30,4/27/2017 21:00,False,False,False,False,False,False,False,False,Oxnard,CA ,Oxnard,CA 
5446,206502945,1/31/2017 16:27,1/31/2017 16:27,2/4/2017 14:30,2/6/2017 19:30,2/7/2017 22:04,1295.0,1200.0,95.0,422.7,DRV,,,False,1,Carrier 1396474,Shipper 758,True,True,True,2/6/2017 19:30,2/7/2017 20:00,False,False,False,False,False,False,False,False,Oxnard,CA ,Oxnard,CA 
5447,206431921,3/28/2017 15:40,3/28/2017 15:41,3/30/2017 16:20,4/3/2017 19:30,4/4/2017 23:00,1295.0,1200.0,95.0,422.7,DRV,4.0,,False,0,Carrier 1396474,Shipper 758,True,True,True,4/3/2017 19:30,4/4/2017 21:00,False,False,False,False,False,False,False,False,Oxnard,CA ,Oxnard,CA 
5448,206430193,4/6/2017 14:47,4/6/2017 14:48,4/10/2017 11:40,4/12/2017 22:30,4/13/2017 21:00,1295.0,1200.0,95.0,422.7,DRV,4.0,,False,0,Carrier 1396474,Shipper 758,True,True,True,4/12/2017 22:30,4/13/2017 21:00,False,False,False,False,False,False,False,False,Oxnard,CA ,Oxnard,CA 
5449,206475617,6/8/2017 18:37,6/8/2017 18:37,6/14/2017 10:57,6/14/2017 19:30,6/16/2017 1:00,1295.0,1315.0,-20.0,422.7,DRV,,,False,1,Carrier 86164,Shipper 758,True,True,True,6/14/2017 19:30,6/15/2017 21:00,False,False,False,False,False,False,False,False,Oxnard,CA ,Oxnard,CA 
5450,206512417,1/24/2017 13:11,1/24/2017 13:11,1/27/2017 11:35,1/31/2017 16:30,2/1/2017 21:00,1295.0,1100.0,195.0,422.7,DRV,,,False,0,Carrier 953158,Shipper 758,True,True,True,1/31/2017 16:30,2/1/2017 18:00,False,False,False,False,False,False,False,False,Oxnard,CA ,Oxnard,CA 
5451,206652033,6/15/2017 17:46,6/15/2017 17:46,6/22/2017 18:41,6/23/2017 0:30,6/24/2017 0:00,1295.0,1600.0,-305.0,422.7,DRV,,,False,1,Carrier 1358174,Shipper 758,True,True,True,6/23/2017 0:30,6/23/2017 21:00,False,False,False,False,False,False,False,False,Oxnard,CA ,Oxnard,CA 
5452,206651969,1/31/2017 16:34,1/31/2017 16:34,2/2/2017 13:36,2/7/2017 19:30,2/8/2017 21:30,1295.0,1000.0,295.0,422.7,DRV,,,False,0,Carrier 105736,Shipper 758,True,True,True,2/7/2017 19:30,2/8/2017 20:00,False,False,False,False,False,False,False,False,Oxnard,CA ,Oxnard,CA 
5453,206650305,1/10/2017 16:45,1/10/2017 16:45,1/16/2017 10:36,1/17/2017 19:30,1/18/2017 21:45,1295.0,1285.0,10.0,422.7,DRV,,,False,0,Carrier 105736,Shipper 758,,,,1/17/2017 19:30,1/18/2017 20:00,False,False,False,False,False,False,False,False,Oxnard,CA ,Oxnard,CA 
5454,206649729,1/24/2017 13:18,1/24/2017 13:18,1/31/2017 12:44,2/1/2017 17:30,2/2/2017 18:40,1295.0,1000.0,295.0,422.7,DRV,,,False,0,Carrier 105736,Shipper 758,True,True,True,2/1/2017 17:30,2/2/2017 18:00,False,False,False,False,False,False,False,False,Oxnard,CA ,Oxnard,CA 
5455,206533897,2/15/2017 16:59,2/15/2017 16:59,2/16/2017 12:32,2/20/2017 20:30,2/21/2017 22:30,1295.0,1000.0,295.0,422.7,DRV,0.0,,False,0,Carrier 105736,Shipper 758,True,True,True,2/20/2017 20:30,2/21/2017 20:00,False,False,False,False,False,False,False,False,Oxnard,CA ,Oxnard,CA 
5456,206479121,3/21/2017 15:22,3/21/2017 15:23,3/30/2017 14:08,3/30/2017 19:30,3/31/2017 20:30,1295.0,1200.0,95.0,422.7,DRV,,,False,2,Carrier 24508,Shipper 758,True,True,True,3/30/2017 19:30,3/31/2017 21:00,False,False,False,False,False,False,False,False,Oxnard,CA ,Oxnard,CA 
5457,206598385,3/27/2017 17:36,3/27/2017 17:36,3/30/2017 15:32,3/30/2017 20:30,3/31/2017 12:00,1295.0,1200.0,95.0,422.7,DRV,,,False,0,Carrier 1695170,Shipper 758,True,True,True,3/30/2017 20:30,3/31/2017 21:00,False,False,False,False,False,False,False,False,Oxnard,CA ,Oxnard,CA 
5458,206426665,5/2/2017 12:36,5/2/2017 12:36,5/3/2017 11:30,5/4/2017 19:30,5/5/2017 20:30,1295.0,1200.0,95.0,422.7,DRV,,,False,0,Carrier 1695170,Shipper 758,True,True,True,5/4/2017 19:30,5/5/2017 19:00,False,False,False,False,False,False,False,False,Oxnard,CA ,Oxnard,CA 
5459,206435297,3/28/2017 15:48,3/28/2017 15:48,4/3/2017 9:42,4/4/2017 19:30,4/5/2017 23:00,1295.0,1200.0,95.0,422.7,DRV,4.0,,False,0,Carrier 1695170,Shipper 758,True,True,True,4/4/2017 19:30,4/5/2017 21:00,False,False,False,False,False,False,False,False,Oxnard,CA ,Oxnard,CA 
5460,206695433,1/10/2017 12:34,1/10/2017 12:34,1/16/2017 15:44,1/16/2017 19:30,1/17/2017 19:40,1295.0,1250.0,45.0,422.7,DRV,,,False,1,Carrier 972866,Shipper 758,True,True,True,1/16/2017 19:30,1/17/2017 20:00,False,False,False,False,False,False,False,False,Oxnard,CA ,Oxnard,CA 
5461,206692193,3/28/2017 15:42,3/28/2017 15:42,4/3/2017 13:57,4/3/2017 19:30,4/4/2017 23:00,1295.0,1250.0,45.0,422.7,DRV,,,False,1,Carrier 972866,Shipper 758,True,True,True,4/3/2017 19:30,4/4/2017 21:00,False,False,False,False,False,False,False,False,Oxnard,CA ,Oxnard,CA 
5462,206543841,3/21/2017 15:26,3/21/2017 15:26,3/30/2017 14:02,3/30/2017 12:00,3/31/2017 8:45,1295.0,1300.0,-5.0,422.7,DRV,4.0,,False,3,Carrier 1695169,Shipper 758,True,True,True,3/30/2017 19:00,3/31/2017 19:00,False,False,False,False,False,False,False,False,Oxnard,CA ,Oxnard,CA 
5463,206664057,3/17/2017 17:41,3/17/2017 17:42,3/22/2017 16:30,3/23/2017 14:00,3/25/2017 4:45,1295.0,1100.0,195.0,682.4,DRV,,,False,0,Carrier 1058232,Shipper 758,True,False,False,3/23/2017 14:00,3/24/2017 21:00,False,False,False,False,False,False,False,False,Tracy,CA ,Tracy,CA 
5464,206611425,1/24/2017 17:34,1/24/2017 17:35,1/27/2017 12:58,1/30/2017 14:00,1/31/2017 20:00,1295.0,1100.0,195.0,140.0,DRV,,,False,0,Carrier 1058232,Shipper 758,,,,1/30/2017 14:00,1/31/2017 18:00,False,False,False,False,False,False,False,False,Tracy,CA ,Tracy,CA 
5465,206481297,5/18/2017 9:55,5/18/2017 9:55,5/19/2017 17:48,5/20/2017 7:00,5/21/2017 11:45,1295.0,1500.0,-205.0,756.3,DRV,,,False,2,Carrier 31074,Shipper 773,True,True,True,5/20/2017 13:00,5/21/2017 12:00,False,False,False,False,False,False,False,False,Opelika,AL ,Opelika,AL 
5466,206726921,1/17/2017 8:25,1/17/2017 8:26,1/20/2017 15:20,1/24/2017 20:30,1/25/2017 22:35,1295.0,1150.0,145.0,422.7,DRV,,,False,0,Carrier 30958,Shipper 758,True,True,True,1/24/2017 20:30,1/25/2017 20:00,False,False,False,False,False,False,False,False,Oxnard,CA ,Oxnard,CA 
5467,206467785,3/24/2017 15:59,3/24/2017 15:59,4/3/2017 17:34,4/4/2017 14:00,4/5/2017 19:30,1295.0,1200.0,95.0,682.4,DRV,,,False,0,Carrier 1694577,Shipper 758,True,True,True,4/4/2017 14:00,4/5/2017 17:00,False,False,False,False,False,False,False,False,Tracy,CA ,Tracy,CA 
5468,206517521,5/31/2017 18:48,5/31/2017 18:48,6/4/2017 23:37,6/5/2017 20:30,6/6/2017 23:00,1295.0,1200.0,95.0,422.7,DRV,,,False,0,Carrier 1695292,Shipper 758,True,True,True,6/5/2017 20:30,6/6/2017 19:00,False,False,False,False,False,False,False,False,Oxnard,CA ,Oxnard,CA 
5469,206620417,4/19/2017 14:17,4/19/2017 14:18,4/24/2017 15:12,4/24/2017 19:30,4/25/2017 21:30,1295.0,1100.0,195.0,422.7,DRV,3.0,,False,1,Carrier 1290961,Shipper 758,True,True,True,4/24/2017 19:30,4/25/2017 21:00,False,False,False,False,False,False,False,False,Oxnard,CA ,Oxnard,CA 
5470,206622521,2/15/2017 17:06,2/15/2017 17:07,2/20/2017 12:05,2/21/2017 19:30,2/22/2017 23:15,1295.0,1000.0,295.0,422.7,DRV,,,False,0,Carrier 1033226,Shipper 758,True,True,True,2/21/2017 19:30,2/22/2017 20:00,False,False,False,False,False,False,False,False,Oxnard,CA ,Oxnard,CA 
5471,206495977,2/15/2017 17:01,2/15/2017 17:01,2/20/2017 11:46,2/21/2017 19:30,2/23/2017 0:25,1295.0,1000.0,295.0,422.7,DRV,,,False,0,Carrier 1033226,Shipper 758,True,True,True,2/21/2017 19:30,2/22/2017 20:00,False,False,False,False,False,False,False,False,Oxnard,CA ,Oxnard,CA 
5472,206531929,5/30/2017 20:01,5/30/2017 20:01,6/6/2017 13:08,6/6/2017 22:30,6/7/2017 23:30,1295.0,1400.0,-105.0,422.7,DRV,,,False,1,Carrier 1290961,Shipper 758,True,True,True,6/6/2017 22:30,6/7/2017 19:00,False,False,False,False,False,False,False,False,Oxnard,CA ,Oxnard,CA 
5473,206424913,3/2/2017 12:34,3/2/2017 12:34,3/8/2017 15:49,3/9/2017 14:00,3/10/2017 23:00,1295.0,1000.0,295.0,682.4,DRV,,,False,1,Carrier 701464,Shipper 758,True,True,True,3/9/2017 14:00,3/10/2017 18:00,False,False,False,False,False,False,False,False,Tracy,CA ,Tracy,CA 
5474,206429561,1/24/2017 13:10,1/24/2017 13:10,1/30/2017 13:47,1/30/2017 17:30,1/31/2017 14:00,1295.0,1150.0,145.0,422.7,DRV,3.0,,False,1,Carrier 1033226,Shipper 758,True,True,True,1/30/2017 17:30,1/31/2017 18:00,False,False,False,False,False,False,False,False,Oxnard,CA ,Oxnard,CA 
5475,206426993,7/11/2017 11:49,7/11/2017 11:49,7/12/2017 16:22,7/13/2017 11:00,7/14/2017 17:30,1294.28,1075.0,219.28,370.3,DRV,,,False,0,Carrier 1058232,Shipper 989,True,True,True,7/13/2017 19:00,7/14/2017 11:00,False,False,False,False,False,False,False,False,Los Angeles,CA ,Los Angeles,CA 
5476,206497065,6/6/2017 18:13,6/6/2017 18:13,6/8/2017 12:19,6/9/2017 0:00,6/9/2017 13:50,1293.63,1100.0,193.63,281.9,DRV,,,False,0,Carrier 31074,Shipper 1249,True,True,True,6/9/2017 0:00,6/9/2017 14:00,False,False,False,False,False,False,False,False,Columbus,OH ,Columbus,OH 
5477,206497065,6/6/2017 18:13,6/6/2017 18:13,6/8/2017 12:19,6/9/2017 0:00,6/9/2017 13:50,1293.63,1100.0,193.63,281.9,DRV,,,False,0,Carrier 31074,Shipper 1375,True,True,True,6/9/2017 0:00,6/9/2017 14:00,False,False,False,False,False,False,False,False,Columbus,OH ,Columbus,OH 
5478,206497065,6/6/2017 18:13,6/6/2017 18:13,6/8/2017 12:19,6/9/2017 0:00,6/9/2017 13:50,1293.63,1100.0,193.63,281.9,DRV,,,False,0,Carrier 31074,Shipper 1386,True,True,True,6/9/2017 0:00,6/9/2017 14:00,False,False,False,False,False,False,False,False,Columbus,OH ,Columbus,OH 
5479,206497065,6/6/2017 18:13,6/6/2017 18:13,6/8/2017 12:19,6/9/2017 0:00,6/9/2017 13:50,1293.63,1100.0,193.63,281.9,DRV,,,False,0,Carrier 31074,Shipper 1248,True,True,True,6/9/2017 0:00,6/9/2017 14:00,False,False,False,False,False,False,False,False,Columbus,OH ,Columbus,OH 
5480,206497065,6/6/2017 18:13,6/6/2017 18:13,6/8/2017 12:19,6/9/2017 0:00,6/9/2017 13:50,1293.63,1100.0,193.63,281.9,DRV,,,False,0,Carrier 31074,Shipper 1387,True,True,True,6/9/2017 0:00,6/9/2017 14:00,False,False,False,False,False,False,False,False,Columbus,OH ,Columbus,OH 
5481,206497065,6/6/2017 18:13,6/6/2017 18:13,6/8/2017 12:19,6/9/2017 0:00,6/9/2017 13:50,1293.63,1100.0,193.63,281.9,DRV,,,False,0,Carrier 31074,Shipper 1388,True,True,True,6/9/2017 0:00,6/9/2017 14:00,False,False,False,False,False,False,False,False,Columbus,OH ,Columbus,OH 
5482,206558065,8/9/2017 18:41,8/9/2017 18:41,8/10/2017 10:06,8/10/2017 6:00,8/11/2017 11:00,1292.31,600.0,692.31,257.2,DRV,,,False,0,Carrier 1398711,Shipper 1249,True,True,True,8/10/2017 16:00,8/11/2017 12:00,False,False,False,False,False,False,False,False,South Windsor,CT ,South Windsor,CT 
5483,206558065,8/9/2017 18:41,8/9/2017 18:41,8/10/2017 10:06,8/10/2017 6:00,8/11/2017 11:00,1292.31,600.0,692.31,257.2,DRV,,,False,0,Carrier 1398711,Shipper 1375,True,True,True,8/10/2017 16:00,8/11/2017 12:00,False,False,False,False,False,False,False,False,South Windsor,CT ,South Windsor,CT 
5484,206558065,8/9/2017 18:41,8/9/2017 18:41,8/10/2017 10:06,8/10/2017 6:00,8/11/2017 11:00,1292.31,600.0,692.31,257.2,DRV,,,False,0,Carrier 1398711,Shipper 1386,True,True,True,8/10/2017 16:00,8/11/2017 12:00,False,False,False,False,False,False,False,False,South Windsor,CT ,South Windsor,CT 
5485,206558065,8/9/2017 18:41,8/9/2017 18:41,8/10/2017 10:06,8/10/2017 6:00,8/11/2017 11:00,1292.31,600.0,692.31,257.2,DRV,,,False,0,Carrier 1398711,Shipper 1248,True,True,True,8/10/2017 16:00,8/11/2017 12:00,False,False,False,False,False,False,False,False,South Windsor,CT ,South Windsor,CT 
5486,206558065,8/9/2017 18:41,8/9/2017 18:41,8/10/2017 10:06,8/10/2017 6:00,8/11/2017 11:00,1292.31,600.0,692.31,257.2,DRV,,,False,0,Carrier 1398711,Shipper 1387,True,True,True,8/10/2017 16:00,8/11/2017 12:00,False,False,False,False,False,False,False,False,South Windsor,CT ,South Windsor,CT 
5487,206558065,8/9/2017 18:41,8/9/2017 18:41,8/10/2017 10:06,8/10/2017 6:00,8/11/2017 11:00,1292.31,600.0,692.31,257.2,DRV,,,False,0,Carrier 1398711,Shipper 1388,True,True,True,8/10/2017 16:00,8/11/2017 12:00,False,False,False,False,False,False,False,False,South Windsor,CT ,South Windsor,CT 
5488,206511961,3/28/2017 16:59,3/28/2017 16:59,3/30/2017 18:40,3/30/2017 12:00,4/1/2017 11:00,1292.16,2000.0,-707.84,542.8,RFR,4.0,,False,0,Carrier 1693588,Shipper 1249,False,True,False,3/30/2017 12:00,4/1/2017 9:00,False,False,False,False,False,False,False,False,Granite City,IL ,Granite City,IL 
5489,206511961,3/28/2017 16:59,3/28/2017 16:59,3/30/2017 18:40,3/30/2017 12:00,4/1/2017 11:00,1292.16,2000.0,-707.84,542.8,RFR,4.0,,False,0,Carrier 1693588,Shipper 1375,False,True,False,3/30/2017 12:00,4/1/2017 9:00,False,False,False,False,False,False,False,False,Granite City,IL ,Granite City,IL 
5490,206511961,3/28/2017 16:59,3/28/2017 16:59,3/30/2017 18:40,3/30/2017 12:00,4/1/2017 11:00,1292.16,2000.0,-707.84,542.8,RFR,4.0,,False,0,Carrier 1693588,Shipper 1386,False,True,False,3/30/2017 12:00,4/1/2017 9:00,False,False,False,False,False,False,False,False,Granite City,IL ,Granite City,IL 
5491,206511961,3/28/2017 16:59,3/28/2017 16:59,3/30/2017 18:40,3/30/2017 12:00,4/1/2017 11:00,1292.16,2000.0,-707.84,542.8,RFR,4.0,,False,0,Carrier 1693588,Shipper 1248,False,True,False,3/30/2017 12:00,4/1/2017 9:00,False,False,False,False,False,False,False,False,Granite City,IL ,Granite City,IL 
5492,206511961,3/28/2017 16:59,3/28/2017 16:59,3/30/2017 18:40,3/30/2017 12:00,4/1/2017 11:00,1292.16,2000.0,-707.84,542.8,RFR,4.0,,False,0,Carrier 1693588,Shipper 1387,False,True,False,3/30/2017 12:00,4/1/2017 9:00,False,False,False,False,False,False,False,False,Granite City,IL ,Granite City,IL 
5493,206511961,3/28/2017 16:59,3/28/2017 16:59,3/30/2017 18:40,3/30/2017 12:00,4/1/2017 11:00,1292.16,2000.0,-707.84,542.8,RFR,4.0,,False,0,Carrier 1693588,Shipper 1388,False,True,False,3/30/2017 12:00,4/1/2017 9:00,False,False,False,False,False,False,False,False,Granite City,IL ,Granite City,IL 
5494,206542161,5/19/2017 16:32,5/19/2017 16:33,5/22/2017 15:46,5/22/2017 21:00,5/23/2017 14:45,1291.54,1300.0,-8.46,442.6,DRV,4.0,,False,0,Carrier 1695268,Shipper 1249,True,True,True,5/22/2017 21:00,5/24/2017 10:00,False,False,False,False,False,False,False,False,Los Angeles,CA ,Los Angeles,CA 
5495,206542161,5/19/2017 16:32,5/19/2017 16:33,5/22/2017 15:46,5/22/2017 21:00,5/23/2017 14:45,1291.54,1300.0,-8.46,442.6,DRV,4.0,,False,0,Carrier 1695268,Shipper 1375,True,True,True,5/22/2017 21:00,5/24/2017 10:00,False,False,False,False,False,False,False,False,Los Angeles,CA ,Los Angeles,CA 
5496,206542161,5/19/2017 16:32,5/19/2017 16:33,5/22/2017 15:46,5/22/2017 21:00,5/23/2017 14:45,1291.54,1300.0,-8.46,442.6,DRV,4.0,,False,0,Carrier 1695268,Shipper 1386,True,True,True,5/22/2017 21:00,5/24/2017 10:00,False,False,False,False,False,False,False,False,Los Angeles,CA ,Los Angeles,CA 
5497,206542161,5/19/2017 16:32,5/19/2017 16:33,5/22/2017 15:46,5/22/2017 21:00,5/23/2017 14:45,1291.54,1300.0,-8.46,442.6,DRV,4.0,,False,0,Carrier 1695268,Shipper 1248,True,True,True,5/22/2017 21:00,5/24/2017 10:00,False,False,False,False,False,False,False,False,Los Angeles,CA ,Los Angeles,CA 
5498,206542161,5/19/2017 16:32,5/19/2017 16:33,5/22/2017 15:46,5/22/2017 21:00,5/23/2017 14:45,1291.54,1300.0,-8.46,442.6,DRV,4.0,,False,0,Carrier 1695268,Shipper 1387,True,True,True,5/22/2017 21:00,5/24/2017 10:00,False,False,False,False,False,False,False,False,Los Angeles,CA ,Los Angeles,CA 
5499,206542161,5/19/2017 16:32,5/19/2017 16:33,5/22/2017 15:46,5/22/2017 21:00,5/23/2017 14:45,1291.54,1300.0,-8.46,442.6,DRV,4.0,,False,0,Carrier 1695268,Shipper 1388,True,True,True,5/22/2017 21:00,5/24/2017 10:00,False,False,False,False,False,False,False,False,Los Angeles,CA ,Los Angeles,CA 
5500,206433281,5/17/2017 16:39,5/17/2017 16:39,5/17/2017 17:26,5/18/2017 3:00,5/18/2017 13:00,1291.33,1000.0,291.33,139.0,RFR,,,False,0,Carrier 1629986,Shipper 1249,True,True,True,5/18/2017 3:00,5/18/2017 15:00,False,False,False,False,False,False,False,False,St. Louis,MO ,St. Louis,MO 
5501,206433281,5/17/2017 16:39,5/17/2017 16:39,5/17/2017 17:26,5/18/2017 3:00,5/18/2017 13:00,1291.33,1000.0,291.33,139.0,RFR,,,False,0,Carrier 1629986,Shipper 1375,True,True,True,5/18/2017 3:00,5/18/2017 15:00,False,False,False,False,False,False,False,False,St. Louis,MO ,St. Louis,MO 
5502,206433281,5/17/2017 16:39,5/17/2017 16:39,5/17/2017 17:26,5/18/2017 3:00,5/18/2017 13:00,1291.33,1000.0,291.33,139.0,RFR,,,False,0,Carrier 1629986,Shipper 1386,True,True,True,5/18/2017 3:00,5/18/2017 15:00,False,False,False,False,False,False,False,False,St. Louis,MO ,St. Louis,MO 
5503,206433281,5/17/2017 16:39,5/17/2017 16:39,5/17/2017 17:26,5/18/2017 3:00,5/18/2017 13:00,1291.33,1000.0,291.33,139.0,RFR,,,False,0,Carrier 1629986,Shipper 1248,True,True,True,5/18/2017 3:00,5/18/2017 15:00,False,False,False,False,False,False,False,False,St. Louis,MO ,St. Louis,MO 
5504,206433281,5/17/2017 16:39,5/17/2017 16:39,5/17/2017 17:26,5/18/2017 3:00,5/18/2017 13:00,1291.33,1000.0,291.33,139.0,RFR,,,False,0,Carrier 1629986,Shipper 1387,True,True,True,5/18/2017 3:00,5/18/2017 15:00,False,False,False,False,False,False,False,False,St. Louis,MO ,St. Louis,MO 
5505,206433281,5/17/2017 16:39,5/17/2017 16:39,5/17/2017 17:26,5/18/2017 3:00,5/18/2017 13:00,1291.33,1000.0,291.33,139.0,RFR,,,False,0,Carrier 1629986,Shipper 1388,True,True,True,5/18/2017 3:00,5/18/2017 15:00,False,False,False,False,False,False,False,False,St. Louis,MO ,St. Louis,MO 
5506,206664049,1/12/2017 9:38,1/12/2017 9:38,1/16/2017 10:13,1/16/2017 9:00,1/17/2017 15:20,1290.63,1580.0,-289.37,741.4,DRV,,,False,0,Carrier 25475,Shipper 757,True,False,False,1/16/2017 15:00,1/10/2017 16:00,False,False,False,False,False,False,False,False,Walnut Ridge,AR ,Walnut Ridge,AR 
5507,206435065,1/31/2017 11:45,1/31/2017 11:46,2/1/2017 10:35,2/1/2017 9:00,2/3/2017 14:30,1290.0,1270.0,20.0,873.0,DRV,,,True,1,Carrier 1114859,Shipper 1033,True,True,True,2/1/2017 16:00,2/3/2017 10:30,False,False,False,False,False,False,False,False,Dallas,TX ,Dallas,TX 
5508,206474257,11/16/2017 16:34,11/16/2017 16:34,11/17/2017 14:24,11/18/2017 14:00,11/20/2017 10:45,1289.8,1000.0,289.8,339.5,RFR,,,False,1,Carrier 997964,Shipper 1249,False,True,False,11/18/2017 14:00,11/20/2017 8:00,False,False,False,False,False,False,False,False,Jacksonville,FL ,Jacksonville,FL 
5509,206474257,11/16/2017 16:34,11/16/2017 16:34,11/17/2017 14:24,11/18/2017 14:00,11/20/2017 10:45,1289.8,1000.0,289.8,339.5,RFR,,,False,1,Carrier 997964,Shipper 1375,False,True,False,11/18/2017 14:00,11/20/2017 8:00,False,False,False,False,False,False,False,False,Jacksonville,FL ,Jacksonville,FL 
5510,206474257,11/16/2017 16:34,11/16/2017 16:34,11/17/2017 14:24,11/18/2017 14:00,11/20/2017 10:45,1289.8,1000.0,289.8,339.5,RFR,,,False,1,Carrier 997964,Shipper 1386,False,True,False,11/18/2017 14:00,11/20/2017 8:00,False,False,False,False,False,False,False,False,Jacksonville,FL ,Jacksonville,FL 
5511,206474257,11/16/2017 16:34,11/16/2017 16:34,11/17/2017 14:24,11/18/2017 14:00,11/20/2017 10:45,1289.8,1000.0,289.8,339.5,RFR,,,False,1,Carrier 997964,Shipper 1248,False,True,False,11/18/2017 14:00,11/20/2017 8:00,False,False,False,False,False,False,False,False,Jacksonville,FL ,Jacksonville,FL 
5512,206474257,11/16/2017 16:34,11/16/2017 16:34,11/17/2017 14:24,11/18/2017 14:00,11/20/2017 10:45,1289.8,1000.0,289.8,339.5,RFR,,,False,1,Carrier 997964,Shipper 1387,False,True,False,11/18/2017 14:00,11/20/2017 8:00,False,False,False,False,False,False,False,False,Jacksonville,FL ,Jacksonville,FL 
5513,206474257,11/16/2017 16:34,11/16/2017 16:34,11/17/2017 14:24,11/18/2017 14:00,11/20/2017 10:45,1289.8,1000.0,289.8,339.5,RFR,,,False,1,Carrier 997964,Shipper 1388,False,True,False,11/18/2017 14:00,11/20/2017 8:00,False,False,False,False,False,False,False,False,Jacksonville,FL ,Jacksonville,FL 
5514,206521105,5/22/2017 13:36,5/22/2017 13:36,5/22/2017 16:04,5/23/2017 10:00,5/24/2017 8:00,1289.24,1300.0,-10.76,456.2,DRV,3.0,,False,0,Carrier 600064,Shipper 1249,True,True,True,5/23/2017 10:00,5/24/2017 14:00,False,False,False,False,False,False,False,False,Columbus,OH ,Columbus,OH 
5515,206521105,5/22/2017 13:36,5/22/2017 13:36,5/22/2017 16:04,5/23/2017 10:00,5/24/2017 8:00,1289.24,1300.0,-10.76,456.2,DRV,3.0,,False,0,Carrier 600064,Shipper 1375,True,True,True,5/23/2017 10:00,5/24/2017 14:00,False,False,False,False,False,False,False,False,Columbus,OH ,Columbus,OH 
5516,206521105,5/22/2017 13:36,5/22/2017 13:36,5/22/2017 16:04,5/23/2017 10:00,5/24/2017 8:00,1289.24,1300.0,-10.76,456.2,DRV,3.0,,False,0,Carrier 600064,Shipper 1386,True,True,True,5/23/2017 10:00,5/24/2017 14:00,False,False,False,False,False,False,False,False,Columbus,OH ,Columbus,OH 
5517,206521105,5/22/2017 13:36,5/22/2017 13:36,5/22/2017 16:04,5/23/2017 10:00,5/24/2017 8:00,1289.24,1300.0,-10.76,456.2,DRV,3.0,,False,0,Carrier 600064,Shipper 1248,True,True,True,5/23/2017 10:00,5/24/2017 14:00,False,False,False,False,False,False,False,False,Columbus,OH ,Columbus,OH 
5518,206521105,5/22/2017 13:36,5/22/2017 13:36,5/22/2017 16:04,5/23/2017 10:00,5/24/2017 8:00,1289.24,1300.0,-10.76,456.2,DRV,3.0,,False,0,Carrier 600064,Shipper 1387,True,True,True,5/23/2017 10:00,5/24/2017 14:00,False,False,False,False,False,False,False,False,Columbus,OH ,Columbus,OH 
5519,206521105,5/22/2017 13:36,5/22/2017 13:36,5/22/2017 16:04,5/23/2017 10:00,5/24/2017 8:00,1289.24,1300.0,-10.76,456.2,DRV,3.0,,False,0,Carrier 600064,Shipper 1388,True,True,True,5/23/2017 10:00,5/24/2017 14:00,False,False,False,False,False,False,False,False,Columbus,OH ,Columbus,OH 
5520,206529385,8/28/2017 10:16,8/28/2017 10:16,8/29/2017 7:56,8/29/2017 8:00,8/29/2017 17:50,1289.19,900.0,389.19,216.5,DRV,,,False,2,Carrier 1018849,Shipper 1249,True,True,True,8/29/2017 8:00,8/29/2017 16:30,False,False,False,False,False,False,False,False,Aurora,CO ,Aurora,CO 
5521,206529385,8/28/2017 10:16,8/28/2017 10:16,8/29/2017 7:56,8/29/2017 8:00,8/29/2017 17:50,1289.19,900.0,389.19,216.5,DRV,,,False,2,Carrier 1018849,Shipper 1375,True,True,True,8/29/2017 8:00,8/29/2017 16:30,False,False,False,False,False,False,False,False,Aurora,CO ,Aurora,CO 
5522,206529385,8/28/2017 10:16,8/28/2017 10:16,8/29/2017 7:56,8/29/2017 8:00,8/29/2017 17:50,1289.19,900.0,389.19,216.5,DRV,,,False,2,Carrier 1018849,Shipper 1386,True,True,True,8/29/2017 8:00,8/29/2017 16:30,False,False,False,False,False,False,False,False,Aurora,CO ,Aurora,CO 
5523,206529385,8/28/2017 10:16,8/28/2017 10:16,8/29/2017 7:56,8/29/2017 8:00,8/29/2017 17:50,1289.19,900.0,389.19,216.5,DRV,,,False,2,Carrier 1018849,Shipper 1248,True,True,True,8/29/2017 8:00,8/29/2017 16:30,False,False,False,False,False,False,False,False,Aurora,CO ,Aurora,CO 
5524,206529385,8/28/2017 10:16,8/28/2017 10:16,8/29/2017 7:56,8/29/2017 8:00,8/29/2017 17:50,1289.19,900.0,389.19,216.5,DRV,,,False,2,Carrier 1018849,Shipper 1387,True,True,True,8/29/2017 8:00,8/29/2017 16:30,False,False,False,False,False,False,False,False,Aurora,CO ,Aurora,CO 
5525,206529385,8/28/2017 10:16,8/28/2017 10:16,8/29/2017 7:56,8/29/2017 8:00,8/29/2017 17:50,1289.19,900.0,389.19,216.5,DRV,,,False,2,Carrier 1018849,Shipper 1388,True,True,True,8/29/2017 8:00,8/29/2017 16:30,False,False,False,False,False,False,False,False,Aurora,CO ,Aurora,CO 
5526,206502825,5/17/2017 13:42,5/17/2017 13:42,5/18/2017 9:40,5/18/2017 18:00,5/19/2017 10:42,1288.79,900.0,388.79,318.0,DRV,,,False,0,Carrier 981809,Shipper 1249,True,True,True,5/18/2017 18:00,5/19/2017 14:00,False,False,False,False,False,False,False,False,Fairfield,CA ,Fairfield,CA 
5527,206502825,5/17/2017 13:42,5/17/2017 13:42,5/18/2017 9:40,5/18/2017 18:00,5/19/2017 10:42,1288.79,900.0,388.79,318.0,DRV,,,False,0,Carrier 981809,Shipper 1375,True,True,True,5/18/2017 18:00,5/19/2017 14:00,False,False,False,False,False,False,False,False,Fairfield,CA ,Fairfield,CA 
5528,206502825,5/17/2017 13:42,5/17/2017 13:42,5/18/2017 9:40,5/18/2017 18:00,5/19/2017 10:42,1288.79,900.0,388.79,318.0,DRV,,,False,0,Carrier 981809,Shipper 1386,True,True,True,5/18/2017 18:00,5/19/2017 14:00,False,False,False,False,False,False,False,False,Fairfield,CA ,Fairfield,CA 
5529,206502825,5/17/2017 13:42,5/17/2017 13:42,5/18/2017 9:40,5/18/2017 18:00,5/19/2017 10:42,1288.79,900.0,388.79,318.0,DRV,,,False,0,Carrier 981809,Shipper 1248,True,True,True,5/18/2017 18:00,5/19/2017 14:00,False,False,False,False,False,False,False,False,Fairfield,CA ,Fairfield,CA 
5530,206502825,5/17/2017 13:42,5/17/2017 13:42,5/18/2017 9:40,5/18/2017 18:00,5/19/2017 10:42,1288.79,900.0,388.79,318.0,DRV,,,False,0,Carrier 981809,Shipper 1387,True,True,True,5/18/2017 18:00,5/19/2017 14:00,False,False,False,False,False,False,False,False,Fairfield,CA ,Fairfield,CA 
5531,206502825,5/17/2017 13:42,5/17/2017 13:42,5/18/2017 9:40,5/18/2017 18:00,5/19/2017 10:42,1288.79,900.0,388.79,318.0,DRV,,,False,0,Carrier 981809,Shipper 1388,True,True,True,5/18/2017 18:00,5/19/2017 14:00,False,False,False,False,False,False,False,False,Fairfield,CA ,Fairfield,CA 
5532,206627161,5/17/2017 14:05,5/17/2017 14:05,5/18/2017 14:30,5/19/2017 1:00,5/19/2017 13:25,1288.72,1100.0,188.72,365.9,DRV,3.0,,False,0,Carrier 119248,Shipper 1249,True,True,True,5/19/2017 1:00,5/19/2017 11:00,False,False,False,False,False,False,False,False,Houston,TX ,Houston,TX 
5533,206627161,5/17/2017 14:05,5/17/2017 14:05,5/18/2017 14:30,5/19/2017 1:00,5/19/2017 13:25,1288.72,1100.0,188.72,365.9,DRV,3.0,,False,0,Carrier 119248,Shipper 1375,True,True,True,5/19/2017 1:00,5/19/2017 11:00,False,False,False,False,False,False,False,False,Houston,TX ,Houston,TX 
5534,206627161,5/17/2017 14:05,5/17/2017 14:05,5/18/2017 14:30,5/19/2017 1:00,5/19/2017 13:25,1288.72,1100.0,188.72,365.9,DRV,3.0,,False,0,Carrier 119248,Shipper 1386,True,True,True,5/19/2017 1:00,5/19/2017 11:00,False,False,False,False,False,False,False,False,Houston,TX ,Houston,TX 
5535,206627161,5/17/2017 14:05,5/17/2017 14:05,5/18/2017 14:30,5/19/2017 1:00,5/19/2017 13:25,1288.72,1100.0,188.72,365.9,DRV,3.0,,False,0,Carrier 119248,Shipper 1248,True,True,True,5/19/2017 1:00,5/19/2017 11:00,False,False,False,False,False,False,False,False,Houston,TX ,Houston,TX 
5536,206627161,5/17/2017 14:05,5/17/2017 14:05,5/18/2017 14:30,5/19/2017 1:00,5/19/2017 13:25,1288.72,1100.0,188.72,365.9,DRV,3.0,,False,0,Carrier 119248,Shipper 1387,True,True,True,5/19/2017 1:00,5/19/2017 11:00,False,False,False,False,False,False,False,False,Houston,TX ,Houston,TX 
5537,206627161,5/17/2017 14:05,5/17/2017 14:05,5/18/2017 14:30,5/19/2017 1:00,5/19/2017 13:25,1288.72,1100.0,188.72,365.9,DRV,3.0,,False,0,Carrier 119248,Shipper 1388,True,True,True,5/19/2017 1:00,5/19/2017 11:00,False,False,False,False,False,False,False,False,Houston,TX ,Houston,TX 
5538,206693873,5/11/2017 13:33,5/11/2017 13:33,5/11/2017 16:56,5/12/2017 16:00,5/13/2017 10:00,1288.71,1000.0,288.71,180.4,RFR,4.0,,False,0,Carrier 1034464,Shipper 1249,True,True,True,5/12/2017 16:00,5/13/2017 13:00,False,False,False,False,False,False,False,False,La Porte,TX ,La Porte,TX 
5539,206693873,5/11/2017 13:33,5/11/2017 13:33,5/11/2017 16:56,5/12/2017 16:00,5/13/2017 10:00,1288.71,1000.0,288.71,180.4,RFR,4.0,,False,0,Carrier 1034464,Shipper 1375,True,True,True,5/12/2017 16:00,5/13/2017 13:00,False,False,False,False,False,False,False,False,La Porte,TX ,La Porte,TX 
5540,206693873,5/11/2017 13:33,5/11/2017 13:33,5/11/2017 16:56,5/12/2017 16:00,5/13/2017 10:00,1288.71,1000.0,288.71,180.4,RFR,4.0,,False,0,Carrier 1034464,Shipper 1386,True,True,True,5/12/2017 16:00,5/13/2017 13:00,False,False,False,False,False,False,False,False,La Porte,TX ,La Porte,TX 
5541,206693873,5/11/2017 13:33,5/11/2017 13:33,5/11/2017 16:56,5/12/2017 16:00,5/13/2017 10:00,1288.71,1000.0,288.71,180.4,RFR,4.0,,False,0,Carrier 1034464,Shipper 1248,True,True,True,5/12/2017 16:00,5/13/2017 13:00,False,False,False,False,False,False,False,False,La Porte,TX ,La Porte,TX 
5542,206693873,5/11/2017 13:33,5/11/2017 13:33,5/11/2017 16:56,5/12/2017 16:00,5/13/2017 10:00,1288.71,1000.0,288.71,180.4,RFR,4.0,,False,0,Carrier 1034464,Shipper 1387,True,True,True,5/12/2017 16:00,5/13/2017 13:00,False,False,False,False,False,False,False,False,La Porte,TX ,La Porte,TX 
5543,206693873,5/11/2017 13:33,5/11/2017 13:33,5/11/2017 16:56,5/12/2017 16:00,5/13/2017 10:00,1288.71,1000.0,288.71,180.4,RFR,4.0,,False,0,Carrier 1034464,Shipper 1388,True,True,True,5/12/2017 16:00,5/13/2017 13:00,False,False,False,False,False,False,False,False,La Porte,TX ,La Porte,TX 
5544,206641865,5/16/2017 14:29,5/16/2017 14:29,5/17/2017 14:37,5/18/2017 17:00,5/19/2017 8:40,1288.49,1250.0,38.49,396.9,DRV,4.0,,False,0,Carrier 1634228,Shipper 1249,True,True,True,5/18/2017 17:00,5/19/2017 8:30,False,False,False,False,False,False,False,False,Houston,TX ,Houston,TX 
5545,206641865,5/16/2017 14:29,5/16/2017 14:29,5/17/2017 14:37,5/18/2017 17:00,5/19/2017 8:40,1288.49,1250.0,38.49,396.9,DRV,4.0,,False,0,Carrier 1634228,Shipper 1375,True,True,True,5/18/2017 17:00,5/19/2017 8:30,False,False,False,False,False,False,False,False,Houston,TX ,Houston,TX 
5546,206641865,5/16/2017 14:29,5/16/2017 14:29,5/17/2017 14:37,5/18/2017 17:00,5/19/2017 8:40,1288.49,1250.0,38.49,396.9,DRV,4.0,,False,0,Carrier 1634228,Shipper 1386,True,True,True,5/18/2017 17:00,5/19/2017 8:30,False,False,False,False,False,False,False,False,Houston,TX ,Houston,TX 
5547,206641865,5/16/2017 14:29,5/16/2017 14:29,5/17/2017 14:37,5/18/2017 17:00,5/19/2017 8:40,1288.49,1250.0,38.49,396.9,DRV,4.0,,False,0,Carrier 1634228,Shipper 1248,True,True,True,5/18/2017 17:00,5/19/2017 8:30,False,False,False,False,False,False,False,False,Houston,TX ,Houston,TX 
5548,206641865,5/16/2017 14:29,5/16/2017 14:29,5/17/2017 14:37,5/18/2017 17:00,5/19/2017 8:40,1288.49,1250.0,38.49,396.9,DRV,4.0,,False,0,Carrier 1634228,Shipper 1387,True,True,True,5/18/2017 17:00,5/19/2017 8:30,False,False,False,False,False,False,False,False,Houston,TX ,Houston,TX 
5549,206641865,5/16/2017 14:29,5/16/2017 14:29,5/17/2017 14:37,5/18/2017 17:00,5/19/2017 8:40,1288.49,1250.0,38.49,396.9,DRV,4.0,,False,0,Carrier 1634228,Shipper 1388,True,True,True,5/18/2017 17:00,5/19/2017 8:30,False,False,False,False,False,False,False,False,Houston,TX ,Houston,TX 
5550,206481353,9/1/2017 16:15,9/1/2017 16:15,9/5/2017 18:36,9/5/2017 19:30,9/6/2017 13:00,1287.13,960.0,327.13,291.0,DRV,,,False,0,Carrier 19266,Shipper 758,True,True,True,9/5/2017 20:00,9/7/2017 2:00,False,False,False,False,False,False,False,False,Houston,TX ,Houston,TX 
5551,206437121,3/22/2017 10:16,3/22/2017 10:17,3/27/2017 16:55,3/28/2017 9:00,3/29/2017 12:30,1281.93,1250.0,31.93,604.4,DRV,,,False,1,Carrier 1240012,Shipper 744,True,True,True,3/28/2017 15:30,3/29/2017 13:00,False,False,False,False,False,False,False,False,Conover,NC ,Conover,NC 
5552,206596297,7/31/2017 11:02,7/31/2017 11:02,8/1/2017 16:15,8/1/2017 21:00,8/2/2017 10:45,1281.26,1480.0,-198.74,562.7,DRV,,,False,1,Carrier 1695424,Shipper 1528,True,True,True,8/1/2017 21:00,8/2/2017 11:00,False,False,False,False,False,False,False,False,Tuscaloosa,AL ,Tuscaloosa,AL 
5553,206560289,4/28/2017 18:18,4/28/2017 18:19,5/1/2017 14:46,5/2/2017 11:00,5/3/2017 10:00,1279.75,1150.0,129.75,679.7,DRV,3.0,,False,0,Carrier 1058232,Shipper 948,True,True,True,5/2/2017 20:00,5/3/2017 17:30,False,False,False,False,False,False,False,False,Tracy,CA ,Tracy,CA 
5554,206528201,9/6/2017 8:38,9/6/2017 8:38,9/6/2017 17:15,9/7/2017 10:00,9/8/2017 19:00,1278.42,1300.0,-21.58,468.4,DRV,,,False,0,Carrier 112737,Shipper 1249,True,True,True,9/7/2017 14:00,9/9/2017 1:00,False,False,False,False,False,False,False,False,Jackson,WY ,Jackson,WY 
5555,206528201,9/6/2017 8:38,9/6/2017 8:38,9/6/2017 17:15,9/7/2017 10:00,9/8/2017 19:00,1278.42,1300.0,-21.58,468.4,DRV,,,False,0,Carrier 112737,Shipper 1375,True,True,True,9/7/2017 14:00,9/9/2017 1:00,False,False,False,False,False,False,False,False,Jackson,WY ,Jackson,WY 
5556,206528201,9/6/2017 8:38,9/6/2017 8:38,9/6/2017 17:15,9/7/2017 10:00,9/8/2017 19:00,1278.42,1300.0,-21.58,468.4,DRV,,,False,0,Carrier 112737,Shipper 1386,True,True,True,9/7/2017 14:00,9/9/2017 1:00,False,False,False,False,False,False,False,False,Jackson,WY ,Jackson,WY 
5557,206528201,9/6/2017 8:38,9/6/2017 8:38,9/6/2017 17:15,9/7/2017 10:00,9/8/2017 19:00,1278.42,1300.0,-21.58,468.4,DRV,,,False,0,Carrier 112737,Shipper 1248,True,True,True,9/7/2017 14:00,9/9/2017 1:00,False,False,False,False,False,False,False,False,Jackson,WY ,Jackson,WY 
5558,206528201,9/6/2017 8:38,9/6/2017 8:38,9/6/2017 17:15,9/7/2017 10:00,9/8/2017 19:00,1278.42,1300.0,-21.58,468.4,DRV,,,False,0,Carrier 112737,Shipper 1387,True,True,True,9/7/2017 14:00,9/9/2017 1:00,False,False,False,False,False,False,False,False,Jackson,WY ,Jackson,WY 
5559,206528201,9/6/2017 8:38,9/6/2017 8:38,9/6/2017 17:15,9/7/2017 10:00,9/8/2017 19:00,1278.42,1300.0,-21.58,468.4,DRV,,,False,0,Carrier 112737,Shipper 1388,True,True,True,9/7/2017 14:00,9/9/2017 1:00,False,False,False,False,False,False,False,False,Jackson,WY ,Jackson,WY 
5560,206429865,4/26/2017 17:33,4/26/2017 17:33,4/28/2017 13:40,4/28/2017 3:00,5/1/2017 7:30,1278.3,1600.0,-321.7,305.1,RFR,3.0,,False,1,Carrier 1370978,Shipper 1249,True,False,True,4/29/2017 0:00,4/28/2017 14:00,False,False,False,False,False,False,False,False,La Porte,TX ,La Porte,TX 
5561,206429865,4/26/2017 17:33,4/26/2017 17:33,4/28/2017 13:40,4/28/2017 3:00,5/1/2017 7:30,1278.3,1600.0,-321.7,305.1,RFR,3.0,,False,1,Carrier 1370978,Shipper 1375,True,False,True,4/29/2017 0:00,4/28/2017 14:00,False,False,False,False,False,False,False,False,La Porte,TX ,La Porte,TX 
5562,206429865,4/26/2017 17:33,4/26/2017 17:33,4/28/2017 13:40,4/28/2017 3:00,5/1/2017 7:30,1278.3,1600.0,-321.7,305.1,RFR,3.0,,False,1,Carrier 1370978,Shipper 1386,True,False,True,4/29/2017 0:00,4/28/2017 14:00,False,False,False,False,False,False,False,False,La Porte,TX ,La Porte,TX 
5563,206429865,4/26/2017 17:33,4/26/2017 17:33,4/28/2017 13:40,4/28/2017 3:00,5/1/2017 7:30,1278.3,1600.0,-321.7,305.1,RFR,3.0,,False,1,Carrier 1370978,Shipper 1248,True,False,True,4/29/2017 0:00,4/28/2017 14:00,False,False,False,False,False,False,False,False,La Porte,TX ,La Porte,TX 
5564,206429865,4/26/2017 17:33,4/26/2017 17:33,4/28/2017 13:40,4/28/2017 3:00,5/1/2017 7:30,1278.3,1600.0,-321.7,305.1,RFR,3.0,,False,1,Carrier 1370978,Shipper 1387,True,False,True,4/29/2017 0:00,4/28/2017 14:00,False,False,False,False,False,False,False,False,La Porte,TX ,La Porte,TX 
5565,206429865,4/26/2017 17:33,4/26/2017 17:33,4/28/2017 13:40,4/28/2017 3:00,5/1/2017 7:30,1278.3,1600.0,-321.7,305.1,RFR,3.0,,False,1,Carrier 1370978,Shipper 1388,True,False,True,4/29/2017 0:00,4/28/2017 14:00,False,False,False,False,False,False,False,False,La Porte,TX ,La Porte,TX 
5566,206607025,5/16/2017 14:37,5/16/2017 14:37,5/17/2017 15:04,5/18/2017 17:00,5/19/2017 10:30,1276.82,1200.0,76.82,396.9,DRV,3.0,,False,0,Carrier 1604335,Shipper 1249,True,True,True,5/18/2017 17:00,5/19/2017 9:00,False,False,False,False,False,False,False,False,Houston,TX ,Houston,TX 
5567,206607025,5/16/2017 14:37,5/16/2017 14:37,5/17/2017 15:04,5/18/2017 17:00,5/19/2017 10:30,1276.82,1200.0,76.82,396.9,DRV,3.0,,False,0,Carrier 1604335,Shipper 1375,True,True,True,5/18/2017 17:00,5/19/2017 9:00,False,False,False,False,False,False,False,False,Houston,TX ,Houston,TX 
5568,206607025,5/16/2017 14:37,5/16/2017 14:37,5/17/2017 15:04,5/18/2017 17:00,5/19/2017 10:30,1276.82,1200.0,76.82,396.9,DRV,3.0,,False,0,Carrier 1604335,Shipper 1386,True,True,True,5/18/2017 17:00,5/19/2017 9:00,False,False,False,False,False,False,False,False,Houston,TX ,Houston,TX 
5569,206607025,5/16/2017 14:37,5/16/2017 14:37,5/17/2017 15:04,5/18/2017 17:00,5/19/2017 10:30,1276.82,1200.0,76.82,396.9,DRV,3.0,,False,0,Carrier 1604335,Shipper 1248,True,True,True,5/18/2017 17:00,5/19/2017 9:00,False,False,False,False,False,False,False,False,Houston,TX ,Houston,TX 
5570,206607025,5/16/2017 14:37,5/16/2017 14:37,5/17/2017 15:04,5/18/2017 17:00,5/19/2017 10:30,1276.82,1200.0,76.82,396.9,DRV,3.0,,False,0,Carrier 1604335,Shipper 1387,True,True,True,5/18/2017 17:00,5/19/2017 9:00,False,False,False,False,False,False,False,False,Houston,TX ,Houston,TX 
5571,206607025,5/16/2017 14:37,5/16/2017 14:37,5/17/2017 15:04,5/18/2017 17:00,5/19/2017 10:30,1276.82,1200.0,76.82,396.9,DRV,3.0,,False,0,Carrier 1604335,Shipper 1388,True,True,True,5/18/2017 17:00,5/19/2017 9:00,False,False,False,False,False,False,False,False,Houston,TX ,Houston,TX 
5572,206591473,6/23/2017 12:08,6/23/2017 12:08,6/26/2017 17:06,6/26/2017 18:00,6/27/2017 10:45,1276.17,1400.0,-123.83,565.1,DRV,,,False,0,Carrier 365596,Shipper 1528,True,True,True,6/26/2017 21:00,6/27/2017 9:00,False,False,False,False,False,False,False,False,Tuscaloosa,AL ,Tuscaloosa,AL 
5573,206699017,12/11/2017 16:07,12/11/2017 16:07,12/15/2017 10:55,12/16/2017 12:00,12/17/2017 10:00,1275.61,1400.0,-124.39,174.6,DRV,,,False,0,Carrier 1076253,Shipper 1644,True,True,True,12/16/2017 12:00,12/17/2017 12:00,False,False,False,False,False,False,False,False,Wapato,WA ,Wapato,WA 
5574,206546233,7/26/2017 16:34,7/26/2017 16:35,7/31/2017 16:51,8/1/2017 13:00,8/2/2017 16:00,1275.26,1300.0,-24.74,326.9,RFR,,,False,0,Carrier 1076253,Shipper 758,True,True,True,8/1/2017 13:00,8/2/2017 7:00,False,False,False,False,False,False,False,False,Ontario,CA ,Ontario,CA 
5575,206557409,12/8/2017 16:33,12/8/2017 16:33,12/11/2017 17:12,12/12/2017 11:00,12/13/2017 8:46,1273.68,1090.0,183.68,364.9,RFR,,,False,0,Carrier 1592370,Shipper 1249,True,True,True,12/12/2017 11:00,12/13/2017 11:30,False,False,False,False,False,False,False,False,Newark,NJ ,Newark,NJ 
5576,206557409,12/8/2017 16:33,12/8/2017 16:33,12/11/2017 17:12,12/12/2017 11:00,12/13/2017 8:46,1273.68,1090.0,183.68,364.9,RFR,,,False,0,Carrier 1592370,Shipper 1375,True,True,True,12/12/2017 11:00,12/13/2017 11:30,False,False,False,False,False,False,False,False,Newark,NJ ,Newark,NJ 
5577,206557409,12/8/2017 16:33,12/8/2017 16:33,12/11/2017 17:12,12/12/2017 11:00,12/13/2017 8:46,1273.68,1090.0,183.68,364.9,RFR,,,False,0,Carrier 1592370,Shipper 1386,True,True,True,12/12/2017 11:00,12/13/2017 11:30,False,False,False,False,False,False,False,False,Newark,NJ ,Newark,NJ 
5578,206557409,12/8/2017 16:33,12/8/2017 16:33,12/11/2017 17:12,12/12/2017 11:00,12/13/2017 8:46,1273.68,1090.0,183.68,364.9,RFR,,,False,0,Carrier 1592370,Shipper 1248,True,True,True,12/12/2017 11:00,12/13/2017 11:30,False,False,False,False,False,False,False,False,Newark,NJ ,Newark,NJ 
5579,206557409,12/8/2017 16:33,12/8/2017 16:33,12/11/2017 17:12,12/12/2017 11:00,12/13/2017 8:46,1273.68,1090.0,183.68,364.9,RFR,,,False,0,Carrier 1592370,Shipper 1387,True,True,True,12/12/2017 11:00,12/13/2017 11:30,False,False,False,False,False,False,False,False,Newark,NJ ,Newark,NJ 
5580,206557409,12/8/2017 16:33,12/8/2017 16:33,12/11/2017 17:12,12/12/2017 11:00,12/13/2017 8:46,1273.68,1090.0,183.68,364.9,RFR,,,False,0,Carrier 1592370,Shipper 1388,True,True,True,12/12/2017 11:00,12/13/2017 11:30,False,False,False,False,False,False,False,False,Newark,NJ ,Newark,NJ 
5581,206565977,5/22/2017 14:03,5/22/2017 14:03,5/22/2017 16:38,5/23/2017 2:00,5/23/2017 15:30,1273.62,1000.0,273.62,252.4,DRV,,,False,1,Carrier 669140,Shipper 1249,True,True,True,5/23/2017 2:00,5/23/2017 16:00,False,False,False,False,False,False,False,False,La Porte,TX ,La Porte,TX 
5582,206565977,5/22/2017 14:03,5/22/2017 14:03,5/22/2017 16:38,5/23/2017 2:00,5/23/2017 15:30,1273.62,1000.0,273.62,252.4,DRV,,,False,1,Carrier 669140,Shipper 1375,True,True,True,5/23/2017 2:00,5/23/2017 16:00,False,False,False,False,False,False,False,False,La Porte,TX ,La Porte,TX 
5583,206565977,5/22/2017 14:03,5/22/2017 14:03,5/22/2017 16:38,5/23/2017 2:00,5/23/2017 15:30,1273.62,1000.0,273.62,252.4,DRV,,,False,1,Carrier 669140,Shipper 1386,True,True,True,5/23/2017 2:00,5/23/2017 16:00,False,False,False,False,False,False,False,False,La Porte,TX ,La Porte,TX 
5584,206565977,5/22/2017 14:03,5/22/2017 14:03,5/22/2017 16:38,5/23/2017 2:00,5/23/2017 15:30,1273.62,1000.0,273.62,252.4,DRV,,,False,1,Carrier 669140,Shipper 1248,True,True,True,5/23/2017 2:00,5/23/2017 16:00,False,False,False,False,False,False,False,False,La Porte,TX ,La Porte,TX 
5585,206565977,5/22/2017 14:03,5/22/2017 14:03,5/22/2017 16:38,5/23/2017 2:00,5/23/2017 15:30,1273.62,1000.0,273.62,252.4,DRV,,,False,1,Carrier 669140,Shipper 1387,True,True,True,5/23/2017 2:00,5/23/2017 16:00,False,False,False,False,False,False,False,False,La Porte,TX ,La Porte,TX 
5586,206565977,5/22/2017 14:03,5/22/2017 14:03,5/22/2017 16:38,5/23/2017 2:00,5/23/2017 15:30,1273.62,1000.0,273.62,252.4,DRV,,,False,1,Carrier 669140,Shipper 1388,True,True,True,5/23/2017 2:00,5/23/2017 16:00,False,False,False,False,False,False,False,False,La Porte,TX ,La Porte,TX 
5587,206727217,9/13/2017 15:53,9/13/2017 15:53,9/13/2017 18:59,9/14/2017 10:00,9/14/2017 17:20,1272.91,1200.0,72.91,161.1,RFR,,,False,0,Carrier 1295571,Shipper 758,True,True,True,9/14/2017 10:00,9/15/2017 12:45,False,False,False,False,False,False,False,False,Wapato,WA ,Wapato,WA 
5588,206514737,6/6/2017 17:32,6/6/2017 17:32,6/9/2017 9:11,6/9/2017 14:00,6/10/2017 11:30,1270.26,1150.0,120.26,356.0,DRV,,,False,0,Carrier 1014370,Shipper 1249,True,True,True,6/9/2017 14:00,6/10/2017 11:00,False,False,False,False,False,False,False,False,Cartersville,GA ,Cartersville,GA 
5589,206514737,6/6/2017 17:32,6/6/2017 17:32,6/9/2017 9:11,6/9/2017 14:00,6/10/2017 11:30,1270.26,1150.0,120.26,356.0,DRV,,,False,0,Carrier 1014370,Shipper 1375,True,True,True,6/9/2017 14:00,6/10/2017 11:00,False,False,False,False,False,False,False,False,Cartersville,GA ,Cartersville,GA 
5590,206514737,6/6/2017 17:32,6/6/2017 17:32,6/9/2017 9:11,6/9/2017 14:00,6/10/2017 11:30,1270.26,1150.0,120.26,356.0,DRV,,,False,0,Carrier 1014370,Shipper 1386,True,True,True,6/9/2017 14:00,6/10/2017 11:00,False,False,False,False,False,False,False,False,Cartersville,GA ,Cartersville,GA 
5591,206514737,6/6/2017 17:32,6/6/2017 17:32,6/9/2017 9:11,6/9/2017 14:00,6/10/2017 11:30,1270.26,1150.0,120.26,356.0,DRV,,,False,0,Carrier 1014370,Shipper 1248,True,True,True,6/9/2017 14:00,6/10/2017 11:00,False,False,False,False,False,False,False,False,Cartersville,GA ,Cartersville,GA 
5592,206514737,6/6/2017 17:32,6/6/2017 17:32,6/9/2017 9:11,6/9/2017 14:00,6/10/2017 11:30,1270.26,1150.0,120.26,356.0,DRV,,,False,0,Carrier 1014370,Shipper 1387,True,True,True,6/9/2017 14:00,6/10/2017 11:00,False,False,False,False,False,False,False,False,Cartersville,GA ,Cartersville,GA 
5593,206514737,6/6/2017 17:32,6/6/2017 17:32,6/9/2017 9:11,6/9/2017 14:00,6/10/2017 11:30,1270.26,1150.0,120.26,356.0,DRV,,,False,0,Carrier 1014370,Shipper 1388,True,True,True,6/9/2017 14:00,6/10/2017 11:00,False,False,False,False,False,False,False,False,Cartersville,GA ,Cartersville,GA 
5594,206427113,12/8/2017 16:37,12/8/2017 16:37,12/12/2017 16:44,12/12/2017 13:00,12/14/2017 7:00,1269.72,1300.0,-30.28,373.1,DRV,,dat_in,False,2,Carrier 1326586,Shipper 1249,False,False,False,12/12/2017 13:00,12/13/2017 13:00,False,False,False,False,False,False,False,False,Cartersville,GA ,Cartersville,GA 
5595,206427113,12/8/2017 16:37,12/8/2017 16:37,12/12/2017 16:44,12/12/2017 13:00,12/14/2017 7:00,1269.72,1300.0,-30.28,373.1,DRV,,dat_in,False,2,Carrier 1326586,Shipper 1375,False,False,False,12/12/2017 13:00,12/13/2017 13:00,False,False,False,False,False,False,False,False,Cartersville,GA ,Cartersville,GA 
5596,206427113,12/8/2017 16:37,12/8/2017 16:37,12/12/2017 16:44,12/12/2017 13:00,12/14/2017 7:00,1269.72,1300.0,-30.28,373.1,DRV,,dat_in,False,2,Carrier 1326586,Shipper 1386,False,False,False,12/12/2017 13:00,12/13/2017 13:00,False,False,False,False,False,False,False,False,Cartersville,GA ,Cartersville,GA 
5597,206427113,12/8/2017 16:37,12/8/2017 16:37,12/12/2017 16:44,12/12/2017 13:00,12/14/2017 7:00,1269.72,1300.0,-30.28,373.1,DRV,,dat_in,False,2,Carrier 1326586,Shipper 1248,False,False,False,12/12/2017 13:00,12/13/2017 13:00,False,False,False,False,False,False,False,False,Cartersville,GA ,Cartersville,GA 
5598,206427113,12/8/2017 16:37,12/8/2017 16:37,12/12/2017 16:44,12/12/2017 13:00,12/14/2017 7:00,1269.72,1300.0,-30.28,373.1,DRV,,dat_in,False,2,Carrier 1326586,Shipper 1387,False,False,False,12/12/2017 13:00,12/13/2017 13:00,False,False,False,False,False,False,False,False,Cartersville,GA ,Cartersville,GA 
5599,206427113,12/8/2017 16:37,12/8/2017 16:37,12/12/2017 16:44,12/12/2017 13:00,12/14/2017 7:00,1269.72,1300.0,-30.28,373.1,DRV,,dat_in,False,2,Carrier 1326586,Shipper 1388,False,False,False,12/12/2017 13:00,12/13/2017 13:00,False,False,False,False,False,False,False,False,Cartersville,GA ,Cartersville,GA 
5600,206489913,10/20/2017 17:35,10/20/2017 17:35,10/23/2017 15:46,10/24/2017 14:00,10/25/2017 13:00,1269.62,1000.0,269.62,423.3,DRV,,,False,0,Carrier 1122319,Shipper 1249,True,True,True,10/24/2017 14:00,10/25/2017 14:00,False,False,False,False,False,False,False,False,Granite City,IL ,Granite City,IL 
5601,206489913,10/20/2017 17:35,10/20/2017 17:35,10/23/2017 15:46,10/24/2017 14:00,10/25/2017 13:00,1269.62,1000.0,269.62,423.3,DRV,,,False,0,Carrier 1122319,Shipper 1375,True,True,True,10/24/2017 14:00,10/25/2017 14:00,False,False,False,False,False,False,False,False,Granite City,IL ,Granite City,IL 
5602,206489913,10/20/2017 17:35,10/20/2017 17:35,10/23/2017 15:46,10/24/2017 14:00,10/25/2017 13:00,1269.62,1000.0,269.62,423.3,DRV,,,False,0,Carrier 1122319,Shipper 1386,True,True,True,10/24/2017 14:00,10/25/2017 14:00,False,False,False,False,False,False,False,False,Granite City,IL ,Granite City,IL 
5603,206489913,10/20/2017 17:35,10/20/2017 17:35,10/23/2017 15:46,10/24/2017 14:00,10/25/2017 13:00,1269.62,1000.0,269.62,423.3,DRV,,,False,0,Carrier 1122319,Shipper 1248,True,True,True,10/24/2017 14:00,10/25/2017 14:00,False,False,False,False,False,False,False,False,Granite City,IL ,Granite City,IL 
5604,206489913,10/20/2017 17:35,10/20/2017 17:35,10/23/2017 15:46,10/24/2017 14:00,10/25/2017 13:00,1269.62,1000.0,269.62,423.3,DRV,,,False,0,Carrier 1122319,Shipper 1387,True,True,True,10/24/2017 14:00,10/25/2017 14:00,False,False,False,False,False,False,False,False,Granite City,IL ,Granite City,IL 
5605,206489913,10/20/2017 17:35,10/20/2017 17:35,10/23/2017 15:46,10/24/2017 14:00,10/25/2017 13:00,1269.62,1000.0,269.62,423.3,DRV,,,False,0,Carrier 1122319,Shipper 1388,True,True,True,10/24/2017 14:00,10/25/2017 14:00,False,False,False,False,False,False,False,False,Granite City,IL ,Granite City,IL 
5606,206440009,2/24/2017 16:06,2/24/2017 16:06,2/27/2017 17:58,2/28/2017 8:00,3/1/2017 9:13,1263.86,1240.0,23.86,604.4,DRV,,,False,0,Carrier 1428479,Shipper 744,True,True,True,2/28/2017 15:45,3/1/2017 13:00,False,False,False,False,False,False,False,False,Conover,NC ,Conover,NC 
5607,206628465,9/18/2017 16:57,9/18/2017 16:57,9/19/2017 9:14,9/19/2017 17:00,9/20/2017 12:00,1263.68,1240.0,23.68,285.2,DRV,,,False,0,Carrier 1210765,Shipper 1249,True,True,True,9/19/2017 17:00,9/20/2017 15:00,False,False,False,False,False,False,False,False,Newark,NJ ,Newark,NJ 
5608,206628465,9/18/2017 16:57,9/18/2017 16:57,9/19/2017 9:14,9/19/2017 17:00,9/20/2017 12:00,1263.68,1240.0,23.68,285.2,DRV,,,False,0,Carrier 1210765,Shipper 1375,True,True,True,9/19/2017 17:00,9/20/2017 15:00,False,False,False,False,False,False,False,False,Newark,NJ ,Newark,NJ 
5609,206628465,9/18/2017 16:57,9/18/2017 16:57,9/19/2017 9:14,9/19/2017 17:00,9/20/2017 12:00,1263.68,1240.0,23.68,285.2,DRV,,,False,0,Carrier 1210765,Shipper 1386,True,True,True,9/19/2017 17:00,9/20/2017 15:00,False,False,False,False,False,False,False,False,Newark,NJ ,Newark,NJ 
5610,206628465,9/18/2017 16:57,9/18/2017 16:57,9/19/2017 9:14,9/19/2017 17:00,9/20/2017 12:00,1263.68,1240.0,23.68,285.2,DRV,,,False,0,Carrier 1210765,Shipper 1248,True,True,True,9/19/2017 17:00,9/20/2017 15:00,False,False,False,False,False,False,False,False,Newark,NJ ,Newark,NJ 
5611,206628465,9/18/2017 16:57,9/18/2017 16:57,9/19/2017 9:14,9/19/2017 17:00,9/20/2017 12:00,1263.68,1240.0,23.68,285.2,DRV,,,False,0,Carrier 1210765,Shipper 1387,True,True,True,9/19/2017 17:00,9/20/2017 15:00,False,False,False,False,False,False,False,False,Newark,NJ ,Newark,NJ 
5612,206628465,9/18/2017 16:57,9/18/2017 16:57,9/19/2017 9:14,9/19/2017 17:00,9/20/2017 12:00,1263.68,1240.0,23.68,285.2,DRV,,,False,0,Carrier 1210765,Shipper 1388,True,True,True,9/19/2017 17:00,9/20/2017 15:00,False,False,False,False,False,False,False,False,Newark,NJ ,Newark,NJ 
5613,206583985,3/10/2017 11:55,3/10/2017 11:55,3/14/2017 9:46,3/14/2017 15:00,3/16/2017 13:00,1263.24,1200.0,63.24,1099.9,DRV,3.0,,False,0,Carrier 46076,Shipper 773,True,True,True,3/14/2017 15:00,3/16/2017 11:00,False,False,False,False,False,False,False,False,Orlando,FL ,Orlando,FL 
5614,206712833,9/5/2017 17:13,9/5/2017 17:13,9/6/2017 14:29,9/7/2017 13:00,9/8/2017 14:45,1262.73,1000.0,262.73,531.4,RFR,,,False,1,Carrier 158266,Shipper 1249,True,True,True,9/7/2017 13:00,9/8/2017 13:00,False,False,False,False,False,False,False,False,Aurora,CO ,Aurora,CO 
5615,206712833,9/5/2017 17:13,9/5/2017 17:13,9/6/2017 14:29,9/7/2017 13:00,9/8/2017 14:45,1262.73,1000.0,262.73,531.4,RFR,,,False,1,Carrier 158266,Shipper 1375,True,True,True,9/7/2017 13:00,9/8/2017 13:00,False,False,False,False,False,False,False,False,Aurora,CO ,Aurora,CO 
5616,206712833,9/5/2017 17:13,9/5/2017 17:13,9/6/2017 14:29,9/7/2017 13:00,9/8/2017 14:45,1262.73,1000.0,262.73,531.4,RFR,,,False,1,Carrier 158266,Shipper 1386,True,True,True,9/7/2017 13:00,9/8/2017 13:00,False,False,False,False,False,False,False,False,Aurora,CO ,Aurora,CO 
5617,206712833,9/5/2017 17:13,9/5/2017 17:13,9/6/2017 14:29,9/7/2017 13:00,9/8/2017 14:45,1262.73,1000.0,262.73,531.4,RFR,,,False,1,Carrier 158266,Shipper 1248,True,True,True,9/7/2017 13:00,9/8/2017 13:00,False,False,False,False,False,False,False,False,Aurora,CO ,Aurora,CO 
5618,206712833,9/5/2017 17:13,9/5/2017 17:13,9/6/2017 14:29,9/7/2017 13:00,9/8/2017 14:45,1262.73,1000.0,262.73,531.4,RFR,,,False,1,Carrier 158266,Shipper 1387,True,True,True,9/7/2017 13:00,9/8/2017 13:00,False,False,False,False,False,False,False,False,Aurora,CO ,Aurora,CO 
5619,206712833,9/5/2017 17:13,9/5/2017 17:13,9/6/2017 14:29,9/7/2017 13:00,9/8/2017 14:45,1262.73,1000.0,262.73,531.4,RFR,,,False,1,Carrier 158266,Shipper 1388,True,True,True,9/7/2017 13:00,9/8/2017 13:00,False,False,False,False,False,False,False,False,Aurora,CO ,Aurora,CO 
5620,206584001,5/31/2017 12:53,5/31/2017 12:53,6/2/2017 9:43,6/2/2017 16:00,6/3/2017 11:00,1261.26,1400.0,-138.74,461.6,DRV,,,False,0,Carrier 48769,Shipper 1249,True,True,True,6/2/2017 16:00,6/3/2017 10:00,False,False,False,False,False,False,False,False,Columbus,OH ,Columbus,OH 
5621,206584001,5/31/2017 12:53,5/31/2017 12:53,6/2/2017 9:43,6/2/2017 16:00,6/3/2017 11:00,1261.26,1400.0,-138.74,461.6,DRV,,,False,0,Carrier 48769,Shipper 1375,True,True,True,6/2/2017 16:00,6/3/2017 10:00,False,False,False,False,False,False,False,False,Columbus,OH ,Columbus,OH 
5622,206584001,5/31/2017 12:53,5/31/2017 12:53,6/2/2017 9:43,6/2/2017 16:00,6/3/2017 11:00,1261.26,1400.0,-138.74,461.6,DRV,,,False,0,Carrier 48769,Shipper 1386,True,True,True,6/2/2017 16:00,6/3/2017 10:00,False,False,False,False,False,False,False,False,Columbus,OH ,Columbus,OH 
5623,206584001,5/31/2017 12:53,5/31/2017 12:53,6/2/2017 9:43,6/2/2017 16:00,6/3/2017 11:00,1261.26,1400.0,-138.74,461.6,DRV,,,False,0,Carrier 48769,Shipper 1248,True,True,True,6/2/2017 16:00,6/3/2017 10:00,False,False,False,False,False,False,False,False,Columbus,OH ,Columbus,OH 
5624,206584001,5/31/2017 12:53,5/31/2017 12:53,6/2/2017 9:43,6/2/2017 16:00,6/3/2017 11:00,1261.26,1400.0,-138.74,461.6,DRV,,,False,0,Carrier 48769,Shipper 1387,True,True,True,6/2/2017 16:00,6/3/2017 10:00,False,False,False,False,False,False,False,False,Columbus,OH ,Columbus,OH 
5625,206584001,5/31/2017 12:53,5/31/2017 12:53,6/2/2017 9:43,6/2/2017 16:00,6/3/2017 11:00,1261.26,1400.0,-138.74,461.6,DRV,,,False,0,Carrier 48769,Shipper 1388,True,True,True,6/2/2017 16:00,6/3/2017 10:00,False,False,False,False,False,False,False,False,Columbus,OH ,Columbus,OH 
5626,206496273,12/8/2017 16:29,12/8/2017 16:29,12/8/2017 16:57,12/8/2017 12:00,12/9/2017 10:25,1259.71,1000.0,259.71,252.1,DRV,,,False,0,Carrier 1318140,Shipper 1249,True,True,True,12/8/2017 23:00,12/9/2017 23:00,False,False,False,False,False,False,False,False,Baldwinsville,NY ,Baldwinsville,NY 
5627,206496273,12/8/2017 16:29,12/8/2017 16:29,12/8/2017 16:57,12/8/2017 12:00,12/9/2017 10:25,1259.71,1000.0,259.71,252.1,DRV,,,False,0,Carrier 1318140,Shipper 1375,True,True,True,12/8/2017 23:00,12/9/2017 23:00,False,False,False,False,False,False,False,False,Baldwinsville,NY ,Baldwinsville,NY 
5628,206496273,12/8/2017 16:29,12/8/2017 16:29,12/8/2017 16:57,12/8/2017 12:00,12/9/2017 10:25,1259.71,1000.0,259.71,252.1,DRV,,,False,0,Carrier 1318140,Shipper 1386,True,True,True,12/8/2017 23:00,12/9/2017 23:00,False,False,False,False,False,False,False,False,Baldwinsville,NY ,Baldwinsville,NY 
5629,206496273,12/8/2017 16:29,12/8/2017 16:29,12/8/2017 16:57,12/8/2017 12:00,12/9/2017 10:25,1259.71,1000.0,259.71,252.1,DRV,,,False,0,Carrier 1318140,Shipper 1248,True,True,True,12/8/2017 23:00,12/9/2017 23:00,False,False,False,False,False,False,False,False,Baldwinsville,NY ,Baldwinsville,NY 
5630,206496273,12/8/2017 16:29,12/8/2017 16:29,12/8/2017 16:57,12/8/2017 12:00,12/9/2017 10:25,1259.71,1000.0,259.71,252.1,DRV,,,False,0,Carrier 1318140,Shipper 1387,True,True,True,12/8/2017 23:00,12/9/2017 23:00,False,False,False,False,False,False,False,False,Baldwinsville,NY ,Baldwinsville,NY 
5631,206496273,12/8/2017 16:29,12/8/2017 16:29,12/8/2017 16:57,12/8/2017 12:00,12/9/2017 10:25,1259.71,1000.0,259.71,252.1,DRV,,,False,0,Carrier 1318140,Shipper 1388,True,True,True,12/8/2017 23:00,12/9/2017 23:00,False,False,False,False,False,False,False,False,Baldwinsville,NY ,Baldwinsville,NY 
5632,206434233,8/1/2017 12:19,8/1/2017 12:19,8/1/2017 15:43,8/2/2017 12:30,8/3/2017 11:00,1259.28,1050.0,209.28,389.2,DRV,,,False,0,Carrier 102506,Shipper 1249,,,,8/2/2017 12:30,8/3/2017 12:00,False,False,False,False,False,False,False,False,Clarksville,TN ,Clarksville,TN 
5633,206434233,8/1/2017 12:19,8/1/2017 12:19,8/1/2017 15:43,8/2/2017 12:30,8/3/2017 11:00,1259.28,1050.0,209.28,389.2,DRV,,,False,0,Carrier 102506,Shipper 1375,,,,8/2/2017 12:30,8/3/2017 12:00,False,False,False,False,False,False,False,False,Clarksville,TN ,Clarksville,TN 
5634,206434233,8/1/2017 12:19,8/1/2017 12:19,8/1/2017 15:43,8/2/2017 12:30,8/3/2017 11:00,1259.28,1050.0,209.28,389.2,DRV,,,False,0,Carrier 102506,Shipper 1386,,,,8/2/2017 12:30,8/3/2017 12:00,False,False,False,False,False,False,False,False,Clarksville,TN ,Clarksville,TN 
5635,206434233,8/1/2017 12:19,8/1/2017 12:19,8/1/2017 15:43,8/2/2017 12:30,8/3/2017 11:00,1259.28,1050.0,209.28,389.2,DRV,,,False,0,Carrier 102506,Shipper 1248,,,,8/2/2017 12:30,8/3/2017 12:00,False,False,False,False,False,False,False,False,Clarksville,TN ,Clarksville,TN 
5636,206434233,8/1/2017 12:19,8/1/2017 12:19,8/1/2017 15:43,8/2/2017 12:30,8/3/2017 11:00,1259.28,1050.0,209.28,389.2,DRV,,,False,0,Carrier 102506,Shipper 1387,,,,8/2/2017 12:30,8/3/2017 12:00,False,False,False,False,False,False,False,False,Clarksville,TN ,Clarksville,TN 
5637,206434233,8/1/2017 12:19,8/1/2017 12:19,8/1/2017 15:43,8/2/2017 12:30,8/3/2017 11:00,1259.28,1050.0,209.28,389.2,DRV,,,False,0,Carrier 102506,Shipper 1388,,,,8/2/2017 12:30,8/3/2017 12:00,False,False,False,False,False,False,False,False,Clarksville,TN ,Clarksville,TN 
5638,206427105,12/3/2017 20:41,12/3/2017 20:41,12/4/2017 12:13,12/4/2017 10:00,12/5/2017 9:30,1259.04,1200.0,59.04,394.3,RFR,,,False,0,Carrier 1352546,Shipper 1249,True,True,True,12/4/2017 17:00,12/5/2017 8:30,False,False,False,False,False,False,False,False,Jacksonville,FL ,Jacksonville,FL 
5639,206427105,12/3/2017 20:41,12/3/2017 20:41,12/4/2017 12:13,12/4/2017 10:00,12/5/2017 9:30,1259.04,1200.0,59.04,394.3,RFR,,,False,0,Carrier 1352546,Shipper 1375,True,True,True,12/4/2017 17:00,12/5/2017 8:30,False,False,False,False,False,False,False,False,Jacksonville,FL ,Jacksonville,FL 
5640,206427105,12/3/2017 20:41,12/3/2017 20:41,12/4/2017 12:13,12/4/2017 10:00,12/5/2017 9:30,1259.04,1200.0,59.04,394.3,RFR,,,False,0,Carrier 1352546,Shipper 1386,True,True,True,12/4/2017 17:00,12/5/2017 8:30,False,False,False,False,False,False,False,False,Jacksonville,FL ,Jacksonville,FL 
5641,206427105,12/3/2017 20:41,12/3/2017 20:41,12/4/2017 12:13,12/4/2017 10:00,12/5/2017 9:30,1259.04,1200.0,59.04,394.3,RFR,,,False,0,Carrier 1352546,Shipper 1248,True,True,True,12/4/2017 17:00,12/5/2017 8:30,False,False,False,False,False,False,False,False,Jacksonville,FL ,Jacksonville,FL 
5642,206427105,12/3/2017 20:41,12/3/2017 20:41,12/4/2017 12:13,12/4/2017 10:00,12/5/2017 9:30,1259.04,1200.0,59.04,394.3,RFR,,,False,0,Carrier 1352546,Shipper 1387,True,True,True,12/4/2017 17:00,12/5/2017 8:30,False,False,False,False,False,False,False,False,Jacksonville,FL ,Jacksonville,FL 
5643,206427105,12/3/2017 20:41,12/3/2017 20:41,12/4/2017 12:13,12/4/2017 10:00,12/5/2017 9:30,1259.04,1200.0,59.04,394.3,RFR,,,False,0,Carrier 1352546,Shipper 1388,True,True,True,12/4/2017 17:00,12/5/2017 8:30,False,False,False,False,False,False,False,False,Jacksonville,FL ,Jacksonville,FL 
5644,206709121,11/6/2017 11:51,11/6/2017 11:51,11/9/2017 15:21,11/9/2017 20:00,11/11/2017 6:00,1258.11,1050.0,208.11,526.0,DRV,,,False,1,Carrier 13487,Shipper 758,True,True,True,11/9/2017 20:00,11/10/2017 23:00,False,False,False,False,False,False,False,False,Henderson,NV ,Henderson,NV 
5645,206708985,5/26/2017 16:38,5/26/2017 16:38,5/26/2017 17:54,5/30/2017 9:00,6/1/2017 17:15,1257.31,4000.0,-2742.69,573.3,RFR,,,False,0,Carrier 978458,Shipper 1249,True,True,True,5/30/2017 9:00,5/31/2017 14:30,False,False,False,False,False,False,False,False,La Porte,TX ,La Porte,TX 
5646,206708985,5/26/2017 16:38,5/26/2017 16:38,5/26/2017 17:54,5/30/2017 9:00,6/1/2017 17:15,1257.31,4000.0,-2742.69,573.3,RFR,,,False,0,Carrier 978458,Shipper 1375,True,True,True,5/30/2017 9:00,5/31/2017 14:30,False,False,False,False,False,False,False,False,La Porte,TX ,La Porte,TX 
5647,206708985,5/26/2017 16:38,5/26/2017 16:38,5/26/2017 17:54,5/30/2017 9:00,6/1/2017 17:15,1257.31,4000.0,-2742.69,573.3,RFR,,,False,0,Carrier 978458,Shipper 1386,True,True,True,5/30/2017 9:00,5/31/2017 14:30,False,False,False,False,False,False,False,False,La Porte,TX ,La Porte,TX 
5648,206708985,5/26/2017 16:38,5/26/2017 16:38,5/26/2017 17:54,5/30/2017 9:00,6/1/2017 17:15,1257.31,4000.0,-2742.69,573.3,RFR,,,False,0,Carrier 978458,Shipper 1248,True,True,True,5/30/2017 9:00,5/31/2017 14:30,False,False,False,False,False,False,False,False,La Porte,TX ,La Porte,TX 
5649,206708985,5/26/2017 16:38,5/26/2017 16:38,5/26/2017 17:54,5/30/2017 9:00,6/1/2017 17:15,1257.31,4000.0,-2742.69,573.3,RFR,,,False,0,Carrier 978458,Shipper 1387,True,True,True,5/30/2017 9:00,5/31/2017 14:30,False,False,False,False,False,False,False,False,La Porte,TX ,La Porte,TX 
5650,206708985,5/26/2017 16:38,5/26/2017 16:38,5/26/2017 17:54,5/30/2017 9:00,6/1/2017 17:15,1257.31,4000.0,-2742.69,573.3,RFR,,,False,0,Carrier 978458,Shipper 1388,True,True,True,5/30/2017 9:00,5/31/2017 14:30,False,False,False,False,False,False,False,False,La Porte,TX ,La Porte,TX 
5651,206566505,4/11/2017 12:20,4/11/2017 12:20,4/13/2017 15:57,4/13/2017 14:00,4/15/2017 10:00,1256.46,2200.0,-943.54,518.0,RFR,3.0,,False,0,Carrier 804095,Shipper 1268,False,False,False,4/13/2017 18:00,4/14/2017 19:00,False,False,False,False,False,False,False,False,Williams,MN ,Williams,MN 
5652,206489393,12/18/2017 16:44,12/18/2017 16:44,12/21/2017 8:14,12/21/2017 9:00,12/22/2017 15:00,1256.4,3300.0,-2043.6,664.5,RFR,,dat_in,False,0,Carrier 1695811,Shipper 1249,False,False,False,12/21/2017 14:00,12/22/2017 7:30,False,False,False,False,False,False,False,False,Aurora,CO ,Aurora,CO 
5653,206489393,12/18/2017 16:44,12/18/2017 16:44,12/21/2017 8:14,12/21/2017 9:00,12/22/2017 15:00,1256.4,3300.0,-2043.6,664.5,RFR,,dat_in,False,0,Carrier 1695811,Shipper 1375,False,False,False,12/21/2017 14:00,12/22/2017 7:30,False,False,False,False,False,False,False,False,Aurora,CO ,Aurora,CO 
5654,206489393,12/18/2017 16:44,12/18/2017 16:44,12/21/2017 8:14,12/21/2017 9:00,12/22/2017 15:00,1256.4,3300.0,-2043.6,664.5,RFR,,dat_in,False,0,Carrier 1695811,Shipper 1386,False,False,False,12/21/2017 14:00,12/22/2017 7:30,False,False,False,False,False,False,False,False,Aurora,CO ,Aurora,CO 
5655,206489393,12/18/2017 16:44,12/18/2017 16:44,12/21/2017 8:14,12/21/2017 9:00,12/22/2017 15:00,1256.4,3300.0,-2043.6,664.5,RFR,,dat_in,False,0,Carrier 1695811,Shipper 1248,False,False,False,12/21/2017 14:00,12/22/2017 7:30,False,False,False,False,False,False,False,False,Aurora,CO ,Aurora,CO 
5656,206489393,12/18/2017 16:44,12/18/2017 16:44,12/21/2017 8:14,12/21/2017 9:00,12/22/2017 15:00,1256.4,3300.0,-2043.6,664.5,RFR,,dat_in,False,0,Carrier 1695811,Shipper 1387,False,False,False,12/21/2017 14:00,12/22/2017 7:30,False,False,False,False,False,False,False,False,Aurora,CO ,Aurora,CO 
5657,206489393,12/18/2017 16:44,12/18/2017 16:44,12/21/2017 8:14,12/21/2017 9:00,12/22/2017 15:00,1256.4,3300.0,-2043.6,664.5,RFR,,dat_in,False,0,Carrier 1695811,Shipper 1388,False,False,False,12/21/2017 14:00,12/22/2017 7:30,False,False,False,False,False,False,False,False,Aurora,CO ,Aurora,CO 
5658,206643033,4/18/2017 17:05,4/18/2017 17:05,4/20/2017 10:03,4/20/2017 16:00,4/21/2017 10:28,1255.5,1150.0,105.5,334.5,RFR,,,False,0,Carrier 8900,Shipper 1249,True,True,True,4/20/2017 16:00,4/21/2017 13:00,False,False,False,False,False,False,False,False,Houston,TX ,Houston,TX 
5659,206643033,4/18/2017 17:05,4/18/2017 17:05,4/20/2017 10:03,4/20/2017 16:00,4/21/2017 10:28,1255.5,1150.0,105.5,334.5,RFR,,,False,0,Carrier 8900,Shipper 1375,True,True,True,4/20/2017 16:00,4/21/2017 13:00,False,False,False,False,False,False,False,False,Houston,TX ,Houston,TX 
5660,206643033,4/18/2017 17:05,4/18/2017 17:05,4/20/2017 10:03,4/20/2017 16:00,4/21/2017 10:28,1255.5,1150.0,105.5,334.5,RFR,,,False,0,Carrier 8900,Shipper 1386,True,True,True,4/20/2017 16:00,4/21/2017 13:00,False,False,False,False,False,False,False,False,Houston,TX ,Houston,TX 
5661,206643033,4/18/2017 17:05,4/18/2017 17:05,4/20/2017 10:03,4/20/2017 16:00,4/21/2017 10:28,1255.5,1150.0,105.5,334.5,RFR,,,False,0,Carrier 8900,Shipper 1248,True,True,True,4/20/2017 16:00,4/21/2017 13:00,False,False,False,False,False,False,False,False,Houston,TX ,Houston,TX 
5662,206643033,4/18/2017 17:05,4/18/2017 17:05,4/20/2017 10:03,4/20/2017 16:00,4/21/2017 10:28,1255.5,1150.0,105.5,334.5,RFR,,,False,0,Carrier 8900,Shipper 1387,True,True,True,4/20/2017 16:00,4/21/2017 13:00,False,False,False,False,False,False,False,False,Houston,TX ,Houston,TX 
5663,206643033,4/18/2017 17:05,4/18/2017 17:05,4/20/2017 10:03,4/20/2017 16:00,4/21/2017 10:28,1255.5,1150.0,105.5,334.5,RFR,,,False,0,Carrier 8900,Shipper 1388,True,True,True,4/20/2017 16:00,4/21/2017 13:00,False,False,False,False,False,False,False,False,Houston,TX ,Houston,TX 
5664,206528985,6/20/2017 18:16,6/20/2017 18:16,6/21/2017 13:11,6/22/2017 10:00,6/23/2017 14:30,1255.17,1200.0,55.17,312.8,DRV,,,False,0,Carrier 1215346,Shipper 1249,True,True,True,6/22/2017 10:00,6/23/2017 12:30,False,False,False,False,False,False,False,False,Carlisle,PA ,Carlisle,PA 
5665,206528985,6/20/2017 18:16,6/20/2017 18:16,6/21/2017 13:11,6/22/2017 10:00,6/23/2017 14:30,1255.17,1200.0,55.17,312.8,DRV,,,False,0,Carrier 1215346,Shipper 1375,True,True,True,6/22/2017 10:00,6/23/2017 12:30,False,False,False,False,False,False,False,False,Carlisle,PA ,Carlisle,PA 
5666,206528985,6/20/2017 18:16,6/20/2017 18:16,6/21/2017 13:11,6/22/2017 10:00,6/23/2017 14:30,1255.17,1200.0,55.17,312.8,DRV,,,False,0,Carrier 1215346,Shipper 1386,True,True,True,6/22/2017 10:00,6/23/2017 12:30,False,False,False,False,False,False,False,False,Carlisle,PA ,Carlisle,PA 
5667,206528985,6/20/2017 18:16,6/20/2017 18:16,6/21/2017 13:11,6/22/2017 10:00,6/23/2017 14:30,1255.17,1200.0,55.17,312.8,DRV,,,False,0,Carrier 1215346,Shipper 1248,True,True,True,6/22/2017 10:00,6/23/2017 12:30,False,False,False,False,False,False,False,False,Carlisle,PA ,Carlisle,PA 
5668,206528985,6/20/2017 18:16,6/20/2017 18:16,6/21/2017 13:11,6/22/2017 10:00,6/23/2017 14:30,1255.17,1200.0,55.17,312.8,DRV,,,False,0,Carrier 1215346,Shipper 1387,True,True,True,6/22/2017 10:00,6/23/2017 12:30,False,False,False,False,False,False,False,False,Carlisle,PA ,Carlisle,PA 
5669,206528985,6/20/2017 18:16,6/20/2017 18:16,6/21/2017 13:11,6/22/2017 10:00,6/23/2017 14:30,1255.17,1200.0,55.17,312.8,DRV,,,False,0,Carrier 1215346,Shipper 1388,True,True,True,6/22/2017 10:00,6/23/2017 12:30,False,False,False,False,False,False,False,False,Carlisle,PA ,Carlisle,PA 
5670,206485801,10/19/2017 10:29,10/19/2017 10:29,10/19/2017 12:26,10/19/2017 13:00,10/20/2017 8:51,1254.43,1275.0,-20.57,400.5,DRV,,,False,0,Carrier 1242567,Shipper 1644,True,True,True,10/19/2017 16:30,10/20/2017 12:00,False,False,False,False,False,False,False,False,Lebanon,KY ,Lebanon,KY 
5671,206431401,12/18/2017 17:50,12/18/2017 17:50,12/20/2017 11:20,12/20/2017 15:00,12/21/2017 11:07,1252.64,1450.0,-197.36,302.3,RFR,,,False,0,Carrier 1024934,Shipper 1249,True,False,True,12/20/2017 15:00,12/21/2017 7:00,False,False,False,False,False,False,False,False,Colonial Heights,VA ,Colonial Heights,VA 
5672,206431401,12/18/2017 17:50,12/18/2017 17:50,12/20/2017 11:20,12/20/2017 15:00,12/21/2017 11:07,1252.64,1450.0,-197.36,302.3,RFR,,,False,0,Carrier 1024934,Shipper 1375,True,False,True,12/20/2017 15:00,12/21/2017 7:00,False,False,False,False,False,False,False,False,Colonial Heights,VA ,Colonial Heights,VA 
5673,206431401,12/18/2017 17:50,12/18/2017 17:50,12/20/2017 11:20,12/20/2017 15:00,12/21/2017 11:07,1252.64,1450.0,-197.36,302.3,RFR,,,False,0,Carrier 1024934,Shipper 1386,True,False,True,12/20/2017 15:00,12/21/2017 7:00,False,False,False,False,False,False,False,False,Colonial Heights,VA ,Colonial Heights,VA 
5674,206431401,12/18/2017 17:50,12/18/2017 17:50,12/20/2017 11:20,12/20/2017 15:00,12/21/2017 11:07,1252.64,1450.0,-197.36,302.3,RFR,,,False,0,Carrier 1024934,Shipper 1248,True,False,True,12/20/2017 15:00,12/21/2017 7:00,False,False,False,False,False,False,False,False,Colonial Heights,VA ,Colonial Heights,VA 
5675,206431401,12/18/2017 17:50,12/18/2017 17:50,12/20/2017 11:20,12/20/2017 15:00,12/21/2017 11:07,1252.64,1450.0,-197.36,302.3,RFR,,,False,0,Carrier 1024934,Shipper 1387,True,False,True,12/20/2017 15:00,12/21/2017 7:00,False,False,False,False,False,False,False,False,Colonial Heights,VA ,Colonial Heights,VA 
5676,206431401,12/18/2017 17:50,12/18/2017 17:50,12/20/2017 11:20,12/20/2017 15:00,12/21/2017 11:07,1252.64,1450.0,-197.36,302.3,RFR,,,False,0,Carrier 1024934,Shipper 1388,True,False,True,12/20/2017 15:00,12/21/2017 7:00,False,False,False,False,False,False,False,False,Colonial Heights,VA ,Colonial Heights,VA 
5677,206584009,6/6/2017 16:42,6/6/2017 16:43,6/7/2017 16:33,6/9/2017 17:00,6/12/2017 9:15,1252.62,1000.0,252.62,424.7,DRV,,,False,0,Carrier 77178,Shipper 1249,True,True,True,6/9/2017 17:00,6/12/2017 8:00,False,False,False,False,False,False,False,False,Jacksonville,FL ,Jacksonville,FL 
5678,206584009,6/6/2017 16:42,6/6/2017 16:43,6/7/2017 16:33,6/9/2017 17:00,6/12/2017 9:15,1252.62,1000.0,252.62,424.7,DRV,,,False,0,Carrier 77178,Shipper 1375,True,True,True,6/9/2017 17:00,6/12/2017 8:00,False,False,False,False,False,False,False,False,Jacksonville,FL ,Jacksonville,FL 
5679,206584009,6/6/2017 16:42,6/6/2017 16:43,6/7/2017 16:33,6/9/2017 17:00,6/12/2017 9:15,1252.62,1000.0,252.62,424.7,DRV,,,False,0,Carrier 77178,Shipper 1386,True,True,True,6/9/2017 17:00,6/12/2017 8:00,False,False,False,False,False,False,False,False,Jacksonville,FL ,Jacksonville,FL 
5680,206584009,6/6/2017 16:42,6/6/2017 16:43,6/7/2017 16:33,6/9/2017 17:00,6/12/2017 9:15,1252.62,1000.0,252.62,424.7,DRV,,,False,0,Carrier 77178,Shipper 1248,True,True,True,6/9/2017 17:00,6/12/2017 8:00,False,False,False,False,False,False,False,False,Jacksonville,FL ,Jacksonville,FL 
5681,206584009,6/6/2017 16:42,6/6/2017 16:43,6/7/2017 16:33,6/9/2017 17:00,6/12/2017 9:15,1252.62,1000.0,252.62,424.7,DRV,,,False,0,Carrier 77178,Shipper 1387,True,True,True,6/9/2017 17:00,6/12/2017 8:00,False,False,False,False,False,False,False,False,Jacksonville,FL ,Jacksonville,FL 
5682,206584009,6/6/2017 16:42,6/6/2017 16:43,6/7/2017 16:33,6/9/2017 17:00,6/12/2017 9:15,1252.62,1000.0,252.62,424.7,DRV,,,False,0,Carrier 77178,Shipper 1388,True,True,True,6/9/2017 17:00,6/12/2017 8:00,False,False,False,False,False,False,False,False,Jacksonville,FL ,Jacksonville,FL 
5683,206530313,4/10/2017 17:33,4/10/2017 17:42,4/11/2017 14:06,4/12/2017 14:00,4/12/2017 14:28,1252.21,1300.0,-47.79,518.0,RFR,,,False,0,Carrier 21656,Shipper 1268,True,True,True,4/12/2017 15:00,4/12/2017 19:00,False,False,False,False,False,False,False,False,Williams,MN ,Williams,MN 
5684,206640969,5/9/2017 16:17,5/9/2017 16:19,5/10/2017 18:21,5/11/2017 1:00,5/11/2017 12:22,1251.48,1050.0,201.48,278.8,DRV,,,False,0,Carrier 1375891,Shipper 1249,False,True,False,5/11/2017 1:00,5/11/2017 15:00,False,False,False,False,False,False,False,False,St. Louis,MO ,St. Louis,MO 
5685,206640969,5/9/2017 16:17,5/9/2017 16:19,5/10/2017 18:21,5/11/2017 1:00,5/11/2017 12:22,1251.48,1050.0,201.48,278.8,DRV,,,False,0,Carrier 1375891,Shipper 1375,False,True,False,5/11/2017 1:00,5/11/2017 15:00,False,False,False,False,False,False,False,False,St. Louis,MO ,St. Louis,MO 
5686,206640969,5/9/2017 16:17,5/9/2017 16:19,5/10/2017 18:21,5/11/2017 1:00,5/11/2017 12:22,1251.48,1050.0,201.48,278.8,DRV,,,False,0,Carrier 1375891,Shipper 1386,False,True,False,5/11/2017 1:00,5/11/2017 15:00,False,False,False,False,False,False,False,False,St. Louis,MO ,St. Louis,MO 
5687,206640969,5/9/2017 16:17,5/9/2017 16:19,5/10/2017 18:21,5/11/2017 1:00,5/11/2017 12:22,1251.48,1050.0,201.48,278.8,DRV,,,False,0,Carrier 1375891,Shipper 1248,False,True,False,5/11/2017 1:00,5/11/2017 15:00,False,False,False,False,False,False,False,False,St. Louis,MO ,St. Louis,MO 
5688,206640969,5/9/2017 16:17,5/9/2017 16:19,5/10/2017 18:21,5/11/2017 1:00,5/11/2017 12:22,1251.48,1050.0,201.48,278.8,DRV,,,False,0,Carrier 1375891,Shipper 1387,False,True,False,5/11/2017 1:00,5/11/2017 15:00,False,False,False,False,False,False,False,False,St. Louis,MO ,St. Louis,MO 
5689,206640969,5/9/2017 16:17,5/9/2017 16:19,5/10/2017 18:21,5/11/2017 1:00,5/11/2017 12:22,1251.48,1050.0,201.48,278.8,DRV,,,False,0,Carrier 1375891,Shipper 1388,False,True,False,5/11/2017 1:00,5/11/2017 15:00,False,False,False,False,False,False,False,False,St. Louis,MO ,St. Louis,MO 
5690,206584777,10/13/2017 11:48,10/13/2017 11:48,10/31/2017 14:32,11/1/2017 12:30,11/2/2017 9:00,1251.17,1075.0,176.17,192.0,DRV,,,False,1,Carrier 1032825,Shipper 1249,True,True,True,11/1/2017 12:30,11/2/2017 7:00,False,False,False,False,False,False,False,False,Carlisle,PA ,Carlisle,PA 
5691,206584777,10/13/2017 11:48,10/13/2017 11:48,10/31/2017 14:32,11/1/2017 12:30,11/2/2017 9:00,1251.17,1075.0,176.17,192.0,DRV,,,False,1,Carrier 1032825,Shipper 1375,True,True,True,11/1/2017 12:30,11/2/2017 7:00,False,False,False,False,False,False,False,False,Carlisle,PA ,Carlisle,PA 
5692,206584777,10/13/2017 11:48,10/13/2017 11:48,10/31/2017 14:32,11/1/2017 12:30,11/2/2017 9:00,1251.17,1075.0,176.17,192.0,DRV,,,False,1,Carrier 1032825,Shipper 1386,True,True,True,11/1/2017 12:30,11/2/2017 7:00,False,False,False,False,False,False,False,False,Carlisle,PA ,Carlisle,PA 
5693,206584777,10/13/2017 11:48,10/13/2017 11:48,10/31/2017 14:32,11/1/2017 12:30,11/2/2017 9:00,1251.17,1075.0,176.17,192.0,DRV,,,False,1,Carrier 1032825,Shipper 1248,True,True,True,11/1/2017 12:30,11/2/2017 7:00,False,False,False,False,False,False,False,False,Carlisle,PA ,Carlisle,PA 
5694,206584777,10/13/2017 11:48,10/13/2017 11:48,10/31/2017 14:32,11/1/2017 12:30,11/2/2017 9:00,1251.17,1075.0,176.17,192.0,DRV,,,False,1,Carrier 1032825,Shipper 1387,True,True,True,11/1/2017 12:30,11/2/2017 7:00,False,False,False,False,False,False,False,False,Carlisle,PA ,Carlisle,PA 
5695,206584777,10/13/2017 11:48,10/13/2017 11:48,10/31/2017 14:32,11/1/2017 12:30,11/2/2017 9:00,1251.17,1075.0,176.17,192.0,DRV,,,False,1,Carrier 1032825,Shipper 1388,True,True,True,11/1/2017 12:30,11/2/2017 7:00,False,False,False,False,False,False,False,False,Carlisle,PA ,Carlisle,PA 
5696,206631537,9/18/2017 17:01,9/18/2017 17:01,9/19/2017 10:36,9/20/2017 14:00,9/21/2017 8:30,1251.12,1200.0,51.12,451.5,RFR,,,False,0,Carrier 690828,Shipper 1249,True,True,True,9/20/2017 14:00,9/21/2017 16:30,False,False,False,False,False,False,False,False,Aurora,CO ,Aurora,CO 
5697,206631537,9/18/2017 17:01,9/18/2017 17:01,9/19/2017 10:36,9/20/2017 14:00,9/21/2017 8:30,1251.12,1200.0,51.12,451.5,RFR,,,False,0,Carrier 690828,Shipper 1375,True,True,True,9/20/2017 14:00,9/21/2017 16:30,False,False,False,False,False,False,False,False,Aurora,CO ,Aurora,CO 
5698,206631537,9/18/2017 17:01,9/18/2017 17:01,9/19/2017 10:36,9/20/2017 14:00,9/21/2017 8:30,1251.12,1200.0,51.12,451.5,RFR,,,False,0,Carrier 690828,Shipper 1386,True,True,True,9/20/2017 14:00,9/21/2017 16:30,False,False,False,False,False,False,False,False,Aurora,CO ,Aurora,CO 
5699,206631537,9/18/2017 17:01,9/18/2017 17:01,9/19/2017 10:36,9/20/2017 14:00,9/21/2017 8:30,1251.12,1200.0,51.12,451.5,RFR,,,False,0,Carrier 690828,Shipper 1248,True,True,True,9/20/2017 14:00,9/21/2017 16:30,False,False,False,False,False,False,False,False,Aurora,CO ,Aurora,CO 
5700,206631537,9/18/2017 17:01,9/18/2017 17:01,9/19/2017 10:36,9/20/2017 14:00,9/21/2017 8:30,1251.12,1200.0,51.12,451.5,RFR,,,False,0,Carrier 690828,Shipper 1387,True,True,True,9/20/2017 14:00,9/21/2017 16:30,False,False,False,False,False,False,False,False,Aurora,CO ,Aurora,CO 
5701,206631537,9/18/2017 17:01,9/18/2017 17:01,9/19/2017 10:36,9/20/2017 14:00,9/21/2017 8:30,1251.12,1200.0,51.12,451.5,RFR,,,False,0,Carrier 690828,Shipper 1388,True,True,True,9/20/2017 14:00,9/21/2017 16:30,False,False,False,False,False,False,False,False,Aurora,CO ,Aurora,CO 
5702,206709713,5/22/2017 13:54,5/22/2017 13:54,5/23/2017 14:49,5/23/2017 19:00,5/24/2017 9:00,1250.45,1400.0,-149.55,403.5,DRV,3.0,,False,0,Carrier 1315994,Shipper 1249,True,True,True,5/23/2017 19:00,5/24/2017 6:00,False,False,False,False,False,False,False,False,Granite City,IL ,Granite City,IL 
5703,206709713,5/22/2017 13:54,5/22/2017 13:54,5/23/2017 14:49,5/23/2017 19:00,5/24/2017 9:00,1250.45,1400.0,-149.55,403.5,DRV,3.0,,False,0,Carrier 1315994,Shipper 1375,True,True,True,5/23/2017 19:00,5/24/2017 6:00,False,False,False,False,False,False,False,False,Granite City,IL ,Granite City,IL 
5704,206709713,5/22/2017 13:54,5/22/2017 13:54,5/23/2017 14:49,5/23/2017 19:00,5/24/2017 9:00,1250.45,1400.0,-149.55,403.5,DRV,3.0,,False,0,Carrier 1315994,Shipper 1386,True,True,True,5/23/2017 19:00,5/24/2017 6:00,False,False,False,False,False,False,False,False,Granite City,IL ,Granite City,IL 
5705,206709713,5/22/2017 13:54,5/22/2017 13:54,5/23/2017 14:49,5/23/2017 19:00,5/24/2017 9:00,1250.45,1400.0,-149.55,403.5,DRV,3.0,,False,0,Carrier 1315994,Shipper 1248,True,True,True,5/23/2017 19:00,5/24/2017 6:00,False,False,False,False,False,False,False,False,Granite City,IL ,Granite City,IL 
5706,206709713,5/22/2017 13:54,5/22/2017 13:54,5/23/2017 14:49,5/23/2017 19:00,5/24/2017 9:00,1250.45,1400.0,-149.55,403.5,DRV,3.0,,False,0,Carrier 1315994,Shipper 1387,True,True,True,5/23/2017 19:00,5/24/2017 6:00,False,False,False,False,False,False,False,False,Granite City,IL ,Granite City,IL 
5707,206709713,5/22/2017 13:54,5/22/2017 13:54,5/23/2017 14:49,5/23/2017 19:00,5/24/2017 9:00,1250.45,1400.0,-149.55,403.5,DRV,3.0,,False,0,Carrier 1315994,Shipper 1388,True,True,True,5/23/2017 19:00,5/24/2017 6:00,False,False,False,False,False,False,False,False,Granite City,IL ,Granite City,IL 
5708,206631465,5/26/2017 11:17,5/26/2017 11:17,5/26/2017 11:50,5/26/2017 12:00,5/30/2017 9:00,1250.0,1000.0,250.0,348.2,DRV,,,False,0,Carrier 1331463,Shipper 1490,False,True,True,5/26/2017 12:00,5/30/2017 16:00,False,False,False,False,False,False,False,False,Pittsburgh,PA ,Pittsburgh,PA 
5709,206499185,4/27/2017 16:56,4/27/2017 16:57,4/28/2017 11:55,5/1/2017 9:00,5/2/2017 14:00,1250.0,1100.0,150.0,493.1,DRV,,,False,0,Carrier 1471981,Shipper 766,True,True,True,5/1/2017 16:00,5/5/2017 12:00,False,False,False,False,False,False,False,False,Paris,TN ,Paris,TN 
5710,206472545,7/12/2017 16:16,7/12/2017 16:16,7/20/2017 8:35,7/20/2017 8:30,7/21/2017 11:00,1250.0,1200.0,50.0,598.7,DRV,,,False,1,Carrier 33983,Shipper 1184,False,True,True,7/20/2017 8:30,7/21/2017 9:00,False,False,False,False,False,False,False,False,Lebanon,IN ,Lebanon,IN 
5711,206558057,7/12/2017 15:31,7/12/2017 15:31,7/17/2017 14:01,7/18/2017 8:30,7/19/2017 8:30,1250.0,1250.0,0.0,598.7,DRV,,,False,0,Carrier 1047029,Shipper 1184,True,True,True,7/18/2017 8:30,7/19/2017 7:00,False,False,False,False,False,False,False,False,Lebanon,IN ,Lebanon,IN 
5712,206495665,2/24/2017 16:39,2/24/2017 16:40,3/1/2017 7:39,3/1/2017 15:00,3/2/2017 11:50,1250.0,1200.0,50.0,645.4,DRV,,,False,0,Carrier 1389244,Shipper 1184,True,True,True,3/1/2017 15:00,3/2/2017 10:00,False,False,False,False,False,False,False,False,Zion,IL ,Zion,IL 
5713,206667193,11/6/2017 16:58,11/6/2017 16:58,11/9/2017 10:19,11/9/2017 10:00,11/10/2017 14:00,1249.43,1500.0,-250.57,344.0,RFR,,,False,0,Carrier 1028105,Shipper 1249,True,True,True,11/9/2017 16:00,11/10/2017 17:00,False,False,False,False,False,False,False,False,Aurora,CO ,Aurora,CO 
5714,206667193,11/6/2017 16:58,11/6/2017 16:58,11/9/2017 10:19,11/9/2017 10:00,11/10/2017 14:00,1249.43,1500.0,-250.57,344.0,RFR,,,False,0,Carrier 1028105,Shipper 1375,True,True,True,11/9/2017 16:00,11/10/2017 17:00,False,False,False,False,False,False,False,False,Aurora,CO ,Aurora,CO 
5715,206667193,11/6/2017 16:58,11/6/2017 16:58,11/9/2017 10:19,11/9/2017 10:00,11/10/2017 14:00,1249.43,1500.0,-250.57,344.0,RFR,,,False,0,Carrier 1028105,Shipper 1386,True,True,True,11/9/2017 16:00,11/10/2017 17:00,False,False,False,False,False,False,False,False,Aurora,CO ,Aurora,CO 
5716,206667193,11/6/2017 16:58,11/6/2017 16:58,11/9/2017 10:19,11/9/2017 10:00,11/10/2017 14:00,1249.43,1500.0,-250.57,344.0,RFR,,,False,0,Carrier 1028105,Shipper 1248,True,True,True,11/9/2017 16:00,11/10/2017 17:00,False,False,False,False,False,False,False,False,Aurora,CO ,Aurora,CO 
5717,206667193,11/6/2017 16:58,11/6/2017 16:58,11/9/2017 10:19,11/9/2017 10:00,11/10/2017 14:00,1249.43,1500.0,-250.57,344.0,RFR,,,False,0,Carrier 1028105,Shipper 1387,True,True,True,11/9/2017 16:00,11/10/2017 17:00,False,False,False,False,False,False,False,False,Aurora,CO ,Aurora,CO 
5718,206667193,11/6/2017 16:58,11/6/2017 16:58,11/9/2017 10:19,11/9/2017 10:00,11/10/2017 14:00,1249.43,1500.0,-250.57,344.0,RFR,,,False,0,Carrier 1028105,Shipper 1388,True,True,True,11/9/2017 16:00,11/10/2017 17:00,False,False,False,False,False,False,False,False,Aurora,CO ,Aurora,CO 
5719,206522137,11/2/2017 11:50,11/2/2017 11:50,11/3/2017 16:41,11/5/2017 9:00,11/6/2017 14:00,1249.3,1200.0,49.3,155.6,DRV,,,False,0,Carrier 1538656,Shipper 1662,False,True,True,11/5/2017 9:00,11/6/2017 13:00,False,False,False,False,False,True,False,False,New York,NY ,New York,NY 
5720,206484425,9/7/2017 16:25,9/7/2017 16:25,9/8/2017 12:48,9/10/2017 17:00,9/11/2017 13:00,1248.26,1400.0,-151.74,632.4,DRV,,,False,0,Carrier 1028053,Shipper 1249,True,True,True,9/10/2017 17:00,9/11/2017 16:00,False,False,False,False,False,False,False,False,Aurora,CO ,Aurora,CO 
5721,206484425,9/7/2017 16:25,9/7/2017 16:25,9/8/2017 12:48,9/10/2017 17:00,9/11/2017 13:00,1248.26,1400.0,-151.74,632.4,DRV,,,False,0,Carrier 1028053,Shipper 1375,True,True,True,9/10/2017 17:00,9/11/2017 16:00,False,False,False,False,False,False,False,False,Aurora,CO ,Aurora,CO 
5722,206484425,9/7/2017 16:25,9/7/2017 16:25,9/8/2017 12:48,9/10/2017 17:00,9/11/2017 13:00,1248.26,1400.0,-151.74,632.4,DRV,,,False,0,Carrier 1028053,Shipper 1386,True,True,True,9/10/2017 17:00,9/11/2017 16:00,False,False,False,False,False,False,False,False,Aurora,CO ,Aurora,CO 
5723,206484425,9/7/2017 16:25,9/7/2017 16:25,9/8/2017 12:48,9/10/2017 17:00,9/11/2017 13:00,1248.26,1400.0,-151.74,632.4,DRV,,,False,0,Carrier 1028053,Shipper 1248,True,True,True,9/10/2017 17:00,9/11/2017 16:00,False,False,False,False,False,False,False,False,Aurora,CO ,Aurora,CO 
5724,206484425,9/7/2017 16:25,9/7/2017 16:25,9/8/2017 12:48,9/10/2017 17:00,9/11/2017 13:00,1248.26,1400.0,-151.74,632.4,DRV,,,False,0,Carrier 1028053,Shipper 1387,True,True,True,9/10/2017 17:00,9/11/2017 16:00,False,False,False,False,False,False,False,False,Aurora,CO ,Aurora,CO 
5725,206484425,9/7/2017 16:25,9/7/2017 16:25,9/8/2017 12:48,9/10/2017 17:00,9/11/2017 13:00,1248.26,1400.0,-151.74,632.4,DRV,,,False,0,Carrier 1028053,Shipper 1388,True,True,True,9/10/2017 17:00,9/11/2017 16:00,False,False,False,False,False,False,False,False,Aurora,CO ,Aurora,CO 
5726,206501393,6/23/2017 16:28,6/23/2017 16:28,6/26/2017 14:27,6/26/2017 15:00,6/27/2017 7:45,1246.75,1200.0,46.75,266.6,RFR,,,False,0,Carrier 1694588,Shipper 1249,,,,6/26/2017 15:00,6/27/2017 12:00,False,False,False,False,False,False,False,False,Jacksonville,FL ,Jacksonville,FL 
5727,206501393,6/23/2017 16:28,6/23/2017 16:28,6/26/2017 14:27,6/26/2017 15:00,6/27/2017 7:45,1246.75,1200.0,46.75,266.6,RFR,,,False,0,Carrier 1694588,Shipper 1375,,,,6/26/2017 15:00,6/27/2017 12:00,False,False,False,False,False,False,False,False,Jacksonville,FL ,Jacksonville,FL 
5728,206491161,2/2/2017 11:06,2/2/2017 11:06,2/7/2017 9:22,2/7/2017 12:00,2/9/2017 12:30,1246.75,1150.0,96.75,1048.4,DRV,,,False,0,Carrier 288241,Shipper 773,True,True,True,2/7/2017 16:00,2/9/2017 15:00,False,False,False,False,False,False,False,False,Lake Wales,FL ,Lake Wales,FL 
5729,206501393,6/23/2017 16:28,6/23/2017 16:28,6/26/2017 14:27,6/26/2017 15:00,6/27/2017 7:45,1246.75,1200.0,46.75,266.6,RFR,,,False,0,Carrier 1694588,Shipper 1386,,,,6/26/2017 15:00,6/27/2017 12:00,False,False,False,False,False,False,False,False,Jacksonville,FL ,Jacksonville,FL 
5730,206501393,6/23/2017 16:28,6/23/2017 16:28,6/26/2017 14:27,6/26/2017 15:00,6/27/2017 7:45,1246.75,1200.0,46.75,266.6,RFR,,,False,0,Carrier 1694588,Shipper 1248,,,,6/26/2017 15:00,6/27/2017 12:00,False,False,False,False,False,False,False,False,Jacksonville,FL ,Jacksonville,FL 
5731,206501393,6/23/2017 16:28,6/23/2017 16:28,6/26/2017 14:27,6/26/2017 15:00,6/27/2017 7:45,1246.75,1200.0,46.75,266.6,RFR,,,False,0,Carrier 1694588,Shipper 1387,,,,6/26/2017 15:00,6/27/2017 12:00,False,False,False,False,False,False,False,False,Jacksonville,FL ,Jacksonville,FL 
5732,206501393,6/23/2017 16:28,6/23/2017 16:28,6/26/2017 14:27,6/26/2017 15:00,6/27/2017 7:45,1246.75,1200.0,46.75,266.6,RFR,,,False,0,Carrier 1694588,Shipper 1388,,,,6/26/2017 15:00,6/27/2017 12:00,False,False,False,False,False,False,False,False,Jacksonville,FL ,Jacksonville,FL 
5733,206504441,2/9/2017 12:00,2/9/2017 12:00,2/13/2017 10:59,2/13/2017 13:00,2/15/2017 8:30,1246.06,1225.0,21.06,385.3,DRV,1.0,,False,0,Carrier 31047,Shipper 943,,,,2/13/2017 13:00,2/15/2017 5:00,False,False,False,False,False,False,False,False,North East,MD ,North East,MD 
5734,206542793,5/30/2017 20:02,5/30/2017 20:02,6/6/2017 13:42,6/6/2017 11:00,6/7/2017 11:00,1245.0,1300.0,-55.0,574.7,DRV,,,False,2,Carrier 1654710,Shipper 758,True,True,True,6/6/2017 20:00,6/7/2017 10:30,False,False,False,False,False,False,False,False,Fresno,CA ,Fresno,CA 
5735,206569097,2/6/2017 13:03,2/6/2017 13:03,2/14/2017 11:58,2/15/2017 11:00,2/16/2017 7:00,1245.0,1000.0,245.0,574.7,DRV,,,False,0,Carrier 5742,Shipper 758,True,True,True,2/16/2017 1:00,2/16/2017 4:00,False,False,False,False,False,False,False,False,Fresno,CA ,Fresno,CA 
5736,206512425,5/2/2017 17:46,5/2/2017 17:46,5/8/2017 11:11,5/9/2017 11:00,5/10/2017 11:45,1245.0,1200.0,45.0,574.7,DRV,3.0,,False,0,Carrier 5742,Shipper 758,True,True,True,5/9/2017 20:00,5/10/2017 8:00,False,False,False,False,False,False,False,False,Fresno,CA ,Fresno,CA 
5737,206430425,2/15/2017 16:45,2/15/2017 16:46,2/22/2017 11:29,2/23/2017 11:00,2/24/2017 9:00,1245.0,1000.0,245.0,574.7,DRV,,,False,0,Carrier 1069080,Shipper 758,True,True,True,2/24/2017 1:00,2/24/2017 7:00,False,False,False,False,False,False,False,False,Fresno,CA ,Fresno,CA 
5738,206657977,5/9/2017 9:09,5/9/2017 9:09,5/16/2017 18:07,5/16/2017 14:00,5/18/2017 13:00,1245.0,1700.0,-455.0,574.7,DRV,,,False,1,Carrier 851632,Shipper 758,True,True,True,5/17/2017 1:00,5/18/2017 5:00,False,False,False,False,False,False,False,False,Fresno,CA ,Fresno,CA 
5739,206565841,1/31/2017 16:40,1/31/2017 16:40,2/6/2017 13:45,2/7/2017 11:00,2/8/2017 13:30,1245.0,1000.0,245.0,574.7,DRV,2.0,,False,0,Carrier 5742,Shipper 758,True,True,True,2/8/2017 1:00,2/8/2017 9:30,False,False,False,False,False,False,False,False,Fresno,CA ,Fresno,CA 
5740,206435433,5/16/2017 14:48,5/16/2017 14:48,5/23/2017 12:14,5/24/2017 11:00,5/25/2017 14:00,1245.0,1320.0,-75.0,574.7,DRV,,,False,0,Carrier 5742,Shipper 758,True,True,True,5/24/2017 20:00,5/25/2017 8:00,False,False,False,False,False,False,False,False,Fresno,CA ,Fresno,CA 
5741,206485745,3/15/2017 9:07,3/15/2017 9:07,3/22/2017 14:30,3/23/2017 11:00,3/24/2017 13:00,1245.0,1000.0,245.0,574.7,DRV,,,False,1,Carrier 5742,Shipper 758,True,True,True,3/23/2017 20:00,3/24/2017 20:00,False,False,False,False,False,False,False,False,Fresno,CA ,Fresno,CA 
5742,206477041,2/7/2017 8:23,2/7/2017 8:23,2/13/2017 14:13,2/14/2017 11:00,2/15/2017 7:00,1245.0,1000.0,245.0,574.7,DRV,,,False,0,Carrier 5742,Shipper 758,True,True,True,2/14/2017 23:00,2/15/2017 4:00,False,False,False,False,False,False,False,False,Fresno,CA ,Fresno,CA 
5743,206435081,4/25/2017 11:40,4/25/2017 11:40,5/1/2017 11:35,5/2/2017 11:00,5/3/2017 8:00,1245.0,1200.0,45.0,574.7,DRV,3.0,,False,0,Carrier 5742,Shipper 758,True,True,True,5/2/2017 20:00,5/3/2017 5:00,False,False,False,False,False,False,False,False,Fresno,CA ,Fresno,CA 
5744,206539689,3/7/2017 16:24,3/7/2017 16:24,3/14/2017 14:35,3/16/2017 11:00,3/17/2017 12:30,1245.0,1000.0,245.0,574.7,DRV,,,False,0,Carrier 1011047,Shipper 758,True,True,True,3/16/2017 23:00,3/17/2017 10:30,False,False,False,False,False,False,False,False,Fresno,CA ,Fresno,CA 
5745,206601121,2/27/2017 19:42,2/27/2017 19:43,3/7/2017 17:06,3/9/2017 11:00,3/10/2017 9:20,1245.0,1000.0,245.0,574.7,DRV,4.0,,False,0,Carrier 1011047,Shipper 758,True,True,True,3/9/2017 23:00,3/10/2017 7:00,False,False,False,False,False,False,False,False,Fresno,CA ,Fresno,CA 
5746,206477017,1/24/2017 13:27,1/24/2017 13:27,1/31/2017 14:01,2/1/2017 11:00,2/2/2017 10:00,1245.0,1000.0,245.0,574.7,DRV,,,False,1,Carrier 5742,Shipper 758,True,True,True,2/2/2017 1:00,2/2/2017 9:30,False,False,False,False,False,False,False,False,Fresno,CA ,Fresno,CA 
5747,206539681,1/19/2017 16:53,1/19/2017 16:54,1/25/2017 15:31,1/26/2017 11:00,1/28/2017 0:30,1245.0,1050.0,195.0,574.7,DRV,,,False,1,Carrier 93468,Shipper 758,True,True,True,1/27/2017 1:00,1/28/2017 9:00,False,False,False,False,False,False,False,False,Fresno,CA ,Fresno,CA 
5748,206507449,2/21/2017 8:33,2/21/2017 8:33,2/28/2017 11:23,3/2/2017 11:00,3/3/2017 11:10,1245.0,1000.0,245.0,574.7,DRV,4.0,,False,0,Carrier 1011047,Shipper 758,True,True,True,3/3/2017 1:00,3/3/2017 7:00,False,False,False,False,False,False,False,False,Fresno,CA ,Fresno,CA 
5749,206421857,5/22/2017 17:46,5/22/2017 17:47,5/30/2017 8:47,5/30/2017 11:00,5/31/2017 14:00,1245.0,1300.0,-55.0,574.7,DRV,,,False,1,Carrier 1543679,Shipper 758,True,False,False,5/30/2017 20:00,5/31/2017 8:00,False,False,False,False,False,False,False,False,Fresno,CA ,Fresno,CA 
5750,206584321,6/13/2017 15:31,6/13/2017 15:32,6/21/2017 13:17,6/22/2017 11:00,6/23/2017 13:00,1245.0,1300.0,-55.0,574.7,DRV,,,False,0,Carrier 1081444,Shipper 758,True,True,True,6/22/2017 20:00,6/23/2017 8:00,False,False,False,False,False,False,False,False,Fresno,CA ,Fresno,CA 
5751,206585753,6/6/2017 18:28,6/6/2017 18:28,6/14/2017 15:39,6/15/2017 11:00,6/16/2017 12:00,1245.0,1370.0,-125.0,574.7,DRV,,,False,0,Carrier 1428438,Shipper 758,True,True,True,6/15/2017 20:00,6/16/2017 8:00,False,False,False,False,False,False,False,False,Fresno,CA ,Fresno,CA 
5752,206607705,4/11/2017 9:18,4/11/2017 9:18,4/18/2017 16:34,4/20/2017 11:00,4/21/2017 10:50,1245.0,1100.0,145.0,574.7,DRV,3.0,,False,0,Carrier 1058232,Shipper 758,True,True,True,4/20/2017 18:00,4/21/2017 8:00,False,False,False,False,False,False,False,False,Fresno,CA ,Fresno,CA 
5753,206666753,5/2/2017 17:48,5/2/2017 17:48,5/10/2017 11:35,5/11/2017 11:00,5/12/2017 10:00,1245.0,1200.0,45.0,574.7,DRV,,,False,0,Carrier 1058232,Shipper 758,True,True,True,5/11/2017 20:00,5/12/2017 8:00,False,False,False,False,False,False,False,False,Fresno,CA ,Fresno,CA 
5754,206560297,5/9/2017 9:11,5/9/2017 9:12,5/16/2017 15:40,5/18/2017 11:00,5/19/2017 12:00,1245.0,1200.0,45.0,574.7,DRV,3.0,,False,0,Carrier 1694577,Shipper 758,True,True,True,5/18/2017 20:00,5/19/2017 8:00,False,False,False,False,False,False,False,False,Fresno,CA ,Fresno,CA 
5755,206490289,4/18/2017 17:32,4/18/2017 17:32,4/27/2017 12:15,4/27/2017 11:00,4/28/2017 10:34,1245.0,1400.0,-155.0,574.7,DRV,,,False,2,Carrier 1695232,Shipper 758,True,True,True,4/28/2017 1:00,4/28/2017 8:00,False,False,False,False,False,False,False,False,Fresno,CA ,Fresno,CA 
5756,206468529,4/25/2017 11:44,4/25/2017 11:44,5/3/2017 16:17,5/4/2017 11:00,5/5/2017 10:55,1245.0,1200.0,45.0,574.7,DRV,2.0,,False,0,Carrier 1058232,Shipper 758,True,True,True,5/4/2017 20:00,5/5/2017 8:00,False,False,False,False,False,False,False,False,Fresno,CA ,Fresno,CA 
5757,206494417,3/21/2017 15:04,3/21/2017 15:04,3/29/2017 14:19,3/30/2017 11:00,3/31/2017 10:55,1245.0,1100.0,145.0,574.7,DRV,,,False,0,Carrier 1058232,Shipper 758,True,False,False,3/31/2017 1:00,3/31/2017 8:00,False,False,False,False,False,False,False,False,Fresno,CA ,Fresno,CA 
5758,206550825,10/11/2017 15:03,10/11/2017 15:06,10/15/2017 17:10,10/16/2017 9:00,10/17/2017 15:19,1244.05,1150.0,94.05,22.9,DRV,,,False,0,Carrier 3939,Shipper 705,True,True,True,10/16/2017 12:00,10/17/2017 9:00,False,False,False,False,False,True,False,False,Brooklyn,NY ,Brooklyn,NY 
5759,206550017,8/31/2017 12:25,8/31/2017 12:25,8/31/2017 12:44,9/1/2017 7:00,9/2/2017 9:45,1242.0,650.0,592.0,232.5,DRV,,,False,0,Carrier 13940,Shipper 1249,True,True,True,9/1/2017 21:00,9/2/2017 12:00,False,False,False,False,False,False,False,False,Erie,PA ,Erie,PA 
5760,206550017,8/31/2017 12:25,8/31/2017 12:25,8/31/2017 12:44,9/1/2017 7:00,9/2/2017 9:45,1242.0,650.0,592.0,232.5,DRV,,,False,0,Carrier 13940,Shipper 1375,True,True,True,9/1/2017 21:00,9/2/2017 12:00,False,False,False,False,False,False,False,False,Erie,PA ,Erie,PA 
5761,206550017,8/31/2017 12:25,8/31/2017 12:25,8/31/2017 12:44,9/1/2017 7:00,9/2/2017 9:45,1242.0,650.0,592.0,232.5,DRV,,,False,0,Carrier 13940,Shipper 1386,True,True,True,9/1/2017 21:00,9/2/2017 12:00,False,False,False,False,False,False,False,False,Erie,PA ,Erie,PA 
5762,206550017,8/31/2017 12:25,8/31/2017 12:25,8/31/2017 12:44,9/1/2017 7:00,9/2/2017 9:45,1242.0,650.0,592.0,232.5,DRV,,,False,0,Carrier 13940,Shipper 1248,True,True,True,9/1/2017 21:00,9/2/2017 12:00,False,False,False,False,False,False,False,False,Erie,PA ,Erie,PA 
5763,206550017,8/31/2017 12:25,8/31/2017 12:25,8/31/2017 12:44,9/1/2017 7:00,9/2/2017 9:45,1242.0,650.0,592.0,232.5,DRV,,,False,0,Carrier 13940,Shipper 1387,True,True,True,9/1/2017 21:00,9/2/2017 12:00,False,False,False,False,False,False,False,False,Erie,PA ,Erie,PA 
5764,206550017,8/31/2017 12:25,8/31/2017 12:25,8/31/2017 12:44,9/1/2017 7:00,9/2/2017 9:45,1242.0,650.0,592.0,232.5,DRV,,,False,0,Carrier 13940,Shipper 1388,True,True,True,9/1/2017 21:00,9/2/2017 12:00,False,False,False,False,False,False,False,False,Erie,PA ,Erie,PA 
5765,206577641,7/24/2017 16:51,7/24/2017 16:52,7/25/2017 13:44,7/26/2017 13:00,7/27/2017 13:00,1240.95,1100.0,140.95,664.5,RFR,,,False,0,Carrier 690828,Shipper 1249,True,True,True,7/26/2017 13:00,7/27/2017 11:15,False,False,False,False,False,False,False,False,Aurora,CO ,Aurora,CO 
5766,206577641,7/24/2017 16:51,7/24/2017 16:52,7/25/2017 13:44,7/26/2017 13:00,7/27/2017 13:00,1240.95,1100.0,140.95,664.5,RFR,,,False,0,Carrier 690828,Shipper 1375,True,True,True,7/26/2017 13:00,7/27/2017 11:15,False,False,False,False,False,False,False,False,Aurora,CO ,Aurora,CO 
5767,206577641,7/24/2017 16:51,7/24/2017 16:52,7/25/2017 13:44,7/26/2017 13:00,7/27/2017 13:00,1240.95,1100.0,140.95,664.5,RFR,,,False,0,Carrier 690828,Shipper 1386,True,True,True,7/26/2017 13:00,7/27/2017 11:15,False,False,False,False,False,False,False,False,Aurora,CO ,Aurora,CO 
5768,206577641,7/24/2017 16:51,7/24/2017 16:52,7/25/2017 13:44,7/26/2017 13:00,7/27/2017 13:00,1240.95,1100.0,140.95,664.5,RFR,,,False,0,Carrier 690828,Shipper 1248,True,True,True,7/26/2017 13:00,7/27/2017 11:15,False,False,False,False,False,False,False,False,Aurora,CO ,Aurora,CO 
5769,206577641,7/24/2017 16:51,7/24/2017 16:52,7/25/2017 13:44,7/26/2017 13:00,7/27/2017 13:00,1240.95,1100.0,140.95,664.5,RFR,,,False,0,Carrier 690828,Shipper 1387,True,True,True,7/26/2017 13:00,7/27/2017 11:15,False,False,False,False,False,False,False,False,Aurora,CO ,Aurora,CO 
5770,206577641,7/24/2017 16:51,7/24/2017 16:52,7/25/2017 13:44,7/26/2017 13:00,7/27/2017 13:00,1240.95,1100.0,140.95,664.5,RFR,,,False,0,Carrier 690828,Shipper 1388,True,True,True,7/26/2017 13:00,7/27/2017 11:15,False,False,False,False,False,False,False,False,Aurora,CO ,Aurora,CO 
5771,206535153,5/10/2017 13:51,5/10/2017 13:51,5/11/2017 12:42,5/11/2017 14:00,5/12/2017 10:05,1240.86,1200.0,40.86,218.7,DRV,4.0,,False,0,Carrier 68046,Shipper 1249,True,True,True,5/11/2017 14:00,5/12/2017 15:00,False,False,False,False,False,False,False,False,Houston,TX ,Houston,TX 
5772,206535153,5/10/2017 13:51,5/10/2017 13:51,5/11/2017 12:42,5/11/2017 14:00,5/12/2017 10:05,1240.86,1200.0,40.86,218.7,DRV,4.0,,False,0,Carrier 68046,Shipper 1375,True,True,True,5/11/2017 14:00,5/12/2017 15:00,False,False,False,False,False,False,False,False,Houston,TX ,Houston,TX 
5773,206535153,5/10/2017 13:51,5/10/2017 13:51,5/11/2017 12:42,5/11/2017 14:00,5/12/2017 10:05,1240.86,1200.0,40.86,218.7,DRV,4.0,,False,0,Carrier 68046,Shipper 1386,True,True,True,5/11/2017 14:00,5/12/2017 15:00,False,False,False,False,False,False,False,False,Houston,TX ,Houston,TX 
5774,206535153,5/10/2017 13:51,5/10/2017 13:51,5/11/2017 12:42,5/11/2017 14:00,5/12/2017 10:05,1240.86,1200.0,40.86,218.7,DRV,4.0,,False,0,Carrier 68046,Shipper 1248,True,True,True,5/11/2017 14:00,5/12/2017 15:00,False,False,False,False,False,False,False,False,Houston,TX ,Houston,TX 
5775,206535153,5/10/2017 13:51,5/10/2017 13:51,5/11/2017 12:42,5/11/2017 14:00,5/12/2017 10:05,1240.86,1200.0,40.86,218.7,DRV,4.0,,False,0,Carrier 68046,Shipper 1387,True,True,True,5/11/2017 14:00,5/12/2017 15:00,False,False,False,False,False,False,False,False,Houston,TX ,Houston,TX 
5776,206535153,5/10/2017 13:51,5/10/2017 13:51,5/11/2017 12:42,5/11/2017 14:00,5/12/2017 10:05,1240.86,1200.0,40.86,218.7,DRV,4.0,,False,0,Carrier 68046,Shipper 1388,True,True,True,5/11/2017 14:00,5/12/2017 15:00,False,False,False,False,False,False,False,False,Houston,TX ,Houston,TX 
5777,206469857,7/14/2017 15:27,7/14/2017 15:27,7/17/2017 16:24,7/18/2017 7:00,7/19/2017 16:00,1240.0,1200.0,40.0,760.9,DRV,,,False,0,Carrier 106239,Shipper 623,True,True,True,7/18/2017 14:00,7/20/2017 16:00,False,False,False,False,False,False,False,False,Franklin,VA ,Franklin,VA 
5778,206509737,1/10/2017 12:57,1/10/2017 12:57,1/16/2017 9:48,1/16/2017 14:00,1/18/2017 16:15,1240.0,1200.0,40.0,1072.3,DRV,,,False,0,Carrier 92971,Shipper 585,True,False,False,1/16/2017 14:00,1/18/2017 10:00,False,False,False,False,False,False,False,False,Plant City,FL ,Plant City,FL 
5779,206543833,1/10/2017 12:59,1/10/2017 12:59,1/16/2017 9:29,1/16/2017 13:00,1/18/2017 10:45,1240.0,1300.0,-60.0,1072.3,DRV,,,False,0,Carrier 3306,Shipper 585,True,True,True,1/16/2017 13:00,1/18/2017 9:00,False,False,False,False,False,False,False,False,Plant City,FL ,Plant City,FL 
5780,206467225,5/22/2017 13:47,5/22/2017 13:47,5/23/2017 14:35,5/23/2017 22:00,5/24/2017 10:45,1239.57,1050.0,189.57,255.0,DRV,4.0,,False,0,Carrier 1350322,Shipper 1249,True,True,True,5/23/2017 22:00,5/24/2017 15:00,False,False,False,False,False,False,False,False,Columbus,OH ,Columbus,OH 
5781,206467225,5/22/2017 13:47,5/22/2017 13:47,5/23/2017 14:35,5/23/2017 22:00,5/24/2017 10:45,1239.57,1050.0,189.57,255.0,DRV,4.0,,False,0,Carrier 1350322,Shipper 1375,True,True,True,5/23/2017 22:00,5/24/2017 15:00,False,False,False,False,False,False,False,False,Columbus,OH ,Columbus,OH 
5782,206467225,5/22/2017 13:47,5/22/2017 13:47,5/23/2017 14:35,5/23/2017 22:00,5/24/2017 10:45,1239.57,1050.0,189.57,255.0,DRV,4.0,,False,0,Carrier 1350322,Shipper 1386,True,True,True,5/23/2017 22:00,5/24/2017 15:00,False,False,False,False,False,False,False,False,Columbus,OH ,Columbus,OH 
5783,206467225,5/22/2017 13:47,5/22/2017 13:47,5/23/2017 14:35,5/23/2017 22:00,5/24/2017 10:45,1239.57,1050.0,189.57,255.0,DRV,4.0,,False,0,Carrier 1350322,Shipper 1248,True,True,True,5/23/2017 22:00,5/24/2017 15:00,False,False,False,False,False,False,False,False,Columbus,OH ,Columbus,OH 
5784,206467225,5/22/2017 13:47,5/22/2017 13:47,5/23/2017 14:35,5/23/2017 22:00,5/24/2017 10:45,1239.57,1050.0,189.57,255.0,DRV,4.0,,False,0,Carrier 1350322,Shipper 1387,True,True,True,5/23/2017 22:00,5/24/2017 15:00,False,False,False,False,False,False,False,False,Columbus,OH ,Columbus,OH 
5785,206467225,5/22/2017 13:47,5/22/2017 13:47,5/23/2017 14:35,5/23/2017 22:00,5/24/2017 10:45,1239.57,1050.0,189.57,255.0,DRV,4.0,,False,0,Carrier 1350322,Shipper 1388,True,True,True,5/23/2017 22:00,5/24/2017 15:00,False,False,False,False,False,False,False,False,Columbus,OH ,Columbus,OH 
5786,206659561,12/18/2017 17:00,12/18/2017 17:00,1/2/2018 12:40,1/3/2018 6:00,1/4/2018 12:15,1238.01,1050.0,188.01,212.5,DRV,,,False,0,Carrier 1693505,Shipper 1249,True,True,True,1/3/2018 14:00,1/4/2018 23:00,False,False,False,False,False,False,False,False,Lewistown,PA ,Lewistown,PA 
5787,206659561,12/18/2017 17:00,12/18/2017 17:00,1/2/2018 12:40,1/3/2018 6:00,1/4/2018 12:15,1238.01,1050.0,188.01,212.5,DRV,,,False,0,Carrier 1693505,Shipper 1375,True,True,True,1/3/2018 14:00,1/4/2018 23:00,False,False,False,False,False,False,False,False,Lewistown,PA ,Lewistown,PA 
5788,206659561,12/18/2017 17:00,12/18/2017 17:00,1/2/2018 12:40,1/3/2018 6:00,1/4/2018 12:15,1238.01,1050.0,188.01,212.5,DRV,,,False,0,Carrier 1693505,Shipper 1386,True,True,True,1/3/2018 14:00,1/4/2018 23:00,False,False,False,False,False,False,False,False,Lewistown,PA ,Lewistown,PA 
5789,206659561,12/18/2017 17:00,12/18/2017 17:00,1/2/2018 12:40,1/3/2018 6:00,1/4/2018 12:15,1238.01,1050.0,188.01,212.5,DRV,,,False,0,Carrier 1693505,Shipper 1248,True,True,True,1/3/2018 14:00,1/4/2018 23:00,False,False,False,False,False,False,False,False,Lewistown,PA ,Lewistown,PA 
5790,206659561,12/18/2017 17:00,12/18/2017 17:00,1/2/2018 12:40,1/3/2018 6:00,1/4/2018 12:15,1238.01,1050.0,188.01,212.5,DRV,,,False,0,Carrier 1693505,Shipper 1387,True,True,True,1/3/2018 14:00,1/4/2018 23:00,False,False,False,False,False,False,False,False,Lewistown,PA ,Lewistown,PA 
5791,206659561,12/18/2017 17:00,12/18/2017 17:00,1/2/2018 12:40,1/3/2018 6:00,1/4/2018 12:15,1238.01,1050.0,188.01,212.5,DRV,,,False,0,Carrier 1693505,Shipper 1388,True,True,True,1/3/2018 14:00,1/4/2018 23:00,False,False,False,False,False,False,False,False,Lewistown,PA ,Lewistown,PA 
5792,206512729,9/26/2017 9:10,9/26/2017 9:10,9/28/2017 10:40,9/29/2017 7:00,10/10/2017 10:15,1237.89,1050.0,187.89,264.1,DRV,,,False,0,Carrier 1023795,Shipper 1357,True,True,True,9/29/2017 16:00,10/2/2017 9:00,False,False,False,False,False,False,False,False,Chippewa Falls,WI ,Chippewa Falls,WI 
5793,206560425,2/23/2017 12:28,2/23/2017 12:28,2/27/2017 8:49,2/27/2017 9:00,2/28/2017 14:00,1236.37,1275.0,-38.63,648.1,DRV,3.0,,False,0,Carrier 1047029,Shipper 749,True,True,True,2/27/2017 16:00,2/28/2017 15:00,False,False,False,False,False,False,False,False,Des Moines,IA ,Des Moines,IA 
5794,206578185,10/23/2017 15:03,10/23/2017 15:03,10/25/2017 7:46,10/25/2017 8:00,10/26/2017 11:45,1233.35,1300.0,-66.65,578.9,DRV,,,False,0,Carrier 1343762,Shipper 705,True,True,True,10/25/2017 16:00,10/26/2017 16:00,False,False,False,False,False,False,False,False,Philadelphia,PA ,Philadelphia,PA 
5795,206531625,8/17/2017 12:44,8/17/2017 12:45,8/21/2017 7:55,8/21/2017 8:00,8/22/2017 8:00,1233.09,1300.0,-66.91,332.2,DRV,,,False,0,Carrier 1215346,Shipper 623,True,True,True,8/21/2017 15:00,8/22/2017 7:00,False,False,False,False,False,False,False,False,Sinking Spring,PA ,Sinking Spring,PA 
5796,206658001,8/2/2017 16:43,8/2/2017 16:43,8/4/2017 14:19,8/4/2017 18:00,8/7/2017 11:00,1233.02,1425.0,-191.98,811.7,DRV,,,False,1,Carrier 80368,Shipper 1249,True,True,True,8/4/2017 18:00,8/7/2017 16:30,False,False,False,False,False,False,False,False,Fort Collins,CO ,Fort Collins,CO 
5797,206658001,8/2/2017 16:43,8/2/2017 16:43,8/4/2017 14:19,8/4/2017 18:00,8/7/2017 11:00,1233.02,1425.0,-191.98,811.7,DRV,,,False,1,Carrier 80368,Shipper 1375,True,True,True,8/4/2017 18:00,8/7/2017 16:30,False,False,False,False,False,False,False,False,Fort Collins,CO ,Fort Collins,CO 
5798,206658001,8/2/2017 16:43,8/2/2017 16:43,8/4/2017 14:19,8/4/2017 18:00,8/7/2017 11:00,1233.02,1425.0,-191.98,811.7,DRV,,,False,1,Carrier 80368,Shipper 1386,True,True,True,8/4/2017 18:00,8/7/2017 16:30,False,False,False,False,False,False,False,False,Fort Collins,CO ,Fort Collins,CO 
5799,206658001,8/2/2017 16:43,8/2/2017 16:43,8/4/2017 14:19,8/4/2017 18:00,8/7/2017 11:00,1233.02,1425.0,-191.98,811.7,DRV,,,False,1,Carrier 80368,Shipper 1248,True,True,True,8/4/2017 18:00,8/7/2017 16:30,False,False,False,False,False,False,False,False,Fort Collins,CO ,Fort Collins,CO 
5800,206658001,8/2/2017 16:43,8/2/2017 16:43,8/4/2017 14:19,8/4/2017 18:00,8/7/2017 11:00,1233.02,1425.0,-191.98,811.7,DRV,,,False,1,Carrier 80368,Shipper 1387,True,True,True,8/4/2017 18:00,8/7/2017 16:30,False,False,False,False,False,False,False,False,Fort Collins,CO ,Fort Collins,CO 
5801,206658001,8/2/2017 16:43,8/2/2017 16:43,8/4/2017 14:19,8/4/2017 18:00,8/7/2017 11:00,1233.02,1425.0,-191.98,811.7,DRV,,,False,1,Carrier 80368,Shipper 1388,True,True,True,8/4/2017 18:00,8/7/2017 16:30,False,False,False,False,False,False,False,False,Fort Collins,CO ,Fort Collins,CO 
5802,206528481,6/6/2017 17:13,6/6/2017 17:13,6/7/2017 12:42,6/8/2017 12:00,6/9/2017 23:00,1232.79,1200.0,32.79,449.0,DRV,,,False,0,Carrier 1055147,Shipper 1249,True,True,True,6/8/2017 12:00,6/9/2017 8:30,False,False,False,False,False,False,False,False,Jacksonville,FL ,Jacksonville,FL 
5803,206528481,6/6/2017 17:13,6/6/2017 17:13,6/7/2017 12:42,6/8/2017 12:00,6/9/2017 23:00,1232.79,1200.0,32.79,449.0,DRV,,,False,0,Carrier 1055147,Shipper 1375,True,True,True,6/8/2017 12:00,6/9/2017 8:30,False,False,False,False,False,False,False,False,Jacksonville,FL ,Jacksonville,FL 
5804,206528481,6/6/2017 17:13,6/6/2017 17:13,6/7/2017 12:42,6/8/2017 12:00,6/9/2017 23:00,1232.79,1200.0,32.79,449.0,DRV,,,False,0,Carrier 1055147,Shipper 1386,True,True,True,6/8/2017 12:00,6/9/2017 8:30,False,False,False,False,False,False,False,False,Jacksonville,FL ,Jacksonville,FL 
5805,206528481,6/6/2017 17:13,6/6/2017 17:13,6/7/2017 12:42,6/8/2017 12:00,6/9/2017 23:00,1232.79,1200.0,32.79,449.0,DRV,,,False,0,Carrier 1055147,Shipper 1248,True,True,True,6/8/2017 12:00,6/9/2017 8:30,False,False,False,False,False,False,False,False,Jacksonville,FL ,Jacksonville,FL 
5806,206528481,6/6/2017 17:13,6/6/2017 17:13,6/7/2017 12:42,6/8/2017 12:00,6/9/2017 23:00,1232.79,1200.0,32.79,449.0,DRV,,,False,0,Carrier 1055147,Shipper 1387,True,True,True,6/8/2017 12:00,6/9/2017 8:30,False,False,False,False,False,False,False,False,Jacksonville,FL ,Jacksonville,FL 
5807,206528481,6/6/2017 17:13,6/6/2017 17:13,6/7/2017 12:42,6/8/2017 12:00,6/9/2017 23:00,1232.79,1200.0,32.79,449.0,DRV,,,False,0,Carrier 1055147,Shipper 1388,True,True,True,6/8/2017 12:00,6/9/2017 8:30,False,False,False,False,False,False,False,False,Jacksonville,FL ,Jacksonville,FL 
5808,206634961,8/31/2017 13:16,8/31/2017 13:16,9/7/2017 11:28,9/12/2017 17:00,9/13/2017 11:30,1232.0,1200.0,32.0,428.2,DRV,,,False,0,Carrier 101147,Shipper 585,True,True,True,9/12/2017 17:00,9/13/2017 10:00,False,False,False,False,False,False,False,False,Santa Ana,CA ,Santa Ana,CA 
5809,206727705,5/8/2017 17:01,5/8/2017 17:02,5/9/2017 9:52,5/10/2017 9:30,5/10/2017 18:00,1230.77,1000.0,230.77,146.2,DRV,3.0,,False,0,Carrier 31074,Shipper 1249,True,True,True,5/10/2017 9:30,5/11/2017 10:45,False,False,False,False,False,False,False,False,Cranbury Township,NJ ,Cranbury Township,NJ 
5810,206727705,5/8/2017 17:01,5/8/2017 17:02,5/9/2017 9:52,5/10/2017 9:30,5/10/2017 18:00,1230.77,1000.0,230.77,146.2,DRV,3.0,,False,0,Carrier 31074,Shipper 1375,True,True,True,5/10/2017 9:30,5/11/2017 10:45,False,False,False,False,False,False,False,False,Cranbury Township,NJ ,Cranbury Township,NJ 
5811,206727705,5/8/2017 17:01,5/8/2017 17:02,5/9/2017 9:52,5/10/2017 9:30,5/10/2017 18:00,1230.77,1000.0,230.77,146.2,DRV,3.0,,False,0,Carrier 31074,Shipper 1386,True,True,True,5/10/2017 9:30,5/11/2017 10:45,False,False,False,False,False,False,False,False,Cranbury Township,NJ ,Cranbury Township,NJ 
5812,206727705,5/8/2017 17:01,5/8/2017 17:02,5/9/2017 9:52,5/10/2017 9:30,5/10/2017 18:00,1230.77,1000.0,230.77,146.2,DRV,3.0,,False,0,Carrier 31074,Shipper 1248,True,True,True,5/10/2017 9:30,5/11/2017 10:45,False,False,False,False,False,False,False,False,Cranbury Township,NJ ,Cranbury Township,NJ 
5813,206727705,5/8/2017 17:01,5/8/2017 17:02,5/9/2017 9:52,5/10/2017 9:30,5/10/2017 18:00,1230.77,1000.0,230.77,146.2,DRV,3.0,,False,0,Carrier 31074,Shipper 1387,True,True,True,5/10/2017 9:30,5/11/2017 10:45,False,False,False,False,False,False,False,False,Cranbury Township,NJ ,Cranbury Township,NJ 
5814,206727705,5/8/2017 17:01,5/8/2017 17:02,5/9/2017 9:52,5/10/2017 9:30,5/10/2017 18:00,1230.77,1000.0,230.77,146.2,DRV,3.0,,False,0,Carrier 31074,Shipper 1388,True,True,True,5/10/2017 9:30,5/11/2017 10:45,False,False,False,False,False,False,False,False,Cranbury Township,NJ ,Cranbury Township,NJ 
5815,206569145,8/1/2017 17:26,8/1/2017 17:26,8/2/2017 12:12,8/3/2017 21:00,8/4/2017 12:05,1230.3,900.0,330.3,439.3,RFR,,,False,0,Carrier 1126066,Shipper 1249,True,True,True,8/3/2017 21:00,8/4/2017 13:00,False,False,False,False,False,False,False,False,Granite City,IL ,Granite City,IL 
5816,206569145,8/1/2017 17:26,8/1/2017 17:26,8/2/2017 12:12,8/3/2017 21:00,8/4/2017 12:05,1230.3,900.0,330.3,439.3,RFR,,,False,0,Carrier 1126066,Shipper 1375,True,True,True,8/3/2017 21:00,8/4/2017 13:00,False,False,False,False,False,False,False,False,Granite City,IL ,Granite City,IL 
5817,206569145,8/1/2017 17:26,8/1/2017 17:26,8/2/2017 12:12,8/3/2017 21:00,8/4/2017 12:05,1230.3,900.0,330.3,439.3,RFR,,,False,0,Carrier 1126066,Shipper 1386,True,True,True,8/3/2017 21:00,8/4/2017 13:00,False,False,False,False,False,False,False,False,Granite City,IL ,Granite City,IL 
5818,206569145,8/1/2017 17:26,8/1/2017 17:26,8/2/2017 12:12,8/3/2017 21:00,8/4/2017 12:05,1230.3,900.0,330.3,439.3,RFR,,,False,0,Carrier 1126066,Shipper 1248,True,True,True,8/3/2017 21:00,8/4/2017 13:00,False,False,False,False,False,False,False,False,Granite City,IL ,Granite City,IL 
5819,206569145,8/1/2017 17:26,8/1/2017 17:26,8/2/2017 12:12,8/3/2017 21:00,8/4/2017 12:05,1230.3,900.0,330.3,439.3,RFR,,,False,0,Carrier 1126066,Shipper 1387,True,True,True,8/3/2017 21:00,8/4/2017 13:00,False,False,False,False,False,False,False,False,Granite City,IL ,Granite City,IL 
5820,206569145,8/1/2017 17:26,8/1/2017 17:26,8/2/2017 12:12,8/3/2017 21:00,8/4/2017 12:05,1230.3,900.0,330.3,439.3,RFR,,,False,0,Carrier 1126066,Shipper 1388,True,True,True,8/3/2017 21:00,8/4/2017 13:00,False,False,False,False,False,False,False,False,Granite City,IL ,Granite City,IL 
5821,206642345,2/9/2017 11:56,2/9/2017 11:56,2/14/2017 8:57,2/14/2017 13:00,2/15/2017 11:30,1230.0,1200.0,30.0,645.4,DRV,5.0,,False,0,Carrier 1067999,Shipper 1184,True,True,True,2/14/2017 13:00,2/15/2017 10:00,False,False,False,False,False,False,False,False,Zion,IL ,Zion,IL 
5822,206430569,1/6/2017 11:22,1/6/2017 11:23,1/9/2017 9:10,1/9/2017 8:00,1/10/2017 13:00,1229.2,1200.0,29.2,345.9,DRV,,,False,0,Carrier 970759,Shipper 623,True,True,True,1/9/2017 15:00,1/10/2017 16:00,False,False,False,False,False,False,False,False,Reading,PA ,Reading,PA 
5823,206620673,2/27/2017 15:05,2/27/2017 15:06,3/1/2017 17:13,3/2/2017 14:00,3/3/2017 12:15,1229.01,1200.0,29.01,823.3,DRV,3.0,,False,0,Carrier 113302,Shipper 1052,True,True,True,3/2/2017 14:00,3/3/2017 22:00,False,False,False,False,False,False,False,False,1,LA ,1,LA 
5824,206574785,2/27/2017 14:25,2/27/2017 14:38,3/1/2017 16:04,3/2/2017 10:00,3/3/2017 2:30,1229.01,1200.0,29.01,823.3,DRV,,,False,0,Carrier 1079008,Shipper 1052,True,True,True,3/2/2017 13:00,3/3/2017 22:00,False,False,False,False,False,False,False,False,1,LA ,1,LA 
5825,206651585,11/2/2017 9:03,11/2/2017 9:03,11/2/2017 12:03,11/2/2017 8:00,11/3/2017 4:40,1228.03,1100.0,128.03,342.7,DRV,,,False,0,Carrier 1651827,Shipper 1249,True,True,True,11/2/2017 18:00,11/3/2017 23:00,False,False,False,False,False,False,False,False,Merrimack,NH ,Merrimack,NH 
5826,206651585,11/2/2017 9:03,11/2/2017 9:03,11/2/2017 12:03,11/2/2017 8:00,11/3/2017 4:40,1228.03,1100.0,128.03,342.7,DRV,,,False,0,Carrier 1651827,Shipper 1375,True,True,True,11/2/2017 18:00,11/3/2017 23:00,False,False,False,False,False,False,False,False,Merrimack,NH ,Merrimack,NH 
5827,206651585,11/2/2017 9:03,11/2/2017 9:03,11/2/2017 12:03,11/2/2017 8:00,11/3/2017 4:40,1228.03,1100.0,128.03,342.7,DRV,,,False,0,Carrier 1651827,Shipper 1386,True,True,True,11/2/2017 18:00,11/3/2017 23:00,False,False,False,False,False,False,False,False,Merrimack,NH ,Merrimack,NH 
5828,206651585,11/2/2017 9:03,11/2/2017 9:03,11/2/2017 12:03,11/2/2017 8:00,11/3/2017 4:40,1228.03,1100.0,128.03,342.7,DRV,,,False,0,Carrier 1651827,Shipper 1248,True,True,True,11/2/2017 18:00,11/3/2017 23:00,False,False,False,False,False,False,False,False,Merrimack,NH ,Merrimack,NH 
5829,206651585,11/2/2017 9:03,11/2/2017 9:03,11/2/2017 12:03,11/2/2017 8:00,11/3/2017 4:40,1228.03,1100.0,128.03,342.7,DRV,,,False,0,Carrier 1651827,Shipper 1387,True,True,True,11/2/2017 18:00,11/3/2017 23:00,False,False,False,False,False,False,False,False,Merrimack,NH ,Merrimack,NH 
5830,206651585,11/2/2017 9:03,11/2/2017 9:03,11/2/2017 12:03,11/2/2017 8:00,11/3/2017 4:40,1228.03,1100.0,128.03,342.7,DRV,,,False,0,Carrier 1651827,Shipper 1388,True,True,True,11/2/2017 18:00,11/3/2017 23:00,False,False,False,False,False,False,False,False,Merrimack,NH ,Merrimack,NH 
5831,206430345,10/6/2017 15:05,10/6/2017 15:05,10/6/2017 16:41,10/7/2017 1:00,10/8/2017 7:00,1228.02,1000.0,228.02,342.7,DRV,,,False,0,Carrier 1695550,Shipper 1249,True,True,True,10/7/2017 15:00,10/8/2017 23:00,False,False,False,False,False,False,False,False,Merrimack,NH ,Merrimack,NH 
5832,206430345,10/6/2017 15:05,10/6/2017 15:05,10/6/2017 16:41,10/7/2017 1:00,10/8/2017 7:00,1228.02,1000.0,228.02,342.7,DRV,,,False,0,Carrier 1695550,Shipper 1375,True,True,True,10/7/2017 15:00,10/8/2017 23:00,False,False,False,False,False,False,False,False,Merrimack,NH ,Merrimack,NH 
5833,206430345,10/6/2017 15:05,10/6/2017 15:05,10/6/2017 16:41,10/7/2017 1:00,10/8/2017 7:00,1228.02,1000.0,228.02,342.7,DRV,,,False,0,Carrier 1695550,Shipper 1386,True,True,True,10/7/2017 15:00,10/8/2017 23:00,False,False,False,False,False,False,False,False,Merrimack,NH ,Merrimack,NH 
5834,206430345,10/6/2017 15:05,10/6/2017 15:05,10/6/2017 16:41,10/7/2017 1:00,10/8/2017 7:00,1228.02,1000.0,228.02,342.7,DRV,,,False,0,Carrier 1695550,Shipper 1248,True,True,True,10/7/2017 15:00,10/8/2017 23:00,False,False,False,False,False,False,False,False,Merrimack,NH ,Merrimack,NH 
5835,206430345,10/6/2017 15:05,10/6/2017 15:05,10/6/2017 16:41,10/7/2017 1:00,10/8/2017 7:00,1228.02,1000.0,228.02,342.7,DRV,,,False,0,Carrier 1695550,Shipper 1387,True,True,True,10/7/2017 15:00,10/8/2017 23:00,False,False,False,False,False,False,False,False,Merrimack,NH ,Merrimack,NH 
5836,206430345,10/6/2017 15:05,10/6/2017 15:05,10/6/2017 16:41,10/7/2017 1:00,10/8/2017 7:00,1228.02,1000.0,228.02,342.7,DRV,,,False,0,Carrier 1695550,Shipper 1388,True,True,True,10/7/2017 15:00,10/8/2017 23:00,False,False,False,False,False,False,False,False,Merrimack,NH ,Merrimack,NH 
5837,206567113,5/18/2017 12:57,5/18/2017 12:58,5/19/2017 8:04,5/19/2017 8:00,5/19/2017 16:30,1227.62,1200.0,27.62,219.0,RFR,3.0,,False,0,Carrier 22829,Shipper 1249,True,True,True,5/19/2017 8:00,5/19/2017 15:00,False,False,False,False,False,False,False,False,Granite City,IL ,Granite City,IL 
5838,206567113,5/18/2017 12:57,5/18/2017 12:58,5/19/2017 8:04,5/19/2017 8:00,5/19/2017 16:30,1227.62,1200.0,27.62,219.0,RFR,3.0,,False,0,Carrier 22829,Shipper 1375,True,True,True,5/19/2017 8:00,5/19/2017 15:00,False,False,False,False,False,False,False,False,Granite City,IL ,Granite City,IL 
5839,206567113,5/18/2017 12:57,5/18/2017 12:58,5/19/2017 8:04,5/19/2017 8:00,5/19/2017 16:30,1227.62,1200.0,27.62,219.0,RFR,3.0,,False,0,Carrier 22829,Shipper 1386,True,True,True,5/19/2017 8:00,5/19/2017 15:00,False,False,False,False,False,False,False,False,Granite City,IL ,Granite City,IL 
5840,206567113,5/18/2017 12:57,5/18/2017 12:58,5/19/2017 8:04,5/19/2017 8:00,5/19/2017 16:30,1227.62,1200.0,27.62,219.0,RFR,3.0,,False,0,Carrier 22829,Shipper 1248,True,True,True,5/19/2017 8:00,5/19/2017 15:00,False,False,False,False,False,False,False,False,Granite City,IL ,Granite City,IL 
5841,206567113,5/18/2017 12:57,5/18/2017 12:58,5/19/2017 8:04,5/19/2017 8:00,5/19/2017 16:30,1227.62,1200.0,27.62,219.0,RFR,3.0,,False,0,Carrier 22829,Shipper 1387,True,True,True,5/19/2017 8:00,5/19/2017 15:00,False,False,False,False,False,False,False,False,Granite City,IL ,Granite City,IL 
5842,206567113,5/18/2017 12:57,5/18/2017 12:58,5/19/2017 8:04,5/19/2017 8:00,5/19/2017 16:30,1227.62,1200.0,27.62,219.0,RFR,3.0,,False,0,Carrier 22829,Shipper 1388,True,True,True,5/19/2017 8:00,5/19/2017 15:00,False,False,False,False,False,False,False,False,Granite City,IL ,Granite City,IL 
5843,206560313,7/31/2017 14:10,7/31/2017 14:10,8/2/2017 19:31,8/3/2017 14:00,8/4/2017 11:25,1226.32,1200.0,26.32,389.8,DRV,,,False,0,Carrier 1695430,Shipper 1078,True,False,False,8/3/2017 14:00,8/3/2017 12:00,False,False,False,False,False,False,False,False,Columbus,OH ,Columbus,OH 
5844,206482585,6/6/2017 17:45,6/6/2017 17:46,6/8/2017 18:27,6/9/2017 1:00,6/9/2017 12:00,1225.48,1200.0,25.48,288.8,DRV,,,False,0,Carrier 1258270,Shipper 1249,True,True,True,6/9/2017 1:00,6/9/2017 15:00,False,False,False,False,False,False,False,False,Granite City,IL ,Granite City,IL 
5845,206482585,6/6/2017 17:45,6/6/2017 17:46,6/8/2017 18:27,6/9/2017 1:00,6/9/2017 12:00,1225.48,1200.0,25.48,288.8,DRV,,,False,0,Carrier 1258270,Shipper 1375,True,True,True,6/9/2017 1:00,6/9/2017 15:00,False,False,False,False,False,False,False,False,Granite City,IL ,Granite City,IL 
5846,206482585,6/6/2017 17:45,6/6/2017 17:46,6/8/2017 18:27,6/9/2017 1:00,6/9/2017 12:00,1225.48,1200.0,25.48,288.8,DRV,,,False,0,Carrier 1258270,Shipper 1386,True,True,True,6/9/2017 1:00,6/9/2017 15:00,False,False,False,False,False,False,False,False,Granite City,IL ,Granite City,IL 
5847,206482585,6/6/2017 17:45,6/6/2017 17:46,6/8/2017 18:27,6/9/2017 1:00,6/9/2017 12:00,1225.48,1200.0,25.48,288.8,DRV,,,False,0,Carrier 1258270,Shipper 1248,True,True,True,6/9/2017 1:00,6/9/2017 15:00,False,False,False,False,False,False,False,False,Granite City,IL ,Granite City,IL 
5848,206482585,6/6/2017 17:45,6/6/2017 17:46,6/8/2017 18:27,6/9/2017 1:00,6/9/2017 12:00,1225.48,1200.0,25.48,288.8,DRV,,,False,0,Carrier 1258270,Shipper 1387,True,True,True,6/9/2017 1:00,6/9/2017 15:00,False,False,False,False,False,False,False,False,Granite City,IL ,Granite City,IL 
5849,206482585,6/6/2017 17:45,6/6/2017 17:46,6/8/2017 18:27,6/9/2017 1:00,6/9/2017 12:00,1225.48,1200.0,25.48,288.8,DRV,,,False,0,Carrier 1258270,Shipper 1388,True,True,True,6/9/2017 1:00,6/9/2017 15:00,False,False,False,False,False,False,False,False,Granite City,IL ,Granite City,IL 
5850,206529265,4/4/2017 12:28,4/4/2017 12:28,4/5/2017 15:45,4/6/2017 16:00,4/7/2017 14:30,1225.0,1000.0,225.0,714.2,RFR,,,False,0,Carrier 78623,Shipper 1184,True,True,True,4/6/2017 16:00,4/7/2017 12:00,False,False,False,False,False,False,False,False,Pittston,PA ,Pittston,PA 
5851,206466433,12/14/2017 16:37,12/14/2017 16:37,12/15/2017 13:05,12/17/2017 14:00,12/18/2017 9:13,1224.4,1300.0,-75.6,334.5,DRV,,,False,0,Carrier 1306346,Shipper 1249,True,True,True,12/17/2017 14:00,12/18/2017 14:00,False,False,False,False,False,False,False,False,Cartersville,GA ,Cartersville,GA 
5852,206466433,12/14/2017 16:37,12/14/2017 16:37,12/15/2017 13:05,12/17/2017 14:00,12/18/2017 9:13,1224.4,1300.0,-75.6,334.5,DRV,,,False,0,Carrier 1306346,Shipper 1375,True,True,True,12/17/2017 14:00,12/18/2017 14:00,False,False,False,False,False,False,False,False,Cartersville,GA ,Cartersville,GA 
5853,206466433,12/14/2017 16:37,12/14/2017 16:37,12/15/2017 13:05,12/17/2017 14:00,12/18/2017 9:13,1224.4,1300.0,-75.6,334.5,DRV,,,False,0,Carrier 1306346,Shipper 1386,True,True,True,12/17/2017 14:00,12/18/2017 14:00,False,False,False,False,False,False,False,False,Cartersville,GA ,Cartersville,GA 
5854,206466433,12/14/2017 16:37,12/14/2017 16:37,12/15/2017 13:05,12/17/2017 14:00,12/18/2017 9:13,1224.4,1300.0,-75.6,334.5,DRV,,,False,0,Carrier 1306346,Shipper 1248,True,True,True,12/17/2017 14:00,12/18/2017 14:00,False,False,False,False,False,False,False,False,Cartersville,GA ,Cartersville,GA 
5855,206466433,12/14/2017 16:37,12/14/2017 16:37,12/15/2017 13:05,12/17/2017 14:00,12/18/2017 9:13,1224.4,1300.0,-75.6,334.5,DRV,,,False,0,Carrier 1306346,Shipper 1387,True,True,True,12/17/2017 14:00,12/18/2017 14:00,False,False,False,False,False,False,False,False,Cartersville,GA ,Cartersville,GA 
5856,206466433,12/14/2017 16:37,12/14/2017 16:37,12/15/2017 13:05,12/17/2017 14:00,12/18/2017 9:13,1224.4,1300.0,-75.6,334.5,DRV,,,False,0,Carrier 1306346,Shipper 1388,True,True,True,12/17/2017 14:00,12/18/2017 14:00,False,False,False,False,False,False,False,False,Cartersville,GA ,Cartersville,GA 
5857,206729425,4/26/2017 17:29,4/26/2017 17:29,4/28/2017 15:58,4/28/2017 1:00,5/1/2017 12:50,1221.98,1600.0,-378.02,319.4,RFR,,,False,0,Carrier 1638732,Shipper 1249,False,True,False,4/28/2017 1:00,5/1/2017 15:00,False,False,False,False,False,False,False,False,La Porte,TX ,La Porte,TX 
5858,206729425,4/26/2017 17:29,4/26/2017 17:29,4/28/2017 15:58,4/28/2017 1:00,5/1/2017 12:50,1221.98,1600.0,-378.02,319.4,RFR,,,False,0,Carrier 1638732,Shipper 1375,False,True,False,4/28/2017 1:00,5/1/2017 15:00,False,False,False,False,False,False,False,False,La Porte,TX ,La Porte,TX 
5859,206729425,4/26/2017 17:29,4/26/2017 17:29,4/28/2017 15:58,4/28/2017 1:00,5/1/2017 12:50,1221.98,1600.0,-378.02,319.4,RFR,,,False,0,Carrier 1638732,Shipper 1386,False,True,False,4/28/2017 1:00,5/1/2017 15:00,False,False,False,False,False,False,False,False,La Porte,TX ,La Porte,TX 
5860,206729425,4/26/2017 17:29,4/26/2017 17:29,4/28/2017 15:58,4/28/2017 1:00,5/1/2017 12:50,1221.98,1600.0,-378.02,319.4,RFR,,,False,0,Carrier 1638732,Shipper 1248,False,True,False,4/28/2017 1:00,5/1/2017 15:00,False,False,False,False,False,False,False,False,La Porte,TX ,La Porte,TX 
5861,206729425,4/26/2017 17:29,4/26/2017 17:29,4/28/2017 15:58,4/28/2017 1:00,5/1/2017 12:50,1221.98,1600.0,-378.02,319.4,RFR,,,False,0,Carrier 1638732,Shipper 1387,False,True,False,4/28/2017 1:00,5/1/2017 15:00,False,False,False,False,False,False,False,False,La Porte,TX ,La Porte,TX 
5862,206729425,4/26/2017 17:29,4/26/2017 17:29,4/28/2017 15:58,4/28/2017 1:00,5/1/2017 12:50,1221.98,1600.0,-378.02,319.4,RFR,,,False,0,Carrier 1638732,Shipper 1388,False,True,False,4/28/2017 1:00,5/1/2017 15:00,False,False,False,False,False,False,False,False,La Porte,TX ,La Porte,TX 
5863,206618329,8/10/2017 10:13,8/10/2017 10:13,8/10/2017 11:14,8/10/2017 8:00,8/11/2017 11:30,1219.29,750.0,469.29,342.7,DRV,,,False,0,Carrier 1312412,Shipper 1249,True,True,True,8/10/2017 18:00,8/11/2017 15:00,False,False,False,False,False,False,False,False,Merrimack,NH ,Merrimack,NH 
5864,206618329,8/10/2017 10:13,8/10/2017 10:13,8/10/2017 11:14,8/10/2017 8:00,8/11/2017 11:30,1219.29,750.0,469.29,342.7,DRV,,,False,0,Carrier 1312412,Shipper 1375,True,True,True,8/10/2017 18:00,8/11/2017 15:00,False,False,False,False,False,False,False,False,Merrimack,NH ,Merrimack,NH 
5865,206618329,8/10/2017 10:13,8/10/2017 10:13,8/10/2017 11:14,8/10/2017 8:00,8/11/2017 11:30,1219.29,750.0,469.29,342.7,DRV,,,False,0,Carrier 1312412,Shipper 1386,True,True,True,8/10/2017 18:00,8/11/2017 15:00,False,False,False,False,False,False,False,False,Merrimack,NH ,Merrimack,NH 
5866,206618329,8/10/2017 10:13,8/10/2017 10:13,8/10/2017 11:14,8/10/2017 8:00,8/11/2017 11:30,1219.29,750.0,469.29,342.7,DRV,,,False,0,Carrier 1312412,Shipper 1248,True,True,True,8/10/2017 18:00,8/11/2017 15:00,False,False,False,False,False,False,False,False,Merrimack,NH ,Merrimack,NH 
5867,206618329,8/10/2017 10:13,8/10/2017 10:13,8/10/2017 11:14,8/10/2017 8:00,8/11/2017 11:30,1219.29,750.0,469.29,342.7,DRV,,,False,0,Carrier 1312412,Shipper 1387,True,True,True,8/10/2017 18:00,8/11/2017 15:00,False,False,False,False,False,False,False,False,Merrimack,NH ,Merrimack,NH 
5868,206618329,8/10/2017 10:13,8/10/2017 10:13,8/10/2017 11:14,8/10/2017 8:00,8/11/2017 11:30,1219.29,750.0,469.29,342.7,DRV,,,False,0,Carrier 1312412,Shipper 1388,True,True,True,8/10/2017 18:00,8/11/2017 15:00,False,False,False,False,False,False,False,False,Merrimack,NH ,Merrimack,NH 
5869,206437985,9/7/2017 15:46,9/7/2017 15:46,9/27/2017 9:31,9/27/2017 16:00,9/28/2017 18:00,1215.79,1500.0,-284.21,505.4,DRV,,,False,2,Carrier 797827,Shipper 758,True,True,True,9/27/2017 16:00,9/28/2017 17:00,False,False,False,False,False,False,False,False,Idaho Falls,ID ,Idaho Falls,ID 
5870,206474897,8/9/2017 9:09,8/9/2017 9:09,8/10/2017 16:33,8/10/2017 19:00,8/11/2017 8:00,1215.1,1340.0,-124.9,314.3,DRV,,,False,0,Carrier 1085336,Shipper 1249,True,True,True,8/10/2017 19:00,8/11/2017 23:00,False,False,False,False,False,False,False,False,Rochester,NY ,Rochester,NY 
5871,206474897,8/9/2017 9:09,8/9/2017 9:09,8/10/2017 16:33,8/10/2017 19:00,8/11/2017 8:00,1215.1,1340.0,-124.9,314.3,DRV,,,False,0,Carrier 1085336,Shipper 1375,True,True,True,8/10/2017 19:00,8/11/2017 23:00,False,False,False,False,False,False,False,False,Rochester,NY ,Rochester,NY 
5872,206474897,8/9/2017 9:09,8/9/2017 9:09,8/10/2017 16:33,8/10/2017 19:00,8/11/2017 8:00,1215.1,1340.0,-124.9,314.3,DRV,,,False,0,Carrier 1085336,Shipper 1386,True,True,True,8/10/2017 19:00,8/11/2017 23:00,False,False,False,False,False,False,False,False,Rochester,NY ,Rochester,NY 
5873,206474897,8/9/2017 9:09,8/9/2017 9:09,8/10/2017 16:33,8/10/2017 19:00,8/11/2017 8:00,1215.1,1340.0,-124.9,314.3,DRV,,,False,0,Carrier 1085336,Shipper 1248,True,True,True,8/10/2017 19:00,8/11/2017 23:00,False,False,False,False,False,False,False,False,Rochester,NY ,Rochester,NY 
5874,206474897,8/9/2017 9:09,8/9/2017 9:09,8/10/2017 16:33,8/10/2017 19:00,8/11/2017 8:00,1215.1,1340.0,-124.9,314.3,DRV,,,False,0,Carrier 1085336,Shipper 1387,True,True,True,8/10/2017 19:00,8/11/2017 23:00,False,False,False,False,False,False,False,False,Rochester,NY ,Rochester,NY 
5875,206474897,8/9/2017 9:09,8/9/2017 9:09,8/10/2017 16:33,8/10/2017 19:00,8/11/2017 8:00,1215.1,1340.0,-124.9,314.3,DRV,,,False,0,Carrier 1085336,Shipper 1388,True,True,True,8/10/2017 19:00,8/11/2017 23:00,False,False,False,False,False,False,False,False,Rochester,NY ,Rochester,NY 
5876,206498729,12/26/2017 11:20,12/26/2017 11:20,12/27/2017 9:12,12/27/2017 15:00,12/28/2017 10:00,1214.2,1150.0,64.2,380.5,DRV,,carrier_capacity,False,1,Carrier 155063,Shipper 1249,True,True,True,12/27/2017 15:00,12/28/2017 13:00,False,False,False,False,False,False,False,False,Cartersville,GA ,Cartersville,GA 
5877,206498729,12/26/2017 11:20,12/26/2017 11:20,12/27/2017 9:12,12/27/2017 15:00,12/28/2017 10:00,1214.2,1150.0,64.2,380.5,DRV,,carrier_capacity,False,1,Carrier 155063,Shipper 1375,True,True,True,12/27/2017 15:00,12/28/2017 13:00,False,False,False,False,False,False,False,False,Cartersville,GA ,Cartersville,GA 
5878,206498729,12/26/2017 11:20,12/26/2017 11:20,12/27/2017 9:12,12/27/2017 15:00,12/28/2017 10:00,1214.2,1150.0,64.2,380.5,DRV,,carrier_capacity,False,1,Carrier 155063,Shipper 1386,True,True,True,12/27/2017 15:00,12/28/2017 13:00,False,False,False,False,False,False,False,False,Cartersville,GA ,Cartersville,GA 
5879,206498729,12/26/2017 11:20,12/26/2017 11:20,12/27/2017 9:12,12/27/2017 15:00,12/28/2017 10:00,1214.2,1150.0,64.2,380.5,DRV,,carrier_capacity,False,1,Carrier 155063,Shipper 1248,True,True,True,12/27/2017 15:00,12/28/2017 13:00,False,False,False,False,False,False,False,False,Cartersville,GA ,Cartersville,GA 
5880,206498729,12/26/2017 11:20,12/26/2017 11:20,12/27/2017 9:12,12/27/2017 15:00,12/28/2017 10:00,1214.2,1150.0,64.2,380.5,DRV,,carrier_capacity,False,1,Carrier 155063,Shipper 1387,True,True,True,12/27/2017 15:00,12/28/2017 13:00,False,False,False,False,False,False,False,False,Cartersville,GA ,Cartersville,GA 
5881,206498729,12/26/2017 11:20,12/26/2017 11:20,12/27/2017 9:12,12/27/2017 15:00,12/28/2017 10:00,1214.2,1150.0,64.2,380.5,DRV,,carrier_capacity,False,1,Carrier 155063,Shipper 1388,True,True,True,12/27/2017 15:00,12/28/2017 13:00,False,False,False,False,False,False,False,False,Cartersville,GA ,Cartersville,GA 
5882,206552297,3/15/2017 22:05,3/15/2017 22:05,4/7/2017 18:03,4/10/2017 16:00,4/12/2017 10:50,1214.0,1200.0,14.0,1072.1,DRV,,,False,1,Carrier 57804,Shipper 923,True,True,True,4/10/2017 16:00,4/12/2017 10:00,False,False,False,False,False,False,False,False,Medley,FL ,Medley,FL 
5883,206493961,3/15/2017 9:45,3/15/2017 9:46,3/16/2017 10:36,3/16/2017 8:00,3/17/2017 12:00,1212.04,1200.0,12.04,326.1,DRV,3.0,,False,0,Carrier 61757,Shipper 989,True,True,True,3/16/2017 16:00,3/17/2017 16:00,False,False,False,False,False,False,False,False,Front Royal,VA ,Front Royal,VA 
5884,206595593,7/20/2017 18:03,7/20/2017 18:03,8/1/2017 13:19,8/2/2017 10:00,8/4/2017 21:30,1211.71,850.0,361.71,284.1,DRV,,,False,0,Carrier 1139729,Shipper 758,True,True,True,8/2/2017 15:00,8/4/2017 18:30,False,False,False,False,False,False,False,False,Kent,WA ,Kent,WA 
5885,206490529,10/2/2017 9:19,10/2/2017 9:19,10/11/2017 15:13,10/11/2017 18:00,10/12/2017 19:00,1211.17,1200.0,11.17,505.4,DRV,,,False,1,Carrier 31074,Shipper 758,True,True,True,10/11/2017 18:00,10/12/2017 17:00,False,False,False,False,False,False,False,False,Idaho Falls,ID ,Idaho Falls,ID 
5886,206529033,12/8/2017 16:39,12/8/2017 16:39,12/11/2017 11:26,12/12/2017 13:00,12/13/2017 11:30,1210.58,1150.0,60.58,306.4,DRV,,source_list,False,1,Carrier 941668,Shipper 1249,True,True,True,12/12/2017 13:00,12/13/2017 8:00,False,False,False,False,False,False,False,False,Cartersville,GA ,Cartersville,GA 
5887,206529033,12/8/2017 16:39,12/8/2017 16:39,12/11/2017 11:26,12/12/2017 13:00,12/13/2017 11:30,1210.58,1150.0,60.58,306.4,DRV,,source_list,False,1,Carrier 941668,Shipper 1375,True,True,True,12/12/2017 13:00,12/13/2017 8:00,False,False,False,False,False,False,False,False,Cartersville,GA ,Cartersville,GA 
5888,206529033,12/8/2017 16:39,12/8/2017 16:39,12/11/2017 11:26,12/12/2017 13:00,12/13/2017 11:30,1210.58,1150.0,60.58,306.4,DRV,,source_list,False,1,Carrier 941668,Shipper 1386,True,True,True,12/12/2017 13:00,12/13/2017 8:00,False,False,False,False,False,False,False,False,Cartersville,GA ,Cartersville,GA 
5889,206529033,12/8/2017 16:39,12/8/2017 16:39,12/11/2017 11:26,12/12/2017 13:00,12/13/2017 11:30,1210.58,1150.0,60.58,306.4,DRV,,source_list,False,1,Carrier 941668,Shipper 1248,True,True,True,12/12/2017 13:00,12/13/2017 8:00,False,False,False,False,False,False,False,False,Cartersville,GA ,Cartersville,GA 
5890,206529033,12/8/2017 16:39,12/8/2017 16:39,12/11/2017 11:26,12/12/2017 13:00,12/13/2017 11:30,1210.58,1150.0,60.58,306.4,DRV,,source_list,False,1,Carrier 941668,Shipper 1387,True,True,True,12/12/2017 13:00,12/13/2017 8:00,False,False,False,False,False,False,False,False,Cartersville,GA ,Cartersville,GA 
5891,206529033,12/8/2017 16:39,12/8/2017 16:39,12/11/2017 11:26,12/12/2017 13:00,12/13/2017 11:30,1210.58,1150.0,60.58,306.4,DRV,,source_list,False,1,Carrier 941668,Shipper 1388,True,True,True,12/12/2017 13:00,12/13/2017 8:00,False,False,False,False,False,False,False,False,Cartersville,GA ,Cartersville,GA 
5892,206494641,8/16/2017 12:05,8/16/2017 12:05,8/17/2017 9:29,8/17/2017 12:00,8/18/2017 18:20,1210.47,950.0,260.47,481.6,DRV,,,False,1,Carrier 1031513,Shipper 1249,True,True,True,8/17/2017 15:00,8/18/2017 23:00,False,False,False,False,False,False,False,False,Piedmont,SC ,Piedmont,SC 
5893,206494641,8/16/2017 12:05,8/16/2017 12:05,8/17/2017 9:29,8/17/2017 12:00,8/18/2017 18:20,1210.47,950.0,260.47,481.6,DRV,,,False,1,Carrier 1031513,Shipper 1375,True,True,True,8/17/2017 15:00,8/18/2017 23:00,False,False,False,False,False,False,False,False,Piedmont,SC ,Piedmont,SC 
5894,206494641,8/16/2017 12:05,8/16/2017 12:05,8/17/2017 9:29,8/17/2017 12:00,8/18/2017 18:20,1210.47,950.0,260.47,481.6,DRV,,,False,1,Carrier 1031513,Shipper 1386,True,True,True,8/17/2017 15:00,8/18/2017 23:00,False,False,False,False,False,False,False,False,Piedmont,SC ,Piedmont,SC 
5895,206494641,8/16/2017 12:05,8/16/2017 12:05,8/17/2017 9:29,8/17/2017 12:00,8/18/2017 18:20,1210.47,950.0,260.47,481.6,DRV,,,False,1,Carrier 1031513,Shipper 1248,True,True,True,8/17/2017 15:00,8/18/2017 23:00,False,False,False,False,False,False,False,False,Piedmont,SC ,Piedmont,SC 
5896,206494641,8/16/2017 12:05,8/16/2017 12:05,8/17/2017 9:29,8/17/2017 12:00,8/18/2017 18:20,1210.47,950.0,260.47,481.6,DRV,,,False,1,Carrier 1031513,Shipper 1387,True,True,True,8/17/2017 15:00,8/18/2017 23:00,False,False,False,False,False,False,False,False,Piedmont,SC ,Piedmont,SC 
5897,206494641,8/16/2017 12:05,8/16/2017 12:05,8/17/2017 9:29,8/17/2017 12:00,8/18/2017 18:20,1210.47,950.0,260.47,481.6,DRV,,,False,1,Carrier 1031513,Shipper 1388,True,True,True,8/17/2017 15:00,8/18/2017 23:00,False,False,False,False,False,False,False,False,Piedmont,SC ,Piedmont,SC 
5898,206530193,5/16/2017 14:42,5/16/2017 14:42,5/16/2017 16:08,5/18/2017 1:00,5/18/2017 16:11,1210.12,1200.0,10.12,327.2,DRV,,,False,0,Carrier 978458,Shipper 1249,True,True,True,5/18/2017 1:00,5/18/2017 15:00,False,False,False,False,False,False,False,False,Houston,TX ,Houston,TX 
5899,206530193,5/16/2017 14:42,5/16/2017 14:42,5/16/2017 16:08,5/18/2017 1:00,5/18/2017 16:11,1210.12,1200.0,10.12,327.2,DRV,,,False,0,Carrier 978458,Shipper 1375,True,True,True,5/18/2017 1:00,5/18/2017 15:00,False,False,False,False,False,False,False,False,Houston,TX ,Houston,TX 
5900,206530193,5/16/2017 14:42,5/16/2017 14:42,5/16/2017 16:08,5/18/2017 1:00,5/18/2017 16:11,1210.12,1200.0,10.12,327.2,DRV,,,False,0,Carrier 978458,Shipper 1386,True,True,True,5/18/2017 1:00,5/18/2017 15:00,False,False,False,False,False,False,False,False,Houston,TX ,Houston,TX 
5901,206530193,5/16/2017 14:42,5/16/2017 14:42,5/16/2017 16:08,5/18/2017 1:00,5/18/2017 16:11,1210.12,1200.0,10.12,327.2,DRV,,,False,0,Carrier 978458,Shipper 1248,True,True,True,5/18/2017 1:00,5/18/2017 15:00,False,False,False,False,False,False,False,False,Houston,TX ,Houston,TX 
5902,206530193,5/16/2017 14:42,5/16/2017 14:42,5/16/2017 16:08,5/18/2017 1:00,5/18/2017 16:11,1210.12,1200.0,10.12,327.2,DRV,,,False,0,Carrier 978458,Shipper 1387,True,True,True,5/18/2017 1:00,5/18/2017 15:00,False,False,False,False,False,False,False,False,Houston,TX ,Houston,TX 
5903,206530193,5/16/2017 14:42,5/16/2017 14:42,5/16/2017 16:08,5/18/2017 1:00,5/18/2017 16:11,1210.12,1200.0,10.12,327.2,DRV,,,False,0,Carrier 978458,Shipper 1388,True,True,True,5/18/2017 1:00,5/18/2017 15:00,False,False,False,False,False,False,False,False,Houston,TX ,Houston,TX 
5904,206624089,12/8/2017 16:46,12/8/2017 16:46,12/11/2017 12:32,12/11/2017 14:00,12/12/2017 10:30,1210.04,1200.0,10.04,394.3,RFR,,carrier_capacity,False,0,Carrier 1352546,Shipper 1249,False,True,False,12/11/2017 14:00,12/12/2017 10:00,False,False,False,False,False,False,False,False,Jacksonville,FL ,Jacksonville,FL 
5905,206624089,12/8/2017 16:46,12/8/2017 16:46,12/11/2017 12:32,12/11/2017 14:00,12/12/2017 10:30,1210.04,1200.0,10.04,394.3,RFR,,carrier_capacity,False,0,Carrier 1352546,Shipper 1375,False,True,False,12/11/2017 14:00,12/12/2017 10:00,False,False,False,False,False,False,False,False,Jacksonville,FL ,Jacksonville,FL 
5906,206624089,12/8/2017 16:46,12/8/2017 16:46,12/11/2017 12:32,12/11/2017 14:00,12/12/2017 10:30,1210.04,1200.0,10.04,394.3,RFR,,carrier_capacity,False,0,Carrier 1352546,Shipper 1386,False,True,False,12/11/2017 14:00,12/12/2017 10:00,False,False,False,False,False,False,False,False,Jacksonville,FL ,Jacksonville,FL 
5907,206624089,12/8/2017 16:46,12/8/2017 16:46,12/11/2017 12:32,12/11/2017 14:00,12/12/2017 10:30,1210.04,1200.0,10.04,394.3,RFR,,carrier_capacity,False,0,Carrier 1352546,Shipper 1248,False,True,False,12/11/2017 14:00,12/12/2017 10:00,False,False,False,False,False,False,False,False,Jacksonville,FL ,Jacksonville,FL 
5908,206624089,12/8/2017 16:46,12/8/2017 16:46,12/11/2017 12:32,12/11/2017 14:00,12/12/2017 10:30,1210.04,1200.0,10.04,394.3,RFR,,carrier_capacity,False,0,Carrier 1352546,Shipper 1387,False,True,False,12/11/2017 14:00,12/12/2017 10:00,False,False,False,False,False,False,False,False,Jacksonville,FL ,Jacksonville,FL 
5909,206624089,12/8/2017 16:46,12/8/2017 16:46,12/11/2017 12:32,12/11/2017 14:00,12/12/2017 10:30,1210.04,1200.0,10.04,394.3,RFR,,carrier_capacity,False,0,Carrier 1352546,Shipper 1388,False,True,False,12/11/2017 14:00,12/12/2017 10:00,False,False,False,False,False,False,False,False,Jacksonville,FL ,Jacksonville,FL 
5910,206606457,10/16/2017 16:33,10/16/2017 16:33,10/18/2017 13:05,10/18/2017 16:00,10/19/2017 10:30,1208.38,1200.0,8.38,295.1,RFR,,,False,0,Carrier 106239,Shipper 1249,True,True,True,10/18/2017 16:00,10/19/2017 12:30,False,False,False,False,False,False,False,False,Jacksonville,FL ,Jacksonville,FL 
5911,206606457,10/16/2017 16:33,10/16/2017 16:33,10/18/2017 13:05,10/18/2017 16:00,10/19/2017 10:30,1208.38,1200.0,8.38,295.1,RFR,,,False,0,Carrier 106239,Shipper 1375,True,True,True,10/18/2017 16:00,10/19/2017 12:30,False,False,False,False,False,False,False,False,Jacksonville,FL ,Jacksonville,FL 
5912,206606457,10/16/2017 16:33,10/16/2017 16:33,10/18/2017 13:05,10/18/2017 16:00,10/19/2017 10:30,1208.38,1200.0,8.38,295.1,RFR,,,False,0,Carrier 106239,Shipper 1386,True,True,True,10/18/2017 16:00,10/19/2017 12:30,False,False,False,False,False,False,False,False,Jacksonville,FL ,Jacksonville,FL 
5913,206606457,10/16/2017 16:33,10/16/2017 16:33,10/18/2017 13:05,10/18/2017 16:00,10/19/2017 10:30,1208.38,1200.0,8.38,295.1,RFR,,,False,0,Carrier 106239,Shipper 1248,True,True,True,10/18/2017 16:00,10/19/2017 12:30,False,False,False,False,False,False,False,False,Jacksonville,FL ,Jacksonville,FL 
5914,206606457,10/16/2017 16:33,10/16/2017 16:33,10/18/2017 13:05,10/18/2017 16:00,10/19/2017 10:30,1208.38,1200.0,8.38,295.1,RFR,,,False,0,Carrier 106239,Shipper 1387,True,True,True,10/18/2017 16:00,10/19/2017 12:30,False,False,False,False,False,False,False,False,Jacksonville,FL ,Jacksonville,FL 
5915,206606457,10/16/2017 16:33,10/16/2017 16:33,10/18/2017 13:05,10/18/2017 16:00,10/19/2017 10:30,1208.38,1200.0,8.38,295.1,RFR,,,False,0,Carrier 106239,Shipper 1388,True,True,True,10/18/2017 16:00,10/19/2017 12:30,False,False,False,False,False,False,False,False,Jacksonville,FL ,Jacksonville,FL 
5916,206446649,10/2/2017 16:39,10/2/2017 16:39,10/3/2017 10:17,10/3/2017 8:00,10/4/2017 12:00,1206.92,1050.0,156.92,214.0,DRV,,,False,0,Carrier 1180379,Shipper 1249,True,True,True,10/3/2017 15:00,10/4/2017 10:00,False,False,False,False,False,False,False,False,Louisville,KY ,Louisville,KY 
5917,206446649,10/2/2017 16:39,10/2/2017 16:39,10/3/2017 10:17,10/3/2017 8:00,10/4/2017 12:00,1206.92,1050.0,156.92,214.0,DRV,,,False,0,Carrier 1180379,Shipper 1375,True,True,True,10/3/2017 15:00,10/4/2017 10:00,False,False,False,False,False,False,False,False,Louisville,KY ,Louisville,KY 
5918,206446649,10/2/2017 16:39,10/2/2017 16:39,10/3/2017 10:17,10/3/2017 8:00,10/4/2017 12:00,1206.92,1050.0,156.92,214.0,DRV,,,False,0,Carrier 1180379,Shipper 1386,True,True,True,10/3/2017 15:00,10/4/2017 10:00,False,False,False,False,False,False,False,False,Louisville,KY ,Louisville,KY 
5919,206446649,10/2/2017 16:39,10/2/2017 16:39,10/3/2017 10:17,10/3/2017 8:00,10/4/2017 12:00,1206.92,1050.0,156.92,214.0,DRV,,,False,0,Carrier 1180379,Shipper 1248,True,True,True,10/3/2017 15:00,10/4/2017 10:00,False,False,False,False,False,False,False,False,Louisville,KY ,Louisville,KY 
5920,206446649,10/2/2017 16:39,10/2/2017 16:39,10/3/2017 10:17,10/3/2017 8:00,10/4/2017 12:00,1206.92,1050.0,156.92,214.0,DRV,,,False,0,Carrier 1180379,Shipper 1387,True,True,True,10/3/2017 15:00,10/4/2017 10:00,False,False,False,False,False,False,False,False,Louisville,KY ,Louisville,KY 
5921,206446649,10/2/2017 16:39,10/2/2017 16:39,10/3/2017 10:17,10/3/2017 8:00,10/4/2017 12:00,1206.92,1050.0,156.92,214.0,DRV,,,False,0,Carrier 1180379,Shipper 1388,True,True,True,10/3/2017 15:00,10/4/2017 10:00,False,False,False,False,False,False,False,False,Louisville,KY ,Louisville,KY 
5922,206622161,9/18/2017 17:51,9/18/2017 17:51,9/19/2017 11:03,9/20/2017 14:00,9/21/2017 10:00,1205.96,1000.0,205.96,120.8,DRV,,,False,0,Carrier 31074,Shipper 1249,True,True,True,9/20/2017 14:00,9/21/2017 16:00,False,False,False,False,False,False,False,False,Carlisle,PA ,Carlisle,PA 
5923,206622161,9/18/2017 17:51,9/18/2017 17:51,9/19/2017 11:03,9/20/2017 14:00,9/21/2017 10:00,1205.96,1000.0,205.96,120.8,DRV,,,False,0,Carrier 31074,Shipper 1375,True,True,True,9/20/2017 14:00,9/21/2017 16:00,False,False,False,False,False,False,False,False,Carlisle,PA ,Carlisle,PA 
5924,206622161,9/18/2017 17:51,9/18/2017 17:51,9/19/2017 11:03,9/20/2017 14:00,9/21/2017 10:00,1205.96,1000.0,205.96,120.8,DRV,,,False,0,Carrier 31074,Shipper 1386,True,True,True,9/20/2017 14:00,9/21/2017 16:00,False,False,False,False,False,False,False,False,Carlisle,PA ,Carlisle,PA 
5925,206622161,9/18/2017 17:51,9/18/2017 17:51,9/19/2017 11:03,9/20/2017 14:00,9/21/2017 10:00,1205.96,1000.0,205.96,120.8,DRV,,,False,0,Carrier 31074,Shipper 1248,True,True,True,9/20/2017 14:00,9/21/2017 16:00,False,False,False,False,False,False,False,False,Carlisle,PA ,Carlisle,PA 
5926,206622161,9/18/2017 17:51,9/18/2017 17:51,9/19/2017 11:03,9/20/2017 14:00,9/21/2017 10:00,1205.96,1000.0,205.96,120.8,DRV,,,False,0,Carrier 31074,Shipper 1387,True,True,True,9/20/2017 14:00,9/21/2017 16:00,False,False,False,False,False,False,False,False,Carlisle,PA ,Carlisle,PA 
5927,206622161,9/18/2017 17:51,9/18/2017 17:51,9/19/2017 11:03,9/20/2017 14:00,9/21/2017 10:00,1205.96,1000.0,205.96,120.8,DRV,,,False,0,Carrier 31074,Shipper 1388,True,True,True,9/20/2017 14:00,9/21/2017 16:00,False,False,False,False,False,False,False,False,Carlisle,PA ,Carlisle,PA 
5928,206434713,8/21/2017 16:47,8/21/2017 16:47,8/26/2017 13:38,8/26/2017 14:00,8/28/2017 12:00,1205.34,1100.0,105.34,401.3,DRV,,,False,1,Carrier 1286123,Shipper 1249,False,True,False,8/26/2017 18:00,8/28/2017 14:30,False,False,False,False,False,False,False,False,Williamsburg,VA ,Williamsburg,VA 
5929,206434713,8/21/2017 16:47,8/21/2017 16:47,8/26/2017 13:38,8/26/2017 14:00,8/28/2017 12:00,1205.34,1100.0,105.34,401.3,DRV,,,False,1,Carrier 1286123,Shipper 1375,False,True,False,8/26/2017 18:00,8/28/2017 14:30,False,False,False,False,False,False,False,False,Williamsburg,VA ,Williamsburg,VA 
5930,206434713,8/21/2017 16:47,8/21/2017 16:47,8/26/2017 13:38,8/26/2017 14:00,8/28/2017 12:00,1205.34,1100.0,105.34,401.3,DRV,,,False,1,Carrier 1286123,Shipper 1386,False,True,False,8/26/2017 18:00,8/28/2017 14:30,False,False,False,False,False,False,False,False,Williamsburg,VA ,Williamsburg,VA 
5931,206434713,8/21/2017 16:47,8/21/2017 16:47,8/26/2017 13:38,8/26/2017 14:00,8/28/2017 12:00,1205.34,1100.0,105.34,401.3,DRV,,,False,1,Carrier 1286123,Shipper 1248,False,True,False,8/26/2017 18:00,8/28/2017 14:30,False,False,False,False,False,False,False,False,Williamsburg,VA ,Williamsburg,VA 
5932,206434713,8/21/2017 16:47,8/21/2017 16:47,8/26/2017 13:38,8/26/2017 14:00,8/28/2017 12:00,1205.34,1100.0,105.34,401.3,DRV,,,False,1,Carrier 1286123,Shipper 1387,False,True,False,8/26/2017 18:00,8/28/2017 14:30,False,False,False,False,False,False,False,False,Williamsburg,VA ,Williamsburg,VA 
5933,206434713,8/21/2017 16:47,8/21/2017 16:47,8/26/2017 13:38,8/26/2017 14:00,8/28/2017 12:00,1205.34,1100.0,105.34,401.3,DRV,,,False,1,Carrier 1286123,Shipper 1388,False,True,False,8/26/2017 18:00,8/28/2017 14:30,False,False,False,False,False,False,False,False,Williamsburg,VA ,Williamsburg,VA 
5934,206432225,3/21/2017 13:40,3/21/2017 13:40,3/22/2017 11:15,3/22/2017 18:00,3/24/2017 0:00,1204.55,1100.0,104.55,171.0,DRV,,,False,0,Carrier 1695154,Shipper 758,True,True,True,3/22/2017 18:00,3/23/2017 22:30,False,False,False,False,False,False,False,False,Breinigsville,PA ,Breinigsville,PA 
5935,206555481,8/23/2017 15:38,8/23/2017 15:38,8/24/2017 10:51,8/24/2017 6:00,8/25/2017 6:00,1204.08,950.0,254.08,239.1,DRV,,,False,0,Carrier 288241,Shipper 1249,True,True,True,8/24/2017 16:00,8/25/2017 14:00,False,False,False,False,False,False,False,False,South Windsor,CT ,South Windsor,CT 
5936,206555481,8/23/2017 15:38,8/23/2017 15:38,8/24/2017 10:51,8/24/2017 6:00,8/25/2017 6:00,1204.08,950.0,254.08,239.1,DRV,,,False,0,Carrier 288241,Shipper 1375,True,True,True,8/24/2017 16:00,8/25/2017 14:00,False,False,False,False,False,False,False,False,South Windsor,CT ,South Windsor,CT 
5937,206555481,8/23/2017 15:38,8/23/2017 15:38,8/24/2017 10:51,8/24/2017 6:00,8/25/2017 6:00,1204.08,950.0,254.08,239.1,DRV,,,False,0,Carrier 288241,Shipper 1386,True,True,True,8/24/2017 16:00,8/25/2017 14:00,False,False,False,False,False,False,False,False,South Windsor,CT ,South Windsor,CT 
5938,206555481,8/23/2017 15:38,8/23/2017 15:38,8/24/2017 10:51,8/24/2017 6:00,8/25/2017 6:00,1204.08,950.0,254.08,239.1,DRV,,,False,0,Carrier 288241,Shipper 1248,True,True,True,8/24/2017 16:00,8/25/2017 14:00,False,False,False,False,False,False,False,False,South Windsor,CT ,South Windsor,CT 
5939,206555481,8/23/2017 15:38,8/23/2017 15:38,8/24/2017 10:51,8/24/2017 6:00,8/25/2017 6:00,1204.08,950.0,254.08,239.1,DRV,,,False,0,Carrier 288241,Shipper 1387,True,True,True,8/24/2017 16:00,8/25/2017 14:00,False,False,False,False,False,False,False,False,South Windsor,CT ,South Windsor,CT 
5940,206555481,8/23/2017 15:38,8/23/2017 15:38,8/24/2017 10:51,8/24/2017 6:00,8/25/2017 6:00,1204.08,950.0,254.08,239.1,DRV,,,False,0,Carrier 288241,Shipper 1388,True,True,True,8/24/2017 16:00,8/25/2017 14:00,False,False,False,False,False,False,False,False,South Windsor,CT ,South Windsor,CT 
5941,206528465,5/22/2017 14:18,5/22/2017 14:18,5/23/2017 15:45,5/23/2017 22:00,5/24/2017 11:13,1202.47,1200.0,2.47,160.4,RFR,,,False,1,Carrier 978458,Shipper 1249,True,True,True,5/23/2017 23:00,5/24/2017 11:00,False,False,False,False,False,False,False,False,Houston,TX ,Houston,TX 
5942,206528465,5/22/2017 14:18,5/22/2017 14:18,5/23/2017 15:45,5/23/2017 22:00,5/24/2017 11:13,1202.47,1200.0,2.47,160.4,RFR,,,False,1,Carrier 978458,Shipper 1375,True,True,True,5/23/2017 23:00,5/24/2017 11:00,False,False,False,False,False,False,False,False,Houston,TX ,Houston,TX 
5943,206528465,5/22/2017 14:18,5/22/2017 14:18,5/23/2017 15:45,5/23/2017 22:00,5/24/2017 11:13,1202.47,1200.0,2.47,160.4,RFR,,,False,1,Carrier 978458,Shipper 1386,True,True,True,5/23/2017 23:00,5/24/2017 11:00,False,False,False,False,False,False,False,False,Houston,TX ,Houston,TX 
5944,206528465,5/22/2017 14:18,5/22/2017 14:18,5/23/2017 15:45,5/23/2017 22:00,5/24/2017 11:13,1202.47,1200.0,2.47,160.4,RFR,,,False,1,Carrier 978458,Shipper 1248,True,True,True,5/23/2017 23:00,5/24/2017 11:00,False,False,False,False,False,False,False,False,Houston,TX ,Houston,TX 
5945,206528465,5/22/2017 14:18,5/22/2017 14:18,5/23/2017 15:45,5/23/2017 22:00,5/24/2017 11:13,1202.47,1200.0,2.47,160.4,RFR,,,False,1,Carrier 978458,Shipper 1387,True,True,True,5/23/2017 23:00,5/24/2017 11:00,False,False,False,False,False,False,False,False,Houston,TX ,Houston,TX 
5946,206528465,5/22/2017 14:18,5/22/2017 14:18,5/23/2017 15:45,5/23/2017 22:00,5/24/2017 11:13,1202.47,1200.0,2.47,160.4,RFR,,,False,1,Carrier 978458,Shipper 1388,True,True,True,5/23/2017 23:00,5/24/2017 11:00,False,False,False,False,False,False,False,False,Houston,TX ,Houston,TX 
5947,206425905,9/7/2017 16:56,9/7/2017 16:56,9/8/2017 8:19,9/8/2017 12:00,9/9/2017 2:00,1201.05,1100.0,101.05,252.6,DRV,,,False,0,Carrier 505114,Shipper 1249,True,True,True,9/8/2017 12:00,9/9/2017 23:00,False,False,False,False,False,False,False,False,Newark,NJ ,Newark,NJ 
5948,206425905,9/7/2017 16:56,9/7/2017 16:56,9/8/2017 8:19,9/8/2017 12:00,9/9/2017 2:00,1201.05,1100.0,101.05,252.6,DRV,,,False,0,Carrier 505114,Shipper 1375,True,True,True,9/8/2017 12:00,9/9/2017 23:00,False,False,False,False,False,False,False,False,Newark,NJ ,Newark,NJ 
5949,206425905,9/7/2017 16:56,9/7/2017 16:56,9/8/2017 8:19,9/8/2017 12:00,9/9/2017 2:00,1201.05,1100.0,101.05,252.6,DRV,,,False,0,Carrier 505114,Shipper 1386,True,True,True,9/8/2017 12:00,9/9/2017 23:00,False,False,False,False,False,False,False,False,Newark,NJ ,Newark,NJ 
5950,206425905,9/7/2017 16:56,9/7/2017 16:56,9/8/2017 8:19,9/8/2017 12:00,9/9/2017 2:00,1201.05,1100.0,101.05,252.6,DRV,,,False,0,Carrier 505114,Shipper 1248,True,True,True,9/8/2017 12:00,9/9/2017 23:00,False,False,False,False,False,False,False,False,Newark,NJ ,Newark,NJ 
5951,206425905,9/7/2017 16:56,9/7/2017 16:56,9/8/2017 8:19,9/8/2017 12:00,9/9/2017 2:00,1201.05,1100.0,101.05,252.6,DRV,,,False,0,Carrier 505114,Shipper 1387,True,True,True,9/8/2017 12:00,9/9/2017 23:00,False,False,False,False,False,False,False,False,Newark,NJ ,Newark,NJ 
5952,206425905,9/7/2017 16:56,9/7/2017 16:56,9/8/2017 8:19,9/8/2017 12:00,9/9/2017 2:00,1201.05,1100.0,101.05,252.6,DRV,,,False,0,Carrier 505114,Shipper 1388,True,True,True,9/8/2017 12:00,9/9/2017 23:00,False,False,False,False,False,False,False,False,Newark,NJ ,Newark,NJ 
5953,206527137,6/6/2017 17:04,6/6/2017 17:05,6/7/2017 15:44,6/8/2017 18:00,6/9/2017 10:00,1200.56,1000.0,200.56,350.5,DRV,,,False,0,Carrier 77178,Shipper 1249,True,True,True,6/8/2017 18:00,6/9/2017 11:00,False,False,False,False,False,False,False,False,Jacksonville,FL ,Jacksonville,FL 
5954,206527137,6/6/2017 17:04,6/6/2017 17:05,6/7/2017 15:44,6/8/2017 18:00,6/9/2017 10:00,1200.56,1000.0,200.56,350.5,DRV,,,False,0,Carrier 77178,Shipper 1375,True,True,True,6/8/2017 18:00,6/9/2017 11:00,False,False,False,False,False,False,False,False,Jacksonville,FL ,Jacksonville,FL 
5955,206527137,6/6/2017 17:04,6/6/2017 17:05,6/7/2017 15:44,6/8/2017 18:00,6/9/2017 10:00,1200.56,1000.0,200.56,350.5,DRV,,,False,0,Carrier 77178,Shipper 1386,True,True,True,6/8/2017 18:00,6/9/2017 11:00,False,False,False,False,False,False,False,False,Jacksonville,FL ,Jacksonville,FL 
5956,206527137,6/6/2017 17:04,6/6/2017 17:05,6/7/2017 15:44,6/8/2017 18:00,6/9/2017 10:00,1200.56,1000.0,200.56,350.5,DRV,,,False,0,Carrier 77178,Shipper 1248,True,True,True,6/8/2017 18:00,6/9/2017 11:00,False,False,False,False,False,False,False,False,Jacksonville,FL ,Jacksonville,FL 
5957,206527137,6/6/2017 17:04,6/6/2017 17:05,6/7/2017 15:44,6/8/2017 18:00,6/9/2017 10:00,1200.56,1000.0,200.56,350.5,DRV,,,False,0,Carrier 77178,Shipper 1387,True,True,True,6/8/2017 18:00,6/9/2017 11:00,False,False,False,False,False,False,False,False,Jacksonville,FL ,Jacksonville,FL 
5958,206527137,6/6/2017 17:04,6/6/2017 17:05,6/7/2017 15:44,6/8/2017 18:00,6/9/2017 10:00,1200.56,1000.0,200.56,350.5,DRV,,,False,0,Carrier 77178,Shipper 1388,True,True,True,6/8/2017 18:00,6/9/2017 11:00,False,False,False,False,False,False,False,False,Jacksonville,FL ,Jacksonville,FL 
5959,206576377,3/7/2017 9:15,3/7/2017 9:16,3/8/2017 10:22,3/8/2017 14:00,3/9/2017 7:54,1200.36,1375.0,-174.64,823.3,DRV,,,False,0,Carrier 1295438,Shipper 1052,True,True,True,3/8/2017 15:30,3/9/2017 21:00,False,False,False,False,False,False,False,False,1,LA ,1,LA 
5960,206586345,3/6/2017 12:47,3/6/2017 12:47,3/7/2017 12:42,3/7/2017 14:00,3/9/2017 6:00,1200.36,1375.0,-174.64,823.3,DRV,,,False,0,Carrier 1457958,Shipper 1052,True,True,True,3/7/2017 15:30,3/9/2017 9:00,False,False,False,False,False,False,False,False,1,LA ,1,LA 
5961,206440865,3/9/2017 14:52,3/9/2017 14:52,3/15/2017 8:32,3/15/2017 14:00,3/17/2017 7:30,1200.36,1250.0,-49.64,823.3,DRV,3.0,,False,0,Carrier 102741,Shipper 1052,True,True,True,3/15/2017 15:30,3/17/2017 8:00,False,False,False,False,False,False,False,False,1,LA ,1,LA 
5962,206520889,3/6/2017 12:50,3/6/2017 12:51,3/8/2017 8:50,3/8/2017 14:00,3/9/2017 12:30,1200.36,1425.0,-224.64,823.3,DRV,,,False,1,Carrier 1031513,Shipper 1052,True,False,False,3/8/2017 15:30,3/9/2017 9:00,False,False,False,False,False,False,False,False,1,LA ,1,LA 
5963,206559913,3/9/2017 14:50,3/9/2017 14:50,3/14/2017 15:47,3/15/2017 14:00,3/16/2017 13:50,1200.36,1400.0,-199.64,823.3,DRV,3.0,,False,0,Carrier 1694789,Shipper 1052,,,,3/15/2017 15:30,3/16/2017 23:50,False,False,False,False,False,False,False,False,1,LA ,1,LA 
5964,206426433,3/9/2017 14:46,3/9/2017 14:47,3/13/2017 11:43,3/13/2017 14:00,3/14/2017 17:32,1200.36,1400.0,-199.64,823.3,DRV,,,False,0,Carrier 1693497,Shipper 1052,True,True,True,3/13/2017 15:30,3/16/2017 8:00,False,False,False,False,False,False,False,False,1,LA ,1,LA 
5965,206539801,4/27/2017 15:29,4/27/2017 15:30,4/27/2017 15:50,4/27/2017 17:00,4/28/2017 13:30,1200.0,950.0,250.0,579.6,RFR,,,False,0,Carrier 1693568,Shipper 618,True,False,False,4/27/2017 17:00,4/28/2017 8:00,False,False,False,False,False,False,False,False,Irvington,NJ ,Irvington,NJ 
5966,206646785,1/20/2017 8:39,1/20/2017 8:39,1/20/2017 9:18,1/20/2017 9:00,1/23/2017 9:45,1200.0,1000.0,200.0,546.8,DRV,,,False,0,Carrier 1551543,Shipper 744,True,True,True,1/20/2017 14:00,1/23/2017 20:00,False,False,False,False,False,False,False,False,Spindale,NC ,Spindale,NC 
5967,206582385,1/13/2017 12:49,1/13/2017 12:50,1/23/2017 8:52,1/23/2017 9:00,1/24/2017 16:00,1200.0,1175.0,25.0,641.9,DRV,,,False,0,Carrier 57045,Shipper 766,True,True,True,1/23/2017 16:30,1/24/2017 23:55,False,False,False,False,False,False,False,False,Huntingdon,TN ,Huntingdon,TN 
5968,206431841,11/10/2017 9:32,11/10/2017 9:32,11/13/2017 10:29,11/14/2017 11:00,11/16/2017 14:40,1200.0,1000.0,200.0,714.2,DRV,,,False,0,Carrier 451864,Shipper 585,False,True,True,11/14/2017 11:00,11/16/2017 13:00,False,False,False,False,False,False,False,False,Pittston,PA ,Pittston,PA 
5969,206609409,1/9/2017 12:26,1/9/2017 12:26,1/9/2017 13:25,1/10/2017 9:00,1/10/2017 17:30,1200.0,950.0,250.0,164.9,FBE,,,False,0,Carrier 1693530,Shipper 1287,True,True,True,1/10/2017 17:00,1/10/2017 18:00,False,False,False,False,False,False,False,False,Monroe,WI ,Monroe,WI 
5970,206558281,9/19/2017 12:26,9/19/2017 12:26,9/19/2017 12:52,9/20/2017 9:00,9/20/2017 21:40,1200.0,1000.0,200.0,363.7,DRV,,,False,0,Carrier 1030506,Shipper 1570,True,True,True,9/20/2017 13:00,9/20/2017 21:00,False,False,False,False,False,False,False,False,Valparaiso,IN ,Valparaiso,IN 
5971,206528241,11/20/2017 16:11,11/20/2017 16:11,11/21/2017 12:06,11/27/2017 15:00,11/29/2017 12:00,1200.0,1050.0,150.0,714.2,DRV,,,False,0,Carrier 57804,Shipper 585,True,True,True,11/27/2017 15:00,11/29/2017 11:00,False,False,False,False,False,False,False,False,Pittston,PA ,Pittston,PA 
5972,206423977,1/9/2017 13:59,1/9/2017 13:59,1/27/2017 11:56,1/27/2017 8:00,1/30/2017 9:00,1200.0,1200.0,0.0,996.3,DRV,,,False,1,Carrier 945578,Shipper 585,,,,1/27/2017 16:00,1/30/2017 7:00,False,False,False,False,False,False,False,False,Plant City,FL ,Plant City,FL 
5973,206596809,11/10/2017 9:42,11/10/2017 9:42,11/13/2017 9:35,11/14/2017 13:00,11/16/2017 14:00,1200.0,1000.0,200.0,714.2,DRV,,,False,0,Carrier 1078133,Shipper 585,True,True,True,11/14/2017 13:00,11/16/2017 11:00,False,False,False,False,False,False,False,False,Pittston,PA ,Pittston,PA 
5974,206548761,1/9/2017 13:53,1/9/2017 13:53,1/23/2017 9:21,1/23/2017 13:00,1/25/2017 10:00,1200.0,1200.0,0.0,996.3,DRV,,,False,2,Carrier 1160771,Shipper 585,True,True,True,1/23/2017 13:00,1/25/2017 10:00,False,False,False,False,False,False,False,False,Plant City,FL ,Plant City,FL 
5975,206421977,1/9/2017 13:58,1/9/2017 13:58,1/24/2017 16:56,1/25/2017 14:00,1/27/2017 8:55,1200.0,1200.0,0.0,996.3,DRV,,,False,1,Carrier 1363581,Shipper 585,True,True,True,1/25/2017 14:00,1/27/2017 10:00,False,False,False,False,False,False,False,False,Plant City,FL ,Plant City,FL 
5976,206694025,1/9/2017 14:00,1/9/2017 14:00,1/26/2017 10:50,1/30/2017 8:00,2/1/2017 9:30,1200.0,1200.0,0.0,996.3,DRV,4.0,,False,0,Carrier 1068159,Shipper 585,True,True,True,1/30/2017 16:00,2/1/2017 7:00,False,False,False,False,False,False,False,False,Plant City,FL ,Plant City,FL 
5977,206493689,11/20/2017 16:16,11/20/2017 16:16,11/22/2017 9:09,11/28/2017 13:00,11/30/2017 10:45,1200.0,1100.0,100.0,714.2,DRV,,,False,0,Carrier 947118,Shipper 585,True,True,True,11/28/2017 13:00,11/30/2017 9:00,False,False,False,False,False,False,False,False,Pittston,PA ,Pittston,PA 
5978,206653097,4/24/2017 16:22,4/24/2017 16:22,4/24/2017 17:08,4/25/2017 9:00,4/26/2017 10:30,1199.69,1050.0,149.69,385.8,DRV,4.0,,False,0,Carrier 1315606,Shipper 1249,True,True,True,4/25/2017 9:00,4/26/2017 12:00,False,False,False,False,False,False,False,False,Newark,NJ ,Newark,NJ 
5979,206653097,4/24/2017 16:22,4/24/2017 16:22,4/24/2017 17:08,4/25/2017 9:00,4/26/2017 10:30,1199.69,1050.0,149.69,385.8,DRV,4.0,,False,0,Carrier 1315606,Shipper 1375,True,True,True,4/25/2017 9:00,4/26/2017 12:00,False,False,False,False,False,False,False,False,Newark,NJ ,Newark,NJ 
5980,206653097,4/24/2017 16:22,4/24/2017 16:22,4/24/2017 17:08,4/25/2017 9:00,4/26/2017 10:30,1199.69,1050.0,149.69,385.8,DRV,4.0,,False,0,Carrier 1315606,Shipper 1386,True,True,True,4/25/2017 9:00,4/26/2017 12:00,False,False,False,False,False,False,False,False,Newark,NJ ,Newark,NJ 
5981,206653097,4/24/2017 16:22,4/24/2017 16:22,4/24/2017 17:08,4/25/2017 9:00,4/26/2017 10:30,1199.69,1050.0,149.69,385.8,DRV,4.0,,False,0,Carrier 1315606,Shipper 1248,True,True,True,4/25/2017 9:00,4/26/2017 12:00,False,False,False,False,False,False,False,False,Newark,NJ ,Newark,NJ 
5982,206653097,4/24/2017 16:22,4/24/2017 16:22,4/24/2017 17:08,4/25/2017 9:00,4/26/2017 10:30,1199.69,1050.0,149.69,385.8,DRV,4.0,,False,0,Carrier 1315606,Shipper 1387,True,True,True,4/25/2017 9:00,4/26/2017 12:00,False,False,False,False,False,False,False,False,Newark,NJ ,Newark,NJ 
5983,206653097,4/24/2017 16:22,4/24/2017 16:22,4/24/2017 17:08,4/25/2017 9:00,4/26/2017 10:30,1199.69,1050.0,149.69,385.8,DRV,4.0,,False,0,Carrier 1315606,Shipper 1388,True,True,True,4/25/2017 9:00,4/26/2017 12:00,False,False,False,False,False,False,False,False,Newark,NJ ,Newark,NJ 
5984,206535465,5/15/2017 11:45,5/15/2017 11:45,5/17/2017 14:52,5/18/2017 12:00,5/19/2017 9:00,1199.14,1000.0,199.14,389.8,DRV,,,False,1,Carrier 91645,Shipper 1078,True,True,True,5/18/2017 12:00,5/19/2017 14:30,False,False,False,False,False,False,False,False,Columbus,OH ,Columbus,OH 
5985,206595225,4/10/2017 17:19,4/10/2017 17:19,4/12/2017 10:04,4/12/2017 15:00,4/14/2017 11:00,1198.56,1500.0,-301.44,682.3,DRV,1.0,,False,0,Carrier 7636,Shipper 1249,True,True,True,4/12/2017 15:00,4/14/2017 11:00,False,False,False,False,False,False,False,False,Houston,TX ,Houston,TX 
5986,206595225,4/10/2017 17:19,4/10/2017 17:19,4/12/2017 10:04,4/12/2017 15:00,4/14/2017 11:00,1198.56,1500.0,-301.44,682.3,DRV,1.0,,False,0,Carrier 7636,Shipper 1375,True,True,True,4/12/2017 15:00,4/14/2017 11:00,False,False,False,False,False,False,False,False,Houston,TX ,Houston,TX 
5987,206595225,4/10/2017 17:19,4/10/2017 17:19,4/12/2017 10:04,4/12/2017 15:00,4/14/2017 11:00,1198.56,1500.0,-301.44,682.3,DRV,1.0,,False,0,Carrier 7636,Shipper 1386,True,True,True,4/12/2017 15:00,4/14/2017 11:00,False,False,False,False,False,False,False,False,Houston,TX ,Houston,TX 
5988,206595225,4/10/2017 17:19,4/10/2017 17:19,4/12/2017 10:04,4/12/2017 15:00,4/14/2017 11:00,1198.56,1500.0,-301.44,682.3,DRV,1.0,,False,0,Carrier 7636,Shipper 1248,True,True,True,4/12/2017 15:00,4/14/2017 11:00,False,False,False,False,False,False,False,False,Houston,TX ,Houston,TX 
5989,206595225,4/10/2017 17:19,4/10/2017 17:19,4/12/2017 10:04,4/12/2017 15:00,4/14/2017 11:00,1198.56,1500.0,-301.44,682.3,DRV,1.0,,False,0,Carrier 7636,Shipper 1387,True,True,True,4/12/2017 15:00,4/14/2017 11:00,False,False,False,False,False,False,False,False,Houston,TX ,Houston,TX 
5990,206595225,4/10/2017 17:19,4/10/2017 17:19,4/12/2017 10:04,4/12/2017 15:00,4/14/2017 11:00,1198.56,1500.0,-301.44,682.3,DRV,1.0,,False,0,Carrier 7636,Shipper 1388,True,True,True,4/12/2017 15:00,4/14/2017 11:00,False,False,False,False,False,False,False,False,Houston,TX ,Houston,TX 
5991,206505513,10/25/2017 16:10,10/25/2017 16:10,11/6/2017 9:34,11/6/2017 14:00,11/7/2017 8:30,1198.53,1000.0,198.53,263.1,DRV,,,False,1,Carrier 1010501,Shipper 1249,True,True,True,11/6/2017 14:00,11/7/2017 6:45,False,False,False,False,False,False,False,False,Carlisle,PA ,Carlisle,PA 
5992,206505513,10/25/2017 16:10,10/25/2017 16:10,11/6/2017 9:34,11/6/2017 14:00,11/7/2017 8:30,1198.53,1000.0,198.53,263.1,DRV,,,False,1,Carrier 1010501,Shipper 1375,True,True,True,11/6/2017 14:00,11/7/2017 6:45,False,False,False,False,False,False,False,False,Carlisle,PA ,Carlisle,PA 
5993,206505513,10/25/2017 16:10,10/25/2017 16:10,11/6/2017 9:34,11/6/2017 14:00,11/7/2017 8:30,1198.53,1000.0,198.53,263.1,DRV,,,False,1,Carrier 1010501,Shipper 1386,True,True,True,11/6/2017 14:00,11/7/2017 6:45,False,False,False,False,False,False,False,False,Carlisle,PA ,Carlisle,PA 
5994,206505513,10/25/2017 16:10,10/25/2017 16:10,11/6/2017 9:34,11/6/2017 14:00,11/7/2017 8:30,1198.53,1000.0,198.53,263.1,DRV,,,False,1,Carrier 1010501,Shipper 1248,True,True,True,11/6/2017 14:00,11/7/2017 6:45,False,False,False,False,False,False,False,False,Carlisle,PA ,Carlisle,PA 
5995,206505513,10/25/2017 16:10,10/25/2017 16:10,11/6/2017 9:34,11/6/2017 14:00,11/7/2017 8:30,1198.53,1000.0,198.53,263.1,DRV,,,False,1,Carrier 1010501,Shipper 1387,True,True,True,11/6/2017 14:00,11/7/2017 6:45,False,False,False,False,False,False,False,False,Carlisle,PA ,Carlisle,PA 
5996,206505513,10/25/2017 16:10,10/25/2017 16:10,11/6/2017 9:34,11/6/2017 14:00,11/7/2017 8:30,1198.53,1000.0,198.53,263.1,DRV,,,False,1,Carrier 1010501,Shipper 1388,True,True,True,11/6/2017 14:00,11/7/2017 6:45,False,False,False,False,False,False,False,False,Carlisle,PA ,Carlisle,PA 
5997,206631473,6/23/2017 10:19,6/23/2017 10:19,6/26/2017 10:25,6/28/2017 17:30,6/29/2017 15:45,1195.0,1300.0,-105.0,555.6,DRV,,,False,0,Carrier 6826,Shipper 1528,True,False,False,6/28/2017 17:30,6/29/2017 9:00,False,False,False,False,False,False,False,False,Tuscaloosa,AL ,Tuscaloosa,AL 
5998,206436457,6/23/2017 9:57,6/23/2017 9:58,6/26/2017 10:25,6/26/2017 16:00,6/27/2017 14:45,1195.0,1300.0,-105.0,555.6,DRV,,,False,0,Carrier 6826,Shipper 1528,True,False,False,6/26/2017 16:00,6/27/2017 11:00,False,False,False,False,False,False,False,False,Tuscaloosa,AL ,Tuscaloosa,AL 
5999,206504601,6/23/2017 9:57,6/23/2017 9:58,6/26/2017 10:25,6/27/2017 18:30,6/28/2017 9:55,1195.0,1300.0,-105.0,555.6,DRV,,,False,0,Carrier 6826,Shipper 1528,True,True,True,6/27/2017 18:30,6/28/2017 10:00,False,False,False,False,False,False,False,False,Tuscaloosa,AL ,Tuscaloosa,AL 
6000,206702097,6/23/2017 13:42,6/23/2017 13:42,6/28/2017 11:40,6/28/2017 19:30,6/29/2017 13:30,1195.0,2200.0,-1005.0,555.6,DRV,,,False,0,Carrier 1033131,Shipper 1528,True,True,True,6/28/2017 19:30,6/29/2017 11:00,False,False,False,False,False,False,False,False,Tuscaloosa,AL ,Tuscaloosa,AL 
6001,206544345,6/23/2017 9:31,6/23/2017 9:32,6/29/2017 16:21,6/29/2017 21:00,6/30/2017 14:40,1195.0,2300.0,-1105.0,555.6,DRV,,,False,1,Carrier 1084795,Shipper 1528,True,False,False,6/29/2017 21:00,6/30/2017 11:00,False,False,False,False,False,False,False,False,Tuscaloosa,AL ,Tuscaloosa,AL 
6002,206539849,6/23/2017 13:36,6/23/2017 13:36,6/28/2017 17:14,6/28/2017 16:00,6/29/2017 16:30,1195.0,2200.0,-1005.0,555.6,DRV,,,False,1,Carrier 1565635,Shipper 1528,False,False,False,6/28/2017 16:00,6/29/2017 8:00,False,False,False,False,False,False,False,False,Tuscaloosa,AL ,Tuscaloosa,AL 
6003,206548377,1/23/2017 17:03,1/23/2017 17:03,1/24/2017 15:13,1/25/2017 9:00,1/26/2017 15:00,1195.0,1150.0,45.0,770.2,DRV,,,False,0,Carrier 1693549,Shipper 757,True,False,False,1/25/2017 18:00,1/26/2017 12:00,False,False,False,False,False,False,False,False,Tamaqua,PA ,Tamaqua,PA 
6004,206608593,6/23/2017 10:16,6/23/2017 10:17,6/28/2017 10:28,6/28/2017 14:00,6/29/2017 12:16,1195.0,2100.0,-905.0,555.6,DRV,,,False,0,Carrier 1661197,Shipper 1528,True,True,True,6/28/2017 22:00,6/29/2017 13:00,False,False,False,False,False,False,False,False,Tuscaloosa,AL ,Tuscaloosa,AL 
6005,206513081,6/23/2017 10:24,6/23/2017 10:24,6/28/2017 11:40,6/28/2017 18:00,6/29/2017 13:00,1195.0,2250.0,-1055.0,555.6,DRV,,,False,0,Carrier 1695383,Shipper 1528,True,False,False,6/28/2017 18:00,6/29/2017 10:00,False,False,False,False,False,False,False,False,Tuscaloosa,AL ,Tuscaloosa,AL 
6006,206709105,10/20/2017 17:08,10/20/2017 17:08,10/25/2017 8:39,10/25/2017 13:00,10/26/2017 12:30,1194.75,1315.0,-120.25,306.4,DRV,,,False,0,Carrier 1160771,Shipper 1249,True,True,True,10/25/2017 13:00,10/26/2017 10:30,False,False,False,False,False,False,False,False,Cartersville,GA ,Cartersville,GA 
6007,206709105,10/20/2017 17:08,10/20/2017 17:08,10/25/2017 8:39,10/25/2017 13:00,10/26/2017 12:30,1194.75,1315.0,-120.25,306.4,DRV,,,False,0,Carrier 1160771,Shipper 1375,True,True,True,10/25/2017 13:00,10/26/2017 10:30,False,False,False,False,False,False,False,False,Cartersville,GA ,Cartersville,GA 
6008,206709105,10/20/2017 17:08,10/20/2017 17:08,10/25/2017 8:39,10/25/2017 13:00,10/26/2017 12:30,1194.75,1315.0,-120.25,306.4,DRV,,,False,0,Carrier 1160771,Shipper 1386,True,True,True,10/25/2017 13:00,10/26/2017 10:30,False,False,False,False,False,False,False,False,Cartersville,GA ,Cartersville,GA 
6009,206709105,10/20/2017 17:08,10/20/2017 17:08,10/25/2017 8:39,10/25/2017 13:00,10/26/2017 12:30,1194.75,1315.0,-120.25,306.4,DRV,,,False,0,Carrier 1160771,Shipper 1248,True,True,True,10/25/2017 13:00,10/26/2017 10:30,False,False,False,False,False,False,False,False,Cartersville,GA ,Cartersville,GA 
6010,206709105,10/20/2017 17:08,10/20/2017 17:08,10/25/2017 8:39,10/25/2017 13:00,10/26/2017 12:30,1194.75,1315.0,-120.25,306.4,DRV,,,False,0,Carrier 1160771,Shipper 1387,True,True,True,10/25/2017 13:00,10/26/2017 10:30,False,False,False,False,False,False,False,False,Cartersville,GA ,Cartersville,GA 
6011,206709105,10/20/2017 17:08,10/20/2017 17:08,10/25/2017 8:39,10/25/2017 13:00,10/26/2017 12:30,1194.75,1315.0,-120.25,306.4,DRV,,,False,0,Carrier 1160771,Shipper 1388,True,True,True,10/25/2017 13:00,10/26/2017 10:30,False,False,False,False,False,False,False,False,Cartersville,GA ,Cartersville,GA 
6012,206468361,12/18/2017 18:14,12/18/2017 18:14,12/21/2017 9:11,12/21/2017 13:00,12/22/2017 7:00,1194.68,1400.0,-205.32,364.9,RFR,,,False,0,Carrier 1553984,Shipper 1249,True,True,True,12/21/2017 13:00,12/22/2017 6:00,False,False,False,False,False,False,False,False,Newark,NJ ,Newark,NJ 
6013,206468361,12/18/2017 18:14,12/18/2017 18:14,12/21/2017 9:11,12/21/2017 13:00,12/22/2017 7:00,1194.68,1400.0,-205.32,364.9,RFR,,,False,0,Carrier 1553984,Shipper 1375,True,True,True,12/21/2017 13:00,12/22/2017 6:00,False,False,False,False,False,False,False,False,Newark,NJ ,Newark,NJ 
6014,206468361,12/18/2017 18:14,12/18/2017 18:14,12/21/2017 9:11,12/21/2017 13:00,12/22/2017 7:00,1194.68,1400.0,-205.32,364.9,RFR,,,False,0,Carrier 1553984,Shipper 1386,True,True,True,12/21/2017 13:00,12/22/2017 6:00,False,False,False,False,False,False,False,False,Newark,NJ ,Newark,NJ 
6015,206468361,12/18/2017 18:14,12/18/2017 18:14,12/21/2017 9:11,12/21/2017 13:00,12/22/2017 7:00,1194.68,1400.0,-205.32,364.9,RFR,,,False,0,Carrier 1553984,Shipper 1248,True,True,True,12/21/2017 13:00,12/22/2017 6:00,False,False,False,False,False,False,False,False,Newark,NJ ,Newark,NJ 
6016,206468361,12/18/2017 18:14,12/18/2017 18:14,12/21/2017 9:11,12/21/2017 13:00,12/22/2017 7:00,1194.68,1400.0,-205.32,364.9,RFR,,,False,0,Carrier 1553984,Shipper 1387,True,True,True,12/21/2017 13:00,12/22/2017 6:00,False,False,False,False,False,False,False,False,Newark,NJ ,Newark,NJ 
6017,206468361,12/18/2017 18:14,12/18/2017 18:14,12/21/2017 9:11,12/21/2017 13:00,12/22/2017 7:00,1194.68,1400.0,-205.32,364.9,RFR,,,False,0,Carrier 1553984,Shipper 1388,True,True,True,12/21/2017 13:00,12/22/2017 6:00,False,False,False,False,False,False,False,False,Newark,NJ ,Newark,NJ 
6018,206558081,11/7/2017 16:25,11/7/2017 16:25,11/8/2017 15:11,11/9/2017 19:00,11/10/2017 13:45,1194.6,1000.0,194.6,339.5,RFR,,,False,0,Carrier 806984,Shipper 1249,True,True,True,11/9/2017 19:00,11/10/2017 10:00,False,False,False,False,False,False,False,False,Jacksonville,FL ,Jacksonville,FL 
6019,206558081,11/7/2017 16:25,11/7/2017 16:25,11/8/2017 15:11,11/9/2017 19:00,11/10/2017 13:45,1194.6,1000.0,194.6,339.5,RFR,,,False,0,Carrier 806984,Shipper 1375,True,True,True,11/9/2017 19:00,11/10/2017 10:00,False,False,False,False,False,False,False,False,Jacksonville,FL ,Jacksonville,FL 
6020,206558081,11/7/2017 16:25,11/7/2017 16:25,11/8/2017 15:11,11/9/2017 19:00,11/10/2017 13:45,1194.6,1000.0,194.6,339.5,RFR,,,False,0,Carrier 806984,Shipper 1386,True,True,True,11/9/2017 19:00,11/10/2017 10:00,False,False,False,False,False,False,False,False,Jacksonville,FL ,Jacksonville,FL 
6021,206558081,11/7/2017 16:25,11/7/2017 16:25,11/8/2017 15:11,11/9/2017 19:00,11/10/2017 13:45,1194.6,1000.0,194.6,339.5,RFR,,,False,0,Carrier 806984,Shipper 1248,True,True,True,11/9/2017 19:00,11/10/2017 10:00,False,False,False,False,False,False,False,False,Jacksonville,FL ,Jacksonville,FL 
6022,206558081,11/7/2017 16:25,11/7/2017 16:25,11/8/2017 15:11,11/9/2017 19:00,11/10/2017 13:45,1194.6,1000.0,194.6,339.5,RFR,,,False,0,Carrier 806984,Shipper 1387,True,True,True,11/9/2017 19:00,11/10/2017 10:00,False,False,False,False,False,False,False,False,Jacksonville,FL ,Jacksonville,FL 
6023,206558081,11/7/2017 16:25,11/7/2017 16:25,11/8/2017 15:11,11/9/2017 19:00,11/10/2017 13:45,1194.6,1000.0,194.6,339.5,RFR,,,False,0,Carrier 806984,Shipper 1388,True,True,True,11/9/2017 19:00,11/10/2017 10:00,False,False,False,False,False,False,False,False,Jacksonville,FL ,Jacksonville,FL 
6024,206551321,7/13/2017 12:28,7/13/2017 12:28,7/17/2017 10:37,7/17/2017 13:00,7/18/2017 7:30,1194.39,1400.0,-205.61,377.3,DRV,,,False,0,Carrier 71933,Shipper 929,True,True,True,7/17/2017 13:00,7/18/2017 15:30,False,False,False,False,False,False,False,False,Colfax,NC ,Colfax,NC 
6025,206507073,3/7/2017 11:30,3/7/2017 11:30,3/17/2017 14:49,3/17/2017 18:00,3/20/2017 18:29,1193.69,1400.0,-206.31,505.4,DRV,,,False,0,Carrier 1695155,Shipper 758,False,True,True,3/17/2017 18:00,3/20/2017 19:00,False,False,False,False,False,False,False,False,Idaho Falls,ID ,Idaho Falls,ID 
6026,206709081,10/16/2017 10:48,10/16/2017 10:48,10/16/2017 12:59,10/17/2017 8:00,10/18/2017 13:00,1193.01,1193.0,0.01,608.8,DRV,,,True,0,Carrier 1040295,Shipper 1644,True,False,False,10/17/2017 8:00,10/18/2017 9:30,False,False,False,False,False,False,False,False,Charlotte,NC ,Charlotte,NC 
6027,206597809,10/16/2017 10:53,10/16/2017 10:53,10/17/2017 11:39,10/18/2017 8:00,10/19/2017 15:25,1193.01,1100.0,93.01,608.8,DRV,,,False,0,Carrier 1005125,Shipper 1644,True,False,False,10/18/2017 10:00,10/19/2017 9:00,False,False,False,False,False,False,False,False,Charlotte,NC ,Charlotte,NC 
6028,206653113,5/30/2017 16:56,5/30/2017 16:56,5/31/2017 9:09,5/31/2017 17:00,6/1/2017 11:55,1192.74,1200.0,-7.26,192.6,DRV,,,False,0,Carrier 1436000,Shipper 1249,True,False,True,5/31/2017 17:00,6/1/2017 15:00,False,False,False,False,False,False,False,False,Cartersville,GA ,Cartersville,GA 
6029,206653113,5/30/2017 16:56,5/30/2017 16:56,5/31/2017 9:09,5/31/2017 17:00,6/1/2017 11:55,1192.74,1200.0,-7.26,192.6,DRV,,,False,0,Carrier 1436000,Shipper 1375,True,False,True,5/31/2017 17:00,6/1/2017 15:00,False,False,False,False,False,False,False,False,Cartersville,GA ,Cartersville,GA 
6030,206653113,5/30/2017 16:56,5/30/2017 16:56,5/31/2017 9:09,5/31/2017 17:00,6/1/2017 11:55,1192.74,1200.0,-7.26,192.6,DRV,,,False,0,Carrier 1436000,Shipper 1386,True,False,True,5/31/2017 17:00,6/1/2017 15:00,False,False,False,False,False,False,False,False,Cartersville,GA ,Cartersville,GA 
6031,206653113,5/30/2017 16:56,5/30/2017 16:56,5/31/2017 9:09,5/31/2017 17:00,6/1/2017 11:55,1192.74,1200.0,-7.26,192.6,DRV,,,False,0,Carrier 1436000,Shipper 1248,True,False,True,5/31/2017 17:00,6/1/2017 15:00,False,False,False,False,False,False,False,False,Cartersville,GA ,Cartersville,GA 
6032,206653113,5/30/2017 16:56,5/30/2017 16:56,5/31/2017 9:09,5/31/2017 17:00,6/1/2017 11:55,1192.74,1200.0,-7.26,192.6,DRV,,,False,0,Carrier 1436000,Shipper 1387,True,False,True,5/31/2017 17:00,6/1/2017 15:00,False,False,False,False,False,False,False,False,Cartersville,GA ,Cartersville,GA 
6033,206653113,5/30/2017 16:56,5/30/2017 16:56,5/31/2017 9:09,5/31/2017 17:00,6/1/2017 11:55,1192.74,1200.0,-7.26,192.6,DRV,,,False,0,Carrier 1436000,Shipper 1388,True,False,True,5/31/2017 17:00,6/1/2017 15:00,False,False,False,False,False,False,False,False,Cartersville,GA ,Cartersville,GA 
6034,206431969,8/31/2017 12:30,8/31/2017 12:30,8/31/2017 12:43,9/1/2017 7:00,9/1/2017 15:30,1192.5,650.0,542.5,232.5,DRV,,,False,0,Carrier 13940,Shipper 1249,True,True,True,9/1/2017 17:00,9/2/2017 12:00,False,False,False,False,False,False,False,False,Erie,PA ,Erie,PA 
6035,206431969,8/31/2017 12:30,8/31/2017 12:30,8/31/2017 12:43,9/1/2017 7:00,9/1/2017 15:30,1192.5,650.0,542.5,232.5,DRV,,,False,0,Carrier 13940,Shipper 1375,True,True,True,9/1/2017 17:00,9/2/2017 12:00,False,False,False,False,False,False,False,False,Erie,PA ,Erie,PA 
6036,206431969,8/31/2017 12:30,8/31/2017 12:30,8/31/2017 12:43,9/1/2017 7:00,9/1/2017 15:30,1192.5,650.0,542.5,232.5,DRV,,,False,0,Carrier 13940,Shipper 1386,True,True,True,9/1/2017 17:00,9/2/2017 12:00,False,False,False,False,False,False,False,False,Erie,PA ,Erie,PA 
6037,206431969,8/31/2017 12:30,8/31/2017 12:30,8/31/2017 12:43,9/1/2017 7:00,9/1/2017 15:30,1192.5,650.0,542.5,232.5,DRV,,,False,0,Carrier 13940,Shipper 1248,True,True,True,9/1/2017 17:00,9/2/2017 12:00,False,False,False,False,False,False,False,False,Erie,PA ,Erie,PA 
6038,206431969,8/31/2017 12:30,8/31/2017 12:30,8/31/2017 12:43,9/1/2017 7:00,9/1/2017 15:30,1192.5,650.0,542.5,232.5,DRV,,,False,0,Carrier 13940,Shipper 1387,True,True,True,9/1/2017 17:00,9/2/2017 12:00,False,False,False,False,False,False,False,False,Erie,PA ,Erie,PA 
6039,206431969,8/31/2017 12:30,8/31/2017 12:30,8/31/2017 12:43,9/1/2017 7:00,9/1/2017 15:30,1192.5,650.0,542.5,232.5,DRV,,,False,0,Carrier 13940,Shipper 1388,True,True,True,9/1/2017 17:00,9/2/2017 12:00,False,False,False,False,False,False,False,False,Erie,PA ,Erie,PA 
6040,206440641,9/8/2017 19:22,9/8/2017 19:22,9/13/2017 9:44,9/13/2017 18:00,9/14/2017 10:00,1191.39,1350.0,-158.61,273.7,DRV,,,False,1,Carrier 1377644,Shipper 1249,True,True,True,9/13/2017 18:00,9/14/2017 9:15,False,False,False,False,False,False,False,False,Williamsburg,VA ,Williamsburg,VA 
6041,206440641,9/8/2017 19:22,9/8/2017 19:22,9/13/2017 9:44,9/13/2017 18:00,9/14/2017 10:00,1191.39,1350.0,-158.61,273.7,DRV,,,False,1,Carrier 1377644,Shipper 1375,True,True,True,9/13/2017 18:00,9/14/2017 9:15,False,False,False,False,False,False,False,False,Williamsburg,VA ,Williamsburg,VA 
6042,206440641,9/8/2017 19:22,9/8/2017 19:22,9/13/2017 9:44,9/13/2017 18:00,9/14/2017 10:00,1191.39,1350.0,-158.61,273.7,DRV,,,False,1,Carrier 1377644,Shipper 1386,True,True,True,9/13/2017 18:00,9/14/2017 9:15,False,False,False,False,False,False,False,False,Williamsburg,VA ,Williamsburg,VA 
6043,206440641,9/8/2017 19:22,9/8/2017 19:22,9/13/2017 9:44,9/13/2017 18:00,9/14/2017 10:00,1191.39,1350.0,-158.61,273.7,DRV,,,False,1,Carrier 1377644,Shipper 1248,True,True,True,9/13/2017 18:00,9/14/2017 9:15,False,False,False,False,False,False,False,False,Williamsburg,VA ,Williamsburg,VA 
6044,206440641,9/8/2017 19:22,9/8/2017 19:22,9/13/2017 9:44,9/13/2017 18:00,9/14/2017 10:00,1191.39,1350.0,-158.61,273.7,DRV,,,False,1,Carrier 1377644,Shipper 1387,True,True,True,9/13/2017 18:00,9/14/2017 9:15,False,False,False,False,False,False,False,False,Williamsburg,VA ,Williamsburg,VA 
6045,206440641,9/8/2017 19:22,9/8/2017 19:22,9/13/2017 9:44,9/13/2017 18:00,9/14/2017 10:00,1191.39,1350.0,-158.61,273.7,DRV,,,False,1,Carrier 1377644,Shipper 1388,True,True,True,9/13/2017 18:00,9/14/2017 9:15,False,False,False,False,False,False,False,False,Williamsburg,VA ,Williamsburg,VA 
6046,206607729,10/26/2017 9:10,10/26/2017 9:10,10/31/2017 11:00,10/31/2017 20:00,11/2/2017 1:00,1190.66,1325.0,-134.34,526.0,DRV,,,False,0,Carrier 1054345,Shipper 758,True,True,True,10/31/2017 20:00,11/1/2017 23:00,False,False,False,False,False,False,False,False,Henderson,NV ,Henderson,NV 
6047,206573721,5/18/2017 16:50,5/18/2017 16:50,5/30/2017 7:54,5/30/2017 16:30,5/31/2017 20:30,1189.58,1100.0,89.58,505.4,DRV,,,False,0,Carrier 31074,Shipper 758,True,True,True,5/30/2017 16:30,5/31/2017 17:00,False,False,False,False,False,False,False,False,Idaho Falls,ID ,Idaho Falls,ID 
6048,206430729,1/12/2017 16:56,1/12/2017 16:56,1/12/2017 17:28,1/12/2017 3:00,1/12/2017 23:00,1188.0,964.8,223.2,140.0,RFR,,,False,0,Carrier 968589,Shipper 758,True,True,True,1/13/2017 2:00,1/14/2017 2:00,False,False,False,False,False,False,False,False,Portland,OR ,Portland,OR 
6049,206571857,7/12/2017 14:58,7/12/2017 14:59,7/19/2017 11:32,7/19/2017 18:00,7/20/2017 20:00,1184.95,1234.0,-49.05,505.4,DRV,,,False,1,Carrier 31074,Shipper 758,True,True,True,7/19/2017 18:00,7/20/2017 17:00,False,False,False,False,False,False,False,False,Idaho Falls,ID ,Idaho Falls,ID 
6050,206732689,8/4/2017 15:12,8/4/2017 15:12,8/10/2017 12:13,8/11/2017 7:00,8/12/2017 9:45,1184.49,1000.0,184.49,372.2,DRV,,,False,1,Carrier 1215355,Shipper 1249,True,True,True,8/11/2017 14:00,8/12/2017 23:00,False,False,False,False,False,False,False,False,Annapolis,MD ,Annapolis,MD 
6051,206732689,8/4/2017 15:12,8/4/2017 15:12,8/10/2017 12:13,8/11/2017 7:00,8/12/2017 9:45,1184.49,1000.0,184.49,372.2,DRV,,,False,1,Carrier 1215355,Shipper 1375,True,True,True,8/11/2017 14:00,8/12/2017 23:00,False,False,False,False,False,False,False,False,Annapolis,MD ,Annapolis,MD 
6052,206732689,8/4/2017 15:12,8/4/2017 15:12,8/10/2017 12:13,8/11/2017 7:00,8/12/2017 9:45,1184.49,1000.0,184.49,372.2,DRV,,,False,1,Carrier 1215355,Shipper 1386,True,True,True,8/11/2017 14:00,8/12/2017 23:00,False,False,False,False,False,False,False,False,Annapolis,MD ,Annapolis,MD 
6053,206732689,8/4/2017 15:12,8/4/2017 15:12,8/10/2017 12:13,8/11/2017 7:00,8/12/2017 9:45,1184.49,1000.0,184.49,372.2,DRV,,,False,1,Carrier 1215355,Shipper 1248,True,True,True,8/11/2017 14:00,8/12/2017 23:00,False,False,False,False,False,False,False,False,Annapolis,MD ,Annapolis,MD 
6054,206732689,8/4/2017 15:12,8/4/2017 15:12,8/10/2017 12:13,8/11/2017 7:00,8/12/2017 9:45,1184.49,1000.0,184.49,372.2,DRV,,,False,1,Carrier 1215355,Shipper 1387,True,True,True,8/11/2017 14:00,8/12/2017 23:00,False,False,False,False,False,False,False,False,Annapolis,MD ,Annapolis,MD 
6055,206732689,8/4/2017 15:12,8/4/2017 15:12,8/10/2017 12:13,8/11/2017 7:00,8/12/2017 9:45,1184.49,1000.0,184.49,372.2,DRV,,,False,1,Carrier 1215355,Shipper 1388,True,True,True,8/11/2017 14:00,8/12/2017 23:00,False,False,False,False,False,False,False,False,Annapolis,MD ,Annapolis,MD 
6056,206518073,4/17/2017 17:32,4/17/2017 17:32,4/19/2017 11:55,4/20/2017 14:00,4/21/2017 8:34,1184.08,950.0,234.08,438.7,RFR,,,False,0,Carrier 86008,Shipper 1249,True,True,True,4/20/2017 14:00,4/21/2017 13:00,False,False,False,False,False,False,False,False,Houston,TX ,Houston,TX 
6057,206518073,4/17/2017 17:32,4/17/2017 17:32,4/19/2017 11:55,4/20/2017 14:00,4/21/2017 8:34,1184.08,950.0,234.08,438.7,RFR,,,False,0,Carrier 86008,Shipper 1375,True,True,True,4/20/2017 14:00,4/21/2017 13:00,False,False,False,False,False,False,False,False,Houston,TX ,Houston,TX 
6058,206518073,4/17/2017 17:32,4/17/2017 17:32,4/19/2017 11:55,4/20/2017 14:00,4/21/2017 8:34,1184.08,950.0,234.08,438.7,RFR,,,False,0,Carrier 86008,Shipper 1386,True,True,True,4/20/2017 14:00,4/21/2017 13:00,False,False,False,False,False,False,False,False,Houston,TX ,Houston,TX 
6059,206518073,4/17/2017 17:32,4/17/2017 17:32,4/19/2017 11:55,4/20/2017 14:00,4/21/2017 8:34,1184.08,950.0,234.08,438.7,RFR,,,False,0,Carrier 86008,Shipper 1248,True,True,True,4/20/2017 14:00,4/21/2017 13:00,False,False,False,False,False,False,False,False,Houston,TX ,Houston,TX 
6060,206518073,4/17/2017 17:32,4/17/2017 17:32,4/19/2017 11:55,4/20/2017 14:00,4/21/2017 8:34,1184.08,950.0,234.08,438.7,RFR,,,False,0,Carrier 86008,Shipper 1387,True,True,True,4/20/2017 14:00,4/21/2017 13:00,False,False,False,False,False,False,False,False,Houston,TX ,Houston,TX 
6061,206518073,4/17/2017 17:32,4/17/2017 17:32,4/19/2017 11:55,4/20/2017 14:00,4/21/2017 8:34,1184.08,950.0,234.08,438.7,RFR,,,False,0,Carrier 86008,Shipper 1388,True,True,True,4/20/2017 14:00,4/21/2017 13:00,False,False,False,False,False,False,False,False,Houston,TX ,Houston,TX 
6062,206424121,10/30/2017 16:32,10/30/2017 16:32,11/1/2017 16:07,11/1/2017 18:00,11/2/2017 12:55,1181.88,1100.0,81.88,412.8,RFR,,,False,1,Carrier 1004475,Shipper 1249,True,True,True,11/1/2017 18:00,11/2/2017 12:00,False,False,False,False,False,False,False,False,Fairfield,CA ,Fairfield,CA 
6063,206424121,10/30/2017 16:32,10/30/2017 16:32,11/1/2017 16:07,11/1/2017 18:00,11/2/2017 12:55,1181.88,1100.0,81.88,412.8,RFR,,,False,1,Carrier 1004475,Shipper 1375,True,True,True,11/1/2017 18:00,11/2/2017 12:00,False,False,False,False,False,False,False,False,Fairfield,CA ,Fairfield,CA 
6064,206424121,10/30/2017 16:32,10/30/2017 16:32,11/1/2017 16:07,11/1/2017 18:00,11/2/2017 12:55,1181.88,1100.0,81.88,412.8,RFR,,,False,1,Carrier 1004475,Shipper 1386,True,True,True,11/1/2017 18:00,11/2/2017 12:00,False,False,False,False,False,False,False,False,Fairfield,CA ,Fairfield,CA 
6065,206424121,10/30/2017 16:32,10/30/2017 16:32,11/1/2017 16:07,11/1/2017 18:00,11/2/2017 12:55,1181.88,1100.0,81.88,412.8,RFR,,,False,1,Carrier 1004475,Shipper 1248,True,True,True,11/1/2017 18:00,11/2/2017 12:00,False,False,False,False,False,False,False,False,Fairfield,CA ,Fairfield,CA 
6066,206424121,10/30/2017 16:32,10/30/2017 16:32,11/1/2017 16:07,11/1/2017 18:00,11/2/2017 12:55,1181.88,1100.0,81.88,412.8,RFR,,,False,1,Carrier 1004475,Shipper 1387,True,True,True,11/1/2017 18:00,11/2/2017 12:00,False,False,False,False,False,False,False,False,Fairfield,CA ,Fairfield,CA 
6067,206424121,10/30/2017 16:32,10/30/2017 16:32,11/1/2017 16:07,11/1/2017 18:00,11/2/2017 12:55,1181.88,1100.0,81.88,412.8,RFR,,,False,1,Carrier 1004475,Shipper 1388,True,True,True,11/1/2017 18:00,11/2/2017 12:00,False,False,False,False,False,False,False,False,Fairfield,CA ,Fairfield,CA 
6068,206470105,12/5/2017 11:13,12/5/2017 11:13,12/13/2017 10:36,12/13/2017 18:00,12/14/2017 21:15,1181.7,1325.0,-143.3,344.4,DRV,,,False,0,Carrier 73340,Shipper 758,True,True,True,12/13/2017 18:00,12/14/2017 17:00,False,False,False,False,False,False,False,False,Cerritos,CA ,Cerritos,CA 
6069,206664537,7/27/2017 17:08,7/27/2017 17:08,7/28/2017 11:52,7/30/2017 15:00,7/31/2017 9:00,1180.71,1150.0,30.71,315.7,DRV,,,False,0,Carrier 1333637,Shipper 1249,True,True,True,7/30/2017 15:00,7/31/2017 14:00,False,False,False,False,False,False,False,False,Cartersville,GA ,Cartersville,GA 
6070,206664537,7/27/2017 17:08,7/27/2017 17:08,7/28/2017 11:52,7/30/2017 15:00,7/31/2017 9:00,1180.71,1150.0,30.71,315.7,DRV,,,False,0,Carrier 1333637,Shipper 1375,True,True,True,7/30/2017 15:00,7/31/2017 14:00,False,False,False,False,False,False,False,False,Cartersville,GA ,Cartersville,GA 
6071,206664537,7/27/2017 17:08,7/27/2017 17:08,7/28/2017 11:52,7/30/2017 15:00,7/31/2017 9:00,1180.71,1150.0,30.71,315.7,DRV,,,False,0,Carrier 1333637,Shipper 1386,True,True,True,7/30/2017 15:00,7/31/2017 14:00,False,False,False,False,False,False,False,False,Cartersville,GA ,Cartersville,GA 
6072,206664537,7/27/2017 17:08,7/27/2017 17:08,7/28/2017 11:52,7/30/2017 15:00,7/31/2017 9:00,1180.71,1150.0,30.71,315.7,DRV,,,False,0,Carrier 1333637,Shipper 1248,True,True,True,7/30/2017 15:00,7/31/2017 14:00,False,False,False,False,False,False,False,False,Cartersville,GA ,Cartersville,GA 
6073,206664537,7/27/2017 17:08,7/27/2017 17:08,7/28/2017 11:52,7/30/2017 15:00,7/31/2017 9:00,1180.71,1150.0,30.71,315.7,DRV,,,False,0,Carrier 1333637,Shipper 1387,True,True,True,7/30/2017 15:00,7/31/2017 14:00,False,False,False,False,False,False,False,False,Cartersville,GA ,Cartersville,GA 
6074,206664537,7/27/2017 17:08,7/27/2017 17:08,7/28/2017 11:52,7/30/2017 15:00,7/31/2017 9:00,1180.71,1150.0,30.71,315.7,DRV,,,False,0,Carrier 1333637,Shipper 1388,True,True,True,7/30/2017 15:00,7/31/2017 14:00,False,False,False,False,False,False,False,False,Cartersville,GA ,Cartersville,GA 
6075,206582377,1/9/2017 12:43,1/9/2017 12:44,1/10/2017 14:14,1/10/2017 12:00,1/11/2017 8:14,1176.49,1300.0,-123.51,534.5,RFR,5.0,,False,0,Carrier 1693531,Shipper 1262,True,False,False,1/10/2017 21:00,1/10/2017 14:00,False,False,False,False,False,False,False,False,Rio Rico,AZ ,Rio Rico,AZ 
6076,206502993,6/12/2017 11:53,6/12/2017 11:53,6/13/2017 9:02,6/13/2017 8:00,6/15/2017 11:15,1176.43,1100.0,76.43,820.9,DRV,,,False,0,Carrier 975536,Shipper 1052,True,True,True,6/13/2017 15:00,6/15/2017 16:00,False,False,False,False,False,False,False,False,Philadelphia,PA ,Philadelphia,PA 
6077,206462561,6/12/2017 11:25,6/12/2017 11:51,6/13/2017 9:03,6/13/2017 8:00,6/15/2017 9:45,1176.43,1100.0,76.43,820.9,DRV,,,False,0,Carrier 975536,Shipper 1052,True,True,True,6/13/2017 15:00,6/15/2017 16:00,False,False,False,False,False,False,False,False,Philadelphia,PA ,Philadelphia,PA 
6078,206720033,9/22/2017 17:00,9/22/2017 17:00,9/25/2017 10:07,9/26/2017 6:00,9/26/2017 15:00,1176.24,950.0,226.24,239.1,DRV,,,False,0,Carrier 797109,Shipper 1249,True,True,True,9/26/2017 16:00,9/27/2017 12:00,False,False,False,False,False,False,False,False,South Windsor,CT ,South Windsor,CT 
6079,206720033,9/22/2017 17:00,9/22/2017 17:00,9/25/2017 10:07,9/26/2017 6:00,9/26/2017 15:00,1176.24,950.0,226.24,239.1,DRV,,,False,0,Carrier 797109,Shipper 1375,True,True,True,9/26/2017 16:00,9/27/2017 12:00,False,False,False,False,False,False,False,False,South Windsor,CT ,South Windsor,CT 
6080,206720033,9/22/2017 17:00,9/22/2017 17:00,9/25/2017 10:07,9/26/2017 6:00,9/26/2017 15:00,1176.24,950.0,226.24,239.1,DRV,,,False,0,Carrier 797109,Shipper 1386,True,True,True,9/26/2017 16:00,9/27/2017 12:00,False,False,False,False,False,False,False,False,South Windsor,CT ,South Windsor,CT 
6081,206720033,9/22/2017 17:00,9/22/2017 17:00,9/25/2017 10:07,9/26/2017 6:00,9/26/2017 15:00,1176.24,950.0,226.24,239.1,DRV,,,False,0,Carrier 797109,Shipper 1248,True,True,True,9/26/2017 16:00,9/27/2017 12:00,False,False,False,False,False,False,False,False,South Windsor,CT ,South Windsor,CT 
6082,206720033,9/22/2017 17:00,9/22/2017 17:00,9/25/2017 10:07,9/26/2017 6:00,9/26/2017 15:00,1176.24,950.0,226.24,239.1,DRV,,,False,0,Carrier 797109,Shipper 1387,True,True,True,9/26/2017 16:00,9/27/2017 12:00,False,False,False,False,False,False,False,False,South Windsor,CT ,South Windsor,CT 
6083,206720033,9/22/2017 17:00,9/22/2017 17:00,9/25/2017 10:07,9/26/2017 6:00,9/26/2017 15:00,1176.24,950.0,226.24,239.1,DRV,,,False,0,Carrier 797109,Shipper 1388,True,True,True,9/26/2017 16:00,9/27/2017 12:00,False,False,False,False,False,False,False,False,South Windsor,CT ,South Windsor,CT 
6084,206641185,11/27/2017 12:29,11/27/2017 12:29,11/28/2017 16:33,11/29/2017 13:00,11/30/2017 8:25,1174.45,1250.0,-75.55,430.3,DRV,,,False,0,Carrier 365596,Shipper 1644,True,True,True,11/29/2017 13:00,11/30/2017 9:00,False,False,False,False,False,False,False,False,Akron,OH ,Akron,OH 
6085,206597833,11/17/2017 10:04,11/17/2017 10:05,11/20/2017 8:54,11/20/2017 12:00,11/21/2017 11:40,1174.45,1300.0,-125.55,430.3,DRV,,,False,0,Carrier 78583,Shipper 1644,True,True,True,11/20/2017 12:00,11/21/2017 12:00,False,False,False,False,False,False,False,False,Akron,OH ,Akron,OH 
6086,206512617,7/18/2017 11:01,7/18/2017 11:09,7/18/2017 14:34,7/19/2017 12:00,7/21/2017 9:00,1174.17,1100.0,74.17,933.8,DRV,,,False,0,Carrier 1071582,Shipper 1536,True,True,True,7/19/2017 15:00,7/21/2017 10:00,False,False,False,False,False,False,False,False,Boca Raton,FL ,Boca Raton,FL 
6087,206605625,7/31/2017 15:20,7/31/2017 15:20,8/8/2017 11:07,8/8/2017 7:00,8/9/2017 17:25,1173.42,1200.0,-26.58,372.2,DRV,,,False,0,Carrier 52627,Shipper 1249,True,True,True,8/8/2017 14:00,8/9/2017 12:00,False,False,False,False,False,False,False,False,Annapolis,MD ,Annapolis,MD 
6088,206605625,7/31/2017 15:20,7/31/2017 15:20,8/8/2017 11:07,8/8/2017 7:00,8/9/2017 17:25,1173.42,1200.0,-26.58,372.2,DRV,,,False,0,Carrier 52627,Shipper 1375,True,True,True,8/8/2017 14:00,8/9/2017 12:00,False,False,False,False,False,False,False,False,Annapolis,MD ,Annapolis,MD 
6089,206732681,7/31/2017 15:14,7/31/2017 15:14,8/2/2017 10:09,8/3/2017 7:00,8/4/2017 8:25,1173.42,1050.0,123.42,372.2,DRV,,,False,0,Carrier 1215355,Shipper 1249,True,True,True,8/3/2017 14:00,8/4/2017 14:00,False,False,False,False,False,False,False,False,Annapolis,MD ,Annapolis,MD 
6090,206732681,7/31/2017 15:14,7/31/2017 15:14,8/2/2017 10:09,8/3/2017 7:00,8/4/2017 8:25,1173.42,1050.0,123.42,372.2,DRV,,,False,0,Carrier 1215355,Shipper 1375,True,True,True,8/3/2017 14:00,8/4/2017 14:00,False,False,False,False,False,False,False,False,Annapolis,MD ,Annapolis,MD 
6091,206732681,7/31/2017 15:14,7/31/2017 15:14,8/2/2017 10:09,8/3/2017 7:00,8/4/2017 8:25,1173.42,1050.0,123.42,372.2,DRV,,,False,0,Carrier 1215355,Shipper 1386,True,True,True,8/3/2017 14:00,8/4/2017 14:00,False,False,False,False,False,False,False,False,Annapolis,MD ,Annapolis,MD 
6092,206605625,7/31/2017 15:20,7/31/2017 15:20,8/8/2017 11:07,8/8/2017 7:00,8/9/2017 17:25,1173.42,1200.0,-26.58,372.2,DRV,,,False,0,Carrier 52627,Shipper 1386,True,True,True,8/8/2017 14:00,8/9/2017 12:00,False,False,False,False,False,False,False,False,Annapolis,MD ,Annapolis,MD 
6093,206732681,7/31/2017 15:14,7/31/2017 15:14,8/2/2017 10:09,8/3/2017 7:00,8/4/2017 8:25,1173.42,1050.0,123.42,372.2,DRV,,,False,0,Carrier 1215355,Shipper 1248,True,True,True,8/3/2017 14:00,8/4/2017 14:00,False,False,False,False,False,False,False,False,Annapolis,MD ,Annapolis,MD 
6094,206605625,7/31/2017 15:20,7/31/2017 15:20,8/8/2017 11:07,8/8/2017 7:00,8/9/2017 17:25,1173.42,1200.0,-26.58,372.2,DRV,,,False,0,Carrier 52627,Shipper 1248,True,True,True,8/8/2017 14:00,8/9/2017 12:00,False,False,False,False,False,False,False,False,Annapolis,MD ,Annapolis,MD 
6095,206732681,7/31/2017 15:14,7/31/2017 15:14,8/2/2017 10:09,8/3/2017 7:00,8/4/2017 8:25,1173.42,1050.0,123.42,372.2,DRV,,,False,0,Carrier 1215355,Shipper 1387,True,True,True,8/3/2017 14:00,8/4/2017 14:00,False,False,False,False,False,False,False,False,Annapolis,MD ,Annapolis,MD 
6096,206732681,7/31/2017 15:14,7/31/2017 15:14,8/2/2017 10:09,8/3/2017 7:00,8/4/2017 8:25,1173.42,1050.0,123.42,372.2,DRV,,,False,0,Carrier 1215355,Shipper 1388,True,True,True,8/3/2017 14:00,8/4/2017 14:00,False,False,False,False,False,False,False,False,Annapolis,MD ,Annapolis,MD 
6097,206605625,7/31/2017 15:20,7/31/2017 15:20,8/8/2017 11:07,8/8/2017 7:00,8/9/2017 17:25,1173.42,1200.0,-26.58,372.2,DRV,,,False,0,Carrier 52627,Shipper 1387,True,True,True,8/8/2017 14:00,8/9/2017 12:00,False,False,False,False,False,False,False,False,Annapolis,MD ,Annapolis,MD 
6098,206605625,7/31/2017 15:20,7/31/2017 15:20,8/8/2017 11:07,8/8/2017 7:00,8/9/2017 17:25,1173.42,1200.0,-26.58,372.2,DRV,,,False,0,Carrier 52627,Shipper 1388,True,True,True,8/8/2017 14:00,8/9/2017 12:00,False,False,False,False,False,False,False,False,Annapolis,MD ,Annapolis,MD 
6099,206430169,2/1/2017 10:30,2/1/2017 10:30,2/8/2017 13:33,2/9/2017 12:00,2/10/2017 10:00,1173.22,1050.0,123.22,389.8,DRV,,,False,0,Carrier 1365154,Shipper 1078,True,True,True,2/9/2017 14:00,2/10/2017 14:00,False,False,False,False,False,False,False,False,Columbus,OH ,Columbus,OH 
6100,206774105,8/15/2017 17:54,8/15/2017 17:54,8/17/2017 14:37,8/18/2017 0:00,8/18/2017 15:20,1171.79,1300.0,-128.21,344.0,RFR,,,False,0,Carrier 1695191,Shipper 1249,True,True,True,8/18/2017 0:00,8/18/2017 17:00,False,False,False,False,False,False,False,False,Aurora,CO ,Aurora,CO 
6101,206774105,8/15/2017 17:54,8/15/2017 17:54,8/17/2017 14:37,8/18/2017 0:00,8/18/2017 15:20,1171.79,1300.0,-128.21,344.0,RFR,,,False,0,Carrier 1695191,Shipper 1375,True,True,True,8/18/2017 0:00,8/18/2017 17:00,False,False,False,False,False,False,False,False,Aurora,CO ,Aurora,CO 
6102,206774105,8/15/2017 17:54,8/15/2017 17:54,8/17/2017 14:37,8/18/2017 0:00,8/18/2017 15:20,1171.79,1300.0,-128.21,344.0,RFR,,,False,0,Carrier 1695191,Shipper 1386,True,True,True,8/18/2017 0:00,8/18/2017 17:00,False,False,False,False,False,False,False,False,Aurora,CO ,Aurora,CO 
6103,206774105,8/15/2017 17:54,8/15/2017 17:54,8/17/2017 14:37,8/18/2017 0:00,8/18/2017 15:20,1171.79,1300.0,-128.21,344.0,RFR,,,False,0,Carrier 1695191,Shipper 1248,True,True,True,8/18/2017 0:00,8/18/2017 17:00,False,False,False,False,False,False,False,False,Aurora,CO ,Aurora,CO 
6104,206774105,8/15/2017 17:54,8/15/2017 17:54,8/17/2017 14:37,8/18/2017 0:00,8/18/2017 15:20,1171.79,1300.0,-128.21,344.0,RFR,,,False,0,Carrier 1695191,Shipper 1387,True,True,True,8/18/2017 0:00,8/18/2017 17:00,False,False,False,False,False,False,False,False,Aurora,CO ,Aurora,CO 
6105,206774105,8/15/2017 17:54,8/15/2017 17:54,8/17/2017 14:37,8/18/2017 0:00,8/18/2017 15:20,1171.79,1300.0,-128.21,344.0,RFR,,,False,0,Carrier 1695191,Shipper 1388,True,True,True,8/18/2017 0:00,8/18/2017 17:00,False,False,False,False,False,False,False,False,Aurora,CO ,Aurora,CO 
6106,206527169,11/13/2017 8:38,11/13/2017 8:38,11/16/2017 11:15,11/16/2017 11:00,11/17/2017 7:30,1170.15,1650.0,-479.85,430.3,DRV,,,False,0,Carrier 1276652,Shipper 1644,True,True,True,11/16/2017 13:00,11/17/2017 10:00,False,False,False,False,False,False,False,False,Akron,OH ,Akron,OH 
6107,206542921,4/5/2017 15:25,4/5/2017 15:26,4/11/2017 16:00,4/12/2017 12:00,4/13/2017 16:55,1169.97,1250.0,-80.03,666.8,DRV,1.0,,False,1,Carrier 53723,Shipper 1052,False,True,True,4/12/2017 12:00,4/13/2017 14:00,False,False,False,False,False,False,False,False,Braitwaite,LA ,Braitwaite,LA 
6108,206426881,4/5/2017 15:27,4/5/2017 15:27,4/11/2017 14:29,4/12/2017 14:00,4/13/2017 9:34,1169.97,1250.0,-80.03,666.8,DRV,5.0,,False,0,Carrier 1457958,Shipper 1052,True,True,True,4/12/2017 15:30,4/13/2017 14:00,False,False,False,False,False,False,False,False,Braitwaite,LA ,Braitwaite,LA 
6109,206601137,4/5/2017 15:30,4/5/2017 15:30,4/13/2017 11:23,4/13/2017 14:00,4/17/2017 11:30,1169.97,1350.0,-180.03,666.8,DRV,2.0,,False,0,Carrier 1396262,Shipper 1052,True,False,False,4/13/2017 15:30,4/17/2017 8:00,False,False,False,False,False,False,False,False,Braitwaite,LA ,Braitwaite,LA 
6110,206641113,4/5/2017 15:28,4/5/2017 15:29,4/11/2017 10:42,4/12/2017 14:00,4/13/2017 10:15,1169.97,1000.0,169.97,666.8,DRV,4.0,,False,0,Carrier 1535722,Shipper 1052,True,True,True,4/12/2017 15:30,4/13/2017 14:00,False,False,False,False,False,False,False,False,Braitwaite,LA ,Braitwaite,LA 
6111,206589329,4/5/2017 15:24,4/5/2017 15:24,4/11/2017 13:18,4/11/2017 14:00,4/12/2017 13:00,1169.97,1400.0,-230.03,666.8,DRV,2.0,,False,0,Carrier 454511,Shipper 1052,True,True,True,4/11/2017 15:30,4/12/2017 14:00,False,False,False,False,False,False,False,False,Braitwaite,LA ,Braitwaite,LA 
6112,206754745,4/5/2017 15:20,4/5/2017 15:20,4/10/2017 12:56,4/10/2017 14:00,4/11/2017 12:20,1169.97,1200.0,-30.03,666.8,DRV,4.0,,False,0,Carrier 51077,Shipper 1052,True,True,True,4/10/2017 15:30,4/11/2017 14:00,False,False,False,False,False,False,False,False,Braitwaite,LA ,Braitwaite,LA 
6113,206648913,4/5/2017 15:22,4/5/2017 15:22,4/10/2017 9:27,4/10/2017 10:00,4/11/2017 12:28,1169.97,1100.0,69.97,666.8,DRV,4.0,,False,0,Carrier 1378107,Shipper 1052,True,True,True,4/10/2017 13:00,4/11/2017 14:00,False,False,False,False,False,False,False,False,Braitwaite,LA ,Braitwaite,LA 
6114,206559009,7/31/2017 15:22,7/31/2017 15:22,8/1/2017 11:10,8/1/2017 7:00,8/2/2017 10:00,1169.73,1100.0,69.73,372.2,DRV,,,False,0,Carrier 967405,Shipper 1249,True,True,True,8/1/2017 14:00,8/2/2017 12:00,False,False,False,False,False,False,False,False,Annapolis,MD ,Annapolis,MD 
6115,206559009,7/31/2017 15:22,7/31/2017 15:22,8/1/2017 11:10,8/1/2017 7:00,8/2/2017 10:00,1169.73,1100.0,69.73,372.2,DRV,,,False,0,Carrier 967405,Shipper 1375,True,True,True,8/1/2017 14:00,8/2/2017 12:00,False,False,False,False,False,False,False,False,Annapolis,MD ,Annapolis,MD 
6116,206559009,7/31/2017 15:22,7/31/2017 15:22,8/1/2017 11:10,8/1/2017 7:00,8/2/2017 10:00,1169.73,1100.0,69.73,372.2,DRV,,,False,0,Carrier 967405,Shipper 1386,True,True,True,8/1/2017 14:00,8/2/2017 12:00,False,False,False,False,False,False,False,False,Annapolis,MD ,Annapolis,MD 
6117,206559009,7/31/2017 15:22,7/31/2017 15:22,8/1/2017 11:10,8/1/2017 7:00,8/2/2017 10:00,1169.73,1100.0,69.73,372.2,DRV,,,False,0,Carrier 967405,Shipper 1248,True,True,True,8/1/2017 14:00,8/2/2017 12:00,False,False,False,False,False,False,False,False,Annapolis,MD ,Annapolis,MD 
6118,206559009,7/31/2017 15:22,7/31/2017 15:22,8/1/2017 11:10,8/1/2017 7:00,8/2/2017 10:00,1169.73,1100.0,69.73,372.2,DRV,,,False,0,Carrier 967405,Shipper 1387,True,True,True,8/1/2017 14:00,8/2/2017 12:00,False,False,False,False,False,False,False,False,Annapolis,MD ,Annapolis,MD 
6119,206559009,7/31/2017 15:22,7/31/2017 15:22,8/1/2017 11:10,8/1/2017 7:00,8/2/2017 10:00,1169.73,1100.0,69.73,372.2,DRV,,,False,0,Carrier 967405,Shipper 1388,True,True,True,8/1/2017 14:00,8/2/2017 12:00,False,False,False,False,False,False,False,False,Annapolis,MD ,Annapolis,MD 
6120,206435089,6/20/2017 13:13,6/20/2017 13:13,6/22/2017 15:17,6/22/2017 18:00,6/23/2017 9:00,1167.08,900.0,267.08,233.0,RFR,,,False,1,Carrier 1695371,Shipper 1249,True,True,True,6/22/2017 18:00,6/23/2017 14:00,False,False,False,False,False,False,False,False,Newark,NJ ,Newark,NJ 
6121,206435089,6/20/2017 13:13,6/20/2017 13:13,6/22/2017 15:17,6/22/2017 18:00,6/23/2017 9:00,1167.08,900.0,267.08,233.0,RFR,,,False,1,Carrier 1695371,Shipper 1375,True,True,True,6/22/2017 18:00,6/23/2017 14:00,False,False,False,False,False,False,False,False,Newark,NJ ,Newark,NJ 
6122,206435089,6/20/2017 13:13,6/20/2017 13:13,6/22/2017 15:17,6/22/2017 18:00,6/23/2017 9:00,1167.08,900.0,267.08,233.0,RFR,,,False,1,Carrier 1695371,Shipper 1386,True,True,True,6/22/2017 18:00,6/23/2017 14:00,False,False,False,False,False,False,False,False,Newark,NJ ,Newark,NJ 
6123,206435089,6/20/2017 13:13,6/20/2017 13:13,6/22/2017 15:17,6/22/2017 18:00,6/23/2017 9:00,1167.08,900.0,267.08,233.0,RFR,,,False,1,Carrier 1695371,Shipper 1248,True,True,True,6/22/2017 18:00,6/23/2017 14:00,False,False,False,False,False,False,False,False,Newark,NJ ,Newark,NJ 
6124,206435089,6/20/2017 13:13,6/20/2017 13:13,6/22/2017 15:17,6/22/2017 18:00,6/23/2017 9:00,1167.08,900.0,267.08,233.0,RFR,,,False,1,Carrier 1695371,Shipper 1387,True,True,True,6/22/2017 18:00,6/23/2017 14:00,False,False,False,False,False,False,False,False,Newark,NJ ,Newark,NJ 
6125,206435089,6/20/2017 13:13,6/20/2017 13:13,6/22/2017 15:17,6/22/2017 18:00,6/23/2017 9:00,1167.08,900.0,267.08,233.0,RFR,,,False,1,Carrier 1695371,Shipper 1388,True,True,True,6/22/2017 18:00,6/23/2017 14:00,False,False,False,False,False,False,False,False,Newark,NJ ,Newark,NJ 
6126,206473441,6/8/2017 17:14,6/8/2017 17:14,6/9/2017 11:19,6/9/2017 7:00,6/13/2017 10:05,1165.74,1200.0,-34.26,685.5,DRV,,,False,0,Carrier 950663,Shipper 1249,True,True,True,6/9/2017 21:00,6/13/2017 8:00,False,False,False,False,False,False,False,False,Columbus,OH ,Columbus,OH 
6127,206473441,6/8/2017 17:14,6/8/2017 17:14,6/9/2017 11:19,6/9/2017 7:00,6/13/2017 10:05,1165.74,1200.0,-34.26,685.5,DRV,,,False,0,Carrier 950663,Shipper 1375,True,True,True,6/9/2017 21:00,6/13/2017 8:00,False,False,False,False,False,False,False,False,Columbus,OH ,Columbus,OH 
6128,206473441,6/8/2017 17:14,6/8/2017 17:14,6/9/2017 11:19,6/9/2017 7:00,6/13/2017 10:05,1165.74,1200.0,-34.26,685.5,DRV,,,False,0,Carrier 950663,Shipper 1386,True,True,True,6/9/2017 21:00,6/13/2017 8:00,False,False,False,False,False,False,False,False,Columbus,OH ,Columbus,OH 
6129,206473441,6/8/2017 17:14,6/8/2017 17:14,6/9/2017 11:19,6/9/2017 7:00,6/13/2017 10:05,1165.74,1200.0,-34.26,685.5,DRV,,,False,0,Carrier 950663,Shipper 1248,True,True,True,6/9/2017 21:00,6/13/2017 8:00,False,False,False,False,False,False,False,False,Columbus,OH ,Columbus,OH 
6130,206473441,6/8/2017 17:14,6/8/2017 17:14,6/9/2017 11:19,6/9/2017 7:00,6/13/2017 10:05,1165.74,1200.0,-34.26,685.5,DRV,,,False,0,Carrier 950663,Shipper 1387,True,True,True,6/9/2017 21:00,6/13/2017 8:00,False,False,False,False,False,False,False,False,Columbus,OH ,Columbus,OH 
6131,206473441,6/8/2017 17:14,6/8/2017 17:14,6/9/2017 11:19,6/9/2017 7:00,6/13/2017 10:05,1165.74,1200.0,-34.26,685.5,DRV,,,False,0,Carrier 950663,Shipper 1388,True,True,True,6/9/2017 21:00,6/13/2017 8:00,False,False,False,False,False,False,False,False,Columbus,OH ,Columbus,OH 
6132,206630913,12/7/2017 16:23,12/7/2017 16:23,12/8/2017 8:31,12/8/2017 14:00,12/11/2017 11:30,1165.12,1100.0,65.12,323.8,RFR,,dat_in,False,0,Carrier 982548,Shipper 1249,True,True,True,12/8/2017 14:00,12/11/2017 10:00,False,False,False,False,False,False,False,False,Jacksonville,FL ,Jacksonville,FL 
6133,206630913,12/7/2017 16:23,12/7/2017 16:23,12/8/2017 8:31,12/8/2017 14:00,12/11/2017 11:30,1165.12,1100.0,65.12,323.8,RFR,,dat_in,False,0,Carrier 982548,Shipper 1375,True,True,True,12/8/2017 14:00,12/11/2017 10:00,False,False,False,False,False,False,False,False,Jacksonville,FL ,Jacksonville,FL 
6134,206630913,12/7/2017 16:23,12/7/2017 16:23,12/8/2017 8:31,12/8/2017 14:00,12/11/2017 11:30,1165.12,1100.0,65.12,323.8,RFR,,dat_in,False,0,Carrier 982548,Shipper 1386,True,True,True,12/8/2017 14:00,12/11/2017 10:00,False,False,False,False,False,False,False,False,Jacksonville,FL ,Jacksonville,FL 
6135,206630913,12/7/2017 16:23,12/7/2017 16:23,12/8/2017 8:31,12/8/2017 14:00,12/11/2017 11:30,1165.12,1100.0,65.12,323.8,RFR,,dat_in,False,0,Carrier 982548,Shipper 1248,True,True,True,12/8/2017 14:00,12/11/2017 10:00,False,False,False,False,False,False,False,False,Jacksonville,FL ,Jacksonville,FL 
6136,206630913,12/7/2017 16:23,12/7/2017 16:23,12/8/2017 8:31,12/8/2017 14:00,12/11/2017 11:30,1165.12,1100.0,65.12,323.8,RFR,,dat_in,False,0,Carrier 982548,Shipper 1387,True,True,True,12/8/2017 14:00,12/11/2017 10:00,False,False,False,False,False,False,False,False,Jacksonville,FL ,Jacksonville,FL 
6137,206630913,12/7/2017 16:23,12/7/2017 16:23,12/8/2017 8:31,12/8/2017 14:00,12/11/2017 11:30,1165.12,1100.0,65.12,323.8,RFR,,dat_in,False,0,Carrier 982548,Shipper 1388,True,True,True,12/8/2017 14:00,12/11/2017 10:00,False,False,False,False,False,False,False,False,Jacksonville,FL ,Jacksonville,FL 
6138,206487953,3/15/2017 16:08,3/15/2017 16:08,4/3/2017 9:20,4/3/2017 14:30,4/4/2017 18:15,1162.46,1039.0,123.46,563.0,DRV,,,False,1,Carrier 47140,Shipper 758,False,True,True,4/3/2017 14:30,4/4/2017 16:00,False,False,False,False,False,False,False,False,Denver,CO ,Denver,CO 
6139,206732593,5/4/2017 17:26,5/4/2017 17:26,5/6/2017 10:22,5/6/2017 17:00,5/8/2017 11:00,1161.97,1800.0,-638.03,568.2,DRV,3.0,,False,0,Carrier 1065421,Shipper 1249,True,True,True,5/6/2017 18:00,5/8/2017 11:00,False,False,False,False,False,False,False,False,Jacksonville,FL ,Jacksonville,FL 
6140,206732593,5/4/2017 17:26,5/4/2017 17:26,5/6/2017 10:22,5/6/2017 17:00,5/8/2017 11:00,1161.97,1800.0,-638.03,568.2,DRV,3.0,,False,0,Carrier 1065421,Shipper 1375,True,True,True,5/6/2017 18:00,5/8/2017 11:00,False,False,False,False,False,False,False,False,Jacksonville,FL ,Jacksonville,FL 
6141,206732593,5/4/2017 17:26,5/4/2017 17:26,5/6/2017 10:22,5/6/2017 17:00,5/8/2017 11:00,1161.97,1800.0,-638.03,568.2,DRV,3.0,,False,0,Carrier 1065421,Shipper 1386,True,True,True,5/6/2017 18:00,5/8/2017 11:00,False,False,False,False,False,False,False,False,Jacksonville,FL ,Jacksonville,FL 
6142,206732593,5/4/2017 17:26,5/4/2017 17:26,5/6/2017 10:22,5/6/2017 17:00,5/8/2017 11:00,1161.97,1800.0,-638.03,568.2,DRV,3.0,,False,0,Carrier 1065421,Shipper 1248,True,True,True,5/6/2017 18:00,5/8/2017 11:00,False,False,False,False,False,False,False,False,Jacksonville,FL ,Jacksonville,FL 
6143,206732593,5/4/2017 17:26,5/4/2017 17:26,5/6/2017 10:22,5/6/2017 17:00,5/8/2017 11:00,1161.97,1800.0,-638.03,568.2,DRV,3.0,,False,0,Carrier 1065421,Shipper 1387,True,True,True,5/6/2017 18:00,5/8/2017 11:00,False,False,False,False,False,False,False,False,Jacksonville,FL ,Jacksonville,FL 
6144,206732593,5/4/2017 17:26,5/4/2017 17:26,5/6/2017 10:22,5/6/2017 17:00,5/8/2017 11:00,1161.97,1800.0,-638.03,568.2,DRV,3.0,,False,0,Carrier 1065421,Shipper 1388,True,True,True,5/6/2017 18:00,5/8/2017 11:00,False,False,False,False,False,False,False,False,Jacksonville,FL ,Jacksonville,FL 
6145,206581865,4/18/2017 17:07,4/18/2017 17:07,4/19/2017 15:11,4/20/2017 19:00,4/21/2017 12:30,1161.04,1150.0,11.04,462.0,RFR,4.0,,False,0,Carrier 75697,Shipper 1249,True,True,True,4/20/2017 19:00,4/21/2017 15:00,False,False,False,False,False,False,False,False,Granite City,IL ,Granite City,IL 
6146,206581865,4/18/2017 17:07,4/18/2017 17:07,4/19/2017 15:11,4/20/2017 19:00,4/21/2017 12:30,1161.04,1150.0,11.04,462.0,RFR,4.0,,False,0,Carrier 75697,Shipper 1375,True,True,True,4/20/2017 19:00,4/21/2017 15:00,False,False,False,False,False,False,False,False,Granite City,IL ,Granite City,IL 
6147,206581865,4/18/2017 17:07,4/18/2017 17:07,4/19/2017 15:11,4/20/2017 19:00,4/21/2017 12:30,1161.04,1150.0,11.04,462.0,RFR,4.0,,False,0,Carrier 75697,Shipper 1386,True,True,True,4/20/2017 19:00,4/21/2017 15:00,False,False,False,False,False,False,False,False,Granite City,IL ,Granite City,IL 
6148,206581865,4/18/2017 17:07,4/18/2017 17:07,4/19/2017 15:11,4/20/2017 19:00,4/21/2017 12:30,1161.04,1150.0,11.04,462.0,RFR,4.0,,False,0,Carrier 75697,Shipper 1248,True,True,True,4/20/2017 19:00,4/21/2017 15:00,False,False,False,False,False,False,False,False,Granite City,IL ,Granite City,IL 
6149,206581865,4/18/2017 17:07,4/18/2017 17:07,4/19/2017 15:11,4/20/2017 19:00,4/21/2017 12:30,1161.04,1150.0,11.04,462.0,RFR,4.0,,False,0,Carrier 75697,Shipper 1387,True,True,True,4/20/2017 19:00,4/21/2017 15:00,False,False,False,False,False,False,False,False,Granite City,IL ,Granite City,IL 
6150,206581865,4/18/2017 17:07,4/18/2017 17:07,4/19/2017 15:11,4/20/2017 19:00,4/21/2017 12:30,1161.04,1150.0,11.04,462.0,RFR,4.0,,False,0,Carrier 75697,Shipper 1388,True,True,True,4/20/2017 19:00,4/21/2017 15:00,False,False,False,False,False,False,False,False,Granite City,IL ,Granite City,IL 
6151,206641153,8/2/2017 11:35,8/2/2017 11:35,8/3/2017 8:59,8/3/2017 15:30,8/4/2017 9:00,1159.15,1100.0,59.15,517.8,DRV,,,False,0,Carrier 51333,Shipper 1528,True,True,True,8/3/2017 15:30,8/4/2017 15:00,False,False,False,False,False,False,False,False,Tuscaloosa,AL ,Tuscaloosa,AL 
6152,206621537,8/2/2017 16:18,8/2/2017 16:18,8/7/2017 11:28,8/7/2017 14:00,8/8/2017 14:00,1158.1,1150.0,8.1,422.0,DRV,,,False,1,Carrier 54676,Shipper 1249,True,True,True,8/7/2017 14:00,8/8/2017 14:00,False,False,False,False,False,False,False,False,Newark,NJ ,Newark,NJ 
6153,206621537,8/2/2017 16:18,8/2/2017 16:18,8/7/2017 11:28,8/7/2017 14:00,8/8/2017 14:00,1158.1,1150.0,8.1,422.0,DRV,,,False,1,Carrier 54676,Shipper 1375,True,True,True,8/7/2017 14:00,8/8/2017 14:00,False,False,False,False,False,False,False,False,Newark,NJ ,Newark,NJ 
6154,206621537,8/2/2017 16:18,8/2/2017 16:18,8/7/2017 11:28,8/7/2017 14:00,8/8/2017 14:00,1158.1,1150.0,8.1,422.0,DRV,,,False,1,Carrier 54676,Shipper 1386,True,True,True,8/7/2017 14:00,8/8/2017 14:00,False,False,False,False,False,False,False,False,Newark,NJ ,Newark,NJ 
6155,206621537,8/2/2017 16:18,8/2/2017 16:18,8/7/2017 11:28,8/7/2017 14:00,8/8/2017 14:00,1158.1,1150.0,8.1,422.0,DRV,,,False,1,Carrier 54676,Shipper 1248,True,True,True,8/7/2017 14:00,8/8/2017 14:00,False,False,False,False,False,False,False,False,Newark,NJ ,Newark,NJ 
6156,206621537,8/2/2017 16:18,8/2/2017 16:18,8/7/2017 11:28,8/7/2017 14:00,8/8/2017 14:00,1158.1,1150.0,8.1,422.0,DRV,,,False,1,Carrier 54676,Shipper 1387,True,True,True,8/7/2017 14:00,8/8/2017 14:00,False,False,False,False,False,False,False,False,Newark,NJ ,Newark,NJ 
6157,206621537,8/2/2017 16:18,8/2/2017 16:18,8/7/2017 11:28,8/7/2017 14:00,8/8/2017 14:00,1158.1,1150.0,8.1,422.0,DRV,,,False,1,Carrier 54676,Shipper 1388,True,True,True,8/7/2017 14:00,8/8/2017 14:00,False,False,False,False,False,False,False,False,Newark,NJ ,Newark,NJ 
6158,206531601,4/18/2017 17:09,4/18/2017 17:09,4/21/2017 12:14,4/21/2017 8:00,4/24/2017 9:55,1156.16,1200.0,-43.84,312.8,RFR,4.0,,False,1,Carrier 1695195,Shipper 1249,True,True,True,4/22/2017 0:00,4/24/2017 13:00,False,False,False,False,False,False,False,False,Houston,TX ,Houston,TX 
6159,206531601,4/18/2017 17:09,4/18/2017 17:09,4/21/2017 12:14,4/21/2017 8:00,4/24/2017 9:55,1156.16,1200.0,-43.84,312.8,RFR,4.0,,False,1,Carrier 1695195,Shipper 1375,True,True,True,4/22/2017 0:00,4/24/2017 13:00,False,False,False,False,False,False,False,False,Houston,TX ,Houston,TX 
6160,206531601,4/18/2017 17:09,4/18/2017 17:09,4/21/2017 12:14,4/21/2017 8:00,4/24/2017 9:55,1156.16,1200.0,-43.84,312.8,RFR,4.0,,False,1,Carrier 1695195,Shipper 1386,True,True,True,4/22/2017 0:00,4/24/2017 13:00,False,False,False,False,False,False,False,False,Houston,TX ,Houston,TX 
6161,206531601,4/18/2017 17:09,4/18/2017 17:09,4/21/2017 12:14,4/21/2017 8:00,4/24/2017 9:55,1156.16,1200.0,-43.84,312.8,RFR,4.0,,False,1,Carrier 1695195,Shipper 1248,True,True,True,4/22/2017 0:00,4/24/2017 13:00,False,False,False,False,False,False,False,False,Houston,TX ,Houston,TX 
6162,206531601,4/18/2017 17:09,4/18/2017 17:09,4/21/2017 12:14,4/21/2017 8:00,4/24/2017 9:55,1156.16,1200.0,-43.84,312.8,RFR,4.0,,False,1,Carrier 1695195,Shipper 1387,True,True,True,4/22/2017 0:00,4/24/2017 13:00,False,False,False,False,False,False,False,False,Houston,TX ,Houston,TX 
6163,206531601,4/18/2017 17:09,4/18/2017 17:09,4/21/2017 12:14,4/21/2017 8:00,4/24/2017 9:55,1156.16,1200.0,-43.84,312.8,RFR,4.0,,False,1,Carrier 1695195,Shipper 1388,True,True,True,4/22/2017 0:00,4/24/2017 13:00,False,False,False,False,False,False,False,False,Houston,TX ,Houston,TX 
6164,206584345,8/4/2017 16:26,8/4/2017 16:26,8/8/2017 15:52,8/9/2017 6:00,8/10/2017 8:25,1154.43,1250.0,-95.57,302.5,DRV,,,False,0,Carrier 1056260,Shipper 1249,True,True,True,8/9/2017 8:00,8/10/2017 14:00,False,False,False,False,False,False,False,False,Williamsburg,VA ,Williamsburg,VA 
6165,206584345,8/4/2017 16:26,8/4/2017 16:26,8/8/2017 15:52,8/9/2017 6:00,8/10/2017 8:25,1154.43,1250.0,-95.57,302.5,DRV,,,False,0,Carrier 1056260,Shipper 1375,True,True,True,8/9/2017 8:00,8/10/2017 14:00,False,False,False,False,False,False,False,False,Williamsburg,VA ,Williamsburg,VA 
6166,206584345,8/4/2017 16:26,8/4/2017 16:26,8/8/2017 15:52,8/9/2017 6:00,8/10/2017 8:25,1154.43,1250.0,-95.57,302.5,DRV,,,False,0,Carrier 1056260,Shipper 1386,True,True,True,8/9/2017 8:00,8/10/2017 14:00,False,False,False,False,False,False,False,False,Williamsburg,VA ,Williamsburg,VA 
6167,206584345,8/4/2017 16:26,8/4/2017 16:26,8/8/2017 15:52,8/9/2017 6:00,8/10/2017 8:25,1154.43,1250.0,-95.57,302.5,DRV,,,False,0,Carrier 1056260,Shipper 1248,True,True,True,8/9/2017 8:00,8/10/2017 14:00,False,False,False,False,False,False,False,False,Williamsburg,VA ,Williamsburg,VA 
6168,206584345,8/4/2017 16:26,8/4/2017 16:26,8/8/2017 15:52,8/9/2017 6:00,8/10/2017 8:25,1154.43,1250.0,-95.57,302.5,DRV,,,False,0,Carrier 1056260,Shipper 1387,True,True,True,8/9/2017 8:00,8/10/2017 14:00,False,False,False,False,False,False,False,False,Williamsburg,VA ,Williamsburg,VA 
6169,206584345,8/4/2017 16:26,8/4/2017 16:26,8/8/2017 15:52,8/9/2017 6:00,8/10/2017 8:25,1154.43,1250.0,-95.57,302.5,DRV,,,False,0,Carrier 1056260,Shipper 1388,True,True,True,8/9/2017 8:00,8/10/2017 14:00,False,False,False,False,False,False,False,False,Williamsburg,VA ,Williamsburg,VA 
6170,206487201,12/12/2017 16:21,12/12/2017 16:21,12/12/2017 16:57,12/12/2017 19:00,12/13/2017 12:00,1153.76,850.0,303.76,330.9,RFR,,,False,0,Carrier 1695762,Shipper 1249,True,True,True,12/12/2017 19:00,12/13/2017 17:00,False,False,False,False,False,False,False,False,Aurora,CO ,Aurora,CO 
6171,206487201,12/12/2017 16:21,12/12/2017 16:21,12/12/2017 16:57,12/12/2017 19:00,12/13/2017 12:00,1153.76,850.0,303.76,330.9,RFR,,,False,0,Carrier 1695762,Shipper 1375,True,True,True,12/12/2017 19:00,12/13/2017 17:00,False,False,False,False,False,False,False,False,Aurora,CO ,Aurora,CO 
6172,206487201,12/12/2017 16:21,12/12/2017 16:21,12/12/2017 16:57,12/12/2017 19:00,12/13/2017 12:00,1153.76,850.0,303.76,330.9,RFR,,,False,0,Carrier 1695762,Shipper 1386,True,True,True,12/12/2017 19:00,12/13/2017 17:00,False,False,False,False,False,False,False,False,Aurora,CO ,Aurora,CO 
6173,206487201,12/12/2017 16:21,12/12/2017 16:21,12/12/2017 16:57,12/12/2017 19:00,12/13/2017 12:00,1153.76,850.0,303.76,330.9,RFR,,,False,0,Carrier 1695762,Shipper 1248,True,True,True,12/12/2017 19:00,12/13/2017 17:00,False,False,False,False,False,False,False,False,Aurora,CO ,Aurora,CO 
6174,206487201,12/12/2017 16:21,12/12/2017 16:21,12/12/2017 16:57,12/12/2017 19:00,12/13/2017 12:00,1153.76,850.0,303.76,330.9,RFR,,,False,0,Carrier 1695762,Shipper 1387,True,True,True,12/12/2017 19:00,12/13/2017 17:00,False,False,False,False,False,False,False,False,Aurora,CO ,Aurora,CO 
6175,206487201,12/12/2017 16:21,12/12/2017 16:21,12/12/2017 16:57,12/12/2017 19:00,12/13/2017 12:00,1153.76,850.0,303.76,330.9,RFR,,,False,0,Carrier 1695762,Shipper 1388,True,True,True,12/12/2017 19:00,12/13/2017 17:00,False,False,False,False,False,False,False,False,Aurora,CO ,Aurora,CO 
6176,206572073,7/31/2017 17:00,7/31/2017 17:00,8/2/2017 9:58,8/2/2017 22:00,8/3/2017 10:50,1153.25,980.0,173.25,285.2,RFR,,,False,0,Carrier 44275,Shipper 1249,True,True,True,8/2/2017 22:00,8/3/2017 15:00,False,False,False,False,False,False,False,False,Newark,NJ ,Newark,NJ 
6177,206572073,7/31/2017 17:00,7/31/2017 17:00,8/2/2017 9:58,8/2/2017 22:00,8/3/2017 10:50,1153.25,980.0,173.25,285.2,RFR,,,False,0,Carrier 44275,Shipper 1375,True,True,True,8/2/2017 22:00,8/3/2017 15:00,False,False,False,False,False,False,False,False,Newark,NJ ,Newark,NJ 
6178,206572073,7/31/2017 17:00,7/31/2017 17:00,8/2/2017 9:58,8/2/2017 22:00,8/3/2017 10:50,1153.25,980.0,173.25,285.2,RFR,,,False,0,Carrier 44275,Shipper 1386,True,True,True,8/2/2017 22:00,8/3/2017 15:00,False,False,False,False,False,False,False,False,Newark,NJ ,Newark,NJ 
6179,206572073,7/31/2017 17:00,7/31/2017 17:00,8/2/2017 9:58,8/2/2017 22:00,8/3/2017 10:50,1153.25,980.0,173.25,285.2,RFR,,,False,0,Carrier 44275,Shipper 1248,True,True,True,8/2/2017 22:00,8/3/2017 15:00,False,False,False,False,False,False,False,False,Newark,NJ ,Newark,NJ 
6180,206572073,7/31/2017 17:00,7/31/2017 17:00,8/2/2017 9:58,8/2/2017 22:00,8/3/2017 10:50,1153.25,980.0,173.25,285.2,RFR,,,False,0,Carrier 44275,Shipper 1387,True,True,True,8/2/2017 22:00,8/3/2017 15:00,False,False,False,False,False,False,False,False,Newark,NJ ,Newark,NJ 
6181,206572073,7/31/2017 17:00,7/31/2017 17:00,8/2/2017 9:58,8/2/2017 22:00,8/3/2017 10:50,1153.25,980.0,173.25,285.2,RFR,,,False,0,Carrier 44275,Shipper 1388,True,True,True,8/2/2017 22:00,8/3/2017 15:00,False,False,False,False,False,False,False,False,Newark,NJ ,Newark,NJ 
6182,206570609,9/22/2017 16:56,9/22/2017 16:57,9/25/2017 13:45,9/26/2017 6:00,9/27/2017 13:00,1153.04,900.0,253.04,239.1,DRV,,,False,0,Carrier 31074,Shipper 1249,True,True,True,9/26/2017 16:00,9/27/2017 12:00,False,False,False,False,False,False,False,False,South Windsor,CT ,South Windsor,CT 
6183,206570609,9/22/2017 16:56,9/22/2017 16:57,9/25/2017 13:45,9/26/2017 6:00,9/27/2017 13:00,1153.04,900.0,253.04,239.1,DRV,,,False,0,Carrier 31074,Shipper 1375,True,True,True,9/26/2017 16:00,9/27/2017 12:00,False,False,False,False,False,False,False,False,South Windsor,CT ,South Windsor,CT 
6184,206570609,9/22/2017 16:56,9/22/2017 16:57,9/25/2017 13:45,9/26/2017 6:00,9/27/2017 13:00,1153.04,900.0,253.04,239.1,DRV,,,False,0,Carrier 31074,Shipper 1386,True,True,True,9/26/2017 16:00,9/27/2017 12:00,False,False,False,False,False,False,False,False,South Windsor,CT ,South Windsor,CT 
6185,206570609,9/22/2017 16:56,9/22/2017 16:57,9/25/2017 13:45,9/26/2017 6:00,9/27/2017 13:00,1153.04,900.0,253.04,239.1,DRV,,,False,0,Carrier 31074,Shipper 1248,True,True,True,9/26/2017 16:00,9/27/2017 12:00,False,False,False,False,False,False,False,False,South Windsor,CT ,South Windsor,CT 
6186,206570609,9/22/2017 16:56,9/22/2017 16:57,9/25/2017 13:45,9/26/2017 6:00,9/27/2017 13:00,1153.04,900.0,253.04,239.1,DRV,,,False,0,Carrier 31074,Shipper 1387,True,True,True,9/26/2017 16:00,9/27/2017 12:00,False,False,False,False,False,False,False,False,South Windsor,CT ,South Windsor,CT 
6187,206570609,9/22/2017 16:56,9/22/2017 16:57,9/25/2017 13:45,9/26/2017 6:00,9/27/2017 13:00,1153.04,900.0,253.04,239.1,DRV,,,False,0,Carrier 31074,Shipper 1388,True,True,True,9/26/2017 16:00,9/27/2017 12:00,False,False,False,False,False,False,False,False,South Windsor,CT ,South Windsor,CT 
6188,206474617,6/6/2017 17:17,6/6/2017 17:17,6/8/2017 10:46,6/9/2017 0:00,6/9/2017 12:30,1152.98,1300.0,-147.02,370.6,DRV,,,False,0,Carrier 1055986,Shipper 1249,True,True,True,6/9/2017 0:00,6/9/2017 14:30,False,False,False,False,False,False,False,False,Jacksonville,FL ,Jacksonville,FL 
6189,206474617,6/6/2017 17:17,6/6/2017 17:17,6/8/2017 10:46,6/9/2017 0:00,6/9/2017 12:30,1152.98,1300.0,-147.02,370.6,DRV,,,False,0,Carrier 1055986,Shipper 1375,True,True,True,6/9/2017 0:00,6/9/2017 14:30,False,False,False,False,False,False,False,False,Jacksonville,FL ,Jacksonville,FL 
6190,206474617,6/6/2017 17:17,6/6/2017 17:17,6/8/2017 10:46,6/9/2017 0:00,6/9/2017 12:30,1152.98,1300.0,-147.02,370.6,DRV,,,False,0,Carrier 1055986,Shipper 1386,True,True,True,6/9/2017 0:00,6/9/2017 14:30,False,False,False,False,False,False,False,False,Jacksonville,FL ,Jacksonville,FL 
6191,206474617,6/6/2017 17:17,6/6/2017 17:17,6/8/2017 10:46,6/9/2017 0:00,6/9/2017 12:30,1152.98,1300.0,-147.02,370.6,DRV,,,False,0,Carrier 1055986,Shipper 1248,True,True,True,6/9/2017 0:00,6/9/2017 14:30,False,False,False,False,False,False,False,False,Jacksonville,FL ,Jacksonville,FL 
6192,206474617,6/6/2017 17:17,6/6/2017 17:17,6/8/2017 10:46,6/9/2017 0:00,6/9/2017 12:30,1152.98,1300.0,-147.02,370.6,DRV,,,False,0,Carrier 1055986,Shipper 1387,True,True,True,6/9/2017 0:00,6/9/2017 14:30,False,False,False,False,False,False,False,False,Jacksonville,FL ,Jacksonville,FL 
6193,206474617,6/6/2017 17:17,6/6/2017 17:17,6/8/2017 10:46,6/9/2017 0:00,6/9/2017 12:30,1152.98,1300.0,-147.02,370.6,DRV,,,False,0,Carrier 1055986,Shipper 1388,True,True,True,6/9/2017 0:00,6/9/2017 14:30,False,False,False,False,False,False,False,False,Jacksonville,FL ,Jacksonville,FL 
6194,206651545,6/13/2017 10:42,6/13/2017 10:46,6/13/2017 15:29,6/14/2017 9:30,6/15/2017 17:50,1152.8,1125.0,27.8,783.1,DRV,,,False,0,Carrier 1353314,Shipper 1367,True,False,False,6/14/2017 15:00,6/15/2017 16:00,False,False,False,False,False,False,False,False,Brooklyn,NY ,Brooklyn,NY 
6195,206601777,3/27/2017 17:23,3/27/2017 17:24,3/29/2017 18:59,3/30/2017 6:00,3/31/2017 10:00,1151.35,1400.0,-248.65,483.1,RFR,4.0,,False,0,Carrier 1695167,Shipper 1249,True,True,True,3/30/2017 7:00,3/31/2017 12:00,False,False,False,False,False,False,False,False,Granite City,IL ,Granite City,IL 
6196,206601777,3/27/2017 17:23,3/27/2017 17:24,3/29/2017 18:59,3/30/2017 6:00,3/31/2017 10:00,1151.35,1400.0,-248.65,483.1,RFR,4.0,,False,0,Carrier 1695167,Shipper 1375,True,True,True,3/30/2017 7:00,3/31/2017 12:00,False,False,False,False,False,False,False,False,Granite City,IL ,Granite City,IL 
6197,206601777,3/27/2017 17:23,3/27/2017 17:24,3/29/2017 18:59,3/30/2017 6:00,3/31/2017 10:00,1151.35,1400.0,-248.65,483.1,RFR,4.0,,False,0,Carrier 1695167,Shipper 1386,True,True,True,3/30/2017 7:00,3/31/2017 12:00,False,False,False,False,False,False,False,False,Granite City,IL ,Granite City,IL 
6198,206601777,3/27/2017 17:23,3/27/2017 17:24,3/29/2017 18:59,3/30/2017 6:00,3/31/2017 10:00,1151.35,1400.0,-248.65,483.1,RFR,4.0,,False,0,Carrier 1695167,Shipper 1248,True,True,True,3/30/2017 7:00,3/31/2017 12:00,False,False,False,False,False,False,False,False,Granite City,IL ,Granite City,IL 
6199,206601777,3/27/2017 17:23,3/27/2017 17:24,3/29/2017 18:59,3/30/2017 6:00,3/31/2017 10:00,1151.35,1400.0,-248.65,483.1,RFR,4.0,,False,0,Carrier 1695167,Shipper 1387,True,True,True,3/30/2017 7:00,3/31/2017 12:00,False,False,False,False,False,False,False,False,Granite City,IL ,Granite City,IL 
6200,206601777,3/27/2017 17:23,3/27/2017 17:24,3/29/2017 18:59,3/30/2017 6:00,3/31/2017 10:00,1151.35,1400.0,-248.65,483.1,RFR,4.0,,False,0,Carrier 1695167,Shipper 1388,True,True,True,3/30/2017 7:00,3/31/2017 12:00,False,False,False,False,False,False,False,False,Granite City,IL ,Granite City,IL 
6201,206628865,1/23/2017 12:41,1/23/2017 12:41,1/24/2017 17:16,1/25/2017 9:00,1/26/2017 16:00,1150.0,1150.0,0.0,620.5,DRV,,,False,0,Carrier 995968,Shipper 766,True,True,True,1/25/2017 16:00,1/26/2017 12:00,False,False,False,False,False,False,False,False,Paris,TN ,Paris,TN 
6202,206701505,1/18/2017 16:05,1/18/2017 16:05,1/18/2017 16:27,1/19/2017 9:00,1/23/2017 9:30,1150.0,1050.0,100.0,620.5,DRV,,,False,0,Carrier 72730,Shipper 766,True,True,True,1/19/2017 16:30,1/23/2017 8:00,False,False,False,False,False,False,False,False,Paris,TN ,Paris,TN 
6203,206533961,8/3/2017 14:34,8/3/2017 14:34,8/7/2017 12:17,8/7/2017 7:00,8/8/2017 15:30,1150.0,1250.0,-100.0,267.6,FBE,,,False,0,Carrier 1018849,Shipper 1517,True,True,True,8/7/2017 17:00,8/8/2017 15:30,False,False,False,False,False,False,False,False,Bartow,WV ,Bartow,WV 
6204,206649769,4/4/2017 17:34,4/4/2017 17:34,4/5/2017 8:47,4/5/2017 8:30,4/5/2017 14:00,1150.0,800.0,350.0,34.2,FBE,,,False,0,Carrier 1541477,Shipper 1397,True,True,True,4/5/2017 12:00,4/5/2017 14:00,False,False,False,False,False,False,False,False,Spring Valley,NY ,Spring Valley,NY 
6205,206484841,1/12/2017 12:33,1/12/2017 12:33,1/12/2017 12:58,1/12/2017 11:00,1/13/2017 14:50,1150.0,1100.0,50.0,620.5,DRV,3.0,,False,0,Carrier 1693533,Shipper 766,False,True,True,1/12/2017 16:00,1/13/2017 12:00,False,False,False,False,False,False,False,False,Paris,TN ,Paris,TN 
6206,206657953,1/23/2017 12:37,1/23/2017 12:37,1/24/2017 9:16,1/24/2017 9:00,1/25/2017 13:30,1150.0,1050.0,100.0,620.5,DRV,,,False,0,Carrier 361652,Shipper 766,True,True,True,1/24/2017 16:00,1/25/2017 12:00,False,False,False,False,False,False,False,False,Paris,TN ,Paris,TN 
6207,206551873,7/25/2017 12:08,7/25/2017 12:08,7/25/2017 13:59,7/26/2017 13:30,7/28/2017 9:00,1150.0,1150.0,0.0,761.7,DRV,,,False,0,Carrier 1360635,Shipper 929,True,True,True,7/26/2017 13:30,7/28/2017 9:00,False,False,False,False,False,False,False,False,Colfax,NC ,Colfax,NC 
6208,206435729,5/31/2017 8:28,5/31/2017 8:29,6/5/2017 9:54,6/5/2017 16:00,6/6/2017 4:14,1150.0,1100.0,50.0,195.6,RFR,,,False,0,Carrier 1011211,Shipper 585,True,True,True,6/5/2017 16:00,6/13/2017 14:00,False,False,False,False,False,False,False,False,Pittston,PA ,Pittston,PA 
6209,206503665,1/11/2017 14:18,1/11/2017 14:22,1/12/2017 19:01,1/11/2017 19:00,1/12/2017 11:30,1150.0,1100.0,50.0,378.2,RFR,4.0,,False,1,Carrier 15036,Shipper 866,True,True,True,1/11/2017 19:00,1/12/2017 11:00,False,False,False,False,False,False,False,False,Ventura,CA ,Ventura,CA 
6210,206633505,1/17/2017 14:35,1/17/2017 14:35,1/17/2017 15:30,1/18/2017 8:00,1/19/2017 16:00,1149.95,1000.0,149.95,591.9,DRV,,,False,0,Carrier 1051624,Shipper 757,True,True,True,1/18/2017 15:00,1/19/2017 15:00,False,False,False,False,False,False,False,False,Knoxville,TN ,Knoxville,TN 
6211,206426225,10/20/2017 17:43,10/20/2017 17:43,10/23/2017 14:47,10/24/2017 14:00,10/25/2017 12:00,1148.15,1025.0,123.15,579.6,RFR,,,False,0,Carrier 1383428,Shipper 1249,True,True,True,10/24/2017 14:00,10/25/2017 11:00,False,False,False,False,False,False,False,False,Houston,TX ,Houston,TX 
6212,206426225,10/20/2017 17:43,10/20/2017 17:43,10/23/2017 14:47,10/24/2017 14:00,10/25/2017 12:00,1148.15,1025.0,123.15,579.6,RFR,,,False,0,Carrier 1383428,Shipper 1375,True,True,True,10/24/2017 14:00,10/25/2017 11:00,False,False,False,False,False,False,False,False,Houston,TX ,Houston,TX 
6213,206426225,10/20/2017 17:43,10/20/2017 17:43,10/23/2017 14:47,10/24/2017 14:00,10/25/2017 12:00,1148.15,1025.0,123.15,579.6,RFR,,,False,0,Carrier 1383428,Shipper 1386,True,True,True,10/24/2017 14:00,10/25/2017 11:00,False,False,False,False,False,False,False,False,Houston,TX ,Houston,TX 
6214,206426225,10/20/2017 17:43,10/20/2017 17:43,10/23/2017 14:47,10/24/2017 14:00,10/25/2017 12:00,1148.15,1025.0,123.15,579.6,RFR,,,False,0,Carrier 1383428,Shipper 1248,True,True,True,10/24/2017 14:00,10/25/2017 11:00,False,False,False,False,False,False,False,False,Houston,TX ,Houston,TX 
6215,206426225,10/20/2017 17:43,10/20/2017 17:43,10/23/2017 14:47,10/24/2017 14:00,10/25/2017 12:00,1148.15,1025.0,123.15,579.6,RFR,,,False,0,Carrier 1383428,Shipper 1387,True,True,True,10/24/2017 14:00,10/25/2017 11:00,False,False,False,False,False,False,False,False,Houston,TX ,Houston,TX 
6216,206426225,10/20/2017 17:43,10/20/2017 17:43,10/23/2017 14:47,10/24/2017 14:00,10/25/2017 12:00,1148.15,1025.0,123.15,579.6,RFR,,,False,0,Carrier 1383428,Shipper 1388,True,True,True,10/24/2017 14:00,10/25/2017 11:00,False,False,False,False,False,False,False,False,Houston,TX ,Houston,TX 
6217,206622545,5/22/2017 13:41,5/22/2017 13:41,5/24/2017 10:42,5/24/2017 0:00,5/25/2017 7:15,1148.03,1100.0,48.03,230.9,DRV,,,False,1,Carrier 31074,Shipper 1249,True,True,True,5/24/2017 23:00,5/25/2017 14:00,False,False,False,False,False,False,False,False,Columbus,OH ,Columbus,OH 
6218,206622545,5/22/2017 13:41,5/22/2017 13:41,5/24/2017 10:42,5/24/2017 0:00,5/25/2017 7:15,1148.03,1100.0,48.03,230.9,DRV,,,False,1,Carrier 31074,Shipper 1375,True,True,True,5/24/2017 23:00,5/25/2017 14:00,False,False,False,False,False,False,False,False,Columbus,OH ,Columbus,OH 
6219,206622545,5/22/2017 13:41,5/22/2017 13:41,5/24/2017 10:42,5/24/2017 0:00,5/25/2017 7:15,1148.03,1100.0,48.03,230.9,DRV,,,False,1,Carrier 31074,Shipper 1386,True,True,True,5/24/2017 23:00,5/25/2017 14:00,False,False,False,False,False,False,False,False,Columbus,OH ,Columbus,OH 
6220,206622545,5/22/2017 13:41,5/22/2017 13:41,5/24/2017 10:42,5/24/2017 0:00,5/25/2017 7:15,1148.03,1100.0,48.03,230.9,DRV,,,False,1,Carrier 31074,Shipper 1248,True,True,True,5/24/2017 23:00,5/25/2017 14:00,False,False,False,False,False,False,False,False,Columbus,OH ,Columbus,OH 
6221,206622545,5/22/2017 13:41,5/22/2017 13:41,5/24/2017 10:42,5/24/2017 0:00,5/25/2017 7:15,1148.03,1100.0,48.03,230.9,DRV,,,False,1,Carrier 31074,Shipper 1387,True,True,True,5/24/2017 23:00,5/25/2017 14:00,False,False,False,False,False,False,False,False,Columbus,OH ,Columbus,OH 
6222,206622545,5/22/2017 13:41,5/22/2017 13:41,5/24/2017 10:42,5/24/2017 0:00,5/25/2017 7:15,1148.03,1100.0,48.03,230.9,DRV,,,False,1,Carrier 31074,Shipper 1388,True,True,True,5/24/2017 23:00,5/25/2017 14:00,False,False,False,False,False,False,False,False,Columbus,OH ,Columbus,OH 
6223,206558457,9/11/2017 16:34,9/11/2017 16:34,9/12/2017 10:22,9/12/2017 21:00,9/14/2017 7:00,1147.68,1140.0,7.68,285.2,DRV,,,False,0,Carrier 1458303,Shipper 1249,True,True,True,9/12/2017 21:00,9/14/2017 7:00,False,False,False,False,False,False,False,False,Newark,NJ ,Newark,NJ 
6224,206558457,9/11/2017 16:34,9/11/2017 16:34,9/12/2017 10:22,9/12/2017 21:00,9/14/2017 7:00,1147.68,1140.0,7.68,285.2,DRV,,,False,0,Carrier 1458303,Shipper 1375,True,True,True,9/12/2017 21:00,9/14/2017 7:00,False,False,False,False,False,False,False,False,Newark,NJ ,Newark,NJ 
6225,206558457,9/11/2017 16:34,9/11/2017 16:34,9/12/2017 10:22,9/12/2017 21:00,9/14/2017 7:00,1147.68,1140.0,7.68,285.2,DRV,,,False,0,Carrier 1458303,Shipper 1386,True,True,True,9/12/2017 21:00,9/14/2017 7:00,False,False,False,False,False,False,False,False,Newark,NJ ,Newark,NJ 
6226,206558457,9/11/2017 16:34,9/11/2017 16:34,9/12/2017 10:22,9/12/2017 21:00,9/14/2017 7:00,1147.68,1140.0,7.68,285.2,DRV,,,False,0,Carrier 1458303,Shipper 1248,True,True,True,9/12/2017 21:00,9/14/2017 7:00,False,False,False,False,False,False,False,False,Newark,NJ ,Newark,NJ 
6227,206558457,9/11/2017 16:34,9/11/2017 16:34,9/12/2017 10:22,9/12/2017 21:00,9/14/2017 7:00,1147.68,1140.0,7.68,285.2,DRV,,,False,0,Carrier 1458303,Shipper 1387,True,True,True,9/12/2017 21:00,9/14/2017 7:00,False,False,False,False,False,False,False,False,Newark,NJ ,Newark,NJ 
6228,206558457,9/11/2017 16:34,9/11/2017 16:34,9/12/2017 10:22,9/12/2017 21:00,9/14/2017 7:00,1147.68,1140.0,7.68,285.2,DRV,,,False,0,Carrier 1458303,Shipper 1388,True,True,True,9/12/2017 21:00,9/14/2017 7:00,False,False,False,False,False,False,False,False,Newark,NJ ,Newark,NJ 
6229,206533681,8/25/2017 16:25,8/25/2017 16:25,8/29/2017 11:04,8/29/2017 15:00,8/30/2017 11:50,1147.28,1340.0,-192.72,315.7,DRV,,,False,0,Carrier 1541941,Shipper 1249,True,True,True,8/29/2017 15:00,8/30/2017 14:00,False,False,False,False,False,False,False,False,Cartersville,GA ,Cartersville,GA 
6230,206533681,8/25/2017 16:25,8/25/2017 16:25,8/29/2017 11:04,8/29/2017 15:00,8/30/2017 11:50,1147.28,1340.0,-192.72,315.7,DRV,,,False,0,Carrier 1541941,Shipper 1375,True,True,True,8/29/2017 15:00,8/30/2017 14:00,False,False,False,False,False,False,False,False,Cartersville,GA ,Cartersville,GA 
6231,206533681,8/25/2017 16:25,8/25/2017 16:25,8/29/2017 11:04,8/29/2017 15:00,8/30/2017 11:50,1147.28,1340.0,-192.72,315.7,DRV,,,False,0,Carrier 1541941,Shipper 1386,True,True,True,8/29/2017 15:00,8/30/2017 14:00,False,False,False,False,False,False,False,False,Cartersville,GA ,Cartersville,GA 
6232,206533681,8/25/2017 16:25,8/25/2017 16:25,8/29/2017 11:04,8/29/2017 15:00,8/30/2017 11:50,1147.28,1340.0,-192.72,315.7,DRV,,,False,0,Carrier 1541941,Shipper 1248,True,True,True,8/29/2017 15:00,8/30/2017 14:00,False,False,False,False,False,False,False,False,Cartersville,GA ,Cartersville,GA 
6233,206533681,8/25/2017 16:25,8/25/2017 16:25,8/29/2017 11:04,8/29/2017 15:00,8/30/2017 11:50,1147.28,1340.0,-192.72,315.7,DRV,,,False,0,Carrier 1541941,Shipper 1387,True,True,True,8/29/2017 15:00,8/30/2017 14:00,False,False,False,False,False,False,False,False,Cartersville,GA ,Cartersville,GA 
6234,206533681,8/25/2017 16:25,8/25/2017 16:25,8/29/2017 11:04,8/29/2017 15:00,8/30/2017 11:50,1147.28,1340.0,-192.72,315.7,DRV,,,False,0,Carrier 1541941,Shipper 1388,True,True,True,8/29/2017 15:00,8/30/2017 14:00,False,False,False,False,False,False,False,False,Cartersville,GA ,Cartersville,GA 
6235,206490513,5/15/2017 13:36,5/15/2017 13:36,5/17/2017 15:27,5/17/2017 14:00,5/18/2017 15:40,1144.3,1600.0,-455.7,389.2,DRV,,,False,0,Carrier 1073775,Shipper 1249,False,True,False,5/17/2017 14:00,5/18/2017 13:30,False,False,False,False,False,False,False,False,La Porte,TX ,La Porte,TX 
6236,206490513,5/15/2017 13:36,5/15/2017 13:36,5/17/2017 15:27,5/17/2017 14:00,5/18/2017 15:40,1144.3,1600.0,-455.7,389.2,DRV,,,False,0,Carrier 1073775,Shipper 1375,False,True,False,5/17/2017 14:00,5/18/2017 13:30,False,False,False,False,False,False,False,False,La Porte,TX ,La Porte,TX 
6237,206490513,5/15/2017 13:36,5/15/2017 13:36,5/17/2017 15:27,5/17/2017 14:00,5/18/2017 15:40,1144.3,1600.0,-455.7,389.2,DRV,,,False,0,Carrier 1073775,Shipper 1386,False,True,False,5/17/2017 14:00,5/18/2017 13:30,False,False,False,False,False,False,False,False,La Porte,TX ,La Porte,TX 
6238,206490513,5/15/2017 13:36,5/15/2017 13:36,5/17/2017 15:27,5/17/2017 14:00,5/18/2017 15:40,1144.3,1600.0,-455.7,389.2,DRV,,,False,0,Carrier 1073775,Shipper 1248,False,True,False,5/17/2017 14:00,5/18/2017 13:30,False,False,False,False,False,False,False,False,La Porte,TX ,La Porte,TX 
6239,206490513,5/15/2017 13:36,5/15/2017 13:36,5/17/2017 15:27,5/17/2017 14:00,5/18/2017 15:40,1144.3,1600.0,-455.7,389.2,DRV,,,False,0,Carrier 1073775,Shipper 1387,False,True,False,5/17/2017 14:00,5/18/2017 13:30,False,False,False,False,False,False,False,False,La Porte,TX ,La Porte,TX 
6240,206490513,5/15/2017 13:36,5/15/2017 13:36,5/17/2017 15:27,5/17/2017 14:00,5/18/2017 15:40,1144.3,1600.0,-455.7,389.2,DRV,,,False,0,Carrier 1073775,Shipper 1388,False,True,False,5/17/2017 14:00,5/18/2017 13:30,False,False,False,False,False,False,False,False,La Porte,TX ,La Porte,TX 
6241,206427641,4/7/2017 16:49,4/7/2017 16:49,4/12/2017 14:56,4/12/2017 1:00,4/13/2017 13:10,1143.75,2200.0,-1056.25,625.2,DRV,4.0,,False,0,Carrier 1056252,Shipper 1249,True,True,True,4/13/2017 0:00,4/13/2017 15:00,False,False,False,False,False,False,False,False,Granite City,IL ,Granite City,IL 
6242,206427641,4/7/2017 16:49,4/7/2017 16:49,4/12/2017 14:56,4/12/2017 1:00,4/13/2017 13:10,1143.75,2200.0,-1056.25,625.2,DRV,4.0,,False,0,Carrier 1056252,Shipper 1375,True,True,True,4/13/2017 0:00,4/13/2017 15:00,False,False,False,False,False,False,False,False,Granite City,IL ,Granite City,IL 
6243,206427641,4/7/2017 16:49,4/7/2017 16:49,4/12/2017 14:56,4/12/2017 1:00,4/13/2017 13:10,1143.75,2200.0,-1056.25,625.2,DRV,4.0,,False,0,Carrier 1056252,Shipper 1386,True,True,True,4/13/2017 0:00,4/13/2017 15:00,False,False,False,False,False,False,False,False,Granite City,IL ,Granite City,IL 
6244,206427641,4/7/2017 16:49,4/7/2017 16:49,4/12/2017 14:56,4/12/2017 1:00,4/13/2017 13:10,1143.75,2200.0,-1056.25,625.2,DRV,4.0,,False,0,Carrier 1056252,Shipper 1248,True,True,True,4/13/2017 0:00,4/13/2017 15:00,False,False,False,False,False,False,False,False,Granite City,IL ,Granite City,IL 
6245,206427641,4/7/2017 16:49,4/7/2017 16:49,4/12/2017 14:56,4/12/2017 1:00,4/13/2017 13:10,1143.75,2200.0,-1056.25,625.2,DRV,4.0,,False,0,Carrier 1056252,Shipper 1387,True,True,True,4/13/2017 0:00,4/13/2017 15:00,False,False,False,False,False,False,False,False,Granite City,IL ,Granite City,IL 
6246,206427641,4/7/2017 16:49,4/7/2017 16:49,4/12/2017 14:56,4/12/2017 1:00,4/13/2017 13:10,1143.75,2200.0,-1056.25,625.2,DRV,4.0,,False,0,Carrier 1056252,Shipper 1388,True,True,True,4/13/2017 0:00,4/13/2017 15:00,False,False,False,False,False,False,False,False,Granite City,IL ,Granite City,IL 
6247,206608617,11/22/2017 8:54,11/22/2017 8:54,11/22/2017 9:37,11/22/2017 15:00,11/23/2017 11:00,1138.68,800.0,338.68,455.7,DRV,,,False,0,Carrier 1695614,Shipper 1644,True,True,True,11/22/2017 15:00,11/23/2017 8:00,False,False,False,False,False,False,False,False,Wylie,TX ,Wylie,TX 
6248,206586801,9/20/2017 17:39,9/20/2017 17:39,9/21/2017 14:30,9/22/2017 8:00,9/22/2017 15:17,1135.86,1000.0,135.86,115.2,RFR,,,False,0,Carrier 1207954,Shipper 1249,True,True,True,9/22/2017 8:00,9/22/2017 13:00,False,False,False,False,False,False,False,False,Aurora,CO ,Aurora,CO 
6249,206586801,9/20/2017 17:39,9/20/2017 17:39,9/21/2017 14:30,9/22/2017 8:00,9/22/2017 15:17,1135.86,1000.0,135.86,115.2,RFR,,,False,0,Carrier 1207954,Shipper 1375,True,True,True,9/22/2017 8:00,9/22/2017 13:00,False,False,False,False,False,False,False,False,Aurora,CO ,Aurora,CO 
6250,206586801,9/20/2017 17:39,9/20/2017 17:39,9/21/2017 14:30,9/22/2017 8:00,9/22/2017 15:17,1135.86,1000.0,135.86,115.2,RFR,,,False,0,Carrier 1207954,Shipper 1386,True,True,True,9/22/2017 8:00,9/22/2017 13:00,False,False,False,False,False,False,False,False,Aurora,CO ,Aurora,CO 
6251,206586801,9/20/2017 17:39,9/20/2017 17:39,9/21/2017 14:30,9/22/2017 8:00,9/22/2017 15:17,1135.86,1000.0,135.86,115.2,RFR,,,False,0,Carrier 1207954,Shipper 1248,True,True,True,9/22/2017 8:00,9/22/2017 13:00,False,False,False,False,False,False,False,False,Aurora,CO ,Aurora,CO 
6252,206586801,9/20/2017 17:39,9/20/2017 17:39,9/21/2017 14:30,9/22/2017 8:00,9/22/2017 15:17,1135.86,1000.0,135.86,115.2,RFR,,,False,0,Carrier 1207954,Shipper 1387,True,True,True,9/22/2017 8:00,9/22/2017 13:00,False,False,False,False,False,False,False,False,Aurora,CO ,Aurora,CO 
6253,206586801,9/20/2017 17:39,9/20/2017 17:39,9/21/2017 14:30,9/22/2017 8:00,9/22/2017 15:17,1135.86,1000.0,135.86,115.2,RFR,,,False,0,Carrier 1207954,Shipper 1388,True,True,True,9/22/2017 8:00,9/22/2017 13:00,False,False,False,False,False,False,False,False,Aurora,CO ,Aurora,CO 
6254,206705833,8/16/2017 11:02,8/16/2017 11:21,8/16/2017 14:04,8/17/2017 8:00,8/18/2017 12:00,1134.89,1100.0,34.89,518.5,DRV,,,False,0,Carrier 36473,Shipper 1357,True,True,True,8/17/2017 14:00,8/18/2017 10:00,False,False,False,False,False,False,False,False,Clarksville,TN ,Clarksville,TN 
6255,206649561,9/8/2017 19:22,9/8/2017 19:22,9/11/2017 12:35,9/11/2017 22:00,9/12/2017 7:03,1133.32,1000.0,133.32,293.2,DRV,,,False,0,Carrier 1695502,Shipper 1249,True,True,True,9/11/2017 22:00,9/12/2017 11:00,False,False,False,False,False,False,False,False,Colonial Heights,VA ,Colonial Heights,VA 
6256,206649561,9/8/2017 19:22,9/8/2017 19:22,9/11/2017 12:35,9/11/2017 22:00,9/12/2017 7:03,1133.32,1000.0,133.32,293.2,DRV,,,False,0,Carrier 1695502,Shipper 1375,True,True,True,9/11/2017 22:00,9/12/2017 11:00,False,False,False,False,False,False,False,False,Colonial Heights,VA ,Colonial Heights,VA 
6257,206649561,9/8/2017 19:22,9/8/2017 19:22,9/11/2017 12:35,9/11/2017 22:00,9/12/2017 7:03,1133.32,1000.0,133.32,293.2,DRV,,,False,0,Carrier 1695502,Shipper 1386,True,True,True,9/11/2017 22:00,9/12/2017 11:00,False,False,False,False,False,False,False,False,Colonial Heights,VA ,Colonial Heights,VA 
6258,206649561,9/8/2017 19:22,9/8/2017 19:22,9/11/2017 12:35,9/11/2017 22:00,9/12/2017 7:03,1133.32,1000.0,133.32,293.2,DRV,,,False,0,Carrier 1695502,Shipper 1248,True,True,True,9/11/2017 22:00,9/12/2017 11:00,False,False,False,False,False,False,False,False,Colonial Heights,VA ,Colonial Heights,VA 
6259,206649561,9/8/2017 19:22,9/8/2017 19:22,9/11/2017 12:35,9/11/2017 22:00,9/12/2017 7:03,1133.32,1000.0,133.32,293.2,DRV,,,False,0,Carrier 1695502,Shipper 1387,True,True,True,9/11/2017 22:00,9/12/2017 11:00,False,False,False,False,False,False,False,False,Colonial Heights,VA ,Colonial Heights,VA 
6260,206649561,9/8/2017 19:22,9/8/2017 19:22,9/11/2017 12:35,9/11/2017 22:00,9/12/2017 7:03,1133.32,1000.0,133.32,293.2,DRV,,,False,0,Carrier 1695502,Shipper 1388,True,True,True,9/11/2017 22:00,9/12/2017 11:00,False,False,False,False,False,False,False,False,Colonial Heights,VA ,Colonial Heights,VA 
6261,206466337,4/11/2017 16:16,4/11/2017 16:18,4/13/2017 10:37,4/13/2017 2:00,4/14/2017 8:00,1130.02,1100.0,30.02,234.5,RFR,4.0,,False,0,Carrier 1695184,Shipper 1249,False,True,False,4/13/2017 2:00,4/14/2017 7:30,False,False,False,False,False,False,False,False,Houston,TX ,Houston,TX 
6262,206466337,4/11/2017 16:16,4/11/2017 16:18,4/13/2017 10:37,4/13/2017 2:00,4/14/2017 8:00,1130.02,1100.0,30.02,234.5,RFR,4.0,,False,0,Carrier 1695184,Shipper 1375,False,True,False,4/13/2017 2:00,4/14/2017 7:30,False,False,False,False,False,False,False,False,Houston,TX ,Houston,TX 
6263,206466337,4/11/2017 16:16,4/11/2017 16:18,4/13/2017 10:37,4/13/2017 2:00,4/14/2017 8:00,1130.02,1100.0,30.02,234.5,RFR,4.0,,False,0,Carrier 1695184,Shipper 1386,False,True,False,4/13/2017 2:00,4/14/2017 7:30,False,False,False,False,False,False,False,False,Houston,TX ,Houston,TX 
6264,206466337,4/11/2017 16:16,4/11/2017 16:18,4/13/2017 10:37,4/13/2017 2:00,4/14/2017 8:00,1130.02,1100.0,30.02,234.5,RFR,4.0,,False,0,Carrier 1695184,Shipper 1248,False,True,False,4/13/2017 2:00,4/14/2017 7:30,False,False,False,False,False,False,False,False,Houston,TX ,Houston,TX 
6265,206466337,4/11/2017 16:16,4/11/2017 16:18,4/13/2017 10:37,4/13/2017 2:00,4/14/2017 8:00,1130.02,1100.0,30.02,234.5,RFR,4.0,,False,0,Carrier 1695184,Shipper 1387,False,True,False,4/13/2017 2:00,4/14/2017 7:30,False,False,False,False,False,False,False,False,Houston,TX ,Houston,TX 
6266,206466337,4/11/2017 16:16,4/11/2017 16:18,4/13/2017 10:37,4/13/2017 2:00,4/14/2017 8:00,1130.02,1100.0,30.02,234.5,RFR,4.0,,False,0,Carrier 1695184,Shipper 1388,False,True,False,4/13/2017 2:00,4/14/2017 7:30,False,False,False,False,False,False,False,False,Houston,TX ,Houston,TX 
6267,206592809,12/14/2017 16:25,12/14/2017 16:25,12/15/2017 12:59,12/17/2017 23:00,12/20/2017 13:20,1129.28,1250.0,-120.72,374.7,DRV,,dat_in,False,0,Carrier 53590,Shipper 1249,True,True,True,12/17/2017 23:00,12/20/2017 13:00,False,False,False,False,False,False,False,False,St. Louis,MO ,St. Louis,MO 
6268,206592809,12/14/2017 16:25,12/14/2017 16:25,12/15/2017 12:59,12/17/2017 23:00,12/20/2017 13:20,1129.28,1250.0,-120.72,374.7,DRV,,dat_in,False,0,Carrier 53590,Shipper 1375,True,True,True,12/17/2017 23:00,12/20/2017 13:00,False,False,False,False,False,False,False,False,St. Louis,MO ,St. Louis,MO 
6269,206592809,12/14/2017 16:25,12/14/2017 16:25,12/15/2017 12:59,12/17/2017 23:00,12/20/2017 13:20,1129.28,1250.0,-120.72,374.7,DRV,,dat_in,False,0,Carrier 53590,Shipper 1386,True,True,True,12/17/2017 23:00,12/20/2017 13:00,False,False,False,False,False,False,False,False,St. Louis,MO ,St. Louis,MO 
6270,206592809,12/14/2017 16:25,12/14/2017 16:25,12/15/2017 12:59,12/17/2017 23:00,12/20/2017 13:20,1129.28,1250.0,-120.72,374.7,DRV,,dat_in,False,0,Carrier 53590,Shipper 1248,True,True,True,12/17/2017 23:00,12/20/2017 13:00,False,False,False,False,False,False,False,False,St. Louis,MO ,St. Louis,MO 
6271,206592809,12/14/2017 16:25,12/14/2017 16:25,12/15/2017 12:59,12/17/2017 23:00,12/20/2017 13:20,1129.28,1250.0,-120.72,374.7,DRV,,dat_in,False,0,Carrier 53590,Shipper 1387,True,True,True,12/17/2017 23:00,12/20/2017 13:00,False,False,False,False,False,False,False,False,St. Louis,MO ,St. Louis,MO 
6272,206592809,12/14/2017 16:25,12/14/2017 16:25,12/15/2017 12:59,12/17/2017 23:00,12/20/2017 13:20,1129.28,1250.0,-120.72,374.7,DRV,,dat_in,False,0,Carrier 53590,Shipper 1388,True,True,True,12/17/2017 23:00,12/20/2017 13:00,False,False,False,False,False,False,False,False,St. Louis,MO ,St. Louis,MO 
6273,206535401,5/18/2017 13:23,5/18/2017 13:23,5/18/2017 18:55,5/18/2017 23:00,5/19/2017 9:00,1129.24,1400.0,-270.76,225.1,RFR,4.0,,False,0,Carrier 360228,Shipper 1249,True,True,True,5/18/2017 23:00,5/19/2017 15:00,False,False,False,False,False,False,False,False,La Porte,TX ,La Porte,TX 
6274,206535401,5/18/2017 13:23,5/18/2017 13:23,5/18/2017 18:55,5/18/2017 23:00,5/19/2017 9:00,1129.24,1400.0,-270.76,225.1,RFR,4.0,,False,0,Carrier 360228,Shipper 1375,True,True,True,5/18/2017 23:00,5/19/2017 15:00,False,False,False,False,False,False,False,False,La Porte,TX ,La Porte,TX 
6275,206535401,5/18/2017 13:23,5/18/2017 13:23,5/18/2017 18:55,5/18/2017 23:00,5/19/2017 9:00,1129.24,1400.0,-270.76,225.1,RFR,4.0,,False,0,Carrier 360228,Shipper 1386,True,True,True,5/18/2017 23:00,5/19/2017 15:00,False,False,False,False,False,False,False,False,La Porte,TX ,La Porte,TX 
6276,206535401,5/18/2017 13:23,5/18/2017 13:23,5/18/2017 18:55,5/18/2017 23:00,5/19/2017 9:00,1129.24,1400.0,-270.76,225.1,RFR,4.0,,False,0,Carrier 360228,Shipper 1248,True,True,True,5/18/2017 23:00,5/19/2017 15:00,False,False,False,False,False,False,False,False,La Porte,TX ,La Porte,TX 
6277,206535401,5/18/2017 13:23,5/18/2017 13:23,5/18/2017 18:55,5/18/2017 23:00,5/19/2017 9:00,1129.24,1400.0,-270.76,225.1,RFR,4.0,,False,0,Carrier 360228,Shipper 1387,True,True,True,5/18/2017 23:00,5/19/2017 15:00,False,False,False,False,False,False,False,False,La Porte,TX ,La Porte,TX 
6278,206535401,5/18/2017 13:23,5/18/2017 13:23,5/18/2017 18:55,5/18/2017 23:00,5/19/2017 9:00,1129.24,1400.0,-270.76,225.1,RFR,4.0,,False,0,Carrier 360228,Shipper 1388,True,True,True,5/18/2017 23:00,5/19/2017 15:00,False,False,False,False,False,False,False,False,La Porte,TX ,La Porte,TX 
6279,206474241,11/6/2017 16:56,11/6/2017 16:56,11/7/2017 13:12,11/9/2017 12:00,11/10/2017 13:00,1129.0,1100.0,29.0,602.6,DRV,,,False,0,Carrier 38605,Shipper 1249,True,True,True,11/9/2017 12:00,11/10/2017 15:00,False,False,False,False,False,False,False,False,Newark,NJ ,Newark,NJ 
6280,206474241,11/6/2017 16:56,11/6/2017 16:56,11/7/2017 13:12,11/9/2017 12:00,11/10/2017 13:00,1129.0,1100.0,29.0,602.6,DRV,,,False,0,Carrier 38605,Shipper 1375,True,True,True,11/9/2017 12:00,11/10/2017 15:00,False,False,False,False,False,False,False,False,Newark,NJ ,Newark,NJ 
6281,206474241,11/6/2017 16:56,11/6/2017 16:56,11/7/2017 13:12,11/9/2017 12:00,11/10/2017 13:00,1129.0,1100.0,29.0,602.6,DRV,,,False,0,Carrier 38605,Shipper 1386,True,True,True,11/9/2017 12:00,11/10/2017 15:00,False,False,False,False,False,False,False,False,Newark,NJ ,Newark,NJ 
6282,206474241,11/6/2017 16:56,11/6/2017 16:56,11/7/2017 13:12,11/9/2017 12:00,11/10/2017 13:00,1129.0,1100.0,29.0,602.6,DRV,,,False,0,Carrier 38605,Shipper 1248,True,True,True,11/9/2017 12:00,11/10/2017 15:00,False,False,False,False,False,False,False,False,Newark,NJ ,Newark,NJ 
6283,206474241,11/6/2017 16:56,11/6/2017 16:56,11/7/2017 13:12,11/9/2017 12:00,11/10/2017 13:00,1129.0,1100.0,29.0,602.6,DRV,,,False,0,Carrier 38605,Shipper 1387,True,True,True,11/9/2017 12:00,11/10/2017 15:00,False,False,False,False,False,False,False,False,Newark,NJ ,Newark,NJ 
6284,206474241,11/6/2017 16:56,11/6/2017 16:56,11/7/2017 13:12,11/9/2017 12:00,11/10/2017 13:00,1129.0,1100.0,29.0,602.6,DRV,,,False,0,Carrier 38605,Shipper 1388,True,True,True,11/9/2017 12:00,11/10/2017 15:00,False,False,False,False,False,False,False,False,Newark,NJ ,Newark,NJ 
6285,206482593,6/22/2017 15:23,6/22/2017 15:23,6/23/2017 16:08,6/26/2017 17:30,6/27/2017 16:20,1128.86,1000.0,128.86,440.6,DRV,,,False,0,Carrier 6826,Shipper 1528,True,True,True,6/26/2017 17:30,6/27/2017 16:00,False,False,False,False,False,False,False,False,Tuscaloosa,AL ,Tuscaloosa,AL 
6286,206551849,6/22/2017 15:14,6/22/2017 15:15,6/26/2017 9:59,6/26/2017 18:00,6/28/2017 8:30,1128.86,1225.0,-96.14,440.6,DRV,,,False,0,Carrier 288241,Shipper 1528,True,True,True,6/26/2017 18:00,6/28/2017 16:00,False,False,False,False,False,False,False,False,Tuscaloosa,AL ,Tuscaloosa,AL 
6287,206692689,6/22/2017 15:31,6/22/2017 15:32,6/27/2017 15:43,6/27/2017 18:00,6/28/2017 9:00,1128.86,1800.0,-671.14,440.6,DRV,,,False,0,Carrier 1039545,Shipper 1528,True,True,True,6/27/2017 18:00,6/28/2017 16:00,False,False,False,False,False,False,False,False,Tuscaloosa,AL ,Tuscaloosa,AL 
6288,206557689,6/22/2017 15:27,6/22/2017 15:27,6/27/2017 12:46,6/27/2017 17:00,6/28/2017 13:00,1128.86,1575.0,-446.14,440.6,DRV,,,False,0,Carrier 1019824,Shipper 1528,True,True,True,6/27/2017 17:00,6/28/2017 16:00,False,False,False,False,False,False,False,False,Tuscaloosa,AL ,Tuscaloosa,AL 
6289,206598465,10/24/2017 8:29,10/24/2017 8:29,10/30/2017 10:44,10/30/2017 20:00,11/1/2017 4:35,1128.05,1227.0,-98.95,526.0,DRV,,,False,0,Carrier 1695622,Shipper 758,True,True,True,10/30/2017 20:00,11/1/2017 0:00,False,False,False,False,False,False,False,False,Henderson,NV ,Henderson,NV 
6290,206551193,9/27/2017 15:36,9/27/2017 15:36,9/27/2017 18:40,9/28/2017 8:00,9/28/2017 16:03,1124.64,1200.0,-75.36,172.1,DRV,,,False,0,Carrier 45211,Shipper 1644,False,True,True,9/28/2017 8:00,9/29/2017 7:30,False,False,False,False,False,False,False,False,Wapakoneta,OH ,Wapakoneta,OH 
6291,206555897,7/17/2017 12:02,7/17/2017 12:02,7/21/2017 16:37,7/26/2017 9:00,7/27/2017 5:40,1122.13,941.0,181.13,329.2,DRV,,,False,0,Carrier 552905,Shipper 758,True,True,True,7/26/2017 10:00,7/27/2017 0:00,False,False,False,False,False,False,False,False,Vernon,CA ,Vernon,CA 
6292,206540321,10/27/2017 16:51,10/27/2017 16:51,10/30/2017 13:56,10/31/2017 12:00,11/1/2017 11:00,1120.32,1120.0,0.32,612.3,DRV,,,False,0,Carrier 1695623,Shipper 1249,True,True,True,10/31/2017 12:00,11/1/2017 11:00,False,False,False,False,False,False,False,False,Newark,NJ ,Newark,NJ 
6293,206540321,10/27/2017 16:51,10/27/2017 16:51,10/30/2017 13:56,10/31/2017 12:00,11/1/2017 11:00,1120.32,1120.0,0.32,612.3,DRV,,,False,0,Carrier 1695623,Shipper 1375,True,True,True,10/31/2017 12:00,11/1/2017 11:00,False,False,False,False,False,False,False,False,Newark,NJ ,Newark,NJ 
6294,206540321,10/27/2017 16:51,10/27/2017 16:51,10/30/2017 13:56,10/31/2017 12:00,11/1/2017 11:00,1120.32,1120.0,0.32,612.3,DRV,,,False,0,Carrier 1695623,Shipper 1386,True,True,True,10/31/2017 12:00,11/1/2017 11:00,False,False,False,False,False,False,False,False,Newark,NJ ,Newark,NJ 
6295,206540321,10/27/2017 16:51,10/27/2017 16:51,10/30/2017 13:56,10/31/2017 12:00,11/1/2017 11:00,1120.32,1120.0,0.32,612.3,DRV,,,False,0,Carrier 1695623,Shipper 1248,True,True,True,10/31/2017 12:00,11/1/2017 11:00,False,False,False,False,False,False,False,False,Newark,NJ ,Newark,NJ 
6296,206540321,10/27/2017 16:51,10/27/2017 16:51,10/30/2017 13:56,10/31/2017 12:00,11/1/2017 11:00,1120.32,1120.0,0.32,612.3,DRV,,,False,0,Carrier 1695623,Shipper 1387,True,True,True,10/31/2017 12:00,11/1/2017 11:00,False,False,False,False,False,False,False,False,Newark,NJ ,Newark,NJ 
6297,206540321,10/27/2017 16:51,10/27/2017 16:51,10/30/2017 13:56,10/31/2017 12:00,11/1/2017 11:00,1120.32,1120.0,0.32,612.3,DRV,,,False,0,Carrier 1695623,Shipper 1388,True,True,True,10/31/2017 12:00,11/1/2017 11:00,False,False,False,False,False,False,False,False,Newark,NJ ,Newark,NJ 
6298,206467793,4/10/2017 17:04,4/10/2017 17:05,4/11/2017 14:09,4/11/2017 18:00,4/12/2017 13:30,1120.19,1300.0,-179.81,411.0,RFR,,,False,0,Carrier 1694091,Shipper 1249,False,True,False,4/11/2017 18:00,4/12/2017 15:00,False,False,False,False,False,False,False,False,Granite City,IL ,Granite City,IL 
6299,206467793,4/10/2017 17:04,4/10/2017 17:05,4/11/2017 14:09,4/11/2017 18:00,4/12/2017 13:30,1120.19,1300.0,-179.81,411.0,RFR,,,False,0,Carrier 1694091,Shipper 1375,False,True,False,4/11/2017 18:00,4/12/2017 15:00,False,False,False,False,False,False,False,False,Granite City,IL ,Granite City,IL 
6300,206467793,4/10/2017 17:04,4/10/2017 17:05,4/11/2017 14:09,4/11/2017 18:00,4/12/2017 13:30,1120.19,1300.0,-179.81,411.0,RFR,,,False,0,Carrier 1694091,Shipper 1386,False,True,False,4/11/2017 18:00,4/12/2017 15:00,False,False,False,False,False,False,False,False,Granite City,IL ,Granite City,IL 
6301,206467793,4/10/2017 17:04,4/10/2017 17:05,4/11/2017 14:09,4/11/2017 18:00,4/12/2017 13:30,1120.19,1300.0,-179.81,411.0,RFR,,,False,0,Carrier 1694091,Shipper 1248,False,True,False,4/11/2017 18:00,4/12/2017 15:00,False,False,False,False,False,False,False,False,Granite City,IL ,Granite City,IL 
6302,206467793,4/10/2017 17:04,4/10/2017 17:05,4/11/2017 14:09,4/11/2017 18:00,4/12/2017 13:30,1120.19,1300.0,-179.81,411.0,RFR,,,False,0,Carrier 1694091,Shipper 1387,False,True,False,4/11/2017 18:00,4/12/2017 15:00,False,False,False,False,False,False,False,False,Granite City,IL ,Granite City,IL 
6303,206467793,4/10/2017 17:04,4/10/2017 17:05,4/11/2017 14:09,4/11/2017 18:00,4/12/2017 13:30,1120.19,1300.0,-179.81,411.0,RFR,,,False,0,Carrier 1694091,Shipper 1388,False,True,False,4/11/2017 18:00,4/12/2017 15:00,False,False,False,False,False,False,False,False,Granite City,IL ,Granite City,IL 
6304,206544897,3/27/2017 17:23,3/27/2017 17:23,3/28/2017 17:48,3/29/2017 3:00,3/30/2017 13:00,1119.6,1250.0,-130.4,617.7,RFR,2.0,,False,0,Carrier 74133,Shipper 1249,False,True,False,3/29/2017 3:00,3/30/2017 17:00,False,False,False,False,False,False,False,False,Aurora,CO ,Aurora,CO 
6305,206544897,3/27/2017 17:23,3/27/2017 17:23,3/28/2017 17:48,3/29/2017 3:00,3/30/2017 13:00,1119.6,1250.0,-130.4,617.7,RFR,2.0,,False,0,Carrier 74133,Shipper 1375,False,True,False,3/29/2017 3:00,3/30/2017 17:00,False,False,False,False,False,False,False,False,Aurora,CO ,Aurora,CO 
6306,206544897,3/27/2017 17:23,3/27/2017 17:23,3/28/2017 17:48,3/29/2017 3:00,3/30/2017 13:00,1119.6,1250.0,-130.4,617.7,RFR,2.0,,False,0,Carrier 74133,Shipper 1386,False,True,False,3/29/2017 3:00,3/30/2017 17:00,False,False,False,False,False,False,False,False,Aurora,CO ,Aurora,CO 
6307,206544897,3/27/2017 17:23,3/27/2017 17:23,3/28/2017 17:48,3/29/2017 3:00,3/30/2017 13:00,1119.6,1250.0,-130.4,617.7,RFR,2.0,,False,0,Carrier 74133,Shipper 1248,False,True,False,3/29/2017 3:00,3/30/2017 17:00,False,False,False,False,False,False,False,False,Aurora,CO ,Aurora,CO 
6308,206544897,3/27/2017 17:23,3/27/2017 17:23,3/28/2017 17:48,3/29/2017 3:00,3/30/2017 13:00,1119.6,1250.0,-130.4,617.7,RFR,2.0,,False,0,Carrier 74133,Shipper 1387,False,True,False,3/29/2017 3:00,3/30/2017 17:00,False,False,False,False,False,False,False,False,Aurora,CO ,Aurora,CO 
6309,206544897,3/27/2017 17:23,3/27/2017 17:23,3/28/2017 17:48,3/29/2017 3:00,3/30/2017 13:00,1119.6,1250.0,-130.4,617.7,RFR,2.0,,False,0,Carrier 74133,Shipper 1388,False,True,False,3/29/2017 3:00,3/30/2017 17:00,False,False,False,False,False,False,False,False,Aurora,CO ,Aurora,CO 
6310,206632873,8/7/2017 16:19,8/7/2017 16:19,8/8/2017 10:43,8/9/2017 16:00,8/10/2017 12:03,1116.69,945.0,171.69,339.1,DRV,,,False,0,Carrier 776774,Shipper 1249,True,True,True,8/9/2017 16:00,8/10/2017 15:30,False,False,False,False,False,False,False,False,Williamsburg,VA ,Williamsburg,VA 
6311,206632873,8/7/2017 16:19,8/7/2017 16:19,8/8/2017 10:43,8/9/2017 16:00,8/10/2017 12:03,1116.69,945.0,171.69,339.1,DRV,,,False,0,Carrier 776774,Shipper 1375,True,True,True,8/9/2017 16:00,8/10/2017 15:30,False,False,False,False,False,False,False,False,Williamsburg,VA ,Williamsburg,VA 
6312,206632873,8/7/2017 16:19,8/7/2017 16:19,8/8/2017 10:43,8/9/2017 16:00,8/10/2017 12:03,1116.69,945.0,171.69,339.1,DRV,,,False,0,Carrier 776774,Shipper 1386,True,True,True,8/9/2017 16:00,8/10/2017 15:30,False,False,False,False,False,False,False,False,Williamsburg,VA ,Williamsburg,VA 
6313,206632873,8/7/2017 16:19,8/7/2017 16:19,8/8/2017 10:43,8/9/2017 16:00,8/10/2017 12:03,1116.69,945.0,171.69,339.1,DRV,,,False,0,Carrier 776774,Shipper 1248,True,True,True,8/9/2017 16:00,8/10/2017 15:30,False,False,False,False,False,False,False,False,Williamsburg,VA ,Williamsburg,VA 
6314,206632873,8/7/2017 16:19,8/7/2017 16:19,8/8/2017 10:43,8/9/2017 16:00,8/10/2017 12:03,1116.69,945.0,171.69,339.1,DRV,,,False,0,Carrier 776774,Shipper 1387,True,True,True,8/9/2017 16:00,8/10/2017 15:30,False,False,False,False,False,False,False,False,Williamsburg,VA ,Williamsburg,VA 
6315,206632873,8/7/2017 16:19,8/7/2017 16:19,8/8/2017 10:43,8/9/2017 16:00,8/10/2017 12:03,1116.69,945.0,171.69,339.1,DRV,,,False,0,Carrier 776774,Shipper 1388,True,True,True,8/9/2017 16:00,8/10/2017 15:30,False,False,False,False,False,False,False,False,Williamsburg,VA ,Williamsburg,VA 
6316,206513001,12/18/2017 17:00,12/18/2017 17:00,12/19/2017 7:16,12/19/2017 15:00,12/20/2017 13:00,1116.39,1200.0,-83.61,120.8,RFR,,dat_in,False,0,Carrier 1563442,Shipper 1249,True,True,True,12/19/2017 15:00,12/20/2017 15:00,False,False,False,False,False,False,False,False,St. Louis,MO ,St. Louis,MO 
6317,206513001,12/18/2017 17:00,12/18/2017 17:00,12/19/2017 7:16,12/19/2017 15:00,12/20/2017 13:00,1116.39,1200.0,-83.61,120.8,RFR,,dat_in,False,0,Carrier 1563442,Shipper 1375,True,True,True,12/19/2017 15:00,12/20/2017 15:00,False,False,False,False,False,False,False,False,St. Louis,MO ,St. Louis,MO 
6318,206513001,12/18/2017 17:00,12/18/2017 17:00,12/19/2017 7:16,12/19/2017 15:00,12/20/2017 13:00,1116.39,1200.0,-83.61,120.8,RFR,,dat_in,False,0,Carrier 1563442,Shipper 1386,True,True,True,12/19/2017 15:00,12/20/2017 15:00,False,False,False,False,False,False,False,False,St. Louis,MO ,St. Louis,MO 
6319,206513001,12/18/2017 17:00,12/18/2017 17:00,12/19/2017 7:16,12/19/2017 15:00,12/20/2017 13:00,1116.39,1200.0,-83.61,120.8,RFR,,dat_in,False,0,Carrier 1563442,Shipper 1248,True,True,True,12/19/2017 15:00,12/20/2017 15:00,False,False,False,False,False,False,False,False,St. Louis,MO ,St. Louis,MO 
6320,206513001,12/18/2017 17:00,12/18/2017 17:00,12/19/2017 7:16,12/19/2017 15:00,12/20/2017 13:00,1116.39,1200.0,-83.61,120.8,RFR,,dat_in,False,0,Carrier 1563442,Shipper 1387,True,True,True,12/19/2017 15:00,12/20/2017 15:00,False,False,False,False,False,False,False,False,St. Louis,MO ,St. Louis,MO 
6321,206513001,12/18/2017 17:00,12/18/2017 17:00,12/19/2017 7:16,12/19/2017 15:00,12/20/2017 13:00,1116.39,1200.0,-83.61,120.8,RFR,,dat_in,False,0,Carrier 1563442,Shipper 1388,True,True,True,12/19/2017 15:00,12/20/2017 15:00,False,False,False,False,False,False,False,False,St. Louis,MO ,St. Louis,MO 
6322,206436193,3/31/2017 16:26,3/31/2017 16:26,4/5/2017 12:00,4/6/2017 8:00,4/8/2017 1:00,1115.1,1200.0,-84.9,594.5,RFR,,,False,0,Carrier 1292114,Shipper 1249,True,True,True,4/6/2017 8:00,4/7/2017 21:00,False,False,False,False,False,False,False,False,Portland,OR ,Portland,OR 
6323,206436193,3/31/2017 16:26,3/31/2017 16:26,4/5/2017 12:00,4/6/2017 8:00,4/8/2017 1:00,1115.1,1200.0,-84.9,594.5,RFR,,,False,0,Carrier 1292114,Shipper 1375,True,True,True,4/6/2017 8:00,4/7/2017 21:00,False,False,False,False,False,False,False,False,Portland,OR ,Portland,OR 
6324,206436193,3/31/2017 16:26,3/31/2017 16:26,4/5/2017 12:00,4/6/2017 8:00,4/8/2017 1:00,1115.1,1200.0,-84.9,594.5,RFR,,,False,0,Carrier 1292114,Shipper 1386,True,True,True,4/6/2017 8:00,4/7/2017 21:00,False,False,False,False,False,False,False,False,Portland,OR ,Portland,OR 
6325,206436193,3/31/2017 16:26,3/31/2017 16:26,4/5/2017 12:00,4/6/2017 8:00,4/8/2017 1:00,1115.1,1200.0,-84.9,594.5,RFR,,,False,0,Carrier 1292114,Shipper 1248,True,True,True,4/6/2017 8:00,4/7/2017 21:00,False,False,False,False,False,False,False,False,Portland,OR ,Portland,OR 
6326,206436193,3/31/2017 16:26,3/31/2017 16:26,4/5/2017 12:00,4/6/2017 8:00,4/8/2017 1:00,1115.1,1200.0,-84.9,594.5,RFR,,,False,0,Carrier 1292114,Shipper 1387,True,True,True,4/6/2017 8:00,4/7/2017 21:00,False,False,False,False,False,False,False,False,Portland,OR ,Portland,OR 
6327,206436193,3/31/2017 16:26,3/31/2017 16:26,4/5/2017 12:00,4/6/2017 8:00,4/8/2017 1:00,1115.1,1200.0,-84.9,594.5,RFR,,,False,0,Carrier 1292114,Shipper 1388,True,True,True,4/6/2017 8:00,4/7/2017 21:00,False,False,False,False,False,False,False,False,Portland,OR ,Portland,OR 
6328,206600385,12/14/2017 16:39,12/14/2017 16:39,12/18/2017 10:01,12/18/2017 16:00,12/19/2017 15:07,1112.4,1300.0,-187.6,569.2,DRV,,dat_in,False,1,Carrier 1021495,Shipper 1249,True,True,True,12/18/2017 16:00,12/19/2017 15:00,False,False,False,False,False,False,False,False,Fort Collins,CO ,Fort Collins,CO 
6329,206600385,12/14/2017 16:39,12/14/2017 16:39,12/18/2017 10:01,12/18/2017 16:00,12/19/2017 15:07,1112.4,1300.0,-187.6,569.2,DRV,,dat_in,False,1,Carrier 1021495,Shipper 1375,True,True,True,12/18/2017 16:00,12/19/2017 15:00,False,False,False,False,False,False,False,False,Fort Collins,CO ,Fort Collins,CO 
6330,206600385,12/14/2017 16:39,12/14/2017 16:39,12/18/2017 10:01,12/18/2017 16:00,12/19/2017 15:07,1112.4,1300.0,-187.6,569.2,DRV,,dat_in,False,1,Carrier 1021495,Shipper 1386,True,True,True,12/18/2017 16:00,12/19/2017 15:00,False,False,False,False,False,False,False,False,Fort Collins,CO ,Fort Collins,CO 
6331,206600385,12/14/2017 16:39,12/14/2017 16:39,12/18/2017 10:01,12/18/2017 16:00,12/19/2017 15:07,1112.4,1300.0,-187.6,569.2,DRV,,dat_in,False,1,Carrier 1021495,Shipper 1248,True,True,True,12/18/2017 16:00,12/19/2017 15:00,False,False,False,False,False,False,False,False,Fort Collins,CO ,Fort Collins,CO 
6332,206600385,12/14/2017 16:39,12/14/2017 16:39,12/18/2017 10:01,12/18/2017 16:00,12/19/2017 15:07,1112.4,1300.0,-187.6,569.2,DRV,,dat_in,False,1,Carrier 1021495,Shipper 1387,True,True,True,12/18/2017 16:00,12/19/2017 15:00,False,False,False,False,False,False,False,False,Fort Collins,CO ,Fort Collins,CO 
6333,206600385,12/14/2017 16:39,12/14/2017 16:39,12/18/2017 10:01,12/18/2017 16:00,12/19/2017 15:07,1112.4,1300.0,-187.6,569.2,DRV,,dat_in,False,1,Carrier 1021495,Shipper 1388,True,True,True,12/18/2017 16:00,12/19/2017 15:00,False,False,False,False,False,False,False,False,Fort Collins,CO ,Fort Collins,CO 
6334,206539265,9/6/2017 8:43,9/6/2017 8:43,9/6/2017 14:36,9/12/2017 9:00,9/13/2017 9:00,1110.84,1000.0,110.84,588.6,DRV,,,False,0,Carrier 1223993,Shipper 944,True,True,True,9/12/2017 16:00,9/13/2017 9:00,False,False,False,False,False,False,False,False,McCook,NE ,McCook,NE 
6335,206484553,5/26/2017 11:05,5/26/2017 11:05,6/1/2017 12:31,6/2/2017 16:00,6/5/2017 11:15,1109.29,1225.0,-115.71,381.1,DRV,,,False,0,Carrier 941668,Shipper 1249,True,True,True,6/2/2017 16:00,6/5/2017 9:00,False,False,False,False,False,False,False,False,Williamsburg,VA ,Williamsburg,VA 
6336,206484553,5/26/2017 11:05,5/26/2017 11:05,6/1/2017 12:31,6/2/2017 16:00,6/5/2017 11:15,1109.29,1225.0,-115.71,381.1,DRV,,,False,0,Carrier 941668,Shipper 1375,True,True,True,6/2/2017 16:00,6/5/2017 9:00,False,False,False,False,False,False,False,False,Williamsburg,VA ,Williamsburg,VA 
6337,206484553,5/26/2017 11:05,5/26/2017 11:05,6/1/2017 12:31,6/2/2017 16:00,6/5/2017 11:15,1109.29,1225.0,-115.71,381.1,DRV,,,False,0,Carrier 941668,Shipper 1386,True,True,True,6/2/2017 16:00,6/5/2017 9:00,False,False,False,False,False,False,False,False,Williamsburg,VA ,Williamsburg,VA 
6338,206484553,5/26/2017 11:05,5/26/2017 11:05,6/1/2017 12:31,6/2/2017 16:00,6/5/2017 11:15,1109.29,1225.0,-115.71,381.1,DRV,,,False,0,Carrier 941668,Shipper 1248,True,True,True,6/2/2017 16:00,6/5/2017 9:00,False,False,False,False,False,False,False,False,Williamsburg,VA ,Williamsburg,VA 
6339,206484553,5/26/2017 11:05,5/26/2017 11:05,6/1/2017 12:31,6/2/2017 16:00,6/5/2017 11:15,1109.29,1225.0,-115.71,381.1,DRV,,,False,0,Carrier 941668,Shipper 1387,True,True,True,6/2/2017 16:00,6/5/2017 9:00,False,False,False,False,False,False,False,False,Williamsburg,VA ,Williamsburg,VA 
6340,206484553,5/26/2017 11:05,5/26/2017 11:05,6/1/2017 12:31,6/2/2017 16:00,6/5/2017 11:15,1109.29,1225.0,-115.71,381.1,DRV,,,False,0,Carrier 941668,Shipper 1388,True,True,True,6/2/2017 16:00,6/5/2017 9:00,False,False,False,False,False,False,False,False,Williamsburg,VA ,Williamsburg,VA 
6341,206728033,6/20/2017 13:29,6/20/2017 13:29,6/22/2017 18:16,6/26/2017 7:00,6/27/2017 10:36,1106.31,900.0,206.31,146.0,DRV,,,False,0,Carrier 1695373,Shipper 1249,False,True,False,6/26/2017 7:00,6/27/2017 17:00,False,False,False,False,False,False,False,False,Newark,NJ ,Newark,NJ 
6342,206728033,6/20/2017 13:29,6/20/2017 13:29,6/22/2017 18:16,6/26/2017 7:00,6/27/2017 10:36,1106.31,900.0,206.31,146.0,DRV,,,False,0,Carrier 1695373,Shipper 1375,False,True,False,6/26/2017 7:00,6/27/2017 17:00,False,False,False,False,False,False,False,False,Newark,NJ ,Newark,NJ 
6343,206728033,6/20/2017 13:29,6/20/2017 13:29,6/22/2017 18:16,6/26/2017 7:00,6/27/2017 10:36,1106.31,900.0,206.31,146.0,DRV,,,False,0,Carrier 1695373,Shipper 1386,False,True,False,6/26/2017 7:00,6/27/2017 17:00,False,False,False,False,False,False,False,False,Newark,NJ ,Newark,NJ 
6344,206728033,6/20/2017 13:29,6/20/2017 13:29,6/22/2017 18:16,6/26/2017 7:00,6/27/2017 10:36,1106.31,900.0,206.31,146.0,DRV,,,False,0,Carrier 1695373,Shipper 1248,False,True,False,6/26/2017 7:00,6/27/2017 17:00,False,False,False,False,False,False,False,False,Newark,NJ ,Newark,NJ 
6345,206728033,6/20/2017 13:29,6/20/2017 13:29,6/22/2017 18:16,6/26/2017 7:00,6/27/2017 10:36,1106.31,900.0,206.31,146.0,DRV,,,False,0,Carrier 1695373,Shipper 1387,False,True,False,6/26/2017 7:00,6/27/2017 17:00,False,False,False,False,False,False,False,False,Newark,NJ ,Newark,NJ 
6346,206728033,6/20/2017 13:29,6/20/2017 13:29,6/22/2017 18:16,6/26/2017 7:00,6/27/2017 10:36,1106.31,900.0,206.31,146.0,DRV,,,False,0,Carrier 1695373,Shipper 1388,False,True,False,6/26/2017 7:00,6/27/2017 17:00,False,False,False,False,False,False,False,False,Newark,NJ ,Newark,NJ 
6347,206657641,4/20/2017 16:15,4/20/2017 16:24,4/21/2017 16:16,4/23/2017 9:00,4/24/2017 7:30,1105.52,1375.0,-269.48,590.7,DRV,3.0,,False,0,Carrier 51278,Shipper 1249,True,True,True,4/23/2017 9:00,4/24/2017 15:00,False,False,False,False,False,False,False,False,St. Louis,MO ,St. Louis,MO 
6348,206657641,4/20/2017 16:15,4/20/2017 16:24,4/21/2017 16:16,4/23/2017 9:00,4/24/2017 7:30,1105.52,1375.0,-269.48,590.7,DRV,3.0,,False,0,Carrier 51278,Shipper 1375,True,True,True,4/23/2017 9:00,4/24/2017 15:00,False,False,False,False,False,False,False,False,St. Louis,MO ,St. Louis,MO 
6349,206657641,4/20/2017 16:15,4/20/2017 16:24,4/21/2017 16:16,4/23/2017 9:00,4/24/2017 7:30,1105.52,1375.0,-269.48,590.7,DRV,3.0,,False,0,Carrier 51278,Shipper 1386,True,True,True,4/23/2017 9:00,4/24/2017 15:00,False,False,False,False,False,False,False,False,St. Louis,MO ,St. Louis,MO 
6350,206657641,4/20/2017 16:15,4/20/2017 16:24,4/21/2017 16:16,4/23/2017 9:00,4/24/2017 7:30,1105.52,1375.0,-269.48,590.7,DRV,3.0,,False,0,Carrier 51278,Shipper 1248,True,True,True,4/23/2017 9:00,4/24/2017 15:00,False,False,False,False,False,False,False,False,St. Louis,MO ,St. Louis,MO 
6351,206657641,4/20/2017 16:15,4/20/2017 16:24,4/21/2017 16:16,4/23/2017 9:00,4/24/2017 7:30,1105.52,1375.0,-269.48,590.7,DRV,3.0,,False,0,Carrier 51278,Shipper 1387,True,True,True,4/23/2017 9:00,4/24/2017 15:00,False,False,False,False,False,False,False,False,St. Louis,MO ,St. Louis,MO 
6352,206657641,4/20/2017 16:15,4/20/2017 16:24,4/21/2017 16:16,4/23/2017 9:00,4/24/2017 7:30,1105.52,1375.0,-269.48,590.7,DRV,3.0,,False,0,Carrier 51278,Shipper 1388,True,True,True,4/23/2017 9:00,4/24/2017 15:00,False,False,False,False,False,False,False,False,St. Louis,MO ,St. Louis,MO 
6353,206519761,9/7/2017 10:32,9/7/2017 10:32,9/8/2017 9:17,9/8/2017 8:00,9/11/2017 9:00,1104.52,800.0,304.52,212.5,DRV,,,False,1,Carrier 1099925,Shipper 1249,True,True,True,9/8/2017 14:00,9/11/2017 6:00,False,False,False,False,False,False,False,False,Lewistown,PA ,Lewistown,PA 
6354,206519761,9/7/2017 10:32,9/7/2017 10:32,9/8/2017 9:17,9/8/2017 8:00,9/11/2017 9:00,1104.52,800.0,304.52,212.5,DRV,,,False,1,Carrier 1099925,Shipper 1375,True,True,True,9/8/2017 14:00,9/11/2017 6:00,False,False,False,False,False,False,False,False,Lewistown,PA ,Lewistown,PA 
6355,206519761,9/7/2017 10:32,9/7/2017 10:32,9/8/2017 9:17,9/8/2017 8:00,9/11/2017 9:00,1104.52,800.0,304.52,212.5,DRV,,,False,1,Carrier 1099925,Shipper 1386,True,True,True,9/8/2017 14:00,9/11/2017 6:00,False,False,False,False,False,False,False,False,Lewistown,PA ,Lewistown,PA 
6356,206519761,9/7/2017 10:32,9/7/2017 10:32,9/8/2017 9:17,9/8/2017 8:00,9/11/2017 9:00,1104.52,800.0,304.52,212.5,DRV,,,False,1,Carrier 1099925,Shipper 1248,True,True,True,9/8/2017 14:00,9/11/2017 6:00,False,False,False,False,False,False,False,False,Lewistown,PA ,Lewistown,PA 
6357,206519761,9/7/2017 10:32,9/7/2017 10:32,9/8/2017 9:17,9/8/2017 8:00,9/11/2017 9:00,1104.52,800.0,304.52,212.5,DRV,,,False,1,Carrier 1099925,Shipper 1387,True,True,True,9/8/2017 14:00,9/11/2017 6:00,False,False,False,False,False,False,False,False,Lewistown,PA ,Lewistown,PA 
6358,206519761,9/7/2017 10:32,9/7/2017 10:32,9/8/2017 9:17,9/8/2017 8:00,9/11/2017 9:00,1104.52,800.0,304.52,212.5,DRV,,,False,1,Carrier 1099925,Shipper 1388,True,True,True,9/8/2017 14:00,9/11/2017 6:00,False,False,False,False,False,False,False,False,Lewistown,PA ,Lewistown,PA 
6359,206610089,8/22/2017 16:25,8/22/2017 16:25,8/24/2017 9:21,8/24/2017 17:00,8/25/2017 14:00,1103.86,1300.0,-196.14,285.2,RFR,,,False,0,Carrier 1377349,Shipper 1249,True,True,True,8/24/2017 17:00,8/25/2017 15:00,False,False,False,False,False,False,False,False,Newark,NJ ,Newark,NJ 
6360,206610089,8/22/2017 16:25,8/22/2017 16:25,8/24/2017 9:21,8/24/2017 17:00,8/25/2017 14:00,1103.86,1300.0,-196.14,285.2,RFR,,,False,0,Carrier 1377349,Shipper 1375,True,True,True,8/24/2017 17:00,8/25/2017 15:00,False,False,False,False,False,False,False,False,Newark,NJ ,Newark,NJ 
6361,206610089,8/22/2017 16:25,8/22/2017 16:25,8/24/2017 9:21,8/24/2017 17:00,8/25/2017 14:00,1103.86,1300.0,-196.14,285.2,RFR,,,False,0,Carrier 1377349,Shipper 1386,True,True,True,8/24/2017 17:00,8/25/2017 15:00,False,False,False,False,False,False,False,False,Newark,NJ ,Newark,NJ 
6362,206610089,8/22/2017 16:25,8/22/2017 16:25,8/24/2017 9:21,8/24/2017 17:00,8/25/2017 14:00,1103.86,1300.0,-196.14,285.2,RFR,,,False,0,Carrier 1377349,Shipper 1248,True,True,True,8/24/2017 17:00,8/25/2017 15:00,False,False,False,False,False,False,False,False,Newark,NJ ,Newark,NJ 
6363,206610089,8/22/2017 16:25,8/22/2017 16:25,8/24/2017 9:21,8/24/2017 17:00,8/25/2017 14:00,1103.86,1300.0,-196.14,285.2,RFR,,,False,0,Carrier 1377349,Shipper 1387,True,True,True,8/24/2017 17:00,8/25/2017 15:00,False,False,False,False,False,False,False,False,Newark,NJ ,Newark,NJ 
6364,206610089,8/22/2017 16:25,8/22/2017 16:25,8/24/2017 9:21,8/24/2017 17:00,8/25/2017 14:00,1103.86,1300.0,-196.14,285.2,RFR,,,False,0,Carrier 1377349,Shipper 1388,True,True,True,8/24/2017 17:00,8/25/2017 15:00,False,False,False,False,False,False,False,False,Newark,NJ ,Newark,NJ 
6365,206432145,6/23/2017 13:20,6/23/2017 13:20,6/28/2017 10:58,6/28/2017 7:00,6/29/2017 9:00,1101.68,1900.0,-798.32,469.7,DRV,,,False,1,Carrier 1007131,Shipper 1528,True,True,True,6/28/2017 17:00,6/29/2017 9:00,False,False,False,False,False,False,False,False,Austell,GA ,Austell,GA 
6366,206665321,6/23/2017 13:24,6/23/2017 13:24,6/29/2017 15:30,6/29/2017 7:00,6/30/2017 11:55,1101.68,2200.0,-1098.32,469.7,DRV,,,False,1,Carrier 1072503,Shipper 1528,True,True,True,6/29/2017 17:00,6/30/2017 9:00,False,False,False,False,False,False,False,False,Austell,GA ,Austell,GA 
6367,206531937,6/23/2017 13:22,6/23/2017 13:23,6/27/2017 17:41,6/28/2017 7:00,6/29/2017 10:45,1101.68,1400.0,-298.32,469.7,DRV,,,False,0,Carrier 1012042,Shipper 1528,True,True,True,6/28/2017 17:00,6/29/2017 10:00,False,False,False,False,False,False,False,False,Austell,GA ,Austell,GA 
6368,206517529,6/23/2017 13:17,6/23/2017 13:17,6/27/2017 10:55,6/28/2017 7:00,6/29/2017 9:34,1101.67,1050.0,51.67,469.7,DRV,,,False,0,Carrier 398963,Shipper 1528,True,False,False,6/28/2017 17:00,6/29/2017 9:00,False,False,False,False,False,False,False,False,Austell,GA ,Austell,GA 
6369,206532041,8/23/2017 11:45,8/23/2017 11:45,8/23/2017 15:51,8/24/2017 7:00,8/25/2017 10:00,1100.0,1100.0,0.0,331.0,DRV,,,False,0,Carrier 1695428,Shipper 560,True,True,True,8/24/2017 15:00,8/25/2017 7:00,False,False,False,False,False,False,False,False,Latrobe,PA ,Latrobe,PA 
6370,206502601,3/16/2017 12:59,3/16/2017 12:59,3/16/2017 14:37,3/16/2017 15:00,3/17/2017 18:00,1100.0,1000.0,100.0,365.7,RFR,1.0,,False,0,Carrier 1489863,Shipper 866,True,True,True,3/16/2017 18:00,3/17/2017 10:30,False,False,False,False,False,False,False,False,Commerce,CA ,Commerce,CA 
6371,206596705,4/10/2017 15:14,4/10/2017 15:15,4/10/2017 16:43,4/10/2017 18:00,4/11/2017 11:00,1100.0,1100.0,0.0,365.7,RFR,4.0,,False,0,Carrier 844999,Shipper 866,True,True,True,4/10/2017 19:00,4/11/2017 10:00,False,False,False,False,False,False,False,False,Commerce,CA ,Commerce,CA 
6372,206652089,9/1/2017 12:55,9/1/2017 12:55,9/6/2017 16:37,9/7/2017 8:00,9/7/2017 14:30,1100.0,1200.0,-100.0,259.4,DRV,,,False,1,Carrier 1695491,Shipper 1184,True,True,True,9/7/2017 8:00,9/7/2017 14:00,False,False,False,False,False,False,False,False,Cherry Hill,NJ ,Cherry Hill,NJ 
6373,206431521,4/24/2017 16:46,4/24/2017 16:46,4/24/2017 17:05,4/24/2017 19:00,4/25/2017 11:30,1100.0,800.0,300.0,365.7,RFR,4.0,,False,0,Carrier 1215371,Shipper 866,True,True,True,4/24/2017 19:00,4/25/2017 10:00,False,False,False,False,False,False,False,False,Commerce,CA ,Commerce,CA 
6374,206428249,1/27/2017 15:25,1/27/2017 15:26,1/27/2017 17:01,1/28/2017 8:00,1/29/2017 13:00,1100.0,1000.0,100.0,301.9,RFR,,,False,0,Carrier 1607668,Shipper 1192,,,,1/28/2017 8:00,1/29/2017 23:00,False,False,False,False,False,False,False,False,Congers,NY ,Congers,NY 
6375,206428249,1/27/2017 15:25,1/27/2017 15:26,1/27/2017 17:01,1/28/2017 8:00,1/29/2017 13:00,1100.0,1000.0,100.0,301.9,RFR,,,False,0,Carrier 1607668,Shipper 1207,,,,1/28/2017 8:00,1/29/2017 23:00,False,False,False,False,False,False,False,False,Congers,NY ,Congers,NY 
6376,206509225,1/27/2017 11:31,1/27/2017 11:31,1/27/2017 12:38,1/27/2017 9:00,1/30/2017 9:00,1100.0,750.0,350.0,476.7,DRV,,,False,0,Carrier 106770,Shipper 744,,,,1/27/2017 16:00,1/30/2017 12:00,False,False,False,False,False,False,False,False,Conover,NC ,Conover,NC 
6377,206484745,3/2/2017 15:57,3/2/2017 15:57,3/7/2017 10:01,3/8/2017 14:00,3/10/2017 11:00,1098.72,1090.0,8.72,939.4,DRV,3.0,,False,0,Carrier 1037782,Shipper 1345,False,True,True,3/8/2017 14:00,3/10/2017 15:00,False,False,False,False,False,False,False,False,Wills Point,TX ,Wills Point,TX 
6378,206489377,10/9/2017 12:39,10/9/2017 12:39,10/17/2017 13:50,10/17/2017 20:00,10/19/2017 0:40,1098.55,1245.0,-146.45,526.0,DRV,,,False,1,Carrier 962856,Shipper 758,True,True,True,10/17/2017 20:00,10/18/2017 23:30,False,False,False,False,False,False,False,False,Henderson,NV ,Henderson,NV 
6379,206425137,10/6/2017 9:22,10/6/2017 9:22,10/13/2017 10:42,10/13/2017 16:00,10/16/2017 0:00,1098.46,1600.0,-501.54,810.9,DRV,,,False,1,Carrier 80841,Shipper 758,True,True,True,10/13/2017 16:00,10/15/2017 22:00,False,False,False,False,False,False,False,False,Atlanta,GA ,Atlanta,GA 
6380,206600825,7/24/2017 18:08,7/24/2017 18:08,7/26/2017 11:51,7/27/2017 10:00,7/28/2017 13:00,1098.13,1000.0,98.13,857.5,DRV,,,False,0,Carrier 93468,Shipper 758,True,True,True,7/27/2017 16:00,7/29/2017 13:00,False,False,False,False,False,False,False,False,Denver,CO ,Denver,CO 
6381,206484321,10/30/2017 10:01,10/30/2017 10:01,11/1/2017 7:52,11/1/2017 6:30,11/2/2017 10:20,1097.64,1075.0,22.64,410.8,DRV,,,False,0,Carrier 1477624,Shipper 1644,True,True,True,11/1/2017 14:00,11/2/2017 10:00,False,False,False,False,False,False,False,False,Statesville,NC ,Statesville,NC 
6382,206489385,11/21/2017 16:53,11/21/2017 16:53,11/27/2017 12:24,11/27/2017 20:00,11/29/2017 4:00,1097.21,1260.0,-162.79,526.0,DRV,,,False,0,Carrier 1026167,Shipper 758,True,True,True,11/27/2017 20:00,11/28/2017 22:00,False,False,False,False,False,False,False,False,Henderson,NV ,Henderson,NV 
6383,206601833,7/26/2017 17:16,7/26/2017 17:16,7/27/2017 15:42,7/28/2017 23:00,7/29/2017 13:00,1096.04,1200.0,-103.96,315.7,DRV,,,False,1,Carrier 941668,Shipper 1249,True,True,True,7/28/2017 23:00,7/29/2017 11:00,False,False,False,False,False,False,False,False,Cartersville,GA ,Cartersville,GA 
6384,206601833,7/26/2017 17:16,7/26/2017 17:16,7/27/2017 15:42,7/28/2017 23:00,7/29/2017 13:00,1096.04,1200.0,-103.96,315.7,DRV,,,False,1,Carrier 941668,Shipper 1375,True,True,True,7/28/2017 23:00,7/29/2017 11:00,False,False,False,False,False,False,False,False,Cartersville,GA ,Cartersville,GA 
6385,206601833,7/26/2017 17:16,7/26/2017 17:16,7/27/2017 15:42,7/28/2017 23:00,7/29/2017 13:00,1096.04,1200.0,-103.96,315.7,DRV,,,False,1,Carrier 941668,Shipper 1386,True,True,True,7/28/2017 23:00,7/29/2017 11:00,False,False,False,False,False,False,False,False,Cartersville,GA ,Cartersville,GA 
6386,206601833,7/26/2017 17:16,7/26/2017 17:16,7/27/2017 15:42,7/28/2017 23:00,7/29/2017 13:00,1096.04,1200.0,-103.96,315.7,DRV,,,False,1,Carrier 941668,Shipper 1248,True,True,True,7/28/2017 23:00,7/29/2017 11:00,False,False,False,False,False,False,False,False,Cartersville,GA ,Cartersville,GA 
6387,206601833,7/26/2017 17:16,7/26/2017 17:16,7/27/2017 15:42,7/28/2017 23:00,7/29/2017 13:00,1096.04,1200.0,-103.96,315.7,DRV,,,False,1,Carrier 941668,Shipper 1387,True,True,True,7/28/2017 23:00,7/29/2017 11:00,False,False,False,False,False,False,False,False,Cartersville,GA ,Cartersville,GA 
6388,206601833,7/26/2017 17:16,7/26/2017 17:16,7/27/2017 15:42,7/28/2017 23:00,7/29/2017 13:00,1096.04,1200.0,-103.96,315.7,DRV,,,False,1,Carrier 941668,Shipper 1388,True,True,True,7/28/2017 23:00,7/29/2017 11:00,False,False,False,False,False,False,False,False,Cartersville,GA ,Cartersville,GA 
6389,206486321,4/6/2017 17:11,4/6/2017 17:26,4/10/2017 8:43,4/10/2017 9:00,4/11/2017 8:10,1095.7,1100.0,-4.3,490.6,DRV,4.0,,False,0,Carrier 1401911,Shipper 901,True,True,True,4/10/2017 17:30,4/11/2017 17:00,False,False,False,False,False,False,False,False,Davenport,IA ,Davenport,IA 
6390,206704937,12/18/2017 12:59,12/18/2017 12:59,12/18/2017 14:59,12/19/2017 15:00,12/20/2017 14:40,1095.57,1100.0,-4.43,285.2,DRV,,external_source_list,False,0,Carrier 961246,Shipper 1249,True,True,True,12/19/2017 15:00,12/20/2017 15:00,False,False,False,False,False,False,False,False,Newark,NJ ,Newark,NJ 
6391,206704937,12/18/2017 12:59,12/18/2017 12:59,12/18/2017 14:59,12/19/2017 15:00,12/20/2017 14:40,1095.57,1100.0,-4.43,285.2,DRV,,external_source_list,False,0,Carrier 961246,Shipper 1375,True,True,True,12/19/2017 15:00,12/20/2017 15:00,False,False,False,False,False,False,False,False,Newark,NJ ,Newark,NJ 
6392,206704937,12/18/2017 12:59,12/18/2017 12:59,12/18/2017 14:59,12/19/2017 15:00,12/20/2017 14:40,1095.57,1100.0,-4.43,285.2,DRV,,external_source_list,False,0,Carrier 961246,Shipper 1386,True,True,True,12/19/2017 15:00,12/20/2017 15:00,False,False,False,False,False,False,False,False,Newark,NJ ,Newark,NJ 
6393,206704937,12/18/2017 12:59,12/18/2017 12:59,12/18/2017 14:59,12/19/2017 15:00,12/20/2017 14:40,1095.57,1100.0,-4.43,285.2,DRV,,external_source_list,False,0,Carrier 961246,Shipper 1248,True,True,True,12/19/2017 15:00,12/20/2017 15:00,False,False,False,False,False,False,False,False,Newark,NJ ,Newark,NJ 
6394,206704937,12/18/2017 12:59,12/18/2017 12:59,12/18/2017 14:59,12/19/2017 15:00,12/20/2017 14:40,1095.57,1100.0,-4.43,285.2,DRV,,external_source_list,False,0,Carrier 961246,Shipper 1387,True,True,True,12/19/2017 15:00,12/20/2017 15:00,False,False,False,False,False,False,False,False,Newark,NJ ,Newark,NJ 
6395,206704937,12/18/2017 12:59,12/18/2017 12:59,12/18/2017 14:59,12/19/2017 15:00,12/20/2017 14:40,1095.57,1100.0,-4.43,285.2,DRV,,external_source_list,False,0,Carrier 961246,Shipper 1388,True,True,True,12/19/2017 15:00,12/20/2017 15:00,False,False,False,False,False,False,False,False,Newark,NJ ,Newark,NJ 
6396,206601537,7/11/2017 17:53,7/11/2017 17:53,7/12/2017 14:25,7/19/2017 20:00,7/20/2017 9:00,1095.0,950.0,145.0,366.3,DRV,,,False,0,Carrier 1021379,Shipper 398,True,True,True,7/19/2017 20:00,7/20/2017 11:00,False,False,False,False,False,False,False,False,Buffalo,NY ,Buffalo,NY 
6397,206554905,7/20/2017 17:08,7/20/2017 17:08,7/21/2017 17:27,7/25/2017 15:00,7/26/2017 9:45,1095.0,950.0,145.0,365.0,DRV,,,False,0,Carrier 1021379,Shipper 398,True,True,True,7/25/2017 15:00,7/26/2017 15:00,False,False,False,False,False,False,False,False,Buffalo,NY ,Buffalo,NY 
6398,206712809,7/11/2017 17:48,7/11/2017 17:49,7/12/2017 14:25,7/13/2017 21:00,7/14/2017 10:00,1095.0,1050.0,45.0,366.3,DRV,,,False,0,Carrier 1021379,Shipper 398,True,True,True,7/13/2017 21:00,7/14/2017 15:00,False,False,False,False,False,False,False,False,Buffalo,NY ,Buffalo,NY 
6399,206599985,7/11/2017 17:52,7/11/2017 17:52,7/12/2017 14:25,7/17/2017 16:00,7/18/2017 11:00,1095.0,950.0,145.0,366.3,DRV,,,False,0,Carrier 1021379,Shipper 398,True,True,True,7/17/2017 16:00,7/18/2017 15:00,False,False,False,False,False,False,False,False,Buffalo,NY ,Buffalo,NY 
6400,206500313,7/17/2017 15:29,7/17/2017 15:29,7/18/2017 10:57,7/18/2017 18:00,7/19/2017 10:00,1095.0,1100.0,-5.0,365.0,DRV,,,False,0,Carrier 1598202,Shipper 398,True,True,True,7/18/2017 18:00,7/19/2017 15:00,False,False,False,False,False,False,False,False,Buffalo,NY ,Buffalo,NY 
6401,206528185,8/9/2017 13:25,8/9/2017 13:25,8/14/2017 17:04,8/16/2017 8:00,8/17/2017 8:50,1095.0,950.0,145.0,366.3,DRV,,,False,1,Carrier 1021379,Shipper 398,,,,8/16/2017 8:00,8/17/2017 6:00,False,False,False,False,False,False,False,False,Buffalo,NY ,Buffalo,NY 
6402,206523169,6/26/2017 11:44,6/26/2017 11:44,6/27/2017 11:16,6/28/2017 14:00,6/29/2017 8:00,1095.0,1200.0,-105.0,333.9,DRV,,,False,0,Carrier 1664678,Shipper 1173,True,True,True,6/28/2017 14:00,6/29/2017 6:00,False,False,False,False,False,False,False,False,Baltimore,MD ,Baltimore,MD 
6403,206595577,6/8/2017 10:34,6/8/2017 10:34,6/10/2017 18:06,6/11/2017 21:00,6/12/2017 10:45,1094.21,1400.0,-305.79,442.6,DRV,,,False,0,Carrier 1060824,Shipper 1249,True,True,True,6/11/2017 21:00,6/12/2017 18:30,False,False,False,False,False,False,False,False,Los Angeles,CA ,Los Angeles,CA 
6404,206595577,6/8/2017 10:34,6/8/2017 10:34,6/10/2017 18:06,6/11/2017 21:00,6/12/2017 10:45,1094.21,1400.0,-305.79,442.6,DRV,,,False,0,Carrier 1060824,Shipper 1375,True,True,True,6/11/2017 21:00,6/12/2017 18:30,False,False,False,False,False,False,False,False,Los Angeles,CA ,Los Angeles,CA 
6405,206595577,6/8/2017 10:34,6/8/2017 10:34,6/10/2017 18:06,6/11/2017 21:00,6/12/2017 10:45,1094.21,1400.0,-305.79,442.6,DRV,,,False,0,Carrier 1060824,Shipper 1386,True,True,True,6/11/2017 21:00,6/12/2017 18:30,False,False,False,False,False,False,False,False,Los Angeles,CA ,Los Angeles,CA 
6406,206595577,6/8/2017 10:34,6/8/2017 10:34,6/10/2017 18:06,6/11/2017 21:00,6/12/2017 10:45,1094.21,1400.0,-305.79,442.6,DRV,,,False,0,Carrier 1060824,Shipper 1248,True,True,True,6/11/2017 21:00,6/12/2017 18:30,False,False,False,False,False,False,False,False,Los Angeles,CA ,Los Angeles,CA 
6407,206595577,6/8/2017 10:34,6/8/2017 10:34,6/10/2017 18:06,6/11/2017 21:00,6/12/2017 10:45,1094.21,1400.0,-305.79,442.6,DRV,,,False,0,Carrier 1060824,Shipper 1387,True,True,True,6/11/2017 21:00,6/12/2017 18:30,False,False,False,False,False,False,False,False,Los Angeles,CA ,Los Angeles,CA 
6408,206595577,6/8/2017 10:34,6/8/2017 10:34,6/10/2017 18:06,6/11/2017 21:00,6/12/2017 10:45,1094.21,1400.0,-305.79,442.6,DRV,,,False,0,Carrier 1060824,Shipper 1388,True,True,True,6/11/2017 21:00,6/12/2017 18:30,False,False,False,False,False,False,False,False,Los Angeles,CA ,Los Angeles,CA 
6409,206598537,4/20/2017 16:39,4/20/2017 16:40,4/21/2017 13:36,4/21/2017 16:00,4/24/2017 10:33,1087.67,1400.0,-312.33,632.4,RFR,,,False,0,Carrier 1462770,Shipper 1249,True,True,True,4/21/2017 16:00,4/24/2017 16:00,False,False,False,False,False,False,False,False,Aurora,CO ,Aurora,CO 
6410,206598537,4/20/2017 16:39,4/20/2017 16:40,4/21/2017 13:36,4/21/2017 16:00,4/24/2017 10:33,1087.67,1400.0,-312.33,632.4,RFR,,,False,0,Carrier 1462770,Shipper 1375,True,True,True,4/21/2017 16:00,4/24/2017 16:00,False,False,False,False,False,False,False,False,Aurora,CO ,Aurora,CO 
6411,206598537,4/20/2017 16:39,4/20/2017 16:40,4/21/2017 13:36,4/21/2017 16:00,4/24/2017 10:33,1087.67,1400.0,-312.33,632.4,RFR,,,False,0,Carrier 1462770,Shipper 1386,True,True,True,4/21/2017 16:00,4/24/2017 16:00,False,False,False,False,False,False,False,False,Aurora,CO ,Aurora,CO 
6412,206598537,4/20/2017 16:39,4/20/2017 16:40,4/21/2017 13:36,4/21/2017 16:00,4/24/2017 10:33,1087.67,1400.0,-312.33,632.4,RFR,,,False,0,Carrier 1462770,Shipper 1248,True,True,True,4/21/2017 16:00,4/24/2017 16:00,False,False,False,False,False,False,False,False,Aurora,CO ,Aurora,CO 
6413,206598537,4/20/2017 16:39,4/20/2017 16:40,4/21/2017 13:36,4/21/2017 16:00,4/24/2017 10:33,1087.67,1400.0,-312.33,632.4,RFR,,,False,0,Carrier 1462770,Shipper 1387,True,True,True,4/21/2017 16:00,4/24/2017 16:00,False,False,False,False,False,False,False,False,Aurora,CO ,Aurora,CO 
6414,206598537,4/20/2017 16:39,4/20/2017 16:40,4/21/2017 13:36,4/21/2017 16:00,4/24/2017 10:33,1087.67,1400.0,-312.33,632.4,RFR,,,False,0,Carrier 1462770,Shipper 1388,True,True,True,4/21/2017 16:00,4/24/2017 16:00,False,False,False,False,False,False,False,False,Aurora,CO ,Aurora,CO 
6415,206422977,1/9/2017 18:50,1/9/2017 18:50,1/10/2017 8:58,1/9/2017 15:00,1/10/2017 7:45,1086.75,554.0,532.75,140.0,DRV,,,False,0,Carrier 1394523,Shipper 758,True,True,True,1/10/2017 2:00,1/11/2017 2:00,False,False,False,False,False,False,False,False,Portland,OR ,Portland,OR 
6416,206618401,12/14/2017 16:52,12/14/2017 16:52,12/16/2017 9:27,12/17/2017 13:00,12/19/2017 8:00,1085.92,1300.0,-214.08,306.4,DRV,,dat_in,False,0,Carrier 166414,Shipper 1249,True,True,True,12/17/2017 13:00,12/19/2017 6:00,False,False,False,False,False,False,False,False,Cartersville,GA ,Cartersville,GA 
6417,206618401,12/14/2017 16:52,12/14/2017 16:52,12/16/2017 9:27,12/17/2017 13:00,12/19/2017 8:00,1085.92,1300.0,-214.08,306.4,DRV,,dat_in,False,0,Carrier 166414,Shipper 1375,True,True,True,12/17/2017 13:00,12/19/2017 6:00,False,False,False,False,False,False,False,False,Cartersville,GA ,Cartersville,GA 
6418,206618401,12/14/2017 16:52,12/14/2017 16:52,12/16/2017 9:27,12/17/2017 13:00,12/19/2017 8:00,1085.92,1300.0,-214.08,306.4,DRV,,dat_in,False,0,Carrier 166414,Shipper 1386,True,True,True,12/17/2017 13:00,12/19/2017 6:00,False,False,False,False,False,False,False,False,Cartersville,GA ,Cartersville,GA 
6419,206618401,12/14/2017 16:52,12/14/2017 16:52,12/16/2017 9:27,12/17/2017 13:00,12/19/2017 8:00,1085.92,1300.0,-214.08,306.4,DRV,,dat_in,False,0,Carrier 166414,Shipper 1248,True,True,True,12/17/2017 13:00,12/19/2017 6:00,False,False,False,False,False,False,False,False,Cartersville,GA ,Cartersville,GA 
6420,206618401,12/14/2017 16:52,12/14/2017 16:52,12/16/2017 9:27,12/17/2017 13:00,12/19/2017 8:00,1085.92,1300.0,-214.08,306.4,DRV,,dat_in,False,0,Carrier 166414,Shipper 1387,True,True,True,12/17/2017 13:00,12/19/2017 6:00,False,False,False,False,False,False,False,False,Cartersville,GA ,Cartersville,GA 
6421,206618401,12/14/2017 16:52,12/14/2017 16:52,12/16/2017 9:27,12/17/2017 13:00,12/19/2017 8:00,1085.92,1300.0,-214.08,306.4,DRV,,dat_in,False,0,Carrier 166414,Shipper 1388,True,True,True,12/17/2017 13:00,12/19/2017 6:00,False,False,False,False,False,False,False,False,Cartersville,GA ,Cartersville,GA 
6422,206651993,4/28/2017 8:58,4/28/2017 8:58,5/2/2017 9:19,5/2/2017 14:00,5/3/2017 6:00,1085.0,1050.0,35.0,333.9,RFR,,,False,0,Carrier 1081611,Shipper 1173,True,True,True,5/2/2017 14:00,5/3/2017 4:00,False,False,False,False,False,False,False,False,Baltimore,MD ,Baltimore,MD 
6423,206646809,4/27/2017 12:09,4/27/2017 12:10,4/28/2017 12:41,5/1/2017 14:00,5/2/2017 9:40,1085.0,1025.0,60.0,333.9,RFR,3.0,,False,0,Carrier 1511360,Shipper 1173,True,False,False,5/1/2017 14:00,5/2/2017 4:00,False,False,False,False,False,False,False,False,Baltimore,MD ,Baltimore,MD 
6424,206510025,12/12/2017 16:53,12/12/2017 16:53,12/14/2017 8:53,12/14/2017 13:00,12/15/2017 8:15,1084.4,1150.0,-65.6,334.5,DRV,,,False,0,Carrier 53313,Shipper 1249,True,True,True,12/14/2017 13:00,12/15/2017 14:00,False,False,False,False,False,False,False,False,Cartersville,GA ,Cartersville,GA 
6425,206510025,12/12/2017 16:53,12/12/2017 16:53,12/14/2017 8:53,12/14/2017 13:00,12/15/2017 8:15,1084.4,1150.0,-65.6,334.5,DRV,,,False,0,Carrier 53313,Shipper 1375,True,True,True,12/14/2017 13:00,12/15/2017 14:00,False,False,False,False,False,False,False,False,Cartersville,GA ,Cartersville,GA 
6426,206510025,12/12/2017 16:53,12/12/2017 16:53,12/14/2017 8:53,12/14/2017 13:00,12/15/2017 8:15,1084.4,1150.0,-65.6,334.5,DRV,,,False,0,Carrier 53313,Shipper 1386,True,True,True,12/14/2017 13:00,12/15/2017 14:00,False,False,False,False,False,False,False,False,Cartersville,GA ,Cartersville,GA 
6427,206510025,12/12/2017 16:53,12/12/2017 16:53,12/14/2017 8:53,12/14/2017 13:00,12/15/2017 8:15,1084.4,1150.0,-65.6,334.5,DRV,,,False,0,Carrier 53313,Shipper 1248,True,True,True,12/14/2017 13:00,12/15/2017 14:00,False,False,False,False,False,False,False,False,Cartersville,GA ,Cartersville,GA 
6428,206510025,12/12/2017 16:53,12/12/2017 16:53,12/14/2017 8:53,12/14/2017 13:00,12/15/2017 8:15,1084.4,1150.0,-65.6,334.5,DRV,,,False,0,Carrier 53313,Shipper 1387,True,True,True,12/14/2017 13:00,12/15/2017 14:00,False,False,False,False,False,False,False,False,Cartersville,GA ,Cartersville,GA 
6429,206510025,12/12/2017 16:53,12/12/2017 16:53,12/14/2017 8:53,12/14/2017 13:00,12/15/2017 8:15,1084.4,1150.0,-65.6,334.5,DRV,,,False,0,Carrier 53313,Shipper 1388,True,True,True,12/14/2017 13:00,12/15/2017 14:00,False,False,False,False,False,False,False,False,Cartersville,GA ,Cartersville,GA 
6430,206704953,12/18/2017 18:21,12/18/2017 18:21,12/20/2017 10:17,12/20/2017 18:00,12/21/2017 10:50,1082.47,1430.0,-347.53,731.0,DRV,,,False,0,Carrier 83148,Shipper 1249,True,True,True,12/20/2017 18:00,12/21/2017 12:00,False,False,False,False,False,False,False,False,Newark,NJ ,Newark,NJ 
6431,206704953,12/18/2017 18:21,12/18/2017 18:21,12/20/2017 10:17,12/20/2017 18:00,12/21/2017 10:50,1082.47,1430.0,-347.53,731.0,DRV,,,False,0,Carrier 83148,Shipper 1375,True,True,True,12/20/2017 18:00,12/21/2017 12:00,False,False,False,False,False,False,False,False,Newark,NJ ,Newark,NJ 
6432,206704953,12/18/2017 18:21,12/18/2017 18:21,12/20/2017 10:17,12/20/2017 18:00,12/21/2017 10:50,1082.47,1430.0,-347.53,731.0,DRV,,,False,0,Carrier 83148,Shipper 1386,True,True,True,12/20/2017 18:00,12/21/2017 12:00,False,False,False,False,False,False,False,False,Newark,NJ ,Newark,NJ 
6433,206704953,12/18/2017 18:21,12/18/2017 18:21,12/20/2017 10:17,12/20/2017 18:00,12/21/2017 10:50,1082.47,1430.0,-347.53,731.0,DRV,,,False,0,Carrier 83148,Shipper 1248,True,True,True,12/20/2017 18:00,12/21/2017 12:00,False,False,False,False,False,False,False,False,Newark,NJ ,Newark,NJ 
6434,206704953,12/18/2017 18:21,12/18/2017 18:21,12/20/2017 10:17,12/20/2017 18:00,12/21/2017 10:50,1082.47,1430.0,-347.53,731.0,DRV,,,False,0,Carrier 83148,Shipper 1387,True,True,True,12/20/2017 18:00,12/21/2017 12:00,False,False,False,False,False,False,False,False,Newark,NJ ,Newark,NJ 
6435,206704953,12/18/2017 18:21,12/18/2017 18:21,12/20/2017 10:17,12/20/2017 18:00,12/21/2017 10:50,1082.47,1430.0,-347.53,731.0,DRV,,,False,0,Carrier 83148,Shipper 1388,True,True,True,12/20/2017 18:00,12/21/2017 12:00,False,False,False,False,False,False,False,False,Newark,NJ ,Newark,NJ 
6436,206573521,4/17/2017 16:57,4/17/2017 16:57,4/19/2017 9:07,4/18/2017 13:00,4/20/2017 11:20,1081.96,1500.0,-418.04,452.0,RFR,4.0,,False,1,Carrier 558587,Shipper 1249,True,True,True,4/18/2017 23:00,4/20/2017 16:00,False,False,False,False,False,False,False,False,Cartersville,GA ,Cartersville,GA 
6437,206573521,4/17/2017 16:57,4/17/2017 16:57,4/19/2017 9:07,4/18/2017 13:00,4/20/2017 11:20,1081.96,1500.0,-418.04,452.0,RFR,4.0,,False,1,Carrier 558587,Shipper 1375,True,True,True,4/18/2017 23:00,4/20/2017 16:00,False,False,False,False,False,False,False,False,Cartersville,GA ,Cartersville,GA 
6438,206573521,4/17/2017 16:57,4/17/2017 16:57,4/19/2017 9:07,4/18/2017 13:00,4/20/2017 11:20,1081.96,1500.0,-418.04,452.0,RFR,4.0,,False,1,Carrier 558587,Shipper 1386,True,True,True,4/18/2017 23:00,4/20/2017 16:00,False,False,False,False,False,False,False,False,Cartersville,GA ,Cartersville,GA 
6439,206573521,4/17/2017 16:57,4/17/2017 16:57,4/19/2017 9:07,4/18/2017 13:00,4/20/2017 11:20,1081.96,1500.0,-418.04,452.0,RFR,4.0,,False,1,Carrier 558587,Shipper 1248,True,True,True,4/18/2017 23:00,4/20/2017 16:00,False,False,False,False,False,False,False,False,Cartersville,GA ,Cartersville,GA 
6440,206573521,4/17/2017 16:57,4/17/2017 16:57,4/19/2017 9:07,4/18/2017 13:00,4/20/2017 11:20,1081.96,1500.0,-418.04,452.0,RFR,4.0,,False,1,Carrier 558587,Shipper 1387,True,True,True,4/18/2017 23:00,4/20/2017 16:00,False,False,False,False,False,False,False,False,Cartersville,GA ,Cartersville,GA 
6441,206573521,4/17/2017 16:57,4/17/2017 16:57,4/19/2017 9:07,4/18/2017 13:00,4/20/2017 11:20,1081.96,1500.0,-418.04,452.0,RFR,4.0,,False,1,Carrier 558587,Shipper 1388,True,True,True,4/18/2017 23:00,4/20/2017 16:00,False,False,False,False,False,False,False,False,Cartersville,GA ,Cartersville,GA 
6442,206436777,9/26/2017 13:27,9/26/2017 13:27,9/27/2017 16:41,9/28/2017 10:00,9/29/2017 10:29,1081.05,1000.0,81.05,331.0,DRV,,,False,0,Carrier 47140,Shipper 1644,True,True,True,9/28/2017 10:00,9/29/2017 8:30,False,False,False,False,False,False,False,False,Xenia,OH ,Xenia,OH 
6443,206565105,4/7/2017 16:28,4/7/2017 16:28,4/12/2017 11:10,4/12/2017 14:00,4/13/2017 14:30,1080.45,1500.0,-419.55,559.6,DRV,4.0,,False,0,Carrier 86753,Shipper 1249,True,True,True,4/12/2017 14:00,4/13/2017 15:00,False,False,False,False,False,False,False,False,Granite City,IL ,Granite City,IL 
6444,206565105,4/7/2017 16:28,4/7/2017 16:28,4/12/2017 11:10,4/12/2017 14:00,4/13/2017 14:30,1080.45,1500.0,-419.55,559.6,DRV,4.0,,False,0,Carrier 86753,Shipper 1375,True,True,True,4/12/2017 14:00,4/13/2017 15:00,False,False,False,False,False,False,False,False,Granite City,IL ,Granite City,IL 
6445,206565105,4/7/2017 16:28,4/7/2017 16:28,4/12/2017 11:10,4/12/2017 14:00,4/13/2017 14:30,1080.45,1500.0,-419.55,559.6,DRV,4.0,,False,0,Carrier 86753,Shipper 1386,True,True,True,4/12/2017 14:00,4/13/2017 15:00,False,False,False,False,False,False,False,False,Granite City,IL ,Granite City,IL 
6446,206565105,4/7/2017 16:28,4/7/2017 16:28,4/12/2017 11:10,4/12/2017 14:00,4/13/2017 14:30,1080.45,1500.0,-419.55,559.6,DRV,4.0,,False,0,Carrier 86753,Shipper 1248,True,True,True,4/12/2017 14:00,4/13/2017 15:00,False,False,False,False,False,False,False,False,Granite City,IL ,Granite City,IL 
6447,206565105,4/7/2017 16:28,4/7/2017 16:28,4/12/2017 11:10,4/12/2017 14:00,4/13/2017 14:30,1080.45,1500.0,-419.55,559.6,DRV,4.0,,False,0,Carrier 86753,Shipper 1387,True,True,True,4/12/2017 14:00,4/13/2017 15:00,False,False,False,False,False,False,False,False,Granite City,IL ,Granite City,IL 
6448,206565105,4/7/2017 16:28,4/7/2017 16:28,4/12/2017 11:10,4/12/2017 14:00,4/13/2017 14:30,1080.45,1500.0,-419.55,559.6,DRV,4.0,,False,0,Carrier 86753,Shipper 1388,True,True,True,4/12/2017 14:00,4/13/2017 15:00,False,False,False,False,False,False,False,False,Granite City,IL ,Granite City,IL 
6449,206709721,6/21/2017 12:42,6/21/2017 12:42,6/26/2017 10:14,6/26/2017 9:00,6/27/2017 15:55,1080.0,1270.0,-190.0,615.0,DRV,,,False,0,Carrier 970643,Shipper 1033,True,True,True,6/26/2017 13:00,6/27/2017 12:00,False,False,False,False,False,False,False,False,Kansas City,MO ,Kansas City,MO 
6450,206601153,6/21/2017 12:26,6/21/2017 12:27,6/26/2017 13:30,6/28/2017 0:00,6/29/2017 10:46,1076.54,1295.0,-218.46,526.0,DRV,,,False,0,Carrier 1681657,Shipper 758,True,True,True,6/28/2017 0:00,6/28/2017 22:30,False,False,False,False,False,False,False,False,Henderson,NV ,Henderson,NV 
6451,206466761,4/26/2017 17:06,4/26/2017 17:06,4/28/2017 17:02,4/28/2017 18:00,5/1/2017 12:00,1076.22,1400.0,-323.78,316.9,DRV,3.0,,False,1,Carrier 1395917,Shipper 1249,True,False,True,4/28/2017 18:00,5/1/2017 5:00,False,False,False,False,False,False,False,False,Baldwinsville,NY ,Baldwinsville,NY 
6452,206466761,4/26/2017 17:06,4/26/2017 17:06,4/28/2017 17:02,4/28/2017 18:00,5/1/2017 12:00,1076.22,1400.0,-323.78,316.9,DRV,3.0,,False,1,Carrier 1395917,Shipper 1375,True,False,True,4/28/2017 18:00,5/1/2017 5:00,False,False,False,False,False,False,False,False,Baldwinsville,NY ,Baldwinsville,NY 
6453,206466761,4/26/2017 17:06,4/26/2017 17:06,4/28/2017 17:02,4/28/2017 18:00,5/1/2017 12:00,1076.22,1400.0,-323.78,316.9,DRV,3.0,,False,1,Carrier 1395917,Shipper 1386,True,False,True,4/28/2017 18:00,5/1/2017 5:00,False,False,False,False,False,False,False,False,Baldwinsville,NY ,Baldwinsville,NY 
6454,206466761,4/26/2017 17:06,4/26/2017 17:06,4/28/2017 17:02,4/28/2017 18:00,5/1/2017 12:00,1076.22,1400.0,-323.78,316.9,DRV,3.0,,False,1,Carrier 1395917,Shipper 1248,True,False,True,4/28/2017 18:00,5/1/2017 5:00,False,False,False,False,False,False,False,False,Baldwinsville,NY ,Baldwinsville,NY 
6455,206466761,4/26/2017 17:06,4/26/2017 17:06,4/28/2017 17:02,4/28/2017 18:00,5/1/2017 12:00,1076.22,1400.0,-323.78,316.9,DRV,3.0,,False,1,Carrier 1395917,Shipper 1387,True,False,True,4/28/2017 18:00,5/1/2017 5:00,False,False,False,False,False,False,False,False,Baldwinsville,NY ,Baldwinsville,NY 
6456,206466761,4/26/2017 17:06,4/26/2017 17:06,4/28/2017 17:02,4/28/2017 18:00,5/1/2017 12:00,1076.22,1400.0,-323.78,316.9,DRV,3.0,,False,1,Carrier 1395917,Shipper 1388,True,False,True,4/28/2017 18:00,5/1/2017 5:00,False,False,False,False,False,False,False,False,Baldwinsville,NY ,Baldwinsville,NY 
6457,206621553,10/9/2017 12:15,10/9/2017 12:15,10/10/2017 14:16,10/12/2017 14:00,10/13/2017 8:10,1075.5,967.25,108.25,430.3,DRV,,,True,0,Carrier 19121,Shipper 1644,True,True,True,10/12/2017 14:00,10/13/2017 10:00,False,False,False,False,False,False,False,False,Akron,OH ,Akron,OH 
6458,206467593,3/28/2017 11:22,3/28/2017 11:23,3/31/2017 15:29,4/3/2017 14:30,4/4/2017 9:00,1075.0,1150.0,-75.0,661.8,DRV,4.0,,False,0,Carrier 1237001,Shipper 1184,True,True,True,4/3/2017 14:30,4/4/2017 9:00,False,False,False,False,False,False,False,False,Joplin,MO ,Joplin,MO 
6459,206607665,2/14/2017 14:18,2/14/2017 14:18,2/27/2017 11:47,2/27/2017 17:00,3/2/2017 0:00,1075.0,1100.0,-25.0,960.1,DRV,3.0,,False,0,Carrier 919999,Shipper 1184,True,True,True,2/27/2017 17:00,3/1/2017 23:00,False,False,False,False,False,False,False,False,Portland,OR ,Portland,OR 
6460,206692225,6/14/2017 16:09,6/14/2017 16:09,6/16/2017 13:07,6/16/2017 16:00,6/19/2017 9:15,1073.96,1200.0,-126.04,293.0,DRV,,,False,0,Carrier 1695363,Shipper 1249,True,True,True,6/16/2017 16:00,6/19/2017 14:00,False,False,False,False,False,False,False,False,Fort Collins,CO ,Fort Collins,CO 
6461,206692225,6/14/2017 16:09,6/14/2017 16:09,6/16/2017 13:07,6/16/2017 16:00,6/19/2017 9:15,1073.96,1200.0,-126.04,293.0,DRV,,,False,0,Carrier 1695363,Shipper 1375,True,True,True,6/16/2017 16:00,6/19/2017 14:00,False,False,False,False,False,False,False,False,Fort Collins,CO ,Fort Collins,CO 
6462,206692225,6/14/2017 16:09,6/14/2017 16:09,6/16/2017 13:07,6/16/2017 16:00,6/19/2017 9:15,1073.96,1200.0,-126.04,293.0,DRV,,,False,0,Carrier 1695363,Shipper 1386,True,True,True,6/16/2017 16:00,6/19/2017 14:00,False,False,False,False,False,False,False,False,Fort Collins,CO ,Fort Collins,CO 
6463,206692225,6/14/2017 16:09,6/14/2017 16:09,6/16/2017 13:07,6/16/2017 16:00,6/19/2017 9:15,1073.96,1200.0,-126.04,293.0,DRV,,,False,0,Carrier 1695363,Shipper 1248,True,True,True,6/16/2017 16:00,6/19/2017 14:00,False,False,False,False,False,False,False,False,Fort Collins,CO ,Fort Collins,CO 
6464,206692225,6/14/2017 16:09,6/14/2017 16:09,6/16/2017 13:07,6/16/2017 16:00,6/19/2017 9:15,1073.96,1200.0,-126.04,293.0,DRV,,,False,0,Carrier 1695363,Shipper 1387,True,True,True,6/16/2017 16:00,6/19/2017 14:00,False,False,False,False,False,False,False,False,Fort Collins,CO ,Fort Collins,CO 
6465,206692225,6/14/2017 16:09,6/14/2017 16:09,6/16/2017 13:07,6/16/2017 16:00,6/19/2017 9:15,1073.96,1200.0,-126.04,293.0,DRV,,,False,0,Carrier 1695363,Shipper 1388,True,True,True,6/16/2017 16:00,6/19/2017 14:00,False,False,False,False,False,False,False,False,Fort Collins,CO ,Fort Collins,CO 
6466,206518825,11/2/2017 11:19,11/2/2017 11:19,11/5/2017 15:14,11/5/2017 11:00,11/6/2017 8:30,1073.9,1500.0,-426.1,167.0,DRV,,,False,1,Carrier 1695635,Shipper 1662,False,True,True,11/5/2017 11:00,11/6/2017 8:00,False,False,False,False,False,True,False,False,New York,NY ,New York,NY 
6467,206589065,12/13/2017 16:52,12/13/2017 16:52,12/14/2017 14:00,12/16/2017 16:00,12/18/2017 15:00,1072.08,1350.0,-277.92,792.7,DRV,,carrier_capacity,False,0,Carrier 1465972,Shipper 1249,False,True,False,12/16/2017 16:00,12/18/2017 10:00,False,False,False,False,False,False,False,False,Newark,NJ ,Newark,NJ 
6468,206589065,12/13/2017 16:52,12/13/2017 16:52,12/14/2017 14:00,12/16/2017 16:00,12/18/2017 15:00,1072.08,1350.0,-277.92,792.7,DRV,,carrier_capacity,False,0,Carrier 1465972,Shipper 1375,False,True,False,12/16/2017 16:00,12/18/2017 10:00,False,False,False,False,False,False,False,False,Newark,NJ ,Newark,NJ 
6469,206589065,12/13/2017 16:52,12/13/2017 16:52,12/14/2017 14:00,12/16/2017 16:00,12/18/2017 15:00,1072.08,1350.0,-277.92,792.7,DRV,,carrier_capacity,False,0,Carrier 1465972,Shipper 1386,False,True,False,12/16/2017 16:00,12/18/2017 10:00,False,False,False,False,False,False,False,False,Newark,NJ ,Newark,NJ 
6470,206589065,12/13/2017 16:52,12/13/2017 16:52,12/14/2017 14:00,12/16/2017 16:00,12/18/2017 15:00,1072.08,1350.0,-277.92,792.7,DRV,,carrier_capacity,False,0,Carrier 1465972,Shipper 1248,False,True,False,12/16/2017 16:00,12/18/2017 10:00,False,False,False,False,False,False,False,False,Newark,NJ ,Newark,NJ 
6471,206589065,12/13/2017 16:52,12/13/2017 16:52,12/14/2017 14:00,12/16/2017 16:00,12/18/2017 15:00,1072.08,1350.0,-277.92,792.7,DRV,,carrier_capacity,False,0,Carrier 1465972,Shipper 1387,False,True,False,12/16/2017 16:00,12/18/2017 10:00,False,False,False,False,False,False,False,False,Newark,NJ ,Newark,NJ 
6472,206589065,12/13/2017 16:52,12/13/2017 16:52,12/14/2017 14:00,12/16/2017 16:00,12/18/2017 15:00,1072.08,1350.0,-277.92,792.7,DRV,,carrier_capacity,False,0,Carrier 1465972,Shipper 1388,False,True,False,12/16/2017 16:00,12/18/2017 10:00,False,False,False,False,False,False,False,False,Newark,NJ ,Newark,NJ 
6473,206425385,1/17/2017 12:23,1/17/2017 12:24,1/30/2017 8:47,1/30/2017 7:00,1/31/2017 8:00,1070.0,1050.0,20.0,390.1,RFR,,,False,0,Carrier 1614220,Shipper 780,True,True,True,1/30/2017 16:00,1/31/2017 8:00,False,False,False,False,False,False,False,False,Burt,NY ,Burt,NY 
6474,206518153,10/13/2017 11:43,10/13/2017 11:43,10/18/2017 9:09,10/18/2017 13:30,10/19/2017 9:40,1069.53,800.0,269.53,117.5,DRV,,,False,0,Carrier 1230028,Shipper 1249,True,True,True,10/18/2017 13:30,10/19/2017 11:00,False,False,False,False,False,False,False,False,Carlisle,PA ,Carlisle,PA 
6475,206518153,10/13/2017 11:43,10/13/2017 11:43,10/18/2017 9:09,10/18/2017 13:30,10/19/2017 9:40,1069.53,800.0,269.53,117.5,DRV,,,False,0,Carrier 1230028,Shipper 1375,True,True,True,10/18/2017 13:30,10/19/2017 11:00,False,False,False,False,False,False,False,False,Carlisle,PA ,Carlisle,PA 
6476,206518153,10/13/2017 11:43,10/13/2017 11:43,10/18/2017 9:09,10/18/2017 13:30,10/19/2017 9:40,1069.53,800.0,269.53,117.5,DRV,,,False,0,Carrier 1230028,Shipper 1386,True,True,True,10/18/2017 13:30,10/19/2017 11:00,False,False,False,False,False,False,False,False,Carlisle,PA ,Carlisle,PA 
6477,206518153,10/13/2017 11:43,10/13/2017 11:43,10/18/2017 9:09,10/18/2017 13:30,10/19/2017 9:40,1069.53,800.0,269.53,117.5,DRV,,,False,0,Carrier 1230028,Shipper 1248,True,True,True,10/18/2017 13:30,10/19/2017 11:00,False,False,False,False,False,False,False,False,Carlisle,PA ,Carlisle,PA 
6478,206518153,10/13/2017 11:43,10/13/2017 11:43,10/18/2017 9:09,10/18/2017 13:30,10/19/2017 9:40,1069.53,800.0,269.53,117.5,DRV,,,False,0,Carrier 1230028,Shipper 1387,True,True,True,10/18/2017 13:30,10/19/2017 11:00,False,False,False,False,False,False,False,False,Carlisle,PA ,Carlisle,PA 
6479,206518153,10/13/2017 11:43,10/13/2017 11:43,10/18/2017 9:09,10/18/2017 13:30,10/19/2017 9:40,1069.53,800.0,269.53,117.5,DRV,,,False,0,Carrier 1230028,Shipper 1388,True,True,True,10/18/2017 13:30,10/19/2017 11:00,False,False,False,False,False,False,False,False,Carlisle,PA ,Carlisle,PA 
6480,206533697,9/13/2017 16:31,9/13/2017 16:31,9/15/2017 17:21,9/15/2017 16:00,9/18/2017 17:25,1068.36,1000.0,68.36,161.8,DRV,,,False,0,Carrier 1042669,Shipper 1249,True,True,True,9/15/2017 21:00,9/18/2017 14:00,False,False,False,False,False,False,False,False,Fort Collins,CO ,Fort Collins,CO 
6481,206533697,9/13/2017 16:31,9/13/2017 16:31,9/15/2017 17:21,9/15/2017 16:00,9/18/2017 17:25,1068.36,1000.0,68.36,161.8,DRV,,,False,0,Carrier 1042669,Shipper 1375,True,True,True,9/15/2017 21:00,9/18/2017 14:00,False,False,False,False,False,False,False,False,Fort Collins,CO ,Fort Collins,CO 
6482,206533697,9/13/2017 16:31,9/13/2017 16:31,9/15/2017 17:21,9/15/2017 16:00,9/18/2017 17:25,1068.36,1000.0,68.36,161.8,DRV,,,False,0,Carrier 1042669,Shipper 1386,True,True,True,9/15/2017 21:00,9/18/2017 14:00,False,False,False,False,False,False,False,False,Fort Collins,CO ,Fort Collins,CO 
6483,206533697,9/13/2017 16:31,9/13/2017 16:31,9/15/2017 17:21,9/15/2017 16:00,9/18/2017 17:25,1068.36,1000.0,68.36,161.8,DRV,,,False,0,Carrier 1042669,Shipper 1248,True,True,True,9/15/2017 21:00,9/18/2017 14:00,False,False,False,False,False,False,False,False,Fort Collins,CO ,Fort Collins,CO 
6484,206533697,9/13/2017 16:31,9/13/2017 16:31,9/15/2017 17:21,9/15/2017 16:00,9/18/2017 17:25,1068.36,1000.0,68.36,161.8,DRV,,,False,0,Carrier 1042669,Shipper 1387,True,True,True,9/15/2017 21:00,9/18/2017 14:00,False,False,False,False,False,False,False,False,Fort Collins,CO ,Fort Collins,CO 
6485,206533697,9/13/2017 16:31,9/13/2017 16:31,9/15/2017 17:21,9/15/2017 16:00,9/18/2017 17:25,1068.36,1000.0,68.36,161.8,DRV,,,False,0,Carrier 1042669,Shipper 1388,True,True,True,9/15/2017 21:00,9/18/2017 14:00,False,False,False,False,False,False,False,False,Fort Collins,CO ,Fort Collins,CO 
6486,206666769,6/23/2017 13:04,6/23/2017 13:04,6/29/2017 10:26,6/29/2017 14:00,6/30/2017 12:00,1066.09,2100.0,-1033.91,555.6,DRV,,,False,0,Carrier 35925,Shipper 1528,True,True,True,6/29/2017 20:00,6/30/2017 12:00,False,False,False,False,False,False,False,False,Tuscaloosa,AL ,Tuscaloosa,AL 
6487,206467809,5/17/2017 14:45,5/17/2017 14:46,5/18/2017 15:31,5/19/2017 3:00,5/19/2017 11:00,1066.06,1150.0,-83.94,411.7,DRV,3.0,,False,0,Carrier 1695266,Shipper 1249,True,True,True,5/19/2017 3:00,5/19/2017 11:30,False,False,False,False,False,False,False,False,Houston,TX ,Houston,TX 
6488,206467809,5/17/2017 14:45,5/17/2017 14:46,5/18/2017 15:31,5/19/2017 3:00,5/19/2017 11:00,1066.06,1150.0,-83.94,411.7,DRV,3.0,,False,0,Carrier 1695266,Shipper 1375,True,True,True,5/19/2017 3:00,5/19/2017 11:30,False,False,False,False,False,False,False,False,Houston,TX ,Houston,TX 
6489,206467809,5/17/2017 14:45,5/17/2017 14:46,5/18/2017 15:31,5/19/2017 3:00,5/19/2017 11:00,1066.06,1150.0,-83.94,411.7,DRV,3.0,,False,0,Carrier 1695266,Shipper 1386,True,True,True,5/19/2017 3:00,5/19/2017 11:30,False,False,False,False,False,False,False,False,Houston,TX ,Houston,TX 
6490,206467809,5/17/2017 14:45,5/17/2017 14:46,5/18/2017 15:31,5/19/2017 3:00,5/19/2017 11:00,1066.06,1150.0,-83.94,411.7,DRV,3.0,,False,0,Carrier 1695266,Shipper 1248,True,True,True,5/19/2017 3:00,5/19/2017 11:30,False,False,False,False,False,False,False,False,Houston,TX ,Houston,TX 
6491,206467809,5/17/2017 14:45,5/17/2017 14:46,5/18/2017 15:31,5/19/2017 3:00,5/19/2017 11:00,1066.06,1150.0,-83.94,411.7,DRV,3.0,,False,0,Carrier 1695266,Shipper 1387,True,True,True,5/19/2017 3:00,5/19/2017 11:30,False,False,False,False,False,False,False,False,Houston,TX ,Houston,TX 
6492,206467809,5/17/2017 14:45,5/17/2017 14:46,5/18/2017 15:31,5/19/2017 3:00,5/19/2017 11:00,1066.06,1150.0,-83.94,411.7,DRV,3.0,,False,0,Carrier 1695266,Shipper 1388,True,True,True,5/19/2017 3:00,5/19/2017 11:30,False,False,False,False,False,False,False,False,Houston,TX ,Houston,TX 
6493,206595345,12/19/2017 8:54,12/19/2017 8:54,12/19/2017 11:38,12/19/2017 15:00,12/19/2017 17:30,1065.06,2000.0,-934.94,131.2,DRV,,dat_out,False,0,Carrier 93616,Shipper 1644,True,True,True,12/19/2017 15:00,12/19/2017 23:00,False,False,False,False,False,False,False,False,Atkins,VA ,Atkins,VA 
6494,206544337,4/28/2017 17:21,4/28/2017 17:21,5/2/2017 10:40,5/2/2017 7:00,5/3/2017 14:18,1064.6,1300.0,-235.4,361.2,DRV,,,False,1,Carrier 85072,Shipper 1249,True,True,True,5/2/2017 23:00,5/3/2017 14:30,False,False,False,False,False,False,False,False,Cartersville,GA ,Cartersville,GA 
6495,206544337,4/28/2017 17:21,4/28/2017 17:21,5/2/2017 10:40,5/2/2017 7:00,5/3/2017 14:18,1064.6,1300.0,-235.4,361.2,DRV,,,False,1,Carrier 85072,Shipper 1375,True,True,True,5/2/2017 23:00,5/3/2017 14:30,False,False,False,False,False,False,False,False,Cartersville,GA ,Cartersville,GA 
6496,206544337,4/28/2017 17:21,4/28/2017 17:21,5/2/2017 10:40,5/2/2017 7:00,5/3/2017 14:18,1064.6,1300.0,-235.4,361.2,DRV,,,False,1,Carrier 85072,Shipper 1386,True,True,True,5/2/2017 23:00,5/3/2017 14:30,False,False,False,False,False,False,False,False,Cartersville,GA ,Cartersville,GA 
6497,206544337,4/28/2017 17:21,4/28/2017 17:21,5/2/2017 10:40,5/2/2017 7:00,5/3/2017 14:18,1064.6,1300.0,-235.4,361.2,DRV,,,False,1,Carrier 85072,Shipper 1248,True,True,True,5/2/2017 23:00,5/3/2017 14:30,False,False,False,False,False,False,False,False,Cartersville,GA ,Cartersville,GA 
6498,206544337,4/28/2017 17:21,4/28/2017 17:21,5/2/2017 10:40,5/2/2017 7:00,5/3/2017 14:18,1064.6,1300.0,-235.4,361.2,DRV,,,False,1,Carrier 85072,Shipper 1387,True,True,True,5/2/2017 23:00,5/3/2017 14:30,False,False,False,False,False,False,False,False,Cartersville,GA ,Cartersville,GA 
6499,206544337,4/28/2017 17:21,4/28/2017 17:21,5/2/2017 10:40,5/2/2017 7:00,5/3/2017 14:18,1064.6,1300.0,-235.4,361.2,DRV,,,False,1,Carrier 85072,Shipper 1388,True,True,True,5/2/2017 23:00,5/3/2017 14:30,False,False,False,False,False,False,False,False,Cartersville,GA ,Cartersville,GA 
6500,206576081,5/19/2017 14:50,5/19/2017 14:50,5/22/2017 13:01,5/23/2017 19:00,5/24/2017 15:35,1063.16,800.0,263.16,557.6,DRV,3.0,,False,0,Carrier 1316982,Shipper 1249,True,True,True,5/23/2017 19:00,5/24/2017 16:00,False,False,False,False,False,False,False,False,Fort Collins,CO ,Fort Collins,CO 
6501,206576081,5/19/2017 14:50,5/19/2017 14:50,5/22/2017 13:01,5/23/2017 19:00,5/24/2017 15:35,1063.16,800.0,263.16,557.6,DRV,3.0,,False,0,Carrier 1316982,Shipper 1375,True,True,True,5/23/2017 19:00,5/24/2017 16:00,False,False,False,False,False,False,False,False,Fort Collins,CO ,Fort Collins,CO 
6502,206576081,5/19/2017 14:50,5/19/2017 14:50,5/22/2017 13:01,5/23/2017 19:00,5/24/2017 15:35,1063.16,800.0,263.16,557.6,DRV,3.0,,False,0,Carrier 1316982,Shipper 1386,True,True,True,5/23/2017 19:00,5/24/2017 16:00,False,False,False,False,False,False,False,False,Fort Collins,CO ,Fort Collins,CO 
6503,206576081,5/19/2017 14:50,5/19/2017 14:50,5/22/2017 13:01,5/23/2017 19:00,5/24/2017 15:35,1063.16,800.0,263.16,557.6,DRV,3.0,,False,0,Carrier 1316982,Shipper 1248,True,True,True,5/23/2017 19:00,5/24/2017 16:00,False,False,False,False,False,False,False,False,Fort Collins,CO ,Fort Collins,CO 
6504,206576081,5/19/2017 14:50,5/19/2017 14:50,5/22/2017 13:01,5/23/2017 19:00,5/24/2017 15:35,1063.16,800.0,263.16,557.6,DRV,3.0,,False,0,Carrier 1316982,Shipper 1387,True,True,True,5/23/2017 19:00,5/24/2017 16:00,False,False,False,False,False,False,False,False,Fort Collins,CO ,Fort Collins,CO 
6505,206576081,5/19/2017 14:50,5/19/2017 14:50,5/22/2017 13:01,5/23/2017 19:00,5/24/2017 15:35,1063.16,800.0,263.16,557.6,DRV,3.0,,False,0,Carrier 1316982,Shipper 1388,True,True,True,5/23/2017 19:00,5/24/2017 16:00,False,False,False,False,False,False,False,False,Fort Collins,CO ,Fort Collins,CO 
6506,206601881,3/23/2017 8:59,3/23/2017 8:59,3/23/2017 14:35,3/23/2017 16:00,3/29/2017 14:00,1062.73,2450.0,-1387.27,1004.7,DRV,,,False,0,Carrier 1652195,Shipper 1249,True,True,True,3/23/2017 16:00,3/29/2017 11:00,False,False,False,False,False,False,False,False,Williamsburg,VA ,Williamsburg,VA 
6507,206601881,3/23/2017 8:59,3/23/2017 8:59,3/23/2017 14:35,3/23/2017 16:00,3/29/2017 14:00,1062.73,2450.0,-1387.27,1004.7,DRV,,,False,0,Carrier 1652195,Shipper 1375,True,True,True,3/23/2017 16:00,3/29/2017 11:00,False,False,False,False,False,False,False,False,Williamsburg,VA ,Williamsburg,VA 
6508,206601881,3/23/2017 8:59,3/23/2017 8:59,3/23/2017 14:35,3/23/2017 16:00,3/29/2017 14:00,1062.73,2450.0,-1387.27,1004.7,DRV,,,False,0,Carrier 1652195,Shipper 1386,True,True,True,3/23/2017 16:00,3/29/2017 11:00,False,False,False,False,False,False,False,False,Williamsburg,VA ,Williamsburg,VA 
6509,206601881,3/23/2017 8:59,3/23/2017 8:59,3/23/2017 14:35,3/23/2017 16:00,3/29/2017 14:00,1062.73,2450.0,-1387.27,1004.7,DRV,,,False,0,Carrier 1652195,Shipper 1248,True,True,True,3/23/2017 16:00,3/29/2017 11:00,False,False,False,False,False,False,False,False,Williamsburg,VA ,Williamsburg,VA 
6510,206601881,3/23/2017 8:59,3/23/2017 8:59,3/23/2017 14:35,3/23/2017 16:00,3/29/2017 14:00,1062.73,2450.0,-1387.27,1004.7,DRV,,,False,0,Carrier 1652195,Shipper 1387,True,True,True,3/23/2017 16:00,3/29/2017 11:00,False,False,False,False,False,False,False,False,Williamsburg,VA ,Williamsburg,VA 
6511,206601881,3/23/2017 8:59,3/23/2017 8:59,3/23/2017 14:35,3/23/2017 16:00,3/29/2017 14:00,1062.73,2450.0,-1387.27,1004.7,DRV,,,False,0,Carrier 1652195,Shipper 1388,True,True,True,3/23/2017 16:00,3/29/2017 11:00,False,False,False,False,False,False,False,False,Williamsburg,VA ,Williamsburg,VA 
6512,206720001,6/6/2017 11:52,6/6/2017 11:54,6/8/2017 16:38,6/8/2017 11:00,6/9/2017 16:00,1062.67,1600.0,-537.33,340.6,DRV,,,False,0,Carrier 1031979,Shipper 1048,True,True,True,6/9/2017 20:00,6/9/2017 9:00,False,False,False,False,False,False,False,False,Laredo,TX ,Laredo,TX 
6513,206692185,1/6/2017 12:14,1/6/2017 12:14,1/6/2017 13:32,1/6/2017 9:00,1/9/2017 14:40,1060.0,880.0,180.0,476.6,DRV,4.0,,False,0,Carrier 1406065,Shipper 744,True,False,False,1/6/2017 17:00,1/9/2017 4:00,False,False,False,False,False,False,False,False,Conover,NC ,Conover,NC 
6514,206571721,12/18/2017 18:08,12/18/2017 18:08,12/27/2017 13:57,12/27/2017 12:00,12/28/2017 14:00,1058.04,1150.0,-91.96,295.7,DRV,,dat_in,False,1,Carrier 1695829,Shipper 1249,True,True,True,12/27/2017 16:00,12/28/2017 12:00,False,False,False,False,False,False,False,False,Cartersville,GA ,Cartersville,GA 
6515,206571721,12/18/2017 18:08,12/18/2017 18:08,12/27/2017 13:57,12/27/2017 12:00,12/28/2017 14:00,1058.04,1150.0,-91.96,295.7,DRV,,dat_in,False,1,Carrier 1695829,Shipper 1375,True,True,True,12/27/2017 16:00,12/28/2017 12:00,False,False,False,False,False,False,False,False,Cartersville,GA ,Cartersville,GA 
6516,206571721,12/18/2017 18:08,12/18/2017 18:08,12/27/2017 13:57,12/27/2017 12:00,12/28/2017 14:00,1058.04,1150.0,-91.96,295.7,DRV,,dat_in,False,1,Carrier 1695829,Shipper 1386,True,True,True,12/27/2017 16:00,12/28/2017 12:00,False,False,False,False,False,False,False,False,Cartersville,GA ,Cartersville,GA 
6517,206571721,12/18/2017 18:08,12/18/2017 18:08,12/27/2017 13:57,12/27/2017 12:00,12/28/2017 14:00,1058.04,1150.0,-91.96,295.7,DRV,,dat_in,False,1,Carrier 1695829,Shipper 1248,True,True,True,12/27/2017 16:00,12/28/2017 12:00,False,False,False,False,False,False,False,False,Cartersville,GA ,Cartersville,GA 
6518,206571721,12/18/2017 18:08,12/18/2017 18:08,12/27/2017 13:57,12/27/2017 12:00,12/28/2017 14:00,1058.04,1150.0,-91.96,295.7,DRV,,dat_in,False,1,Carrier 1695829,Shipper 1387,True,True,True,12/27/2017 16:00,12/28/2017 12:00,False,False,False,False,False,False,False,False,Cartersville,GA ,Cartersville,GA 
6519,206571721,12/18/2017 18:08,12/18/2017 18:08,12/27/2017 13:57,12/27/2017 12:00,12/28/2017 14:00,1058.04,1150.0,-91.96,295.7,DRV,,dat_in,False,1,Carrier 1695829,Shipper 1388,True,True,True,12/27/2017 16:00,12/28/2017 12:00,False,False,False,False,False,False,False,False,Cartersville,GA ,Cartersville,GA 
6520,206576393,6/23/2017 10:31,6/23/2017 10:31,6/28/2017 10:41,6/28/2017 19:00,6/29/2017 14:10,1057.44,1000.0,57.44,440.6,DRV,,,False,0,Carrier 6826,Shipper 1528,True,True,True,6/28/2017 19:00,6/29/2017 16:00,False,False,False,False,False,False,False,False,Tuscaloosa,AL ,Tuscaloosa,AL 
6521,206430993,6/23/2017 10:44,6/23/2017 10:44,6/29/2017 11:33,6/29/2017 18:00,6/30/2017 9:00,1057.44,1800.0,-742.56,440.6,DRV,,,False,1,Carrier 1029012,Shipper 1528,,,,6/29/2017 18:00,6/30/2017 16:00,False,False,False,False,False,False,False,False,Tuscaloosa,AL ,Tuscaloosa,AL 
6522,206541985,6/23/2017 10:39,6/23/2017 10:43,6/28/2017 10:40,6/29/2017 17:00,6/30/2017 11:45,1057.44,1000.0,57.44,440.6,DRV,,,False,0,Carrier 6826,Shipper 1528,,,,6/29/2017 17:00,6/30/2017 16:00,False,False,False,False,False,False,False,False,Tuscaloosa,AL ,Tuscaloosa,AL 
6523,206523905,6/23/2017 10:35,6/23/2017 10:35,6/28/2017 12:14,6/28/2017 17:00,6/29/2017 14:00,1057.44,2000.0,-942.56,440.6,DRV,,,False,0,Carrier 1425562,Shipper 1528,True,True,True,6/28/2017 17:00,6/29/2017 16:00,False,False,False,False,False,False,False,False,Tuscaloosa,AL ,Tuscaloosa,AL 
6524,206485761,5/30/2017 17:23,5/30/2017 17:23,5/31/2017 13:33,5/31/2017 18:00,6/1/2017 9:30,1056.78,1050.0,6.78,170.0,DRV,,,False,0,Carrier 62084,Shipper 1249,True,True,True,5/31/2017 18:00,6/1/2017 18:00,False,False,False,False,False,False,False,False,Los Angeles,CA ,Los Angeles,CA 
6525,206485761,5/30/2017 17:23,5/30/2017 17:23,5/31/2017 13:33,5/31/2017 18:00,6/1/2017 9:30,1056.78,1050.0,6.78,170.0,DRV,,,False,0,Carrier 62084,Shipper 1375,True,True,True,5/31/2017 18:00,6/1/2017 18:00,False,False,False,False,False,False,False,False,Los Angeles,CA ,Los Angeles,CA 
6526,206484361,5/30/2017 17:20,5/30/2017 17:21,6/1/2017 10:43,6/1/2017 13:00,6/2/2017 11:00,1056.78,1000.0,56.78,170.0,DRV,,,False,1,Carrier 24871,Shipper 1249,True,True,True,6/1/2017 13:00,6/2/2017 18:00,False,False,False,False,False,False,False,False,Los Angeles,CA ,Los Angeles,CA 
6527,206484361,5/30/2017 17:20,5/30/2017 17:21,6/1/2017 10:43,6/1/2017 13:00,6/2/2017 11:00,1056.78,1000.0,56.78,170.0,DRV,,,False,1,Carrier 24871,Shipper 1375,True,True,True,6/1/2017 13:00,6/2/2017 18:00,False,False,False,False,False,False,False,False,Los Angeles,CA ,Los Angeles,CA 
6528,206485761,5/30/2017 17:23,5/30/2017 17:23,5/31/2017 13:33,5/31/2017 18:00,6/1/2017 9:30,1056.78,1050.0,6.78,170.0,DRV,,,False,0,Carrier 62084,Shipper 1386,True,True,True,5/31/2017 18:00,6/1/2017 18:00,False,False,False,False,False,False,False,False,Los Angeles,CA ,Los Angeles,CA 
6529,206485761,5/30/2017 17:23,5/30/2017 17:23,5/31/2017 13:33,5/31/2017 18:00,6/1/2017 9:30,1056.78,1050.0,6.78,170.0,DRV,,,False,0,Carrier 62084,Shipper 1248,True,True,True,5/31/2017 18:00,6/1/2017 18:00,False,False,False,False,False,False,False,False,Los Angeles,CA ,Los Angeles,CA 
6530,206484361,5/30/2017 17:20,5/30/2017 17:21,6/1/2017 10:43,6/1/2017 13:00,6/2/2017 11:00,1056.78,1000.0,56.78,170.0,DRV,,,False,1,Carrier 24871,Shipper 1386,True,True,True,6/1/2017 13:00,6/2/2017 18:00,False,False,False,False,False,False,False,False,Los Angeles,CA ,Los Angeles,CA 
6531,206485761,5/30/2017 17:23,5/30/2017 17:23,5/31/2017 13:33,5/31/2017 18:00,6/1/2017 9:30,1056.78,1050.0,6.78,170.0,DRV,,,False,0,Carrier 62084,Shipper 1387,True,True,True,5/31/2017 18:00,6/1/2017 18:00,False,False,False,False,False,False,False,False,Los Angeles,CA ,Los Angeles,CA 
6532,206484361,5/30/2017 17:20,5/30/2017 17:21,6/1/2017 10:43,6/1/2017 13:00,6/2/2017 11:00,1056.78,1000.0,56.78,170.0,DRV,,,False,1,Carrier 24871,Shipper 1248,True,True,True,6/1/2017 13:00,6/2/2017 18:00,False,False,False,False,False,False,False,False,Los Angeles,CA ,Los Angeles,CA 
6533,206485761,5/30/2017 17:23,5/30/2017 17:23,5/31/2017 13:33,5/31/2017 18:00,6/1/2017 9:30,1056.78,1050.0,6.78,170.0,DRV,,,False,0,Carrier 62084,Shipper 1388,True,True,True,5/31/2017 18:00,6/1/2017 18:00,False,False,False,False,False,False,False,False,Los Angeles,CA ,Los Angeles,CA 
6534,206484361,5/30/2017 17:20,5/30/2017 17:21,6/1/2017 10:43,6/1/2017 13:00,6/2/2017 11:00,1056.78,1000.0,56.78,170.0,DRV,,,False,1,Carrier 24871,Shipper 1387,True,True,True,6/1/2017 13:00,6/2/2017 18:00,False,False,False,False,False,False,False,False,Los Angeles,CA ,Los Angeles,CA 
6535,206484361,5/30/2017 17:20,5/30/2017 17:21,6/1/2017 10:43,6/1/2017 13:00,6/2/2017 11:00,1056.78,1000.0,56.78,170.0,DRV,,,False,1,Carrier 24871,Shipper 1388,True,True,True,6/1/2017 13:00,6/2/2017 18:00,False,False,False,False,False,False,False,False,Los Angeles,CA ,Los Angeles,CA 
6536,206544969,8/21/2017 16:31,8/21/2017 16:31,8/22/2017 12:04,8/23/2017 16:00,8/24/2017 10:30,1055.61,1000.0,55.61,440.3,DRV,,,False,0,Carrier 84570,Shipper 1249,True,True,True,8/23/2017 16:00,8/24/2017 9:00,False,False,False,False,False,False,False,False,Williamsburg,VA ,Williamsburg,VA 
6537,206544969,8/21/2017 16:31,8/21/2017 16:31,8/22/2017 12:04,8/23/2017 16:00,8/24/2017 10:30,1055.61,1000.0,55.61,440.3,DRV,,,False,0,Carrier 84570,Shipper 1375,True,True,True,8/23/2017 16:00,8/24/2017 9:00,False,False,False,False,False,False,False,False,Williamsburg,VA ,Williamsburg,VA 
6538,206544969,8/21/2017 16:31,8/21/2017 16:31,8/22/2017 12:04,8/23/2017 16:00,8/24/2017 10:30,1055.61,1000.0,55.61,440.3,DRV,,,False,0,Carrier 84570,Shipper 1386,True,True,True,8/23/2017 16:00,8/24/2017 9:00,False,False,False,False,False,False,False,False,Williamsburg,VA ,Williamsburg,VA 
6539,206544969,8/21/2017 16:31,8/21/2017 16:31,8/22/2017 12:04,8/23/2017 16:00,8/24/2017 10:30,1055.61,1000.0,55.61,440.3,DRV,,,False,0,Carrier 84570,Shipper 1248,True,True,True,8/23/2017 16:00,8/24/2017 9:00,False,False,False,False,False,False,False,False,Williamsburg,VA ,Williamsburg,VA 
6540,206544969,8/21/2017 16:31,8/21/2017 16:31,8/22/2017 12:04,8/23/2017 16:00,8/24/2017 10:30,1055.61,1000.0,55.61,440.3,DRV,,,False,0,Carrier 84570,Shipper 1387,True,True,True,8/23/2017 16:00,8/24/2017 9:00,False,False,False,False,False,False,False,False,Williamsburg,VA ,Williamsburg,VA 
6541,206544969,8/21/2017 16:31,8/21/2017 16:31,8/22/2017 12:04,8/23/2017 16:00,8/24/2017 10:30,1055.61,1000.0,55.61,440.3,DRV,,,False,0,Carrier 84570,Shipper 1388,True,True,True,8/23/2017 16:00,8/24/2017 9:00,False,False,False,False,False,False,False,False,Williamsburg,VA ,Williamsburg,VA 
6542,206486377,12/19/2017 8:50,12/19/2017 8:50,12/21/2017 8:03,12/21/2017 10:00,12/22/2017 11:50,1053.44,1300.0,-246.56,389.3,DRV,,,False,0,Carrier 106770,Shipper 1249,True,True,True,12/21/2017 20:00,12/22/2017 14:30,False,False,False,False,False,False,False,False,Cartersville,GA ,Cartersville,GA 
6543,206486377,12/19/2017 8:50,12/19/2017 8:50,12/21/2017 8:03,12/21/2017 10:00,12/22/2017 11:50,1053.44,1300.0,-246.56,389.3,DRV,,,False,0,Carrier 106770,Shipper 1375,True,True,True,12/21/2017 20:00,12/22/2017 14:30,False,False,False,False,False,False,False,False,Cartersville,GA ,Cartersville,GA 
6544,206486377,12/19/2017 8:50,12/19/2017 8:50,12/21/2017 8:03,12/21/2017 10:00,12/22/2017 11:50,1053.44,1300.0,-246.56,389.3,DRV,,,False,0,Carrier 106770,Shipper 1386,True,True,True,12/21/2017 20:00,12/22/2017 14:30,False,False,False,False,False,False,False,False,Cartersville,GA ,Cartersville,GA 
6545,206486377,12/19/2017 8:50,12/19/2017 8:50,12/21/2017 8:03,12/21/2017 10:00,12/22/2017 11:50,1053.44,1300.0,-246.56,389.3,DRV,,,False,0,Carrier 106770,Shipper 1248,True,True,True,12/21/2017 20:00,12/22/2017 14:30,False,False,False,False,False,False,False,False,Cartersville,GA ,Cartersville,GA 
6546,206486377,12/19/2017 8:50,12/19/2017 8:50,12/21/2017 8:03,12/21/2017 10:00,12/22/2017 11:50,1053.44,1300.0,-246.56,389.3,DRV,,,False,0,Carrier 106770,Shipper 1387,True,True,True,12/21/2017 20:00,12/22/2017 14:30,False,False,False,False,False,False,False,False,Cartersville,GA ,Cartersville,GA 
6547,206486377,12/19/2017 8:50,12/19/2017 8:50,12/21/2017 8:03,12/21/2017 10:00,12/22/2017 11:50,1053.44,1300.0,-246.56,389.3,DRV,,,False,0,Carrier 106770,Shipper 1388,True,True,True,12/21/2017 20:00,12/22/2017 14:30,False,False,False,False,False,False,False,False,Cartersville,GA ,Cartersville,GA 
6548,206708753,1/10/2017 10:57,1/10/2017 10:57,1/10/2017 15:40,1/11/2017 8:00,1/12/2017 10:30,1050.82,1025.0,25.82,332.2,DRV,,,False,0,Carrier 1523037,Shipper 623,True,True,True,1/11/2017 15:00,1/12/2017 10:00,False,False,False,False,False,False,False,False,Reading,PA ,Reading,PA 
6549,206504673,7/28/2017 13:13,7/28/2017 13:13,7/31/2017 11:01,7/31/2017 9:00,8/1/2017 16:21,1050.42,1100.0,-49.58,615.0,DRV,,,False,0,Carrier 95300,Shipper 1033,True,False,False,7/31/2017 16:00,8/1/2017 10:00,False,False,False,False,False,False,False,False,Kansas City,MO ,Kansas City,MO 
6550,206560841,3/28/2017 17:06,3/28/2017 17:06,4/3/2017 16:11,4/3/2017 15:00,4/4/2017 10:30,1050.24,1700.0,-649.76,428.8,DRV,4.0,,False,1,Carrier 1082082,Shipper 1249,False,True,False,4/3/2017 15:00,4/4/2017 15:00,False,False,False,False,False,False,False,False,Granite City,IL ,Granite City,IL 
6551,206560841,3/28/2017 17:06,3/28/2017 17:06,4/3/2017 16:11,4/3/2017 15:00,4/4/2017 10:30,1050.24,1700.0,-649.76,428.8,DRV,4.0,,False,1,Carrier 1082082,Shipper 1375,False,True,False,4/3/2017 15:00,4/4/2017 15:00,False,False,False,False,False,False,False,False,Granite City,IL ,Granite City,IL 
6552,206560841,3/28/2017 17:06,3/28/2017 17:06,4/3/2017 16:11,4/3/2017 15:00,4/4/2017 10:30,1050.24,1700.0,-649.76,428.8,DRV,4.0,,False,1,Carrier 1082082,Shipper 1386,False,True,False,4/3/2017 15:00,4/4/2017 15:00,False,False,False,False,False,False,False,False,Granite City,IL ,Granite City,IL 
6553,206560841,3/28/2017 17:06,3/28/2017 17:06,4/3/2017 16:11,4/3/2017 15:00,4/4/2017 10:30,1050.24,1700.0,-649.76,428.8,DRV,4.0,,False,1,Carrier 1082082,Shipper 1248,False,True,False,4/3/2017 15:00,4/4/2017 15:00,False,False,False,False,False,False,False,False,Granite City,IL ,Granite City,IL 
6554,206560841,3/28/2017 17:06,3/28/2017 17:06,4/3/2017 16:11,4/3/2017 15:00,4/4/2017 10:30,1050.24,1700.0,-649.76,428.8,DRV,4.0,,False,1,Carrier 1082082,Shipper 1387,False,True,False,4/3/2017 15:00,4/4/2017 15:00,False,False,False,False,False,False,False,False,Granite City,IL ,Granite City,IL 
6555,206560841,3/28/2017 17:06,3/28/2017 17:06,4/3/2017 16:11,4/3/2017 15:00,4/4/2017 10:30,1050.24,1700.0,-649.76,428.8,DRV,4.0,,False,1,Carrier 1082082,Shipper 1388,False,True,False,4/3/2017 15:00,4/4/2017 15:00,False,False,False,False,False,False,False,False,Granite City,IL ,Granite City,IL 
6556,206562585,7/26/2017 11:19,7/26/2017 11:19,7/31/2017 8:58,7/31/2017 8:00,8/1/2017 10:30,1050.0,1020.0,30.0,571.5,DRV,,,False,0,Carrier 1215497,Shipper 744,True,True,True,7/31/2017 15:45,8/1/2017 17:00,False,False,False,False,False,False,False,False,Conover,NC ,Conover,NC 
6557,206434353,2/21/2017 9:15,2/21/2017 9:15,2/21/2017 10:34,2/21/2017 9:00,2/22/2017 13:30,1050.0,900.0,150.0,546.8,DRV,,,False,0,Carrier 1242567,Shipper 744,True,True,True,2/21/2017 15:00,2/22/2017 15:00,False,False,False,False,False,False,False,False,Spindale,NC ,Spindale,NC 
6558,206431593,7/26/2017 10:04,7/26/2017 10:04,8/1/2017 11:18,8/2/2017 10:00,8/3/2017 12:00,1050.0,1000.0,50.0,385.8,DRV,,,False,2,Carrier 1393046,Shipper 766,,,,8/2/2017 16:00,8/3/2017 9:00,False,False,False,False,False,False,False,False,McKenzie,TN ,McKenzie,TN 
6559,206462545,2/23/2017 13:31,2/23/2017 13:31,3/1/2017 9:16,3/1/2017 10:00,3/2/2017 10:00,1050.0,1050.0,0.0,614.6,DRV,,,False,0,Carrier 554600,Shipper 766,True,True,True,3/1/2017 16:00,3/2/2017 18:00,False,False,False,False,False,False,False,False,Paris,TN ,Paris,TN 
6560,206554913,8/2/2017 11:12,8/2/2017 11:12,8/2/2017 11:27,8/2/2017 14:00,8/3/2017 13:00,1050.0,950.0,100.0,404.9,RFR,,,False,0,Carrier 997964,Shipper 866,,,,8/2/2017 15:00,8/3/2017 10:00,False,False,False,False,False,False,False,False,Pescadero,CA ,Pescadero,CA 
6561,206440633,8/11/2017 17:08,8/11/2017 17:08,8/14/2017 10:08,8/15/2017 8:00,8/16/2017 10:35,1050.0,1050.0,0.0,571.5,DRV,,,False,0,Carrier 1695447,Shipper 744,True,True,True,8/15/2017 15:45,8/16/2017 17:00,False,False,False,False,False,False,False,False,Conover,NC ,Conover,NC 
6562,206504209,2/23/2017 13:34,2/23/2017 13:34,3/1/2017 9:09,3/1/2017 9:00,3/2/2017 9:00,1050.0,1000.0,50.0,614.6,DRV,,,False,1,Carrier 1080621,Shipper 766,True,True,True,3/1/2017 16:00,3/2/2017 18:00,False,False,False,False,False,False,False,False,Paris,TN ,Paris,TN 
6563,206621017,1/9/2017 11:32,1/9/2017 11:33,1/9/2017 11:57,1/9/2017 9:00,1/10/2017 6:00,1050.0,850.0,200.0,476.7,DRV,,,False,0,Carrier 20193,Shipper 744,,,,1/9/2017 15:00,1/10/2017 14:00,False,False,False,False,False,False,False,False,Conover,NC ,Conover,NC 
6564,206583993,3/28/2017 9:15,3/28/2017 9:15,4/4/2017 9:48,4/4/2017 14:00,4/6/2017 8:30,1048.2,1100.0,-51.8,666.8,DRV,4.0,,False,1,Carrier 101147,Shipper 1052,True,True,True,4/4/2017 15:30,4/6/2017 14:00,False,False,False,False,False,False,False,False,1,LA ,1,LA 
6565,206584545,3/28/2017 9:07,3/28/2017 9:07,3/29/2017 9:31,3/29/2017 14:00,3/30/2017 12:55,1048.2,850.0,198.2,666.8,DRV,,,False,0,Carrier 1605508,Shipper 1052,True,True,True,3/29/2017 15:30,3/30/2017 14:00,False,False,False,False,False,False,False,False,1,LA ,1,LA 
6566,206473113,3/28/2017 9:10,3/28/2017 9:11,3/29/2017 14:59,3/30/2017 14:00,3/31/2017 10:32,1048.2,1000.0,48.2,666.8,DRV,,,False,0,Carrier 1535722,Shipper 1052,True,True,True,3/30/2017 15:30,3/31/2017 14:00,False,False,False,False,False,False,False,False,1,LA ,1,LA 
6567,206501073,3/28/2017 9:14,3/28/2017 9:14,3/29/2017 19:53,3/30/2017 14:00,4/3/2017 9:25,1048.2,1050.0,-1.8,666.8,DRV,,,False,0,Carrier 1693573,Shipper 1052,True,True,True,3/30/2017 15:30,4/3/2017 8:00,False,False,False,False,False,False,False,False,1,LA ,1,LA 
6568,206558249,3/28/2017 9:22,3/28/2017 9:22,4/3/2017 10:35,4/4/2017 14:00,4/5/2017 14:00,1048.2,1200.0,-151.8,666.8,DRV,,,False,0,Carrier 1357003,Shipper 1052,True,True,True,4/4/2017 15:30,4/5/2017 14:00,False,False,False,False,False,False,False,False,1,LA ,1,LA 
6569,206558401,3/28/2017 9:18,3/28/2017 9:18,4/3/2017 8:58,4/3/2017 14:00,4/4/2017 12:15,1048.2,1200.0,-151.8,666.8,DRV,4.0,,False,0,Carrier 1357003,Shipper 1052,True,True,True,4/3/2017 15:30,4/4/2017 14:00,False,False,False,False,False,False,False,False,1,LA ,1,LA 
6570,206557625,3/28/2017 9:20,3/28/2017 9:20,4/3/2017 8:58,4/3/2017 14:00,4/4/2017 13:14,1048.2,1200.0,-151.8,666.8,DRV,4.0,,False,0,Carrier 1357003,Shipper 1052,True,True,True,4/3/2017 15:30,4/4/2017 14:00,False,False,False,False,False,False,False,False,1,LA ,1,LA 
6571,206488961,7/6/2017 14:36,7/6/2017 14:36,7/11/2017 13:17,7/12/2017 19:00,7/14/2017 5:00,1047.38,1025.0,22.38,526.0,DRV,,,False,1,Carrier 1026167,Shipper 758,True,True,True,7/12/2017 19:00,7/13/2017 23:00,False,False,False,False,False,False,False,False,Henderson,NV ,Henderson,NV 
6572,206656577,3/27/2017 17:38,3/27/2017 17:38,3/29/2017 9:02,3/29/2017 1:00,3/30/2017 12:00,1047.0,1100.0,-53.0,405.2,RFR,4.0,,False,0,Carrier 1366307,Shipper 1249,False,True,False,3/29/2017 1:00,3/30/2017 15:30,False,False,False,False,False,False,False,False,Granite City,IL ,Granite City,IL 
6573,206656577,3/27/2017 17:38,3/27/2017 17:38,3/29/2017 9:02,3/29/2017 1:00,3/30/2017 12:00,1047.0,1100.0,-53.0,405.2,RFR,4.0,,False,0,Carrier 1366307,Shipper 1375,False,True,False,3/29/2017 1:00,3/30/2017 15:30,False,False,False,False,False,False,False,False,Granite City,IL ,Granite City,IL 
6574,206656577,3/27/2017 17:38,3/27/2017 17:38,3/29/2017 9:02,3/29/2017 1:00,3/30/2017 12:00,1047.0,1100.0,-53.0,405.2,RFR,4.0,,False,0,Carrier 1366307,Shipper 1386,False,True,False,3/29/2017 1:00,3/30/2017 15:30,False,False,False,False,False,False,False,False,Granite City,IL ,Granite City,IL 
6575,206656577,3/27/2017 17:38,3/27/2017 17:38,3/29/2017 9:02,3/29/2017 1:00,3/30/2017 12:00,1047.0,1100.0,-53.0,405.2,RFR,4.0,,False,0,Carrier 1366307,Shipper 1248,False,True,False,3/29/2017 1:00,3/30/2017 15:30,False,False,False,False,False,False,False,False,Granite City,IL ,Granite City,IL 
6576,206656577,3/27/2017 17:38,3/27/2017 17:38,3/29/2017 9:02,3/29/2017 1:00,3/30/2017 12:00,1047.0,1100.0,-53.0,405.2,RFR,4.0,,False,0,Carrier 1366307,Shipper 1387,False,True,False,3/29/2017 1:00,3/30/2017 15:30,False,False,False,False,False,False,False,False,Granite City,IL ,Granite City,IL 
6577,206656577,3/27/2017 17:38,3/27/2017 17:38,3/29/2017 9:02,3/29/2017 1:00,3/30/2017 12:00,1047.0,1100.0,-53.0,405.2,RFR,4.0,,False,0,Carrier 1366307,Shipper 1388,False,True,False,3/29/2017 1:00,3/30/2017 15:30,False,False,False,False,False,False,False,False,Granite City,IL ,Granite City,IL 
6578,206523745,3/22/2017 16:58,3/22/2017 16:58,3/28/2017 9:46,3/28/2017 22:00,3/29/2017 23:34,1046.84,1134.0,-87.16,526.0,DRV,,,False,0,Carrier 1693590,Shipper 758,True,True,True,3/28/2017 22:00,3/29/2017 22:00,False,False,False,False,False,False,False,False,Henderson,NV ,Henderson,NV 
6579,206499441,5/8/2017 14:05,5/8/2017 14:05,5/11/2017 10:32,5/11/2017 16:00,5/12/2017 10:00,1045.0,950.0,95.0,149.7,RFR,3.0,,False,0,Carrier 1695258,Shipper 585,True,True,True,5/11/2017 16:00,5/12/2017 12:00,False,False,False,False,False,False,False,False,Pittston,PA ,Pittston,PA 
6580,206425457,5/22/2017 14:10,5/22/2017 14:10,5/23/2017 15:20,5/24/2017 16:00,5/25/2017 14:30,1043.86,1000.0,43.86,221.4,DRV,,,False,1,Carrier 67639,Shipper 1249,True,True,True,5/24/2017 16:00,5/25/2017 18:00,False,False,False,False,False,False,False,False,Fairfield,CA ,Fairfield,CA 
6581,206425457,5/22/2017 14:10,5/22/2017 14:10,5/23/2017 15:20,5/24/2017 16:00,5/25/2017 14:30,1043.86,1000.0,43.86,221.4,DRV,,,False,1,Carrier 67639,Shipper 1375,True,True,True,5/24/2017 16:00,5/25/2017 18:00,False,False,False,False,False,False,False,False,Fairfield,CA ,Fairfield,CA 
6582,206425457,5/22/2017 14:10,5/22/2017 14:10,5/23/2017 15:20,5/24/2017 16:00,5/25/2017 14:30,1043.86,1000.0,43.86,221.4,DRV,,,False,1,Carrier 67639,Shipper 1386,True,True,True,5/24/2017 16:00,5/25/2017 18:00,False,False,False,False,False,False,False,False,Fairfield,CA ,Fairfield,CA 
6583,206425457,5/22/2017 14:10,5/22/2017 14:10,5/23/2017 15:20,5/24/2017 16:00,5/25/2017 14:30,1043.86,1000.0,43.86,221.4,DRV,,,False,1,Carrier 67639,Shipper 1248,True,True,True,5/24/2017 16:00,5/25/2017 18:00,False,False,False,False,False,False,False,False,Fairfield,CA ,Fairfield,CA 
6584,206425457,5/22/2017 14:10,5/22/2017 14:10,5/23/2017 15:20,5/24/2017 16:00,5/25/2017 14:30,1043.86,1000.0,43.86,221.4,DRV,,,False,1,Carrier 67639,Shipper 1387,True,True,True,5/24/2017 16:00,5/25/2017 18:00,False,False,False,False,False,False,False,False,Fairfield,CA ,Fairfield,CA 
6585,206425457,5/22/2017 14:10,5/22/2017 14:10,5/23/2017 15:20,5/24/2017 16:00,5/25/2017 14:30,1043.86,1000.0,43.86,221.4,DRV,,,False,1,Carrier 67639,Shipper 1388,True,True,True,5/24/2017 16:00,5/25/2017 18:00,False,False,False,False,False,False,False,False,Fairfield,CA ,Fairfield,CA 
6586,206497841,8/9/2017 16:03,8/9/2017 16:06,8/14/2017 16:37,8/15/2017 9:00,8/16/2017 10:45,1042.83,1000.0,42.83,653.4,DRV,,,False,0,Carrier 1416008,Shipper 944,True,False,False,8/15/2017 13:00,8/16/2017 8:00,False,False,False,False,False,False,False,False,McCook,NE ,McCook,NE 
6587,206527377,4/27/2017 16:35,4/27/2017 16:35,4/28/2017 12:23,4/30/2017 20:00,5/1/2017 13:45,1041.95,1175.0,-133.05,432.0,RFR,4.0,,False,0,Carrier 985182,Shipper 1249,True,True,True,4/30/2017 20:00,5/1/2017 16:00,False,False,False,False,False,False,False,False,Fort Collins,CO ,Fort Collins,CO 
6588,206527377,4/27/2017 16:35,4/27/2017 16:35,4/28/2017 12:23,4/30/2017 20:00,5/1/2017 13:45,1041.95,1175.0,-133.05,432.0,RFR,4.0,,False,0,Carrier 985182,Shipper 1375,True,True,True,4/30/2017 20:00,5/1/2017 16:00,False,False,False,False,False,False,False,False,Fort Collins,CO ,Fort Collins,CO 
6589,206527377,4/27/2017 16:35,4/27/2017 16:35,4/28/2017 12:23,4/30/2017 20:00,5/1/2017 13:45,1041.95,1175.0,-133.05,432.0,RFR,4.0,,False,0,Carrier 985182,Shipper 1386,True,True,True,4/30/2017 20:00,5/1/2017 16:00,False,False,False,False,False,False,False,False,Fort Collins,CO ,Fort Collins,CO 
6590,206527377,4/27/2017 16:35,4/27/2017 16:35,4/28/2017 12:23,4/30/2017 20:00,5/1/2017 13:45,1041.95,1175.0,-133.05,432.0,RFR,4.0,,False,0,Carrier 985182,Shipper 1248,True,True,True,4/30/2017 20:00,5/1/2017 16:00,False,False,False,False,False,False,False,False,Fort Collins,CO ,Fort Collins,CO 
6591,206527377,4/27/2017 16:35,4/27/2017 16:35,4/28/2017 12:23,4/30/2017 20:00,5/1/2017 13:45,1041.95,1175.0,-133.05,432.0,RFR,4.0,,False,0,Carrier 985182,Shipper 1387,True,True,True,4/30/2017 20:00,5/1/2017 16:00,False,False,False,False,False,False,False,False,Fort Collins,CO ,Fort Collins,CO 
6592,206527377,4/27/2017 16:35,4/27/2017 16:35,4/28/2017 12:23,4/30/2017 20:00,5/1/2017 13:45,1041.95,1175.0,-133.05,432.0,RFR,4.0,,False,0,Carrier 985182,Shipper 1388,True,True,True,4/30/2017 20:00,5/1/2017 16:00,False,False,False,False,False,False,False,False,Fort Collins,CO ,Fort Collins,CO 
6593,206526417,6/20/2017 11:14,6/20/2017 11:15,6/23/2017 16:29,6/26/2017 8:00,6/26/2017 20:00,1040.52,1000.0,40.52,368.2,DRV,,,False,0,Carrier 9651,Shipper 1249,True,True,True,6/26/2017 18:00,6/28/2017 0:00,False,False,False,False,False,False,False,False,Pleasant Prairie,WI ,Pleasant Prairie,WI 
6594,206526417,6/20/2017 11:14,6/20/2017 11:15,6/23/2017 16:29,6/26/2017 8:00,6/26/2017 20:00,1040.52,1000.0,40.52,368.2,DRV,,,False,0,Carrier 9651,Shipper 1375,True,True,True,6/26/2017 18:00,6/28/2017 0:00,False,False,False,False,False,False,False,False,Pleasant Prairie,WI ,Pleasant Prairie,WI 
6595,206526417,6/20/2017 11:14,6/20/2017 11:15,6/23/2017 16:29,6/26/2017 8:00,6/26/2017 20:00,1040.52,1000.0,40.52,368.2,DRV,,,False,0,Carrier 9651,Shipper 1386,True,True,True,6/26/2017 18:00,6/28/2017 0:00,False,False,False,False,False,False,False,False,Pleasant Prairie,WI ,Pleasant Prairie,WI 
6596,206526417,6/20/2017 11:14,6/20/2017 11:15,6/23/2017 16:29,6/26/2017 8:00,6/26/2017 20:00,1040.52,1000.0,40.52,368.2,DRV,,,False,0,Carrier 9651,Shipper 1248,True,True,True,6/26/2017 18:00,6/28/2017 0:00,False,False,False,False,False,False,False,False,Pleasant Prairie,WI ,Pleasant Prairie,WI 
6597,206526417,6/20/2017 11:14,6/20/2017 11:15,6/23/2017 16:29,6/26/2017 8:00,6/26/2017 20:00,1040.52,1000.0,40.52,368.2,DRV,,,False,0,Carrier 9651,Shipper 1387,True,True,True,6/26/2017 18:00,6/28/2017 0:00,False,False,False,False,False,False,False,False,Pleasant Prairie,WI ,Pleasant Prairie,WI 
6598,206526417,6/20/2017 11:14,6/20/2017 11:15,6/23/2017 16:29,6/26/2017 8:00,6/26/2017 20:00,1040.52,1000.0,40.52,368.2,DRV,,,False,0,Carrier 9651,Shipper 1388,True,True,True,6/26/2017 18:00,6/28/2017 0:00,False,False,False,False,False,False,False,False,Pleasant Prairie,WI ,Pleasant Prairie,WI 
6599,206422801,8/1/2017 9:22,8/1/2017 9:22,8/15/2017 10:59,8/15/2017 10:00,8/16/2017 21:00,1038.97,900.0,138.97,284.1,DRV,,,False,2,Carrier 720653,Shipper 758,True,True,True,8/15/2017 15:00,8/16/2017 19:00,False,False,False,False,False,False,False,False,Kent,WA ,Kent,WA 
6600,206522313,1/12/2017 8:49,1/12/2017 8:49,1/12/2017 9:28,1/11/2017 3:00,1/12/2017 1:00,1037.5,400.0,637.5,140.0,DRV,,,False,0,Carrier 1394523,Shipper 758,True,True,True,1/12/2017 2:00,1/13/2017 2:00,False,False,False,False,False,False,False,False,Portland,OR ,Portland,OR 
6601,206544313,2/6/2017 13:59,2/6/2017 14:00,2/7/2017 9:20,2/7/2017 12:00,2/8/2017 17:00,1036.45,1000.0,36.45,749.1,DRV,,,False,1,Carrier 94667,Shipper 751,True,True,True,2/7/2017 14:00,2/8/2017 17:00,False,False,False,False,False,False,False,False,Newton,NC ,Newton,NC 
6602,206570305,2/6/2017 14:05,2/6/2017 14:06,2/8/2017 9:21,2/8/2017 13:00,2/9/2017 16:30,1036.45,1025.0,11.45,749.1,DRV,,,False,0,Carrier 101953,Shipper 751,False,True,True,2/8/2017 13:00,2/9/2017 17:00,False,False,False,False,False,False,False,False,Newton,NC ,Newton,NC 
6603,206538297,8/21/2017 16:39,8/21/2017 16:39,8/22/2017 11:12,8/23/2017 14:00,8/24/2017 11:45,1035.67,900.0,135.67,401.3,DRV,,,False,0,Carrier 994590,Shipper 1249,True,True,True,8/23/2017 14:00,8/24/2017 14:30,False,False,False,False,False,False,False,False,Williamsburg,VA ,Williamsburg,VA 
6604,206538297,8/21/2017 16:39,8/21/2017 16:39,8/22/2017 11:12,8/23/2017 14:00,8/24/2017 11:45,1035.67,900.0,135.67,401.3,DRV,,,False,0,Carrier 994590,Shipper 1375,True,True,True,8/23/2017 14:00,8/24/2017 14:30,False,False,False,False,False,False,False,False,Williamsburg,VA ,Williamsburg,VA 
6605,206538297,8/21/2017 16:39,8/21/2017 16:39,8/22/2017 11:12,8/23/2017 14:00,8/24/2017 11:45,1035.67,900.0,135.67,401.3,DRV,,,False,0,Carrier 994590,Shipper 1386,True,True,True,8/23/2017 14:00,8/24/2017 14:30,False,False,False,False,False,False,False,False,Williamsburg,VA ,Williamsburg,VA 
6606,206538297,8/21/2017 16:39,8/21/2017 16:39,8/22/2017 11:12,8/23/2017 14:00,8/24/2017 11:45,1035.67,900.0,135.67,401.3,DRV,,,False,0,Carrier 994590,Shipper 1248,True,True,True,8/23/2017 14:00,8/24/2017 14:30,False,False,False,False,False,False,False,False,Williamsburg,VA ,Williamsburg,VA 
6607,206538297,8/21/2017 16:39,8/21/2017 16:39,8/22/2017 11:12,8/23/2017 14:00,8/24/2017 11:45,1035.67,900.0,135.67,401.3,DRV,,,False,0,Carrier 994590,Shipper 1387,True,True,True,8/23/2017 14:00,8/24/2017 14:30,False,False,False,False,False,False,False,False,Williamsburg,VA ,Williamsburg,VA 
6608,206538297,8/21/2017 16:39,8/21/2017 16:39,8/22/2017 11:12,8/23/2017 14:00,8/24/2017 11:45,1035.67,900.0,135.67,401.3,DRV,,,False,0,Carrier 994590,Shipper 1388,True,True,True,8/23/2017 14:00,8/24/2017 14:30,False,False,False,False,False,False,False,False,Williamsburg,VA ,Williamsburg,VA 
6609,206595241,5/30/2017 17:16,5/30/2017 17:16,5/31/2017 10:42,5/31/2017 17:00,6/1/2017 6:25,1034.66,1000.0,34.66,281.5,DRV,,,False,0,Carrier 1452001,Shipper 1249,True,True,True,5/31/2017 17:00,6/1/2017 4:00,False,False,False,False,False,False,False,False,Baldwinsville,NY ,Baldwinsville,NY 
6610,206595241,5/30/2017 17:16,5/30/2017 17:16,5/31/2017 10:42,5/31/2017 17:00,6/1/2017 6:25,1034.66,1000.0,34.66,281.5,DRV,,,False,0,Carrier 1452001,Shipper 1375,True,True,True,5/31/2017 17:00,6/1/2017 4:00,False,False,False,False,False,False,False,False,Baldwinsville,NY ,Baldwinsville,NY 
6611,206595241,5/30/2017 17:16,5/30/2017 17:16,5/31/2017 10:42,5/31/2017 17:00,6/1/2017 6:25,1034.66,1000.0,34.66,281.5,DRV,,,False,0,Carrier 1452001,Shipper 1386,True,True,True,5/31/2017 17:00,6/1/2017 4:00,False,False,False,False,False,False,False,False,Baldwinsville,NY ,Baldwinsville,NY 
6612,206595241,5/30/2017 17:16,5/30/2017 17:16,5/31/2017 10:42,5/31/2017 17:00,6/1/2017 6:25,1034.66,1000.0,34.66,281.5,DRV,,,False,0,Carrier 1452001,Shipper 1248,True,True,True,5/31/2017 17:00,6/1/2017 4:00,False,False,False,False,False,False,False,False,Baldwinsville,NY ,Baldwinsville,NY 
6613,206595241,5/30/2017 17:16,5/30/2017 17:16,5/31/2017 10:42,5/31/2017 17:00,6/1/2017 6:25,1034.66,1000.0,34.66,281.5,DRV,,,False,0,Carrier 1452001,Shipper 1387,True,True,True,5/31/2017 17:00,6/1/2017 4:00,False,False,False,False,False,False,False,False,Baldwinsville,NY ,Baldwinsville,NY 
6614,206595241,5/30/2017 17:16,5/30/2017 17:16,5/31/2017 10:42,5/31/2017 17:00,6/1/2017 6:25,1034.66,1000.0,34.66,281.5,DRV,,,False,0,Carrier 1452001,Shipper 1388,True,True,True,5/31/2017 17:00,6/1/2017 4:00,False,False,False,False,False,False,False,False,Baldwinsville,NY ,Baldwinsville,NY 
6615,206531945,11/7/2017 18:02,11/7/2017 18:02,11/14/2017 10:49,11/14/2017 10:00,11/15/2017 6:45,1033.11,1175.0,-141.89,526.0,DRV,,,False,0,Carrier 957045,Shipper 758,True,True,True,11/14/2017 10:00,11/15/2017 2:00,False,False,False,False,False,False,False,False,Henderson,NV ,Henderson,NV 
6616,206507641,8/23/2017 15:28,8/23/2017 15:28,8/24/2017 8:55,8/24/2017 7:00,8/25/2017 8:30,1030.74,900.0,130.74,277.2,DRV,,,False,0,Carrier 288241,Shipper 1249,True,True,True,8/24/2017 14:00,8/25/2017 23:00,False,False,False,False,False,False,False,False,Lewistown,PA ,Lewistown,PA 
6617,206507641,8/23/2017 15:28,8/23/2017 15:28,8/24/2017 8:55,8/24/2017 7:00,8/25/2017 8:30,1030.74,900.0,130.74,277.2,DRV,,,False,0,Carrier 288241,Shipper 1375,True,True,True,8/24/2017 14:00,8/25/2017 23:00,False,False,False,False,False,False,False,False,Lewistown,PA ,Lewistown,PA 
6618,206507641,8/23/2017 15:28,8/23/2017 15:28,8/24/2017 8:55,8/24/2017 7:00,8/25/2017 8:30,1030.74,900.0,130.74,277.2,DRV,,,False,0,Carrier 288241,Shipper 1386,True,True,True,8/24/2017 14:00,8/25/2017 23:00,False,False,False,False,False,False,False,False,Lewistown,PA ,Lewistown,PA 
6619,206507641,8/23/2017 15:28,8/23/2017 15:28,8/24/2017 8:55,8/24/2017 7:00,8/25/2017 8:30,1030.74,900.0,130.74,277.2,DRV,,,False,0,Carrier 288241,Shipper 1248,True,True,True,8/24/2017 14:00,8/25/2017 23:00,False,False,False,False,False,False,False,False,Lewistown,PA ,Lewistown,PA 
6620,206507641,8/23/2017 15:28,8/23/2017 15:28,8/24/2017 8:55,8/24/2017 7:00,8/25/2017 8:30,1030.74,900.0,130.74,277.2,DRV,,,False,0,Carrier 288241,Shipper 1387,True,True,True,8/24/2017 14:00,8/25/2017 23:00,False,False,False,False,False,False,False,False,Lewistown,PA ,Lewistown,PA 
6621,206507641,8/23/2017 15:28,8/23/2017 15:28,8/24/2017 8:55,8/24/2017 7:00,8/25/2017 8:30,1030.74,900.0,130.74,277.2,DRV,,,False,0,Carrier 288241,Shipper 1388,True,True,True,8/24/2017 14:00,8/25/2017 23:00,False,False,False,False,False,False,False,False,Lewistown,PA ,Lewistown,PA 
6622,206667593,8/18/2017 16:29,8/18/2017 16:29,8/21/2017 10:17,8/22/2017 5:00,8/23/2017 10:00,1029.86,1000.0,29.86,285.2,RFR,,,False,0,Carrier 1695461,Shipper 1249,True,True,True,8/22/2017 5:00,8/23/2017 7:00,False,False,False,False,False,False,False,False,Newark,NJ ,Newark,NJ 
6623,206667593,8/18/2017 16:29,8/18/2017 16:29,8/21/2017 10:17,8/22/2017 5:00,8/23/2017 10:00,1029.86,1000.0,29.86,285.2,RFR,,,False,0,Carrier 1695461,Shipper 1375,True,True,True,8/22/2017 5:00,8/23/2017 7:00,False,False,False,False,False,False,False,False,Newark,NJ ,Newark,NJ 
6624,206667593,8/18/2017 16:29,8/18/2017 16:29,8/21/2017 10:17,8/22/2017 5:00,8/23/2017 10:00,1029.86,1000.0,29.86,285.2,RFR,,,False,0,Carrier 1695461,Shipper 1386,True,True,True,8/22/2017 5:00,8/23/2017 7:00,False,False,False,False,False,False,False,False,Newark,NJ ,Newark,NJ 
6625,206667593,8/18/2017 16:29,8/18/2017 16:29,8/21/2017 10:17,8/22/2017 5:00,8/23/2017 10:00,1029.86,1000.0,29.86,285.2,RFR,,,False,0,Carrier 1695461,Shipper 1248,True,True,True,8/22/2017 5:00,8/23/2017 7:00,False,False,False,False,False,False,False,False,Newark,NJ ,Newark,NJ 
6626,206667593,8/18/2017 16:29,8/18/2017 16:29,8/21/2017 10:17,8/22/2017 5:00,8/23/2017 10:00,1029.86,1000.0,29.86,285.2,RFR,,,False,0,Carrier 1695461,Shipper 1387,True,True,True,8/22/2017 5:00,8/23/2017 7:00,False,False,False,False,False,False,False,False,Newark,NJ ,Newark,NJ 
6627,206667593,8/18/2017 16:29,8/18/2017 16:29,8/21/2017 10:17,8/22/2017 5:00,8/23/2017 10:00,1029.86,1000.0,29.86,285.2,RFR,,,False,0,Carrier 1695461,Shipper 1388,True,True,True,8/22/2017 5:00,8/23/2017 7:00,False,False,False,False,False,False,False,False,Newark,NJ ,Newark,NJ 
6628,206518129,11/30/2017 16:33,11/30/2017 16:33,12/4/2017 7:23,12/4/2017 10:00,12/5/2017 10:30,1029.32,1200.0,-170.68,115.2,RFR,,carrier_capacity,False,0,Carrier 1207954,Shipper 1249,True,True,True,12/4/2017 10:00,12/5/2017 8:00,False,False,False,False,False,False,False,False,Aurora,CO ,Aurora,CO 
6629,206518129,11/30/2017 16:33,11/30/2017 16:33,12/4/2017 7:23,12/4/2017 10:00,12/5/2017 10:30,1029.32,1200.0,-170.68,115.2,RFR,,carrier_capacity,False,0,Carrier 1207954,Shipper 1375,True,True,True,12/4/2017 10:00,12/5/2017 8:00,False,False,False,False,False,False,False,False,Aurora,CO ,Aurora,CO 
6630,206518129,11/30/2017 16:33,11/30/2017 16:33,12/4/2017 7:23,12/4/2017 10:00,12/5/2017 10:30,1029.32,1200.0,-170.68,115.2,RFR,,carrier_capacity,False,0,Carrier 1207954,Shipper 1386,True,True,True,12/4/2017 10:00,12/5/2017 8:00,False,False,False,False,False,False,False,False,Aurora,CO ,Aurora,CO 
6631,206518129,11/30/2017 16:33,11/30/2017 16:33,12/4/2017 7:23,12/4/2017 10:00,12/5/2017 10:30,1029.32,1200.0,-170.68,115.2,RFR,,carrier_capacity,False,0,Carrier 1207954,Shipper 1248,True,True,True,12/4/2017 10:00,12/5/2017 8:00,False,False,False,False,False,False,False,False,Aurora,CO ,Aurora,CO 
6632,206518129,11/30/2017 16:33,11/30/2017 16:33,12/4/2017 7:23,12/4/2017 10:00,12/5/2017 10:30,1029.32,1200.0,-170.68,115.2,RFR,,carrier_capacity,False,0,Carrier 1207954,Shipper 1387,True,True,True,12/4/2017 10:00,12/5/2017 8:00,False,False,False,False,False,False,False,False,Aurora,CO ,Aurora,CO 
6633,206518129,11/30/2017 16:33,11/30/2017 16:33,12/4/2017 7:23,12/4/2017 10:00,12/5/2017 10:30,1029.32,1200.0,-170.68,115.2,RFR,,carrier_capacity,False,0,Carrier 1207954,Shipper 1388,True,True,True,12/4/2017 10:00,12/5/2017 8:00,False,False,False,False,False,False,False,False,Aurora,CO ,Aurora,CO 
6634,206513073,6/6/2017 17:35,6/6/2017 17:35,6/8/2017 11:11,6/9/2017 4:00,6/9/2017 10:13,1027.78,850.0,177.78,121.0,DRV,,,False,0,Carrier 31074,Shipper 1249,True,True,True,6/9/2017 4:00,6/9/2017 15:00,False,False,False,False,False,False,False,False,Cartersville,GA ,Cartersville,GA 
6635,206513073,6/6/2017 17:35,6/6/2017 17:35,6/8/2017 11:11,6/9/2017 4:00,6/9/2017 10:13,1027.78,850.0,177.78,121.0,DRV,,,False,0,Carrier 31074,Shipper 1375,True,True,True,6/9/2017 4:00,6/9/2017 15:00,False,False,False,False,False,False,False,False,Cartersville,GA ,Cartersville,GA 
6636,206513073,6/6/2017 17:35,6/6/2017 17:35,6/8/2017 11:11,6/9/2017 4:00,6/9/2017 10:13,1027.78,850.0,177.78,121.0,DRV,,,False,0,Carrier 31074,Shipper 1386,True,True,True,6/9/2017 4:00,6/9/2017 15:00,False,False,False,False,False,False,False,False,Cartersville,GA ,Cartersville,GA 
6637,206513073,6/6/2017 17:35,6/6/2017 17:35,6/8/2017 11:11,6/9/2017 4:00,6/9/2017 10:13,1027.78,850.0,177.78,121.0,DRV,,,False,0,Carrier 31074,Shipper 1248,True,True,True,6/9/2017 4:00,6/9/2017 15:00,False,False,False,False,False,False,False,False,Cartersville,GA ,Cartersville,GA 
6638,206513073,6/6/2017 17:35,6/6/2017 17:35,6/8/2017 11:11,6/9/2017 4:00,6/9/2017 10:13,1027.78,850.0,177.78,121.0,DRV,,,False,0,Carrier 31074,Shipper 1387,True,True,True,6/9/2017 4:00,6/9/2017 15:00,False,False,False,False,False,False,False,False,Cartersville,GA ,Cartersville,GA 
6639,206513073,6/6/2017 17:35,6/6/2017 17:35,6/8/2017 11:11,6/9/2017 4:00,6/9/2017 10:13,1027.78,850.0,177.78,121.0,DRV,,,False,0,Carrier 31074,Shipper 1388,True,True,True,6/9/2017 4:00,6/9/2017 15:00,False,False,False,False,False,False,False,False,Cartersville,GA ,Cartersville,GA 
6640,206640665,4/5/2017 17:15,4/5/2017 17:15,4/12/2017 11:16,4/12/2017 19:00,4/13/2017 23:30,1026.44,1025.0,1.44,271.5,DRV,1.0,,False,1,Carrier 43527,Shipper 758,True,False,False,4/12/2017 19:00,4/13/2017 19:00,False,False,False,False,False,False,False,False,Cabazon,CA ,Cabazon,CA 
6641,206428729,10/24/2017 16:38,10/24/2017 16:38,10/25/2017 12:22,10/26/2017 11:00,10/30/2017 12:10,1025.54,990.0,35.54,364.9,DRV,,,False,0,Carrier 79585,Shipper 1249,True,True,True,10/26/2017 11:00,10/30/2017 11:30,False,False,False,False,False,False,False,False,Newark,NJ ,Newark,NJ 
6642,206428729,10/24/2017 16:38,10/24/2017 16:38,10/25/2017 12:22,10/26/2017 11:00,10/30/2017 12:10,1025.54,990.0,35.54,364.9,DRV,,,False,0,Carrier 79585,Shipper 1375,True,True,True,10/26/2017 11:00,10/30/2017 11:30,False,False,False,False,False,False,False,False,Newark,NJ ,Newark,NJ 
6643,206428729,10/24/2017 16:38,10/24/2017 16:38,10/25/2017 12:22,10/26/2017 11:00,10/30/2017 12:10,1025.54,990.0,35.54,364.9,DRV,,,False,0,Carrier 79585,Shipper 1386,True,True,True,10/26/2017 11:00,10/30/2017 11:30,False,False,False,False,False,False,False,False,Newark,NJ ,Newark,NJ 
6644,206428729,10/24/2017 16:38,10/24/2017 16:38,10/25/2017 12:22,10/26/2017 11:00,10/30/2017 12:10,1025.54,990.0,35.54,364.9,DRV,,,False,0,Carrier 79585,Shipper 1248,True,True,True,10/26/2017 11:00,10/30/2017 11:30,False,False,False,False,False,False,False,False,Newark,NJ ,Newark,NJ 
6645,206428729,10/24/2017 16:38,10/24/2017 16:38,10/25/2017 12:22,10/26/2017 11:00,10/30/2017 12:10,1025.54,990.0,35.54,364.9,DRV,,,False,0,Carrier 79585,Shipper 1387,True,True,True,10/26/2017 11:00,10/30/2017 11:30,False,False,False,False,False,False,False,False,Newark,NJ ,Newark,NJ 
6646,206428729,10/24/2017 16:38,10/24/2017 16:38,10/25/2017 12:22,10/26/2017 11:00,10/30/2017 12:10,1025.54,990.0,35.54,364.9,DRV,,,False,0,Carrier 79585,Shipper 1388,True,True,True,10/26/2017 11:00,10/30/2017 11:30,False,False,False,False,False,False,False,False,Newark,NJ ,Newark,NJ 
6647,206578873,2/14/2017 14:46,2/14/2017 14:46,2/15/2017 12:06,2/15/2017 16:00,2/16/2017 11:00,1025.0,1050.0,-25.0,365.0,DRV,4.0,,False,0,Carrier 1007131,Shipper 398,True,True,True,2/15/2017 16:00,2/16/2017 6:00,False,False,False,False,False,False,False,False,Buffalo,NY ,Buffalo,NY 
6648,206440849,2/13/2017 10:59,2/13/2017 11:00,2/14/2017 14:02,2/14/2017 17:00,2/15/2017 5:30,1025.0,1100.0,-75.0,365.0,DRV,,,False,0,Carrier 1486119,Shipper 398,True,True,True,2/14/2017 17:00,2/15/2017 6:00,False,False,False,False,False,False,False,False,Buffalo,NY ,Buffalo,NY 
6649,206590945,5/18/2017 12:50,5/18/2017 12:50,5/18/2017 16:39,5/19/2017 8:00,5/19/2017 13:00,1022.32,1000.0,22.32,123.8,RFR,,,False,0,Carrier 1241917,Shipper 1249,True,True,True,5/19/2017 8:00,5/19/2017 15:00,False,False,False,False,False,False,False,False,Granite City,IL ,Granite City,IL 
6650,206590945,5/18/2017 12:50,5/18/2017 12:50,5/18/2017 16:39,5/19/2017 8:00,5/19/2017 13:00,1022.32,1000.0,22.32,123.8,RFR,,,False,0,Carrier 1241917,Shipper 1375,True,True,True,5/19/2017 8:00,5/19/2017 15:00,False,False,False,False,False,False,False,False,Granite City,IL ,Granite City,IL 
6651,206708817,5/18/2017 13:14,5/18/2017 13:14,5/22/2017 9:49,5/22/2017 21:00,5/23/2017 11:56,1022.32,1000.0,22.32,135.0,RFR,,,False,1,Carrier 978458,Shipper 1249,True,True,True,5/22/2017 21:00,5/23/2017 13:00,False,False,False,False,False,False,False,False,Houston,TX ,Houston,TX 
6652,206708817,5/18/2017 13:14,5/18/2017 13:14,5/22/2017 9:49,5/22/2017 21:00,5/23/2017 11:56,1022.32,1000.0,22.32,135.0,RFR,,,False,1,Carrier 978458,Shipper 1375,True,True,True,5/22/2017 21:00,5/23/2017 13:00,False,False,False,False,False,False,False,False,Houston,TX ,Houston,TX 
6653,206590945,5/18/2017 12:50,5/18/2017 12:50,5/18/2017 16:39,5/19/2017 8:00,5/19/2017 13:00,1022.32,1000.0,22.32,123.8,RFR,,,False,0,Carrier 1241917,Shipper 1386,True,True,True,5/19/2017 8:00,5/19/2017 15:00,False,False,False,False,False,False,False,False,Granite City,IL ,Granite City,IL 
6654,206590945,5/18/2017 12:50,5/18/2017 12:50,5/18/2017 16:39,5/19/2017 8:00,5/19/2017 13:00,1022.32,1000.0,22.32,123.8,RFR,,,False,0,Carrier 1241917,Shipper 1248,True,True,True,5/19/2017 8:00,5/19/2017 15:00,False,False,False,False,False,False,False,False,Granite City,IL ,Granite City,IL 
6655,206590945,5/18/2017 12:50,5/18/2017 12:50,5/18/2017 16:39,5/19/2017 8:00,5/19/2017 13:00,1022.32,1000.0,22.32,123.8,RFR,,,False,0,Carrier 1241917,Shipper 1387,True,True,True,5/19/2017 8:00,5/19/2017 15:00,False,False,False,False,False,False,False,False,Granite City,IL ,Granite City,IL 
6656,206708817,5/18/2017 13:14,5/18/2017 13:14,5/22/2017 9:49,5/22/2017 21:00,5/23/2017 11:56,1022.32,1000.0,22.32,135.0,RFR,,,False,1,Carrier 978458,Shipper 1386,True,True,True,5/22/2017 21:00,5/23/2017 13:00,False,False,False,False,False,False,False,False,Houston,TX ,Houston,TX 
6657,206590945,5/18/2017 12:50,5/18/2017 12:50,5/18/2017 16:39,5/19/2017 8:00,5/19/2017 13:00,1022.32,1000.0,22.32,123.8,RFR,,,False,0,Carrier 1241917,Shipper 1388,True,True,True,5/19/2017 8:00,5/19/2017 15:00,False,False,False,False,False,False,False,False,Granite City,IL ,Granite City,IL 
6658,206708817,5/18/2017 13:14,5/18/2017 13:14,5/22/2017 9:49,5/22/2017 21:00,5/23/2017 11:56,1022.32,1000.0,22.32,135.0,RFR,,,False,1,Carrier 978458,Shipper 1248,True,True,True,5/22/2017 21:00,5/23/2017 13:00,False,False,False,False,False,False,False,False,Houston,TX ,Houston,TX 
6659,206708817,5/18/2017 13:14,5/18/2017 13:14,5/22/2017 9:49,5/22/2017 21:00,5/23/2017 11:56,1022.32,1000.0,22.32,135.0,RFR,,,False,1,Carrier 978458,Shipper 1387,True,True,True,5/22/2017 21:00,5/23/2017 13:00,False,False,False,False,False,False,False,False,Houston,TX ,Houston,TX 
6660,206708817,5/18/2017 13:14,5/18/2017 13:14,5/22/2017 9:49,5/22/2017 21:00,5/23/2017 11:56,1022.32,1000.0,22.32,135.0,RFR,,,False,1,Carrier 978458,Shipper 1388,True,True,True,5/22/2017 21:00,5/23/2017 13:00,False,False,False,False,False,False,False,False,Houston,TX ,Houston,TX 
6661,206432881,1/19/2017 11:41,1/19/2017 11:41,1/20/2017 9:15,1/23/2017 7:00,1/24/2017 7:30,1020.74,1000.0,20.74,550.8,DRV,,,False,0,Carrier 1072777,Shipper 773,True,True,True,1/23/2017 16:30,1/24/2017 15:00,False,False,False,False,False,False,False,False,Greenville,SC ,Greenville,SC 
6662,206523937,7/28/2017 10:25,7/28/2017 10:25,8/15/2017 10:33,8/15/2017 16:00,8/16/2017 14:00,1020.0,1000.0,20.0,353.7,DRV,,,False,2,Carrier 93448,Shipper 585,True,True,True,8/15/2017 16:00,8/16/2017 12:50,False,False,False,False,False,False,False,False,Santa Ana,CA ,Santa Ana,CA 
6663,206426905,5/30/2017 15:05,5/30/2017 15:05,5/31/2017 15:12,5/31/2017 20:00,6/1/2017 12:00,1019.7,1000.0,19.7,146.0,DRV,,,False,0,Carrier 1550829,Shipper 1249,True,True,True,5/31/2017 20:00,6/1/2017 13:00,False,False,False,False,False,False,False,False,Los Angeles,CA ,Los Angeles,CA 
6664,206426905,5/30/2017 15:05,5/30/2017 15:05,5/31/2017 15:12,5/31/2017 20:00,6/1/2017 12:00,1019.7,1000.0,19.7,146.0,DRV,,,False,0,Carrier 1550829,Shipper 1375,True,True,True,5/31/2017 20:00,6/1/2017 13:00,False,False,False,False,False,False,False,False,Los Angeles,CA ,Los Angeles,CA 
6665,206426905,5/30/2017 15:05,5/30/2017 15:05,5/31/2017 15:12,5/31/2017 20:00,6/1/2017 12:00,1019.7,1000.0,19.7,146.0,DRV,,,False,0,Carrier 1550829,Shipper 1386,True,True,True,5/31/2017 20:00,6/1/2017 13:00,False,False,False,False,False,False,False,False,Los Angeles,CA ,Los Angeles,CA 
6666,206426905,5/30/2017 15:05,5/30/2017 15:05,5/31/2017 15:12,5/31/2017 20:00,6/1/2017 12:00,1019.7,1000.0,19.7,146.0,DRV,,,False,0,Carrier 1550829,Shipper 1248,True,True,True,5/31/2017 20:00,6/1/2017 13:00,False,False,False,False,False,False,False,False,Los Angeles,CA ,Los Angeles,CA 
6667,206426905,5/30/2017 15:05,5/30/2017 15:05,5/31/2017 15:12,5/31/2017 20:00,6/1/2017 12:00,1019.7,1000.0,19.7,146.0,DRV,,,False,0,Carrier 1550829,Shipper 1387,True,True,True,5/31/2017 20:00,6/1/2017 13:00,False,False,False,False,False,False,False,False,Los Angeles,CA ,Los Angeles,CA 
6668,206426905,5/30/2017 15:05,5/30/2017 15:05,5/31/2017 15:12,5/31/2017 20:00,6/1/2017 12:00,1019.7,1000.0,19.7,146.0,DRV,,,False,0,Carrier 1550829,Shipper 1388,True,True,True,5/31/2017 20:00,6/1/2017 13:00,False,False,False,False,False,False,False,False,Los Angeles,CA ,Los Angeles,CA 
6669,206424265,8/29/2017 13:17,8/29/2017 13:17,8/31/2017 14:55,9/5/2017 19:00,9/6/2017 15:15,1018.36,750.0,268.36,284.1,RFR,,,False,0,Carrier 1041647,Shipper 758,True,True,True,9/5/2017 19:00,9/6/2017 9:00,False,False,False,False,False,False,False,False,Kent,WA ,Kent,WA 
6670,206657985,7/14/2017 13:55,7/14/2017 13:55,7/19/2017 12:23,7/20/2017 20:00,7/21/2017 23:30,1017.88,875.0,142.88,526.0,DRV,,,False,0,Carrier 94197,Shipper 758,True,True,True,7/20/2017 20:00,7/21/2017 21:00,False,False,False,False,False,False,False,False,Henderson,NV ,Henderson,NV 
6671,206522401,4/7/2017 9:42,4/7/2017 9:42,4/10/2017 11:38,4/10/2017 8:00,4/11/2017 7:30,1017.73,1050.0,-32.27,332.2,DRV,4.0,,False,0,Carrier 1693588,Shipper 623,True,True,True,4/10/2017 15:00,4/11/2017 7:00,False,False,False,False,False,False,False,False,Reading,PA ,Reading,PA 
6672,206588825,12/8/2017 16:47,12/8/2017 16:47,12/11/2017 17:43,12/12/2017 14:00,12/13/2017 9:30,1017.12,1100.0,-82.88,323.8,RFR,,dat_in,False,1,Carrier 983258,Shipper 1249,True,True,True,12/12/2017 14:00,12/13/2017 7:00,False,False,False,False,False,False,False,False,Jacksonville,FL ,Jacksonville,FL 
6673,206588825,12/8/2017 16:47,12/8/2017 16:47,12/11/2017 17:43,12/12/2017 14:00,12/13/2017 9:30,1017.12,1100.0,-82.88,323.8,RFR,,dat_in,False,1,Carrier 983258,Shipper 1375,True,True,True,12/12/2017 14:00,12/13/2017 7:00,False,False,False,False,False,False,False,False,Jacksonville,FL ,Jacksonville,FL 
6674,206588825,12/8/2017 16:47,12/8/2017 16:47,12/11/2017 17:43,12/12/2017 14:00,12/13/2017 9:30,1017.12,1100.0,-82.88,323.8,RFR,,dat_in,False,1,Carrier 983258,Shipper 1386,True,True,True,12/12/2017 14:00,12/13/2017 7:00,False,False,False,False,False,False,False,False,Jacksonville,FL ,Jacksonville,FL 
6675,206588825,12/8/2017 16:47,12/8/2017 16:47,12/11/2017 17:43,12/12/2017 14:00,12/13/2017 9:30,1017.12,1100.0,-82.88,323.8,RFR,,dat_in,False,1,Carrier 983258,Shipper 1248,True,True,True,12/12/2017 14:00,12/13/2017 7:00,False,False,False,False,False,False,False,False,Jacksonville,FL ,Jacksonville,FL 
6676,206588825,12/8/2017 16:47,12/8/2017 16:47,12/11/2017 17:43,12/12/2017 14:00,12/13/2017 9:30,1017.12,1100.0,-82.88,323.8,RFR,,dat_in,False,1,Carrier 983258,Shipper 1387,True,True,True,12/12/2017 14:00,12/13/2017 7:00,False,False,False,False,False,False,False,False,Jacksonville,FL ,Jacksonville,FL 
6677,206588825,12/8/2017 16:47,12/8/2017 16:47,12/11/2017 17:43,12/12/2017 14:00,12/13/2017 9:30,1017.12,1100.0,-82.88,323.8,RFR,,dat_in,False,1,Carrier 983258,Shipper 1388,True,True,True,12/12/2017 14:00,12/13/2017 7:00,False,False,False,False,False,False,False,False,Jacksonville,FL ,Jacksonville,FL 
6678,206516457,5/5/2017 9:34,5/5/2017 9:35,5/8/2017 10:26,5/8/2017 8:00,5/9/2017 13:00,1014.2,1000.0,14.2,507.0,DRV,3.0,,False,0,Carrier 1352956,Shipper 901,True,True,True,5/8/2017 15:30,5/9/2017 17:00,False,False,False,False,False,False,False,False,Oconto,WI ,Oconto,WI 
6679,206539881,12/13/2017 17:27,12/13/2017 17:27,12/14/2017 17:17,12/15/2017 9:00,12/15/2017 17:30,1010.54,930.0,80.54,162.3,DRV,,dat_in,False,1,Carrier 71406,Shipper 1249,True,True,True,12/15/2017 9:00,12/15/2017 16:00,False,False,False,False,False,False,False,False,Williamsburg,VA ,Williamsburg,VA 
6680,206539881,12/13/2017 17:27,12/13/2017 17:27,12/14/2017 17:17,12/15/2017 9:00,12/15/2017 17:30,1010.54,930.0,80.54,162.3,DRV,,dat_in,False,1,Carrier 71406,Shipper 1375,True,True,True,12/15/2017 9:00,12/15/2017 16:00,False,False,False,False,False,False,False,False,Williamsburg,VA ,Williamsburg,VA 
6681,206539881,12/13/2017 17:27,12/13/2017 17:27,12/14/2017 17:17,12/15/2017 9:00,12/15/2017 17:30,1010.54,930.0,80.54,162.3,DRV,,dat_in,False,1,Carrier 71406,Shipper 1386,True,True,True,12/15/2017 9:00,12/15/2017 16:00,False,False,False,False,False,False,False,False,Williamsburg,VA ,Williamsburg,VA 
6682,206539881,12/13/2017 17:27,12/13/2017 17:27,12/14/2017 17:17,12/15/2017 9:00,12/15/2017 17:30,1010.54,930.0,80.54,162.3,DRV,,dat_in,False,1,Carrier 71406,Shipper 1248,True,True,True,12/15/2017 9:00,12/15/2017 16:00,False,False,False,False,False,False,False,False,Williamsburg,VA ,Williamsburg,VA 
6683,206539881,12/13/2017 17:27,12/13/2017 17:27,12/14/2017 17:17,12/15/2017 9:00,12/15/2017 17:30,1010.54,930.0,80.54,162.3,DRV,,dat_in,False,1,Carrier 71406,Shipper 1387,True,True,True,12/15/2017 9:00,12/15/2017 16:00,False,False,False,False,False,False,False,False,Williamsburg,VA ,Williamsburg,VA 
6684,206539881,12/13/2017 17:27,12/13/2017 17:27,12/14/2017 17:17,12/15/2017 9:00,12/15/2017 17:30,1010.54,930.0,80.54,162.3,DRV,,dat_in,False,1,Carrier 71406,Shipper 1388,True,True,True,12/15/2017 9:00,12/15/2017 16:00,False,False,False,False,False,False,False,False,Williamsburg,VA ,Williamsburg,VA 
6685,206665233,7/13/2017 16:40,7/13/2017 16:40,7/18/2017 12:32,7/20/2017 19:00,7/22/2017 0:30,1009.88,950.0,59.88,526.0,DRV,,,False,0,Carrier 1037993,Shipper 758,True,True,True,7/20/2017 19:00,7/21/2017 22:00,False,False,False,False,False,False,False,False,Henderson,NV ,Henderson,NV 
6686,206462249,12/14/2017 16:46,12/14/2017 16:46,12/18/2017 9:26,12/18/2017 11:00,12/19/2017 11:00,1008.76,1100.0,-91.24,649.9,DRV,,dat_in,False,0,Carrier 1083794,Shipper 1249,True,True,True,12/18/2017 11:00,12/19/2017 14:00,False,False,False,False,False,False,False,False,Newark,NJ ,Newark,NJ 
6687,206462249,12/14/2017 16:46,12/14/2017 16:46,12/18/2017 9:26,12/18/2017 11:00,12/19/2017 11:00,1008.76,1100.0,-91.24,649.9,DRV,,dat_in,False,0,Carrier 1083794,Shipper 1375,True,True,True,12/18/2017 11:00,12/19/2017 14:00,False,False,False,False,False,False,False,False,Newark,NJ ,Newark,NJ 
6688,206462249,12/14/2017 16:46,12/14/2017 16:46,12/18/2017 9:26,12/18/2017 11:00,12/19/2017 11:00,1008.76,1100.0,-91.24,649.9,DRV,,dat_in,False,0,Carrier 1083794,Shipper 1386,True,True,True,12/18/2017 11:00,12/19/2017 14:00,False,False,False,False,False,False,False,False,Newark,NJ ,Newark,NJ 
6689,206462249,12/14/2017 16:46,12/14/2017 16:46,12/18/2017 9:26,12/18/2017 11:00,12/19/2017 11:00,1008.76,1100.0,-91.24,649.9,DRV,,dat_in,False,0,Carrier 1083794,Shipper 1248,True,True,True,12/18/2017 11:00,12/19/2017 14:00,False,False,False,False,False,False,False,False,Newark,NJ ,Newark,NJ 
6690,206462249,12/14/2017 16:46,12/14/2017 16:46,12/18/2017 9:26,12/18/2017 11:00,12/19/2017 11:00,1008.76,1100.0,-91.24,649.9,DRV,,dat_in,False,0,Carrier 1083794,Shipper 1387,True,True,True,12/18/2017 11:00,12/19/2017 14:00,False,False,False,False,False,False,False,False,Newark,NJ ,Newark,NJ 
6691,206462249,12/14/2017 16:46,12/14/2017 16:46,12/18/2017 9:26,12/18/2017 11:00,12/19/2017 11:00,1008.76,1100.0,-91.24,649.9,DRV,,dat_in,False,0,Carrier 1083794,Shipper 1388,True,True,True,12/18/2017 11:00,12/19/2017 14:00,False,False,False,False,False,False,False,False,Newark,NJ ,Newark,NJ 
6692,206608529,12/11/2017 12:34,12/11/2017 12:34,12/13/2017 15:11,12/14/2017 20:00,12/16/2017 4:30,1008.11,1135.0,-126.89,526.0,DRV,,,False,0,Carrier 491840,Shipper 758,True,True,True,12/14/2017 20:00,12/15/2017 23:30,False,False,False,False,False,False,False,False,Henderson,NV ,Henderson,NV 
6693,206728017,4/7/2017 17:04,4/7/2017 17:04,4/13/2017 18:18,4/17/2017 23:00,4/19/2017 14:30,1006.32,2000.0,-993.68,408.0,RFR,3.0,,False,0,Carrier 1526325,Shipper 1249,True,True,True,4/17/2017 23:00,4/19/2017 14:30,False,False,False,False,False,False,False,False,La Porte,TX ,La Porte,TX 
6694,206728017,4/7/2017 17:04,4/7/2017 17:04,4/13/2017 18:18,4/17/2017 23:00,4/19/2017 14:30,1006.32,2000.0,-993.68,408.0,RFR,3.0,,False,0,Carrier 1526325,Shipper 1375,True,True,True,4/17/2017 23:00,4/19/2017 14:30,False,False,False,False,False,False,False,False,La Porte,TX ,La Porte,TX 
6695,206728017,4/7/2017 17:04,4/7/2017 17:04,4/13/2017 18:18,4/17/2017 23:00,4/19/2017 14:30,1006.32,2000.0,-993.68,408.0,RFR,3.0,,False,0,Carrier 1526325,Shipper 1386,True,True,True,4/17/2017 23:00,4/19/2017 14:30,False,False,False,False,False,False,False,False,La Porte,TX ,La Porte,TX 
6696,206728017,4/7/2017 17:04,4/7/2017 17:04,4/13/2017 18:18,4/17/2017 23:00,4/19/2017 14:30,1006.32,2000.0,-993.68,408.0,RFR,3.0,,False,0,Carrier 1526325,Shipper 1248,True,True,True,4/17/2017 23:00,4/19/2017 14:30,False,False,False,False,False,False,False,False,La Porte,TX ,La Porte,TX 
6697,206728017,4/7/2017 17:04,4/7/2017 17:04,4/13/2017 18:18,4/17/2017 23:00,4/19/2017 14:30,1006.32,2000.0,-993.68,408.0,RFR,3.0,,False,0,Carrier 1526325,Shipper 1387,True,True,True,4/17/2017 23:00,4/19/2017 14:30,False,False,False,False,False,False,False,False,La Porte,TX ,La Porte,TX 
6698,206728017,4/7/2017 17:04,4/7/2017 17:04,4/13/2017 18:18,4/17/2017 23:00,4/19/2017 14:30,1006.32,2000.0,-993.68,408.0,RFR,3.0,,False,0,Carrier 1526325,Shipper 1388,True,True,True,4/17/2017 23:00,4/19/2017 14:30,False,False,False,False,False,False,False,False,La Porte,TX ,La Porte,TX 
6699,206572833,4/10/2017 16:52,4/10/2017 16:52,4/11/2017 17:37,4/11/2017 14:00,4/12/2017 15:30,1006.23,1500.0,-493.77,584.4,DRV,,,False,0,Carrier 1689911,Shipper 1249,True,True,True,4/11/2017 19:00,4/12/2017 15:30,False,False,False,False,False,False,False,False,St. Louis,MO ,St. Louis,MO 
6700,206572833,4/10/2017 16:52,4/10/2017 16:52,4/11/2017 17:37,4/11/2017 14:00,4/12/2017 15:30,1006.23,1500.0,-493.77,584.4,DRV,,,False,0,Carrier 1689911,Shipper 1375,True,True,True,4/11/2017 19:00,4/12/2017 15:30,False,False,False,False,False,False,False,False,St. Louis,MO ,St. Louis,MO 
6701,206572833,4/10/2017 16:52,4/10/2017 16:52,4/11/2017 17:37,4/11/2017 14:00,4/12/2017 15:30,1006.23,1500.0,-493.77,584.4,DRV,,,False,0,Carrier 1689911,Shipper 1386,True,True,True,4/11/2017 19:00,4/12/2017 15:30,False,False,False,False,False,False,False,False,St. Louis,MO ,St. Louis,MO 
6702,206572833,4/10/2017 16:52,4/10/2017 16:52,4/11/2017 17:37,4/11/2017 14:00,4/12/2017 15:30,1006.23,1500.0,-493.77,584.4,DRV,,,False,0,Carrier 1689911,Shipper 1248,True,True,True,4/11/2017 19:00,4/12/2017 15:30,False,False,False,False,False,False,False,False,St. Louis,MO ,St. Louis,MO 
6703,206572833,4/10/2017 16:52,4/10/2017 16:52,4/11/2017 17:37,4/11/2017 14:00,4/12/2017 15:30,1006.23,1500.0,-493.77,584.4,DRV,,,False,0,Carrier 1689911,Shipper 1387,True,True,True,4/11/2017 19:00,4/12/2017 15:30,False,False,False,False,False,False,False,False,St. Louis,MO ,St. Louis,MO 
6704,206572833,4/10/2017 16:52,4/10/2017 16:52,4/11/2017 17:37,4/11/2017 14:00,4/12/2017 15:30,1006.23,1500.0,-493.77,584.4,DRV,,,False,0,Carrier 1689911,Shipper 1388,True,True,True,4/11/2017 19:00,4/12/2017 15:30,False,False,False,False,False,False,False,False,St. Louis,MO ,St. Louis,MO 
6705,206573569,8/18/2017 16:44,8/18/2017 16:45,8/21/2017 10:46,8/22/2017 14:00,8/23/2017 10:00,1004.8,1040.0,-35.2,616.9,DRV,,,False,0,Carrier 974851,Shipper 1249,True,True,True,8/22/2017 14:00,8/23/2017 13:00,False,False,False,False,False,False,False,False,Newark,NJ ,Newark,NJ 
6706,206573569,8/18/2017 16:44,8/18/2017 16:45,8/21/2017 10:46,8/22/2017 14:00,8/23/2017 10:00,1004.8,1040.0,-35.2,616.9,DRV,,,False,0,Carrier 974851,Shipper 1375,True,True,True,8/22/2017 14:00,8/23/2017 13:00,False,False,False,False,False,False,False,False,Newark,NJ ,Newark,NJ 
6707,206573569,8/18/2017 16:44,8/18/2017 16:45,8/21/2017 10:46,8/22/2017 14:00,8/23/2017 10:00,1004.8,1040.0,-35.2,616.9,DRV,,,False,0,Carrier 974851,Shipper 1386,True,True,True,8/22/2017 14:00,8/23/2017 13:00,False,False,False,False,False,False,False,False,Newark,NJ ,Newark,NJ 
6708,206573569,8/18/2017 16:44,8/18/2017 16:45,8/21/2017 10:46,8/22/2017 14:00,8/23/2017 10:00,1004.8,1040.0,-35.2,616.9,DRV,,,False,0,Carrier 974851,Shipper 1248,True,True,True,8/22/2017 14:00,8/23/2017 13:00,False,False,False,False,False,False,False,False,Newark,NJ ,Newark,NJ 
6709,206573569,8/18/2017 16:44,8/18/2017 16:45,8/21/2017 10:46,8/22/2017 14:00,8/23/2017 10:00,1004.8,1040.0,-35.2,616.9,DRV,,,False,0,Carrier 974851,Shipper 1387,True,True,True,8/22/2017 14:00,8/23/2017 13:00,False,False,False,False,False,False,False,False,Newark,NJ ,Newark,NJ 
6710,206573569,8/18/2017 16:44,8/18/2017 16:45,8/21/2017 10:46,8/22/2017 14:00,8/23/2017 10:00,1004.8,1040.0,-35.2,616.9,DRV,,,False,0,Carrier 974851,Shipper 1388,True,True,True,8/22/2017 14:00,8/23/2017 13:00,False,False,False,False,False,False,False,False,Newark,NJ ,Newark,NJ 
6711,206606065,11/30/2017 8:45,11/30/2017 8:45,11/30/2017 13:53,12/1/2017 12:00,12/4/2017 11:30,1003.75,950.0,53.75,460.9,DRV,,,False,0,Carrier 1057610,Shipper 1644,True,True,True,12/1/2017 12:00,12/4/2017 9:30,False,False,False,False,False,False,False,False,Wylie,TX ,Wylie,TX 
6712,206598617,12/18/2017 18:18,12/18/2017 18:18,12/20/2017 16:43,12/21/2017 12:00,12/21/2017 17:00,1001.88,1050.0,-48.12,192.8,DRV,,,False,0,Carrier 1695491,Shipper 1249,True,True,True,12/21/2017 12:00,12/22/2017 15:00,False,False,False,False,False,False,False,False,Newark,NJ ,Newark,NJ 
6713,206598617,12/18/2017 18:18,12/18/2017 18:18,12/20/2017 16:43,12/21/2017 12:00,12/21/2017 17:00,1001.88,1050.0,-48.12,192.8,DRV,,,False,0,Carrier 1695491,Shipper 1375,True,True,True,12/21/2017 12:00,12/22/2017 15:00,False,False,False,False,False,False,False,False,Newark,NJ ,Newark,NJ 
6714,206598617,12/18/2017 18:18,12/18/2017 18:18,12/20/2017 16:43,12/21/2017 12:00,12/21/2017 17:00,1001.88,1050.0,-48.12,192.8,DRV,,,False,0,Carrier 1695491,Shipper 1386,True,True,True,12/21/2017 12:00,12/22/2017 15:00,False,False,False,False,False,False,False,False,Newark,NJ ,Newark,NJ 
6715,206598617,12/18/2017 18:18,12/18/2017 18:18,12/20/2017 16:43,12/21/2017 12:00,12/21/2017 17:00,1001.88,1050.0,-48.12,192.8,DRV,,,False,0,Carrier 1695491,Shipper 1248,True,True,True,12/21/2017 12:00,12/22/2017 15:00,False,False,False,False,False,False,False,False,Newark,NJ ,Newark,NJ 
6716,206598617,12/18/2017 18:18,12/18/2017 18:18,12/20/2017 16:43,12/21/2017 12:00,12/21/2017 17:00,1001.88,1050.0,-48.12,192.8,DRV,,,False,0,Carrier 1695491,Shipper 1387,True,True,True,12/21/2017 12:00,12/22/2017 15:00,False,False,False,False,False,False,False,False,Newark,NJ ,Newark,NJ 
6717,206598617,12/18/2017 18:18,12/18/2017 18:18,12/20/2017 16:43,12/21/2017 12:00,12/21/2017 17:00,1001.88,1050.0,-48.12,192.8,DRV,,,False,0,Carrier 1695491,Shipper 1388,True,True,True,12/21/2017 12:00,12/22/2017 15:00,False,False,False,False,False,False,False,False,Newark,NJ ,Newark,NJ 
6718,206610081,6/23/2017 15:49,6/23/2017 15:49,6/29/2017 11:07,6/29/2017 20:00,7/1/2017 2:30,1001.55,1088.0,-86.45,527.8,DRV,,,False,1,Carrier 1037993,Shipper 758,True,True,True,6/29/2017 20:00,6/30/2017 23:00,False,False,False,False,False,False,False,False,Henderson,NV ,Henderson,NV 
6719,206505921,3/15/2017 12:41,3/15/2017 12:41,3/20/2017 10:43,3/20/2017 10:00,3/21/2017 11:30,1001.24,1040.0,-38.76,493.2,DRV,3.0,,False,0,Carrier 1694149,Shipper 766,True,True,True,3/20/2017 16:00,3/21/2017 9:00,False,False,False,False,False,False,False,False,Paris,TN ,Paris,TN 
6720,206556729,10/20/2017 17:39,10/20/2017 17:39,10/25/2017 8:41,10/25/2017 9:00,10/26/2017 10:00,1000.34,1200.0,-199.66,554.2,RFR,,,False,0,Carrier 1695607,Shipper 1249,True,True,True,10/25/2017 13:00,10/26/2017 9:15,False,False,False,False,False,False,False,False,Houston,TX ,Houston,TX 
6721,206556729,10/20/2017 17:39,10/20/2017 17:39,10/25/2017 8:41,10/25/2017 9:00,10/26/2017 10:00,1000.34,1200.0,-199.66,554.2,RFR,,,False,0,Carrier 1695607,Shipper 1375,True,True,True,10/25/2017 13:00,10/26/2017 9:15,False,False,False,False,False,False,False,False,Houston,TX ,Houston,TX 
6722,206556729,10/20/2017 17:39,10/20/2017 17:39,10/25/2017 8:41,10/25/2017 9:00,10/26/2017 10:00,1000.34,1200.0,-199.66,554.2,RFR,,,False,0,Carrier 1695607,Shipper 1386,True,True,True,10/25/2017 13:00,10/26/2017 9:15,False,False,False,False,False,False,False,False,Houston,TX ,Houston,TX 
6723,206556729,10/20/2017 17:39,10/20/2017 17:39,10/25/2017 8:41,10/25/2017 9:00,10/26/2017 10:00,1000.34,1200.0,-199.66,554.2,RFR,,,False,0,Carrier 1695607,Shipper 1248,True,True,True,10/25/2017 13:00,10/26/2017 9:15,False,False,False,False,False,False,False,False,Houston,TX ,Houston,TX 
6724,206556729,10/20/2017 17:39,10/20/2017 17:39,10/25/2017 8:41,10/25/2017 9:00,10/26/2017 10:00,1000.34,1200.0,-199.66,554.2,RFR,,,False,0,Carrier 1695607,Shipper 1387,True,True,True,10/25/2017 13:00,10/26/2017 9:15,False,False,False,False,False,False,False,False,Houston,TX ,Houston,TX 
6725,206556729,10/20/2017 17:39,10/20/2017 17:39,10/25/2017 8:41,10/25/2017 9:00,10/26/2017 10:00,1000.34,1200.0,-199.66,554.2,RFR,,,False,0,Carrier 1695607,Shipper 1388,True,True,True,10/25/2017 13:00,10/26/2017 9:15,False,False,False,False,False,False,False,False,Houston,TX ,Houston,TX 
6726,206488617,12/14/2017 16:37,12/14/2017 16:37,12/18/2017 9:25,12/18/2017 14:00,12/19/2017 8:45,1000.12,1150.0,-149.88,438.7,DRV,,dat_in,False,1,Carrier 1695066,Shipper 1249,True,True,True,12/18/2017 14:00,12/19/2017 13:00,False,False,False,False,False,False,False,False,Houston,TX ,Houston,TX 
6727,206488617,12/14/2017 16:37,12/14/2017 16:37,12/18/2017 9:25,12/18/2017 14:00,12/19/2017 8:45,1000.12,1150.0,-149.88,438.7,DRV,,dat_in,False,1,Carrier 1695066,Shipper 1375,True,True,True,12/18/2017 14:00,12/19/2017 13:00,False,False,False,False,False,False,False,False,Houston,TX ,Houston,TX 
6728,206488617,12/14/2017 16:37,12/14/2017 16:37,12/18/2017 9:25,12/18/2017 14:00,12/19/2017 8:45,1000.12,1150.0,-149.88,438.7,DRV,,dat_in,False,1,Carrier 1695066,Shipper 1386,True,True,True,12/18/2017 14:00,12/19/2017 13:00,False,False,False,False,False,False,False,False,Houston,TX ,Houston,TX 
6729,206488617,12/14/2017 16:37,12/14/2017 16:37,12/18/2017 9:25,12/18/2017 14:00,12/19/2017 8:45,1000.12,1150.0,-149.88,438.7,DRV,,dat_in,False,1,Carrier 1695066,Shipper 1248,True,True,True,12/18/2017 14:00,12/19/2017 13:00,False,False,False,False,False,False,False,False,Houston,TX ,Houston,TX 
6730,206488617,12/14/2017 16:37,12/14/2017 16:37,12/18/2017 9:25,12/18/2017 14:00,12/19/2017 8:45,1000.12,1150.0,-149.88,438.7,DRV,,dat_in,False,1,Carrier 1695066,Shipper 1387,True,True,True,12/18/2017 14:00,12/19/2017 13:00,False,False,False,False,False,False,False,False,Houston,TX ,Houston,TX 
6731,206488617,12/14/2017 16:37,12/14/2017 16:37,12/18/2017 9:25,12/18/2017 14:00,12/19/2017 8:45,1000.12,1150.0,-149.88,438.7,DRV,,dat_in,False,1,Carrier 1695066,Shipper 1388,True,True,True,12/18/2017 14:00,12/19/2017 13:00,False,False,False,False,False,False,False,False,Houston,TX ,Houston,TX 
6732,206541385,12/22/2017 13:51,12/22/2017 13:51,12/28/2017 10:06,12/28/2017 10:00,1/6/2018 6:30,1000.11,1507.0,-506.89,526.0,DRV,,dat_out,False,2,Carrier 1533562,Shipper 758,True,True,True,12/28/2017 15:00,1/6/2018 2:00,False,False,False,False,False,False,False,False,Henderson,NV ,Henderson,NV 
6733,206509473,8/11/2017 10:20,8/11/2017 10:20,8/11/2017 10:34,8/11/2017 11:00,8/12/2017 0:30,1000.0,900.0,100.0,275.2,DRV,,,False,0,Carrier 955781,Shipper 810,False,False,False,8/11/2017 11:00,8/11/2017 21:00,False,False,False,False,False,False,False,False,Carson,CA ,Carson,CA 
6734,206591057,2/6/2017 10:44,2/6/2017 10:44,2/6/2017 15:50,2/7/2017 6:00,2/8/2017 7:53,1000.0,800.0,200.0,301.9,RFR,,,False,0,Carrier 1362312,Shipper 1192,True,False,False,2/7/2017 12:00,2/8/2017 5:00,False,False,False,False,False,False,False,False,Congers,NY ,Congers,NY 
6735,206591057,2/6/2017 10:44,2/6/2017 10:44,2/6/2017 15:50,2/7/2017 6:00,2/8/2017 7:53,1000.0,800.0,200.0,301.9,RFR,,,False,0,Carrier 1362312,Shipper 1207,True,False,False,2/7/2017 12:00,2/8/2017 5:00,False,False,False,False,False,False,False,False,Congers,NY ,Congers,NY 
6736,206586009,1/9/2017 16:58,1/9/2017 16:58,1/9/2017 17:17,1/9/2017 17:00,1/10/2017 13:00,1000.0,900.0,100.0,409.9,RFR,,,False,0,Carrier 1215293,Shipper 801,True,True,True,1/9/2017 19:00,1/10/2017 15:00,False,False,False,False,False,False,False,False,Yuma,AZ ,Yuma,AZ 
6737,206586009,1/9/2017 16:58,1/9/2017 16:58,1/9/2017 17:17,1/9/2017 17:00,1/10/2017 13:00,1000.0,900.0,100.0,409.9,RFR,,,False,0,Carrier 1215293,Shipper 622,True,True,True,1/9/2017 19:00,1/10/2017 15:00,False,False,False,False,False,False,False,False,Yuma,AZ ,Yuma,AZ 
6738,206586009,1/9/2017 16:58,1/9/2017 16:58,1/9/2017 17:17,1/9/2017 17:00,1/10/2017 13:00,1000.0,900.0,100.0,409.9,RFR,,,False,0,Carrier 1215293,Shipper 993,True,True,True,1/9/2017 19:00,1/10/2017 15:00,False,False,False,False,False,False,False,False,Yuma,AZ ,Yuma,AZ 
6739,206529817,2/15/2017 16:54,2/15/2017 16:54,2/15/2017 17:06,2/15/2017 18:00,2/16/2017 12:00,1000.0,900.0,100.0,365.7,RFR,,,False,0,Carrier 1693574,Shipper 866,True,True,True,2/15/2017 19:00,2/16/2017 10:00,False,False,False,False,False,False,False,False,Commerce,CA ,Commerce,CA 
6740,206516953,4/3/2017 12:38,4/3/2017 12:38,4/3/2017 18:48,4/3/2017 18:00,4/4/2017 11:30,1000.0,900.0,100.0,365.7,RFR,,,False,1,Carrier 116700,Shipper 866,True,True,True,4/3/2017 19:00,4/4/2017 10:00,False,False,False,False,False,False,False,False,Commerce,CA ,Commerce,CA 
6741,206567009,8/9/2017 10:23,8/9/2017 10:23,8/11/2017 10:50,8/14/2017 8:00,8/15/2017 11:58,1000.0,850.0,150.0,672.1,DRV,,,False,0,Carrier 74294,Shipper 590,True,True,True,8/14/2017 15:00,8/15/2017 12:00,False,False,False,False,False,False,False,False,Bridgewater,NJ ,Bridgewater,NJ 
6742,206626649,2/11/2017 13:50,2/11/2017 13:51,2/11/2017 15:18,2/11/2017 12:00,2/13/2017 13:00,1000.0,850.0,150.0,365.7,RFR,,,False,0,Carrier 1026167,Shipper 866,True,True,True,2/13/2017 18:00,2/13/2017 10:00,False,False,False,False,False,False,False,False,Commerce,CA ,Commerce,CA 
6743,206502961,6/2/2017 11:56,6/2/2017 11:56,6/2/2017 16:49,6/2/2017 18:00,6/3/2017 12:00,1000.0,1000.0,0.0,365.7,RFR,,,False,1,Carrier 1695337,Shipper 866,False,True,True,6/2/2017 18:00,6/3/2017 10:00,False,False,False,False,False,False,False,False,Commerce,CA ,Commerce,CA 
6744,206542753,2/27/2017 13:04,2/27/2017 13:04,2/27/2017 15:08,2/27/2017 18:00,2/28/2017 12:30,1000.0,850.0,150.0,365.7,RFR,2.0,,False,0,Carrier 98244,Shipper 866,True,True,True,2/27/2017 19:00,2/28/2017 10:00,False,False,False,False,False,False,False,False,Commerce,CA ,Commerce,CA 
6745,206428041,3/9/2017 11:59,3/9/2017 11:59,3/9/2017 13:18,3/10/2017 9:00,3/13/2017 13:30,1000.0,850.0,150.0,571.5,DRV,,,False,0,Carrier 1040363,Shipper 744,True,True,True,3/10/2017 15:30,3/13/2017 17:00,False,False,False,False,False,False,False,False,Conover,NC ,Conover,NC 
6746,206708777,2/20/2017 11:17,2/20/2017 11:18,2/20/2017 11:40,2/21/2017 16:00,2/22/2017 13:00,1000.0,900.0,100.0,365.7,RFR,,,False,0,Carrier 1215347,Shipper 866,True,True,True,2/21/2017 16:00,2/22/2017 10:00,False,False,False,False,False,False,False,False,Commerce,CA ,Commerce,CA 
6747,206536297,2/1/2017 13:08,2/1/2017 13:08,2/1/2017 13:46,2/2/2017 15:00,2/3/2017 11:45,1000.0,900.0,100.0,365.7,RFR,3.0,,False,0,Carrier 1215347,Shipper 866,False,True,True,2/1/2017 15:00,2/3/2017 10:00,False,False,False,False,False,False,False,False,Commerce,CA ,Commerce,CA 
6748,206758097,1/30/2017 11:04,1/30/2017 11:04,1/30/2017 11:21,1/30/2017 17:00,1/31/2017 12:30,1000.0,900.0,100.0,365.7,RFR,,,False,0,Carrier 461294,Shipper 866,True,True,True,1/30/2017 18:00,1/31/2017 10:00,False,False,False,False,False,False,False,False,Commerce,CA ,Commerce,CA 
6749,206756913,4/6/2017 9:19,4/6/2017 9:20,4/6/2017 9:51,4/6/2017 9:00,4/7/2017 9:00,1000.0,750.0,250.0,85.3,FBE,,,False,0,Carrier 1541477,Shipper 1397,True,True,True,4/6/2017 14:00,4/7/2017 9:00,False,False,False,False,False,False,False,False,Spring Valley,NY ,Spring Valley,NY 
6750,206601825,7/25/2017 8:58,7/25/2017 8:58,7/25/2017 14:20,7/25/2017 9:00,7/26/2017 9:30,1000.0,1100.0,-100.0,363.7,DRV,,,False,0,Carrier 1537680,Shipper 1570,True,True,True,7/25/2017 16:00,7/26/2017 9:00,False,False,False,False,False,False,False,False,Valparaiso,IN ,Valparaiso,IN 
6751,206607745,11/28/2017 9:06,11/28/2017 9:09,11/28/2017 11:30,11/29/2017 8:00,11/30/2017 13:00,1000.0,750.0,250.0,699.8,DRV,,,False,1,Carrier 737910,Shipper 923,True,True,True,11/29/2017 8:00,11/30/2017 11:00,False,False,False,False,False,False,False,False,Hialeah,FL ,Hialeah,FL 
6752,206440841,2/6/2017 11:47,2/6/2017 11:47,2/6/2017 12:06,2/6/2017 18:00,2/7/2017 14:00,1000.0,900.0,100.0,365.7,RFR,,,False,0,Carrier 922672,Shipper 866,True,True,True,2/6/2017 18:00,2/7/2017 10:00,False,False,False,False,False,False,False,False,Commerce,CA ,Commerce,CA 
6753,206636441,3/13/2017 12:15,3/13/2017 12:15,3/13/2017 13:35,3/13/2017 18:00,3/14/2017 12:00,1000.0,900.0,100.0,365.7,RFR,2.0,,False,1,Carrier 104870,Shipper 866,True,True,True,3/13/2017 18:00,3/14/2017 10:00,False,False,False,False,False,False,False,False,Commerce,CA ,Commerce,CA 
6754,206633513,3/2/2017 12:45,3/2/2017 12:45,3/2/2017 13:09,3/2/2017 17:00,3/3/2017 12:40,1000.0,900.0,100.0,365.7,RFR,,,False,0,Carrier 922672,Shipper 866,True,True,True,3/2/2017 18:00,3/3/2017 10:00,False,False,False,False,False,False,False,False,Commerce,CA ,Commerce,CA 
6755,206583209,1/31/2017 12:06,1/31/2017 12:06,1/31/2017 12:36,1/31/2017 14:00,2/1/2017 13:00,1000.0,900.0,100.0,365.7,RFR,,,False,0,Carrier 922672,Shipper 866,False,True,True,1/31/2017 15:00,2/1/2017 10:00,False,False,False,False,False,False,False,False,Commerce,CA ,Commerce,CA 
6756,206492713,1/24/2017 12:29,1/24/2017 12:29,1/24/2017 13:07,1/24/2017 16:00,1/25/2017 12:30,1000.0,925.0,75.0,365.7,RFR,,,False,0,Carrier 104870,Shipper 866,True,True,True,1/24/2017 18:00,1/25/2017 10:00,False,False,False,False,False,False,False,False,Commerce,CA ,Commerce,CA 
6757,206692657,3/7/2017 13:12,3/7/2017 13:13,3/7/2017 13:32,3/7/2017 18:00,3/8/2017 18:00,1000.0,1100.0,-100.0,365.7,RFR,,,False,0,Carrier 922672,Shipper 866,True,False,False,3/7/2017 18:00,3/7/2017 10:00,False,False,False,False,False,False,False,False,Commerce,CA ,Commerce,CA 
6758,206583217,3/1/2017 12:18,3/1/2017 12:18,3/1/2017 12:56,3/1/2017 14:00,3/2/2017 12:50,1000.0,900.0,100.0,365.7,RFR,,,False,0,Carrier 922672,Shipper 866,False,False,False,3/1/2017 15:00,3/2/2017 10:00,False,False,False,False,False,False,False,False,Commerce,CA ,Commerce,CA 
6759,206692665,3/9/2017 12:46,3/9/2017 12:46,3/9/2017 13:03,3/9/2017 18:00,3/10/2017 14:00,1000.0,900.0,100.0,365.7,RFR,2.0,,False,0,Carrier 922672,Shipper 866,False,False,False,3/9/2017 18:00,3/10/2017 10:00,False,False,False,False,False,False,False,False,Commerce,CA ,Commerce,CA 
6760,206585273,1/20/2017 11:40,1/20/2017 11:40,1/20/2017 11:59,1/20/2017 13:00,1/21/2017 11:45,1000.0,900.0,100.0,365.7,RFR,,,False,0,Carrier 922672,Shipper 866,True,True,True,1/20/2017 20:00,1/21/2017 10:00,False,False,False,False,False,False,False,False,Commerce,CA ,Commerce,CA 
6761,206440913,7/10/2017 12:15,7/10/2017 12:15,7/10/2017 12:44,7/10/2017 19:00,7/11/2017 12:30,1000.0,900.0,100.0,365.7,RFR,,,False,0,Carrier 106138,Shipper 866,True,True,True,7/10/2017 19:00,7/11/2017 10:00,False,False,False,False,False,False,False,False,Commerce,CA ,Commerce,CA 
6762,206586009,1/9/2017 16:58,1/9/2017 16:58,1/9/2017 17:17,1/9/2017 17:00,1/10/2017 13:00,1000.0,900.0,100.0,409.9,RFR,,,False,0,Carrier 1215293,Shipper 709,True,True,True,1/9/2017 19:00,1/10/2017 15:00,False,False,False,False,False,False,False,False,Yuma,AZ ,Yuma,AZ 
6763,206586009,1/9/2017 16:58,1/9/2017 16:58,1/9/2017 17:17,1/9/2017 17:00,1/10/2017 13:00,1000.0,900.0,100.0,409.9,RFR,,,False,0,Carrier 1215293,Shipper 702,True,True,True,1/9/2017 19:00,1/10/2017 15:00,False,False,False,False,False,False,False,False,Yuma,AZ ,Yuma,AZ 
6764,206473001,7/31/2017 12:54,7/31/2017 12:54,7/31/2017 16:56,8/1/2017 13:00,8/2/2017 13:00,1000.0,1100.0,-100.0,365.4,DRV,,,False,0,Carrier 43527,Shipper 585,True,True,True,8/1/2017 19:00,8/2/2017 10:40,False,False,False,False,False,False,False,False,Compton,CA ,Compton,CA 
6765,206531881,2/2/2017 16:31,2/2/2017 16:31,2/2/2017 16:40,2/3/2017 13:00,2/6/2017 11:30,1000.0,950.0,50.0,704.5,DRV,3.0,,False,0,Carrier 988304,Shipper 1048,False,True,True,2/3/2017 13:00,2/6/2017 9:00,False,False,False,False,False,False,False,False,El Paso,TX ,El Paso,TX 
6766,206605817,2/14/2017 11:42,2/14/2017 11:42,2/14/2017 12:53,2/14/2017 16:00,2/15/2017 12:30,1000.0,900.0,100.0,365.7,RFR,2.0,,False,0,Carrier 1386087,Shipper 866,True,True,True,2/14/2017 18:30,2/15/2017 10:00,False,False,False,False,False,False,False,False,Commerce,CA ,Commerce,CA 
6767,206610161,7/12/2017 13:14,7/12/2017 13:14,7/17/2017 11:51,7/17/2017 15:00,7/18/2017 9:00,1000.0,1150.0,-150.0,440.3,DRV,,,False,0,Carrier 1587691,Shipper 1184,True,True,True,7/17/2017 15:00,7/18/2017 9:00,False,False,False,False,False,False,False,False,Jackson,MS ,Jackson,MS 
6768,206586009,1/9/2017 16:58,1/9/2017 16:58,1/9/2017 17:17,1/9/2017 17:00,1/10/2017 13:00,1000.0,900.0,100.0,409.9,RFR,,,False,0,Carrier 1215293,Shipper 815,True,True,True,1/9/2017 19:00,1/10/2017 15:00,False,False,False,False,False,False,False,False,Yuma,AZ ,Yuma,AZ 
6769,206428289,8/7/2017 11:26,8/7/2017 11:26,8/7/2017 12:24,8/9/2017 9:00,8/9/2017 20:28,1000.0,700.0,300.0,363.7,DRV,,,False,0,Carrier 1030506,Shipper 1570,True,True,True,8/9/2017 16:00,8/9/2017 21:00,False,False,False,False,False,False,False,False,Valparaiso,IN ,Valparaiso,IN 
6770,206657241,7/12/2017 11:35,7/12/2017 11:36,7/13/2017 11:39,7/17/2017 11:00,7/17/2017 18:42,1000.0,700.98,299.02,44.5,RFR,,,False,0,Carrier 1059377,Shipper 585,True,True,True,7/17/2017 20:00,7/17/2017 20:00,False,False,False,False,False,False,False,False,Long Beach,CA ,Long Beach,CA 
6771,206657713,8/23/2017 7:55,8/23/2017 7:56,8/23/2017 8:04,8/23/2017 8:00,8/24/2017 7:34,1000.0,700.0,300.0,422.2,DRV,,,False,0,Carrier 831977,Shipper 585,True,False,False,8/23/2017 9:00,8/24/2017 6:30,False,False,False,False,False,False,False,False,Plant City,FL ,Plant City,FL 
6772,206600817,7/5/2017 9:47,7/5/2017 9:47,7/5/2017 16:40,7/6/2017 11:00,7/7/2017 12:00,1000.0,560.0,440.0,44.2,RFR,,,False,0,Carrier 1059377,Shipper 585,True,True,True,7/6/2017 20:00,7/7/2017 19:00,False,False,False,False,False,False,False,False,Long Beach,CA ,Long Beach,CA 
6773,206504793,8/21/2017 12:48,8/21/2017 12:48,8/21/2017 12:57,8/21/2017 18:00,8/22/2017 12:00,1000.0,850.0,150.0,365.7,RFR,,,False,0,Carrier 1004475,Shipper 866,True,True,True,8/21/2017 19:00,8/22/2017 10:00,False,False,False,False,False,False,False,False,Commerce,CA ,Commerce,CA 
6774,206440289,4/27/2017 12:26,4/27/2017 12:28,4/27/2017 13:29,4/27/2017 17:00,4/28/2017 12:10,1000.0,900.0,100.0,365.7,RFR,,,False,0,Carrier 86598,Shipper 866,True,True,True,4/27/2017 17:00,4/28/2017 10:00,False,False,False,False,False,False,False,False,Commerce,CA ,Commerce,CA 
6775,206554649,7/12/2017 11:43,7/12/2017 11:43,7/13/2017 11:39,7/17/2017 11:00,7/17/2017 18:05,1000.0,700.98,299.02,44.5,RFR,,,False,0,Carrier 1059377,Shipper 585,True,True,True,7/17/2017 20:00,7/17/2017 20:00,False,False,False,False,False,False,False,False,Long Beach,CA ,Long Beach,CA 
6776,206425897,7/7/2017 12:31,7/7/2017 12:31,7/7/2017 16:23,7/10/2017 12:00,7/10/2017 17:38,1000.0,700.98,299.02,44.5,RFR,,,False,0,Carrier 1059377,Shipper 585,True,True,True,7/10/2017 20:00,7/11/2017 19:30,False,False,False,False,False,False,False,False,Long Beach,CA ,Long Beach,CA 
6777,206586009,1/9/2017 16:58,1/9/2017 16:58,1/9/2017 17:17,1/9/2017 17:00,1/10/2017 13:00,1000.0,900.0,100.0,409.9,RFR,,,False,0,Carrier 1215293,Shipper 1091,True,True,True,1/9/2017 19:00,1/10/2017 15:00,False,False,False,False,False,False,False,False,Yuma,AZ ,Yuma,AZ 
6778,206512969,10/27/2017 17:56,10/27/2017 17:56,10/30/2017 16:01,10/31/2017 9:00,11/1/2017 12:00,1000.0,1000.0,0.0,418.7,DRV,,,False,0,Carrier 101590,Shipper 585,True,True,True,10/31/2017 22:00,11/1/2017 13:00,False,False,False,False,False,False,False,False,Brooklyn Park,MN ,Brooklyn Park,MN 
6779,206586009,1/9/2017 16:58,1/9/2017 16:58,1/9/2017 17:17,1/9/2017 17:00,1/10/2017 13:00,1000.0,900.0,100.0,409.9,RFR,,,False,0,Carrier 1215293,Shipper 1351,True,True,True,1/9/2017 19:00,1/10/2017 15:00,False,False,False,False,False,False,False,False,Yuma,AZ ,Yuma,AZ 
6780,206586009,1/9/2017 16:58,1/9/2017 16:58,1/9/2017 17:17,1/9/2017 17:00,1/10/2017 13:00,1000.0,900.0,100.0,409.9,RFR,,,False,0,Carrier 1215293,Shipper 1199,True,True,True,1/9/2017 19:00,1/10/2017 15:00,False,False,False,False,False,False,False,False,Yuma,AZ ,Yuma,AZ 
6781,206544465,10/27/2017 17:54,10/27/2017 17:54,10/30/2017 11:03,10/30/2017 9:00,10/31/2017 19:30,1000.0,1175.0,-175.0,418.7,DRV,,,False,0,Carrier 947118,Shipper 585,True,True,True,10/30/2017 22:00,10/31/2017 13:00,False,False,False,False,False,False,False,False,Brooklyn Park,MN ,Brooklyn Park,MN 
6782,206586009,1/9/2017 16:58,1/9/2017 16:58,1/9/2017 17:17,1/9/2017 17:00,1/10/2017 13:00,1000.0,900.0,100.0,409.9,RFR,,,False,0,Carrier 1215293,Shipper 789,True,True,True,1/9/2017 19:00,1/10/2017 15:00,False,False,False,False,False,False,False,False,Yuma,AZ ,Yuma,AZ 
6783,206701593,11/10/2017 11:59,11/10/2017 11:59,11/15/2017 13:01,11/17/2017 9:30,11/18/2017 7:15,999.93,723.0,276.93,29.6,DRV,,,False,0,Carrier 1558859,Shipper 758,True,True,True,11/17/2017 15:00,11/17/2017 19:15,False,False,False,False,False,False,False,False,Stockton,CA ,Stockton,CA 
6784,206665177,4/12/2017 18:52,4/12/2017 18:53,4/19/2017 14:05,4/19/2017 10:00,4/20/2017 4:00,999.31,1000.0,-0.69,371.0,DRV,,,False,2,Carrier 919999,Shipper 758,False,False,False,4/19/2017 15:00,4/19/2017 23:00,False,False,False,False,False,False,False,False,El Monte,CA ,El Monte,CA 
6785,206504217,4/3/2017 17:22,4/3/2017 17:22,4/5/2017 13:42,4/6/2017 9:00,4/7/2017 10:00,999.17,950.0,49.17,653.4,DRV,4.0,,False,0,Carrier 107790,Shipper 944,True,True,True,4/6/2017 16:00,4/7/2017 8:00,False,False,False,False,False,False,False,False,McCook,NE ,McCook,NE 
6786,206468609,10/13/2017 16:52,10/13/2017 16:52,10/25/2017 9:09,10/25/2017 19:00,10/26/2017 23:30,998.55,1205.0,-206.45,526.0,DRV,,,False,1,Carrier 1448922,Shipper 758,True,True,True,10/25/2017 19:00,10/26/2017 22:00,False,False,False,False,False,False,False,False,Henderson,NV ,Henderson,NV 
6787,206437017,12/11/2017 11:31,12/11/2017 11:31,12/13/2017 15:26,12/15/2017 14:30,12/16/2017 2:30,998.19,925.0,73.19,184.3,RFR,,source_list,False,0,Carrier 1695477,Shipper 758,True,True,True,12/15/2017 14:30,12/15/2017 22:00,False,False,False,False,False,False,False,False,Bellevue,WA ,Bellevue,WA 
6788,206475849,12/18/2017 16:50,12/18/2017 16:50,12/19/2017 12:38,12/20/2017 15:00,12/21/2017 14:00,997.6,1150.0,-152.4,533.3,RFR,,,False,1,Carrier 1085726,Shipper 1249,True,True,True,12/20/2017 15:00,12/21/2017 16:00,False,False,False,False,False,False,False,False,Aurora,CO ,Aurora,CO 
6789,206475849,12/18/2017 16:50,12/18/2017 16:50,12/19/2017 12:38,12/20/2017 15:00,12/21/2017 14:00,997.6,1150.0,-152.4,533.3,RFR,,,False,1,Carrier 1085726,Shipper 1375,True,True,True,12/20/2017 15:00,12/21/2017 16:00,False,False,False,False,False,False,False,False,Aurora,CO ,Aurora,CO 
6790,206475849,12/18/2017 16:50,12/18/2017 16:50,12/19/2017 12:38,12/20/2017 15:00,12/21/2017 14:00,997.6,1150.0,-152.4,533.3,RFR,,,False,1,Carrier 1085726,Shipper 1386,True,True,True,12/20/2017 15:00,12/21/2017 16:00,False,False,False,False,False,False,False,False,Aurora,CO ,Aurora,CO 
6791,206475849,12/18/2017 16:50,12/18/2017 16:50,12/19/2017 12:38,12/20/2017 15:00,12/21/2017 14:00,997.6,1150.0,-152.4,533.3,RFR,,,False,1,Carrier 1085726,Shipper 1248,True,True,True,12/20/2017 15:00,12/21/2017 16:00,False,False,False,False,False,False,False,False,Aurora,CO ,Aurora,CO 
6792,206475849,12/18/2017 16:50,12/18/2017 16:50,12/19/2017 12:38,12/20/2017 15:00,12/21/2017 14:00,997.6,1150.0,-152.4,533.3,RFR,,,False,1,Carrier 1085726,Shipper 1387,True,True,True,12/20/2017 15:00,12/21/2017 16:00,False,False,False,False,False,False,False,False,Aurora,CO ,Aurora,CO 
6793,206475849,12/18/2017 16:50,12/18/2017 16:50,12/19/2017 12:38,12/20/2017 15:00,12/21/2017 14:00,997.6,1150.0,-152.4,533.3,RFR,,,False,1,Carrier 1085726,Shipper 1388,True,True,True,12/20/2017 15:00,12/21/2017 16:00,False,False,False,False,False,False,False,False,Aurora,CO ,Aurora,CO 
6794,206578913,8/3/2017 14:28,8/3/2017 14:28,8/4/2017 12:25,8/7/2017 12:00,8/8/2017 12:30,996.93,1050.0,-53.07,485.3,DRV,,,False,0,Carrier 1455946,Shipper 1249,True,True,True,8/7/2017 12:00,8/8/2017 10:00,False,False,False,False,False,False,False,False,Cartersville,GA ,Cartersville,GA 
6795,206578913,8/3/2017 14:28,8/3/2017 14:28,8/4/2017 12:25,8/7/2017 12:00,8/8/2017 12:30,996.93,1050.0,-53.07,485.3,DRV,,,False,0,Carrier 1455946,Shipper 1375,True,True,True,8/7/2017 12:00,8/8/2017 10:00,False,False,False,False,False,False,False,False,Cartersville,GA ,Cartersville,GA 
6796,206578913,8/3/2017 14:28,8/3/2017 14:28,8/4/2017 12:25,8/7/2017 12:00,8/8/2017 12:30,996.93,1050.0,-53.07,485.3,DRV,,,False,0,Carrier 1455946,Shipper 1386,True,True,True,8/7/2017 12:00,8/8/2017 10:00,False,False,False,False,False,False,False,False,Cartersville,GA ,Cartersville,GA 
6797,206578913,8/3/2017 14:28,8/3/2017 14:28,8/4/2017 12:25,8/7/2017 12:00,8/8/2017 12:30,996.93,1050.0,-53.07,485.3,DRV,,,False,0,Carrier 1455946,Shipper 1248,True,True,True,8/7/2017 12:00,8/8/2017 10:00,False,False,False,False,False,False,False,False,Cartersville,GA ,Cartersville,GA 
6798,206578913,8/3/2017 14:28,8/3/2017 14:28,8/4/2017 12:25,8/7/2017 12:00,8/8/2017 12:30,996.93,1050.0,-53.07,485.3,DRV,,,False,0,Carrier 1455946,Shipper 1387,True,True,True,8/7/2017 12:00,8/8/2017 10:00,False,False,False,False,False,False,False,False,Cartersville,GA ,Cartersville,GA 
6799,206578913,8/3/2017 14:28,8/3/2017 14:28,8/4/2017 12:25,8/7/2017 12:00,8/8/2017 12:30,996.93,1050.0,-53.07,485.3,DRV,,,False,0,Carrier 1455946,Shipper 1388,True,True,True,8/7/2017 12:00,8/8/2017 10:00,False,False,False,False,False,False,False,False,Cartersville,GA ,Cartersville,GA 
6800,206516489,6/5/2017 14:01,6/5/2017 14:02,6/8/2017 7:28,6/8/2017 8:00,6/9/2017 7:21,995.84,1150.0,-154.16,332.2,DRV,,,False,0,Carrier 1215415,Shipper 623,True,True,True,6/8/2017 15:00,6/9/2017 10:00,False,False,False,False,False,False,False,False,Reading,PA ,Reading,PA 
6801,206649761,3/31/2017 16:42,3/31/2017 16:42,4/6/2017 10:20,4/6/2017 15:00,4/7/2017 13:30,995.0,950.0,45.0,220.8,RFR,4.0,,False,0,Carrier 257959,Shipper 1184,True,True,True,4/6/2017 15:00,4/7/2017 13:00,False,False,False,False,False,False,False,False,Pittston,PA ,Pittston,PA 
6802,206478249,8/23/2017 11:59,8/23/2017 11:59,8/24/2017 9:56,8/24/2017 7:00,8/25/2017 11:00,995.0,950.0,45.0,328.4,DRV,,,False,0,Carrier 1619928,Shipper 1357,True,True,True,8/24/2017 15:00,8/25/2017 10:00,False,False,False,False,False,False,False,False,Somerset,WI ,Somerset,WI 
6803,206476097,5/6/2017 10:07,5/6/2017 10:08,5/10/2017 10:32,5/11/2017 9:00,5/12/2017 14:00,994.56,925.0,69.56,588.6,DRV,3.0,,False,0,Carrier 1346406,Shipper 944,True,True,True,5/11/2017 16:00,5/12/2017 13:45,False,False,False,False,False,False,False,False,McCook,NE ,McCook,NE 
6804,206489345,4/10/2017 8:12,4/10/2017 8:13,4/11/2017 9:24,4/11/2017 7:00,4/12/2017 7:30,994.45,950.0,44.45,517.4,RFR,4.0,,False,0,Carrier 452009,Shipper 1104,True,True,True,4/11/2017 14:00,4/12/2017 16:00,False,False,False,False,False,False,False,False,Moonachie,NJ ,Moonachie,NJ 
6805,206532337,1/31/2017 14:57,1/31/2017 14:57,2/6/2017 11:04,2/6/2017 9:00,2/7/2017 15:00,993.38,900.0,93.38,588.6,DRV,,,False,1,Carrier 1038801,Shipper 944,True,True,True,2/6/2017 16:00,2/7/2017 10:30,False,False,False,False,False,False,False,False,McCook,NE ,McCook,NE 
6806,206693481,5/1/2017 14:35,5/1/2017 14:35,5/22/2017 10:40,5/22/2017 13:00,5/23/2017 21:00,992.46,1039.0,-46.54,563.0,DRV,2.0,,False,1,Carrier 53723,Shipper 758,True,True,True,5/22/2017 13:00,5/23/2017 19:00,False,False,False,False,False,False,False,False,Denver,CO ,Denver,CO 
6807,206618169,4/17/2017 17:17,4/17/2017 17:17,4/18/2017 16:04,4/18/2017 22:00,4/19/2017 11:36,991.21,1150.0,-158.79,411.7,DRV,,,False,0,Carrier 308188,Shipper 1249,True,True,True,4/18/2017 22:00,4/19/2017 10:30,False,False,False,False,False,False,False,False,Houston,TX ,Houston,TX 
6808,206618169,4/17/2017 17:17,4/17/2017 17:17,4/18/2017 16:04,4/18/2017 22:00,4/19/2017 11:36,991.21,1150.0,-158.79,411.7,DRV,,,False,0,Carrier 308188,Shipper 1375,True,True,True,4/18/2017 22:00,4/19/2017 10:30,False,False,False,False,False,False,False,False,Houston,TX ,Houston,TX 
6809,206618169,4/17/2017 17:17,4/17/2017 17:17,4/18/2017 16:04,4/18/2017 22:00,4/19/2017 11:36,991.21,1150.0,-158.79,411.7,DRV,,,False,0,Carrier 308188,Shipper 1386,True,True,True,4/18/2017 22:00,4/19/2017 10:30,False,False,False,False,False,False,False,False,Houston,TX ,Houston,TX 
6810,206618169,4/17/2017 17:17,4/17/2017 17:17,4/18/2017 16:04,4/18/2017 22:00,4/19/2017 11:36,991.21,1150.0,-158.79,411.7,DRV,,,False,0,Carrier 308188,Shipper 1248,True,True,True,4/18/2017 22:00,4/19/2017 10:30,False,False,False,False,False,False,False,False,Houston,TX ,Houston,TX 
6811,206618169,4/17/2017 17:17,4/17/2017 17:17,4/18/2017 16:04,4/18/2017 22:00,4/19/2017 11:36,991.21,1150.0,-158.79,411.7,DRV,,,False,0,Carrier 308188,Shipper 1387,True,True,True,4/18/2017 22:00,4/19/2017 10:30,False,False,False,False,False,False,False,False,Houston,TX ,Houston,TX 
6812,206618169,4/17/2017 17:17,4/17/2017 17:17,4/18/2017 16:04,4/18/2017 22:00,4/19/2017 11:36,991.21,1150.0,-158.79,411.7,DRV,,,False,0,Carrier 308188,Shipper 1388,True,True,True,4/18/2017 22:00,4/19/2017 10:30,False,False,False,False,False,False,False,False,Houston,TX ,Houston,TX 
6813,206475769,11/8/2017 9:52,11/8/2017 9:52,11/9/2017 8:25,11/9/2017 9:00,11/10/2017 7:00,990.64,1125.0,-134.36,329.2,DRV,,,False,0,Carrier 359620,Shipper 758,True,True,True,11/9/2017 16:00,11/10/2017 1:30,False,False,False,False,False,False,False,False,Vernon,CA ,Vernon,CA 
6814,206432569,10/6/2017 15:52,10/6/2017 15:52,10/9/2017 17:26,10/10/2017 8:00,10/10/2017 16:20,989.83,800.0,189.83,83.3,DRV,,,False,2,Carrier 1695553,Shipper 1249,True,True,True,10/10/2017 15:00,10/10/2017 23:00,False,False,False,False,False,False,False,False,Little Falls,NY ,Little Falls,NY 
6815,206432569,10/6/2017 15:52,10/6/2017 15:52,10/9/2017 17:26,10/10/2017 8:00,10/10/2017 16:20,989.83,800.0,189.83,83.3,DRV,,,False,2,Carrier 1695553,Shipper 1375,True,True,True,10/10/2017 15:00,10/10/2017 23:00,False,False,False,False,False,False,False,False,Little Falls,NY ,Little Falls,NY 
6816,206432569,10/6/2017 15:52,10/6/2017 15:52,10/9/2017 17:26,10/10/2017 8:00,10/10/2017 16:20,989.83,800.0,189.83,83.3,DRV,,,False,2,Carrier 1695553,Shipper 1386,True,True,True,10/10/2017 15:00,10/10/2017 23:00,False,False,False,False,False,False,False,False,Little Falls,NY ,Little Falls,NY 
6817,206432569,10/6/2017 15:52,10/6/2017 15:52,10/9/2017 17:26,10/10/2017 8:00,10/10/2017 16:20,989.83,800.0,189.83,83.3,DRV,,,False,2,Carrier 1695553,Shipper 1248,True,True,True,10/10/2017 15:00,10/10/2017 23:00,False,False,False,False,False,False,False,False,Little Falls,NY ,Little Falls,NY 
6818,206432569,10/6/2017 15:52,10/6/2017 15:52,10/9/2017 17:26,10/10/2017 8:00,10/10/2017 16:20,989.83,800.0,189.83,83.3,DRV,,,False,2,Carrier 1695553,Shipper 1387,True,True,True,10/10/2017 15:00,10/10/2017 23:00,False,False,False,False,False,False,False,False,Little Falls,NY ,Little Falls,NY 
6819,206432569,10/6/2017 15:52,10/6/2017 15:52,10/9/2017 17:26,10/10/2017 8:00,10/10/2017 16:20,989.83,800.0,189.83,83.3,DRV,,,False,2,Carrier 1695553,Shipper 1388,True,True,True,10/10/2017 15:00,10/10/2017 23:00,False,False,False,False,False,False,False,False,Little Falls,NY ,Little Falls,NY 
6820,206607753,12/18/2017 23:45,12/18/2017 23:45,12/21/2017 9:07,12/21/2017 15:00,12/22/2017 11:20,988.88,1400.0,-411.12,315.7,DRV,,,False,0,Carrier 1695246,Shipper 1249,True,True,True,12/21/2017 15:00,12/22/2017 14:00,False,False,False,False,False,False,False,False,Cartersville,GA ,Cartersville,GA 
6821,206607753,12/18/2017 23:45,12/18/2017 23:45,12/21/2017 9:07,12/21/2017 15:00,12/22/2017 11:20,988.88,1400.0,-411.12,315.7,DRV,,,False,0,Carrier 1695246,Shipper 1375,True,True,True,12/21/2017 15:00,12/22/2017 14:00,False,False,False,False,False,False,False,False,Cartersville,GA ,Cartersville,GA 
6822,206607753,12/18/2017 23:45,12/18/2017 23:45,12/21/2017 9:07,12/21/2017 15:00,12/22/2017 11:20,988.88,1400.0,-411.12,315.7,DRV,,,False,0,Carrier 1695246,Shipper 1386,True,True,True,12/21/2017 15:00,12/22/2017 14:00,False,False,False,False,False,False,False,False,Cartersville,GA ,Cartersville,GA 
6823,206607753,12/18/2017 23:45,12/18/2017 23:45,12/21/2017 9:07,12/21/2017 15:00,12/22/2017 11:20,988.88,1400.0,-411.12,315.7,DRV,,,False,0,Carrier 1695246,Shipper 1248,True,True,True,12/21/2017 15:00,12/22/2017 14:00,False,False,False,False,False,False,False,False,Cartersville,GA ,Cartersville,GA 
6824,206607753,12/18/2017 23:45,12/18/2017 23:45,12/21/2017 9:07,12/21/2017 15:00,12/22/2017 11:20,988.88,1400.0,-411.12,315.7,DRV,,,False,0,Carrier 1695246,Shipper 1387,True,True,True,12/21/2017 15:00,12/22/2017 14:00,False,False,False,False,False,False,False,False,Cartersville,GA ,Cartersville,GA 
6825,206607753,12/18/2017 23:45,12/18/2017 23:45,12/21/2017 9:07,12/21/2017 15:00,12/22/2017 11:20,988.88,1400.0,-411.12,315.7,DRV,,,False,0,Carrier 1695246,Shipper 1388,True,True,True,12/21/2017 15:00,12/22/2017 14:00,False,False,False,False,False,False,False,False,Cartersville,GA ,Cartersville,GA 
6826,206571465,5/26/2017 10:03,5/26/2017 10:06,5/30/2017 10:27,5/30/2017 8:00,5/31/2017 8:30,988.78,1000.0,-11.22,620.9,DRV,,,False,0,Carrier 1025747,Shipper 744,True,True,True,5/30/2017 15:45,5/31/2017 19:00,False,False,False,False,False,False,False,False,Conover,NC ,Conover,NC 
6827,206502801,3/27/2017 11:17,3/27/2017 11:17,3/29/2017 11:20,3/29/2017 11:00,3/29/2017 20:30,988.3,950.0,38.3,120.9,DRV,,,False,0,Carrier 179386,Shipper 758,False,True,True,3/29/2017 11:00,3/29/2017 19:00,False,False,False,False,False,False,False,False,Shippensburg,PA ,Shippensburg,PA 
6828,206508481,3/27/2017 11:35,3/27/2017 11:35,4/14/2017 12:31,4/14/2017 13:30,4/17/2017 18:06,988.12,930.0,58.12,563.0,DRV,,,False,1,Carrier 1663138,Shipper 758,True,True,True,4/14/2017 13:30,4/17/2017 16:00,False,False,False,False,False,False,False,False,Denver,CO ,Denver,CO 
6829,206424049,7/6/2017 11:22,7/6/2017 11:22,7/7/2017 11:22,7/10/2017 9:00,7/11/2017 11:00,986.49,900.0,86.49,588.6,DRV,,,False,0,Carrier 155423,Shipper 944,True,True,True,7/10/2017 16:00,7/11/2017 8:00,False,False,False,False,False,False,False,False,McCook,NE ,McCook,NE 
6830,206521169,10/16/2017 16:39,10/16/2017 16:39,10/30/2017 11:30,10/30/2017 19:00,11/1/2017 6:55,986.05,1205.0,-218.95,526.0,DRV,,,False,1,Carrier 503149,Shipper 758,True,True,True,10/30/2017 20:00,11/1/2017 2:00,False,False,False,False,False,False,False,False,Henderson,NV ,Henderson,NV 
6831,206553129,12/12/2017 16:51,12/12/2017 16:51,12/13/2017 11:08,12/14/2017 14:00,12/15/2017 9:40,985.92,1100.0,-114.08,306.4,DRV,,source_list,False,0,Carrier 941668,Shipper 1249,True,True,True,12/14/2017 14:00,12/15/2017 8:00,False,False,False,False,False,False,False,False,Cartersville,GA ,Cartersville,GA 
6832,206553129,12/12/2017 16:51,12/12/2017 16:51,12/13/2017 11:08,12/14/2017 14:00,12/15/2017 9:40,985.92,1100.0,-114.08,306.4,DRV,,source_list,False,0,Carrier 941668,Shipper 1375,True,True,True,12/14/2017 14:00,12/15/2017 8:00,False,False,False,False,False,False,False,False,Cartersville,GA ,Cartersville,GA 
6833,206553129,12/12/2017 16:51,12/12/2017 16:51,12/13/2017 11:08,12/14/2017 14:00,12/15/2017 9:40,985.92,1100.0,-114.08,306.4,DRV,,source_list,False,0,Carrier 941668,Shipper 1386,True,True,True,12/14/2017 14:00,12/15/2017 8:00,False,False,False,False,False,False,False,False,Cartersville,GA ,Cartersville,GA 
6834,206553129,12/12/2017 16:51,12/12/2017 16:51,12/13/2017 11:08,12/14/2017 14:00,12/15/2017 9:40,985.92,1100.0,-114.08,306.4,DRV,,source_list,False,0,Carrier 941668,Shipper 1248,True,True,True,12/14/2017 14:00,12/15/2017 8:00,False,False,False,False,False,False,False,False,Cartersville,GA ,Cartersville,GA 
6835,206553129,12/12/2017 16:51,12/12/2017 16:51,12/13/2017 11:08,12/14/2017 14:00,12/15/2017 9:40,985.92,1100.0,-114.08,306.4,DRV,,source_list,False,0,Carrier 941668,Shipper 1387,True,True,True,12/14/2017 14:00,12/15/2017 8:00,False,False,False,False,False,False,False,False,Cartersville,GA ,Cartersville,GA 
6836,206553129,12/12/2017 16:51,12/12/2017 16:51,12/13/2017 11:08,12/14/2017 14:00,12/15/2017 9:40,985.92,1100.0,-114.08,306.4,DRV,,source_list,False,0,Carrier 941668,Shipper 1388,True,True,True,12/14/2017 14:00,12/15/2017 8:00,False,False,False,False,False,False,False,False,Cartersville,GA ,Cartersville,GA 
6837,206488929,1/9/2017 7:16,1/9/2017 7:16,1/10/2017 15:28,1/11/2017 8:00,1/12/2017 19:52,985.06,950.0,35.06,714.6,DRV,,,False,0,Carrier 1063135,Shipper 623,True,True,True,1/11/2017 15:00,1/12/2017 18:30,False,False,False,False,False,False,False,False,Reading,PA ,Reading,PA 
6838,206657681,6/12/2017 12:13,6/12/2017 12:14,6/13/2017 9:31,6/13/2017 11:00,6/14/2017 7:57,985.0,1050.0,-65.0,333.9,DRV,,,False,0,Carrier 1695086,Shipper 1173,True,False,False,6/13/2017 16:00,6/14/2017 5:00,False,False,False,False,False,False,False,False,Baltimore,MD ,Baltimore,MD 
6839,206622361,5/31/2017 14:36,5/31/2017 14:36,6/1/2017 13:45,6/1/2017 13:00,6/2/2017 6:00,985.0,1250.0,-265.0,333.9,DRV,,,False,0,Carrier 1563442,Shipper 1173,False,False,False,6/1/2017 13:00,6/2/2017 4:00,False,False,False,False,False,False,False,False,Baltimore,MD ,Baltimore,MD 
6840,206489897,7/10/2017 13:20,7/10/2017 13:20,7/12/2017 13:42,7/13/2017 19:00,7/15/2017 1:30,984.88,1000.0,-15.12,526.0,DRV,,,False,0,Carrier 1065339,Shipper 758,True,True,True,7/13/2017 19:00,7/14/2017 22:30,False,False,False,False,False,False,False,False,Henderson,NV ,Henderson,NV 
6841,206664065,3/24/2017 8:54,3/24/2017 8:54,3/24/2017 9:34,3/24/2017 11:00,3/27/2017 8:45,981.93,750.0,231.93,417.2,DRV,,,False,0,Carrier 590210,Shipper 744,True,True,True,3/24/2017 15:00,3/27/2017 15:30,False,False,False,False,False,False,False,False,Montgomery,AL ,Montgomery,AL 
6842,206552809,8/17/2017 10:22,8/17/2017 10:23,8/17/2017 15:19,8/21/2017 8:00,8/22/2017 11:00,978.02,850.0,128.02,719.3,DRV,,,False,0,Carrier 57804,Shipper 623,True,True,True,8/21/2017 15:00,8/22/2017 10:00,False,False,False,False,False,False,False,False,Reading,PA ,Reading,PA 
6843,206622529,4/26/2017 9:32,4/26/2017 9:32,5/5/2017 9:27,5/11/2017 15:30,5/12/2017 18:05,977.46,924.0,53.46,563.0,DRV,,,False,0,Carrier 374915,Shipper 758,True,True,True,5/11/2017 15:30,5/12/2017 16:00,False,False,False,False,False,False,False,False,Denver,CO ,Denver,CO 
6844,206440025,5/3/2017 8:39,5/3/2017 8:39,5/17/2017 10:46,5/22/2017 13:30,5/23/2017 17:31,977.46,924.0,53.46,563.0,DRV,,,False,0,Carrier 374915,Shipper 758,False,True,True,5/22/2017 13:30,5/23/2017 16:00,False,False,False,False,False,False,False,False,Denver,CO ,Denver,CO 
6845,206483305,12/14/2017 16:44,12/14/2017 16:44,12/15/2017 15:49,12/17/2017 14:00,12/18/2017 10:30,977.08,1000.0,-22.92,418.4,DRV,,dat_out,False,0,Carrier 80546,Shipper 1249,False,True,False,12/17/2017 14:00,12/18/2017 10:00,False,False,False,False,False,False,False,False,Houston,TX ,Houston,TX 
6846,206483305,12/14/2017 16:44,12/14/2017 16:44,12/15/2017 15:49,12/17/2017 14:00,12/18/2017 10:30,977.08,1000.0,-22.92,418.4,DRV,,dat_out,False,0,Carrier 80546,Shipper 1375,False,True,False,12/17/2017 14:00,12/18/2017 10:00,False,False,False,False,False,False,False,False,Houston,TX ,Houston,TX 
6847,206483305,12/14/2017 16:44,12/14/2017 16:44,12/15/2017 15:49,12/17/2017 14:00,12/18/2017 10:30,977.08,1000.0,-22.92,418.4,DRV,,dat_out,False,0,Carrier 80546,Shipper 1386,False,True,False,12/17/2017 14:00,12/18/2017 10:00,False,False,False,False,False,False,False,False,Houston,TX ,Houston,TX 
6848,206483305,12/14/2017 16:44,12/14/2017 16:44,12/15/2017 15:49,12/17/2017 14:00,12/18/2017 10:30,977.08,1000.0,-22.92,418.4,DRV,,dat_out,False,0,Carrier 80546,Shipper 1248,False,True,False,12/17/2017 14:00,12/18/2017 10:00,False,False,False,False,False,False,False,False,Houston,TX ,Houston,TX 
6849,206483305,12/14/2017 16:44,12/14/2017 16:44,12/15/2017 15:49,12/17/2017 14:00,12/18/2017 10:30,977.08,1000.0,-22.92,418.4,DRV,,dat_out,False,0,Carrier 80546,Shipper 1387,False,True,False,12/17/2017 14:00,12/18/2017 10:00,False,False,False,False,False,False,False,False,Houston,TX ,Houston,TX 
6850,206483305,12/14/2017 16:44,12/14/2017 16:44,12/15/2017 15:49,12/17/2017 14:00,12/18/2017 10:30,977.08,1000.0,-22.92,418.4,DRV,,dat_out,False,0,Carrier 80546,Shipper 1388,False,True,False,12/17/2017 14:00,12/18/2017 10:00,False,False,False,False,False,False,False,False,Houston,TX ,Houston,TX 
6851,206628913,6/20/2017 9:22,6/20/2017 9:22,6/22/2017 14:35,6/22/2017 17:00,6/23/2017 11:00,975.8,1500.0,-524.2,440.6,DRV,,,False,0,Carrier 975211,Shipper 1528,True,True,True,6/22/2017 17:00,6/23/2017 16:00,False,False,False,False,False,False,False,False,Tuscaloosa,AL ,Tuscaloosa,AL 
6852,206590617,6/20/2017 8:59,6/20/2017 8:59,6/21/2017 10:10,6/21/2017 17:00,6/22/2017 9:50,975.8,1000.0,-24.2,440.6,DRV,,,False,0,Carrier 311629,Shipper 1528,True,True,True,6/21/2017 17:00,6/22/2017 16:00,False,False,False,False,False,False,False,False,Tuscaloosa,AL ,Tuscaloosa,AL 
6853,206490305,6/20/2017 9:27,6/20/2017 9:27,6/23/2017 15:24,6/23/2017 17:00,6/26/2017 8:30,975.8,1950.0,-974.2,440.6,DRV,,,False,0,Carrier 1694789,Shipper 1528,False,True,True,6/23/2017 17:00,6/26/2017 16:00,False,False,False,False,False,False,False,False,Tuscaloosa,AL ,Tuscaloosa,AL 
6854,206542001,7/7/2017 14:08,7/7/2017 14:08,7/7/2017 15:27,7/10/2017 12:00,7/12/2017 11:15,975.0,950.0,25.0,323.8,DRV,,,False,0,Carrier 1426045,Shipper 560,True,True,True,7/10/2017 14:00,7/11/2017 16:00,False,False,False,False,False,False,False,False,Wanaque,NJ ,Wanaque,NJ 
6855,206490489,2/10/2017 15:18,2/10/2017 15:18,2/14/2017 8:52,2/14/2017 7:00,2/15/2017 12:35,975.0,975.0,0.0,697.5,DRV,5.0,,False,0,Carrier 997743,Shipper 841,True,True,True,2/14/2017 17:00,2/15/2017 14:00,False,False,False,False,False,False,False,False,North Richland Hills,TX ,North Richland Hills,TX 
6856,206585329,11/16/2017 9:57,11/16/2017 9:57,11/20/2017 17:56,11/21/2017 20:00,11/23/2017 4:20,974.71,1000.0,-25.29,526.0,DRV,,,False,0,Carrier 1080668,Shipper 758,True,True,True,11/21/2017 20:00,11/23/2017 0:00,False,False,False,False,False,False,False,False,Henderson,NV ,Henderson,NV 
6857,206427209,6/12/2017 12:54,6/12/2017 12:54,6/16/2017 10:09,6/19/2017 17:00,6/20/2017 10:30,974.56,1100.0,-125.44,311.9,RFR,,,False,0,Carrier 1018846,Shipper 758,True,True,True,6/19/2017 17:00,6/20/2017 9:00,False,False,False,False,False,False,False,False,Bloomington,CA ,Bloomington,CA 
6858,206554561,5/23/2017 17:18,5/23/2017 17:18,6/5/2017 12:56,6/5/2017 17:00,6/6/2017 12:00,974.56,1100.0,-125.44,311.9,RFR,,,False,0,Carrier 55988,Shipper 758,False,True,True,6/5/2017 17:00,6/6/2017 10:00,False,False,False,False,False,False,False,False,Bloomington,CA ,Bloomington,CA 
6859,206563137,9/20/2017 9:55,9/20/2017 9:55,9/21/2017 12:47,9/26/2017 19:00,9/27/2017 15:30,973.08,840.0,133.08,284.1,RFR,,,False,0,Carrier 1438707,Shipper 758,True,True,True,9/26/2017 19:00,9/27/2017 10:00,False,False,False,False,False,False,False,False,Kent,WA ,Kent,WA 
6860,206563945,1/25/2017 16:11,1/25/2017 16:11,1/31/2017 12:33,1/31/2017 8:00,2/1/2017 8:10,973.0,1050.0,-77.0,389.8,DRV,4.0,,False,1,Carrier 985688,Shipper 1184,True,True,True,1/31/2017 16:30,2/1/2017 7:00,False,False,False,False,False,False,False,False,Marion,VA ,Marion,VA 
6861,206495777,1/25/2017 17:00,1/25/2017 17:00,1/31/2017 15:16,2/1/2017 8:00,2/2/2017 9:45,973.0,950.0,23.0,389.8,DRV,,,False,1,Carrier 1248660,Shipper 1184,True,True,True,2/1/2017 16:30,2/2/2017 9:00,False,False,False,False,False,False,False,False,Marion,VA ,Marion,VA 
6862,206469865,2/3/2017 10:22,2/3/2017 10:43,2/6/2017 10:29,2/6/2017 14:00,2/7/2017 10:30,972.37,1000.0,-27.63,557.9,RFR,,,False,0,Carrier 1693556,Shipper 1272,True,True,True,2/6/2017 17:00,2/7/2017 8:00,False,False,False,False,False,False,False,False,Timberville,VA ,Timberville,VA 
6863,206536801,10/20/2017 17:37,10/20/2017 17:37,10/23/2017 10:03,10/23/2017 16:00,10/25/2017 11:30,972.28,950.0,22.28,402.5,DRV,,,False,0,Carrier 1695597,Shipper 1249,True,True,True,10/23/2017 16:00,10/25/2017 10:00,False,False,False,False,False,False,False,False,Houston,TX ,Houston,TX 
6864,206536801,10/20/2017 17:37,10/20/2017 17:37,10/23/2017 10:03,10/23/2017 16:00,10/25/2017 11:30,972.28,950.0,22.28,402.5,DRV,,,False,0,Carrier 1695597,Shipper 1375,True,True,True,10/23/2017 16:00,10/25/2017 10:00,False,False,False,False,False,False,False,False,Houston,TX ,Houston,TX 
6865,206536801,10/20/2017 17:37,10/20/2017 17:37,10/23/2017 10:03,10/23/2017 16:00,10/25/2017 11:30,972.28,950.0,22.28,402.5,DRV,,,False,0,Carrier 1695597,Shipper 1386,True,True,True,10/23/2017 16:00,10/25/2017 10:00,False,False,False,False,False,False,False,False,Houston,TX ,Houston,TX 
6866,206536801,10/20/2017 17:37,10/20/2017 17:37,10/23/2017 10:03,10/23/2017 16:00,10/25/2017 11:30,972.28,950.0,22.28,402.5,DRV,,,False,0,Carrier 1695597,Shipper 1248,True,True,True,10/23/2017 16:00,10/25/2017 10:00,False,False,False,False,False,False,False,False,Houston,TX ,Houston,TX 
6867,206536801,10/20/2017 17:37,10/20/2017 17:37,10/23/2017 10:03,10/23/2017 16:00,10/25/2017 11:30,972.28,950.0,22.28,402.5,DRV,,,False,0,Carrier 1695597,Shipper 1387,True,True,True,10/23/2017 16:00,10/25/2017 10:00,False,False,False,False,False,False,False,False,Houston,TX ,Houston,TX 
6868,206536801,10/20/2017 17:37,10/20/2017 17:37,10/23/2017 10:03,10/23/2017 16:00,10/25/2017 11:30,972.28,950.0,22.28,402.5,DRV,,,False,0,Carrier 1695597,Shipper 1388,True,True,True,10/23/2017 16:00,10/25/2017 10:00,False,False,False,False,False,False,False,False,Houston,TX ,Houston,TX 
6869,206435057,1/25/2017 14:11,1/25/2017 14:11,1/25/2017 16:10,1/26/2017 12:00,1/27/2017 11:32,971.98,900.0,71.98,546.8,DRV,,,False,1,Carrier 1087076,Shipper 744,False,True,True,1/26/2017 14:00,1/27/2017 20:00,False,False,False,False,False,False,False,False,Spindale,NC ,Spindale,NC 
6870,206484729,2/1/2017 14:10,2/1/2017 14:10,2/1/2017 15:04,2/2/2017 9:00,2/3/2017 10:30,971.98,875.0,96.98,546.8,DRV,4.0,,False,0,Carrier 1686218,Shipper 744,True,True,True,2/2/2017 13:30,2/3/2017 20:00,False,False,False,False,False,False,False,False,Spindale,NC ,Spindale,NC 
6871,206703977,6/16/2017 17:27,6/16/2017 17:27,6/19/2017 15:47,6/20/2017 8:00,6/20/2017 19:00,971.17,900.0,71.17,298.7,DRV,,,False,0,Carrier 1333544,Shipper 762,True,True,True,6/20/2017 16:30,6/20/2017 19:30,False,False,False,False,False,False,False,False,Quincy,IL ,Quincy,IL 
6872,206646857,5/31/2017 15:27,5/31/2017 15:27,6/6/2017 18:24,6/6/2017 12:00,6/8/2017 8:30,969.6,1800.0,-830.4,336.3,DRV,,,False,3,Carrier 1695346,Shipper 1249,True,False,True,6/6/2017 23:00,6/7/2017 10:00,False,False,False,False,False,False,False,False,Columbus,OH ,Columbus,OH 
6873,206646857,5/31/2017 15:27,5/31/2017 15:27,6/6/2017 18:24,6/6/2017 12:00,6/8/2017 8:30,969.6,1800.0,-830.4,336.3,DRV,,,False,3,Carrier 1695346,Shipper 1375,True,False,True,6/6/2017 23:00,6/7/2017 10:00,False,False,False,False,False,False,False,False,Columbus,OH ,Columbus,OH 
6874,206646857,5/31/2017 15:27,5/31/2017 15:27,6/6/2017 18:24,6/6/2017 12:00,6/8/2017 8:30,969.6,1800.0,-830.4,336.3,DRV,,,False,3,Carrier 1695346,Shipper 1386,True,False,True,6/6/2017 23:00,6/7/2017 10:00,False,False,False,False,False,False,False,False,Columbus,OH ,Columbus,OH 
6875,206646857,5/31/2017 15:27,5/31/2017 15:27,6/6/2017 18:24,6/6/2017 12:00,6/8/2017 8:30,969.6,1800.0,-830.4,336.3,DRV,,,False,3,Carrier 1695346,Shipper 1248,True,False,True,6/6/2017 23:00,6/7/2017 10:00,False,False,False,False,False,False,False,False,Columbus,OH ,Columbus,OH 
6876,206646857,5/31/2017 15:27,5/31/2017 15:27,6/6/2017 18:24,6/6/2017 12:00,6/8/2017 8:30,969.6,1800.0,-830.4,336.3,DRV,,,False,3,Carrier 1695346,Shipper 1387,True,False,True,6/6/2017 23:00,6/7/2017 10:00,False,False,False,False,False,False,False,False,Columbus,OH ,Columbus,OH 
6877,206646857,5/31/2017 15:27,5/31/2017 15:27,6/6/2017 18:24,6/6/2017 12:00,6/8/2017 8:30,969.6,1800.0,-830.4,336.3,DRV,,,False,3,Carrier 1695346,Shipper 1388,True,False,True,6/6/2017 23:00,6/7/2017 10:00,False,False,False,False,False,False,False,False,Columbus,OH ,Columbus,OH 
6878,206499193,6/1/2017 16:15,6/1/2017 16:15,6/7/2017 18:16,6/7/2017 20:00,6/8/2017 16:30,969.42,2038.99,-1069.57,332.3,RFR,,,False,0,Carrier 1284276,Shipper 1249,True,True,True,6/7/2017 23:55,6/8/2017 14:30,False,False,False,False,False,False,False,False,Williamsburg,VA ,Williamsburg,VA 
6879,206499193,6/1/2017 16:15,6/1/2017 16:15,6/7/2017 18:16,6/7/2017 20:00,6/8/2017 16:30,969.42,2038.99,-1069.57,332.3,RFR,,,False,0,Carrier 1284276,Shipper 1375,True,True,True,6/7/2017 23:55,6/8/2017 14:30,False,False,False,False,False,False,False,False,Williamsburg,VA ,Williamsburg,VA 
6880,206499193,6/1/2017 16:15,6/1/2017 16:15,6/7/2017 18:16,6/7/2017 20:00,6/8/2017 16:30,969.42,2038.99,-1069.57,332.3,RFR,,,False,0,Carrier 1284276,Shipper 1386,True,True,True,6/7/2017 23:55,6/8/2017 14:30,False,False,False,False,False,False,False,False,Williamsburg,VA ,Williamsburg,VA 
6881,206499193,6/1/2017 16:15,6/1/2017 16:15,6/7/2017 18:16,6/7/2017 20:00,6/8/2017 16:30,969.42,2038.99,-1069.57,332.3,RFR,,,False,0,Carrier 1284276,Shipper 1248,True,True,True,6/7/2017 23:55,6/8/2017 14:30,False,False,False,False,False,False,False,False,Williamsburg,VA ,Williamsburg,VA 
6882,206499193,6/1/2017 16:15,6/1/2017 16:15,6/7/2017 18:16,6/7/2017 20:00,6/8/2017 16:30,969.42,2038.99,-1069.57,332.3,RFR,,,False,0,Carrier 1284276,Shipper 1387,True,True,True,6/7/2017 23:55,6/8/2017 14:30,False,False,False,False,False,False,False,False,Williamsburg,VA ,Williamsburg,VA 
6883,206499193,6/1/2017 16:15,6/1/2017 16:15,6/7/2017 18:16,6/7/2017 20:00,6/8/2017 16:30,969.42,2038.99,-1069.57,332.3,RFR,,,False,0,Carrier 1284276,Shipper 1388,True,True,True,6/7/2017 23:55,6/8/2017 14:30,False,False,False,False,False,False,False,False,Williamsburg,VA ,Williamsburg,VA 
6884,206536329,4/4/2017 16:21,4/4/2017 16:22,4/5/2017 16:47,4/6/2017 11:00,4/7/2017 11:05,966.06,1200.0,-233.94,376.0,RFR,4.0,,False,0,Carrier 1694518,Shipper 1249,True,True,True,4/6/2017 11:00,4/7/2017 14:30,False,False,False,False,False,False,False,False,Granite City,IL ,Granite City,IL 
6885,206536329,4/4/2017 16:21,4/4/2017 16:22,4/5/2017 16:47,4/6/2017 11:00,4/7/2017 11:05,966.06,1200.0,-233.94,376.0,RFR,4.0,,False,0,Carrier 1694518,Shipper 1375,True,True,True,4/6/2017 11:00,4/7/2017 14:30,False,False,False,False,False,False,False,False,Granite City,IL ,Granite City,IL 
6886,206536329,4/4/2017 16:21,4/4/2017 16:22,4/5/2017 16:47,4/6/2017 11:00,4/7/2017 11:05,966.06,1200.0,-233.94,376.0,RFR,4.0,,False,0,Carrier 1694518,Shipper 1386,True,True,True,4/6/2017 11:00,4/7/2017 14:30,False,False,False,False,False,False,False,False,Granite City,IL ,Granite City,IL 
6887,206536329,4/4/2017 16:21,4/4/2017 16:22,4/5/2017 16:47,4/6/2017 11:00,4/7/2017 11:05,966.06,1200.0,-233.94,376.0,RFR,4.0,,False,0,Carrier 1694518,Shipper 1248,True,True,True,4/6/2017 11:00,4/7/2017 14:30,False,False,False,False,False,False,False,False,Granite City,IL ,Granite City,IL 
6888,206536329,4/4/2017 16:21,4/4/2017 16:22,4/5/2017 16:47,4/6/2017 11:00,4/7/2017 11:05,966.06,1200.0,-233.94,376.0,RFR,4.0,,False,0,Carrier 1694518,Shipper 1387,True,True,True,4/6/2017 11:00,4/7/2017 14:30,False,False,False,False,False,False,False,False,Granite City,IL ,Granite City,IL 
6889,206536329,4/4/2017 16:21,4/4/2017 16:22,4/5/2017 16:47,4/6/2017 11:00,4/7/2017 11:05,966.06,1200.0,-233.94,376.0,RFR,4.0,,False,0,Carrier 1694518,Shipper 1388,True,True,True,4/6/2017 11:00,4/7/2017 14:30,False,False,False,False,False,False,False,False,Granite City,IL ,Granite City,IL 
6890,206553705,5/30/2017 14:56,5/30/2017 14:56,5/30/2017 20:43,5/31/2017 8:00,5/31/2017 18:40,965.99,800.0,165.99,115.2,RFR,,,False,1,Carrier 1695291,Shipper 1249,True,True,True,5/31/2017 8:00,5/31/2017 15:00,False,False,False,False,False,False,False,False,Aurora,CO ,Aurora,CO 
6891,206553705,5/30/2017 14:56,5/30/2017 14:56,5/30/2017 20:43,5/31/2017 8:00,5/31/2017 18:40,965.99,800.0,165.99,115.2,RFR,,,False,1,Carrier 1695291,Shipper 1375,True,True,True,5/31/2017 8:00,5/31/2017 15:00,False,False,False,False,False,False,False,False,Aurora,CO ,Aurora,CO 
6892,206553705,5/30/2017 14:56,5/30/2017 14:56,5/30/2017 20:43,5/31/2017 8:00,5/31/2017 18:40,965.99,800.0,165.99,115.2,RFR,,,False,1,Carrier 1695291,Shipper 1386,True,True,True,5/31/2017 8:00,5/31/2017 15:00,False,False,False,False,False,False,False,False,Aurora,CO ,Aurora,CO 
6893,206553705,5/30/2017 14:56,5/30/2017 14:56,5/30/2017 20:43,5/31/2017 8:00,5/31/2017 18:40,965.99,800.0,165.99,115.2,RFR,,,False,1,Carrier 1695291,Shipper 1248,True,True,True,5/31/2017 8:00,5/31/2017 15:00,False,False,False,False,False,False,False,False,Aurora,CO ,Aurora,CO 
6894,206553705,5/30/2017 14:56,5/30/2017 14:56,5/30/2017 20:43,5/31/2017 8:00,5/31/2017 18:40,965.99,800.0,165.99,115.2,RFR,,,False,1,Carrier 1695291,Shipper 1387,True,True,True,5/31/2017 8:00,5/31/2017 15:00,False,False,False,False,False,False,False,False,Aurora,CO ,Aurora,CO 
6895,206553705,5/30/2017 14:56,5/30/2017 14:56,5/30/2017 20:43,5/31/2017 8:00,5/31/2017 18:40,965.99,800.0,165.99,115.2,RFR,,,False,1,Carrier 1695291,Shipper 1388,True,True,True,5/31/2017 8:00,5/31/2017 15:00,False,False,False,False,False,False,False,False,Aurora,CO ,Aurora,CO 
6896,206617409,5/23/2017 12:51,5/23/2017 12:51,5/24/2017 10:36,5/24/2017 11:00,5/25/2017 14:00,965.0,1000.0,-35.0,370.3,DRV,,,False,0,Carrier 1594295,Shipper 989,True,True,True,5/24/2017 20:00,5/25/2017 13:00,False,False,False,False,False,False,False,False,Los Angeles,CA ,Los Angeles,CA 
6897,206535409,8/28/2017 16:37,8/28/2017 16:37,9/8/2017 9:43,9/11/2017 16:00,9/12/2017 11:15,965.0,1000.0,-35.0,297.3,RFR,,,False,2,Carrier 943751,Shipper 585,True,True,True,9/11/2017 16:00,9/12/2017 15:00,False,False,False,False,False,False,False,False,Bethlehem,PA ,Bethlehem,PA 
6898,206647513,12/18/2017 18:45,12/18/2017 18:45,12/19/2017 18:11,12/20/2017 14:00,12/21/2017 10:13,964.2,1090.0,-125.8,380.5,DRV,,,False,0,Carrier 1695799,Shipper 1249,False,True,False,12/20/2017 14:00,12/21/2017 13:00,False,False,False,False,False,False,False,False,Cartersville,GA ,Cartersville,GA 
6899,206601577,12/18/2017 18:46,12/18/2017 18:46,12/20/2017 15:46,12/21/2017 11:00,12/22/2017 15:00,964.2,1500.0,-535.8,380.5,DRV,,dat_out,False,0,Carrier 958298,Shipper 1249,False,True,False,12/21/2017 11:00,12/22/2017 13:00,False,False,False,False,False,False,False,False,Cartersville,GA ,Cartersville,GA 
6900,206647513,12/18/2017 18:45,12/18/2017 18:45,12/19/2017 18:11,12/20/2017 14:00,12/21/2017 10:13,964.2,1090.0,-125.8,380.5,DRV,,,False,0,Carrier 1695799,Shipper 1375,False,True,False,12/20/2017 14:00,12/21/2017 13:00,False,False,False,False,False,False,False,False,Cartersville,GA ,Cartersville,GA 
6901,206601577,12/18/2017 18:46,12/18/2017 18:46,12/20/2017 15:46,12/21/2017 11:00,12/22/2017 15:00,964.2,1500.0,-535.8,380.5,DRV,,dat_out,False,0,Carrier 958298,Shipper 1375,False,True,False,12/21/2017 11:00,12/22/2017 13:00,False,False,False,False,False,False,False,False,Cartersville,GA ,Cartersville,GA 
6902,206493729,12/18/2017 18:47,12/18/2017 18:47,12/20/2017 9:27,12/20/2017 13:00,12/21/2017 11:15,964.2,1300.0,-335.8,380.5,DRV,,carrier_capacity,False,0,Carrier 84317,Shipper 1249,True,True,True,12/20/2017 13:00,12/21/2017 14:00,False,False,False,False,False,False,False,False,Cartersville,GA ,Cartersville,GA 
6903,206601577,12/18/2017 18:46,12/18/2017 18:46,12/20/2017 15:46,12/21/2017 11:00,12/22/2017 15:00,964.2,1500.0,-535.8,380.5,DRV,,dat_out,False,0,Carrier 958298,Shipper 1386,False,True,False,12/21/2017 11:00,12/22/2017 13:00,False,False,False,False,False,False,False,False,Cartersville,GA ,Cartersville,GA 
6904,206493729,12/18/2017 18:47,12/18/2017 18:47,12/20/2017 9:27,12/20/2017 13:00,12/21/2017 11:15,964.2,1300.0,-335.8,380.5,DRV,,carrier_capacity,False,0,Carrier 84317,Shipper 1375,True,True,True,12/20/2017 13:00,12/21/2017 14:00,False,False,False,False,False,False,False,False,Cartersville,GA ,Cartersville,GA 
6905,206601577,12/18/2017 18:46,12/18/2017 18:46,12/20/2017 15:46,12/21/2017 11:00,12/22/2017 15:00,964.2,1500.0,-535.8,380.5,DRV,,dat_out,False,0,Carrier 958298,Shipper 1248,False,True,False,12/21/2017 11:00,12/22/2017 13:00,False,False,False,False,False,False,False,False,Cartersville,GA ,Cartersville,GA 
6906,206647513,12/18/2017 18:45,12/18/2017 18:45,12/19/2017 18:11,12/20/2017 14:00,12/21/2017 10:13,964.2,1090.0,-125.8,380.5,DRV,,,False,0,Carrier 1695799,Shipper 1386,False,True,False,12/20/2017 14:00,12/21/2017 13:00,False,False,False,False,False,False,False,False,Cartersville,GA ,Cartersville,GA 
6907,206601577,12/18/2017 18:46,12/18/2017 18:46,12/20/2017 15:46,12/21/2017 11:00,12/22/2017 15:00,964.2,1500.0,-535.8,380.5,DRV,,dat_out,False,0,Carrier 958298,Shipper 1387,False,True,False,12/21/2017 11:00,12/22/2017 13:00,False,False,False,False,False,False,False,False,Cartersville,GA ,Cartersville,GA 
6908,206647513,12/18/2017 18:45,12/18/2017 18:45,12/19/2017 18:11,12/20/2017 14:00,12/21/2017 10:13,964.2,1090.0,-125.8,380.5,DRV,,,False,0,Carrier 1695799,Shipper 1248,False,True,False,12/20/2017 14:00,12/21/2017 13:00,False,False,False,False,False,False,False,False,Cartersville,GA ,Cartersville,GA 
6909,206493729,12/18/2017 18:47,12/18/2017 18:47,12/20/2017 9:27,12/20/2017 13:00,12/21/2017 11:15,964.2,1300.0,-335.8,380.5,DRV,,carrier_capacity,False,0,Carrier 84317,Shipper 1386,True,True,True,12/20/2017 13:00,12/21/2017 14:00,False,False,False,False,False,False,False,False,Cartersville,GA ,Cartersville,GA 
6910,206601577,12/18/2017 18:46,12/18/2017 18:46,12/20/2017 15:46,12/21/2017 11:00,12/22/2017 15:00,964.2,1500.0,-535.8,380.5,DRV,,dat_out,False,0,Carrier 958298,Shipper 1388,False,True,False,12/21/2017 11:00,12/22/2017 13:00,False,False,False,False,False,False,False,False,Cartersville,GA ,Cartersville,GA 
6911,206647513,12/18/2017 18:45,12/18/2017 18:45,12/19/2017 18:11,12/20/2017 14:00,12/21/2017 10:13,964.2,1090.0,-125.8,380.5,DRV,,,False,0,Carrier 1695799,Shipper 1387,False,True,False,12/20/2017 14:00,12/21/2017 13:00,False,False,False,False,False,False,False,False,Cartersville,GA ,Cartersville,GA 
6912,206493729,12/18/2017 18:47,12/18/2017 18:47,12/20/2017 9:27,12/20/2017 13:00,12/21/2017 11:15,964.2,1300.0,-335.8,380.5,DRV,,carrier_capacity,False,0,Carrier 84317,Shipper 1248,True,True,True,12/20/2017 13:00,12/21/2017 14:00,False,False,False,False,False,False,False,False,Cartersville,GA ,Cartersville,GA 
6913,206647513,12/18/2017 18:45,12/18/2017 18:45,12/19/2017 18:11,12/20/2017 14:00,12/21/2017 10:13,964.2,1090.0,-125.8,380.5,DRV,,,False,0,Carrier 1695799,Shipper 1388,False,True,False,12/20/2017 14:00,12/21/2017 13:00,False,False,False,False,False,False,False,False,Cartersville,GA ,Cartersville,GA 
6914,206493729,12/18/2017 18:47,12/18/2017 18:47,12/20/2017 9:27,12/20/2017 13:00,12/21/2017 11:15,964.2,1300.0,-335.8,380.5,DRV,,carrier_capacity,False,0,Carrier 84317,Shipper 1387,True,True,True,12/20/2017 13:00,12/21/2017 14:00,False,False,False,False,False,False,False,False,Cartersville,GA ,Cartersville,GA 
6915,206493729,12/18/2017 18:47,12/18/2017 18:47,12/20/2017 9:27,12/20/2017 13:00,12/21/2017 11:15,964.2,1300.0,-335.8,380.5,DRV,,carrier_capacity,False,0,Carrier 84317,Shipper 1388,True,True,True,12/20/2017 13:00,12/21/2017 14:00,False,False,False,False,False,False,False,False,Cartersville,GA ,Cartersville,GA 
6916,206565865,5/30/2017 17:06,5/30/2017 17:06,6/1/2017 10:41,6/1/2017 15:00,6/2/2017 9:30,964.08,1000.0,-35.92,152.6,DRV,,,False,0,Carrier 1248127,Shipper 1249,True,True,True,6/1/2017 15:00,6/2/2017 7:00,False,False,False,False,False,False,False,False,Los Angeles,CA ,Los Angeles,CA 
6917,206565865,5/30/2017 17:06,5/30/2017 17:06,6/1/2017 10:41,6/1/2017 15:00,6/2/2017 9:30,964.08,1000.0,-35.92,152.6,DRV,,,False,0,Carrier 1248127,Shipper 1375,True,True,True,6/1/2017 15:00,6/2/2017 7:00,False,False,False,False,False,False,False,False,Los Angeles,CA ,Los Angeles,CA 
6918,206506585,5/30/2017 17:08,5/30/2017 17:08,5/31/2017 14:22,5/31/2017 17:00,6/1/2017 11:00,964.08,1000.0,-35.92,152.6,DRV,,,False,0,Carrier 1207136,Shipper 1249,True,True,True,5/31/2017 17:00,6/1/2017 7:00,False,False,False,False,False,False,False,False,Los Angeles,CA ,Los Angeles,CA 
6919,206506585,5/30/2017 17:08,5/30/2017 17:08,5/31/2017 14:22,5/31/2017 17:00,6/1/2017 11:00,964.08,1000.0,-35.92,152.6,DRV,,,False,0,Carrier 1207136,Shipper 1375,True,True,True,5/31/2017 17:00,6/1/2017 7:00,False,False,False,False,False,False,False,False,Los Angeles,CA ,Los Angeles,CA 
6920,206565865,5/30/2017 17:06,5/30/2017 17:06,6/1/2017 10:41,6/1/2017 15:00,6/2/2017 9:30,964.08,1000.0,-35.92,152.6,DRV,,,False,0,Carrier 1248127,Shipper 1386,True,True,True,6/1/2017 15:00,6/2/2017 7:00,False,False,False,False,False,False,False,False,Los Angeles,CA ,Los Angeles,CA 
6921,206565865,5/30/2017 17:06,5/30/2017 17:06,6/1/2017 10:41,6/1/2017 15:00,6/2/2017 9:30,964.08,1000.0,-35.92,152.6,DRV,,,False,0,Carrier 1248127,Shipper 1248,True,True,True,6/1/2017 15:00,6/2/2017 7:00,False,False,False,False,False,False,False,False,Los Angeles,CA ,Los Angeles,CA 
6922,206506585,5/30/2017 17:08,5/30/2017 17:08,5/31/2017 14:22,5/31/2017 17:00,6/1/2017 11:00,964.08,1000.0,-35.92,152.6,DRV,,,False,0,Carrier 1207136,Shipper 1386,True,True,True,5/31/2017 17:00,6/1/2017 7:00,False,False,False,False,False,False,False,False,Los Angeles,CA ,Los Angeles,CA 
6923,206565865,5/30/2017 17:06,5/30/2017 17:06,6/1/2017 10:41,6/1/2017 15:00,6/2/2017 9:30,964.08,1000.0,-35.92,152.6,DRV,,,False,0,Carrier 1248127,Shipper 1387,True,True,True,6/1/2017 15:00,6/2/2017 7:00,False,False,False,False,False,False,False,False,Los Angeles,CA ,Los Angeles,CA 
6924,206506585,5/30/2017 17:08,5/30/2017 17:08,5/31/2017 14:22,5/31/2017 17:00,6/1/2017 11:00,964.08,1000.0,-35.92,152.6,DRV,,,False,0,Carrier 1207136,Shipper 1248,True,True,True,5/31/2017 17:00,6/1/2017 7:00,False,False,False,False,False,False,False,False,Los Angeles,CA ,Los Angeles,CA 
6925,206565865,5/30/2017 17:06,5/30/2017 17:06,6/1/2017 10:41,6/1/2017 15:00,6/2/2017 9:30,964.08,1000.0,-35.92,152.6,DRV,,,False,0,Carrier 1248127,Shipper 1388,True,True,True,6/1/2017 15:00,6/2/2017 7:00,False,False,False,False,False,False,False,False,Los Angeles,CA ,Los Angeles,CA 
6926,206506585,5/30/2017 17:08,5/30/2017 17:08,5/31/2017 14:22,5/31/2017 17:00,6/1/2017 11:00,964.08,1000.0,-35.92,152.6,DRV,,,False,0,Carrier 1207136,Shipper 1387,True,True,True,5/31/2017 17:00,6/1/2017 7:00,False,False,False,False,False,False,False,False,Los Angeles,CA ,Los Angeles,CA 
6927,206506585,5/30/2017 17:08,5/30/2017 17:08,5/31/2017 14:22,5/31/2017 17:00,6/1/2017 11:00,964.08,1000.0,-35.92,152.6,DRV,,,False,0,Carrier 1207136,Shipper 1388,True,True,True,5/31/2017 17:00,6/1/2017 7:00,False,False,False,False,False,False,False,False,Los Angeles,CA ,Los Angeles,CA 
6928,206658393,10/13/2017 11:20,10/13/2017 11:20,10/16/2017 11:54,10/16/2017 7:00,10/17/2017 9:25,963.65,1300.0,-336.35,430.3,DRV,,,False,0,Carrier 1314315,Shipper 1644,True,True,True,10/16/2017 13:00,10/17/2017 10:00,False,False,False,False,False,False,False,False,Akron,OH ,Akron,OH 
6929,206438353,10/6/2017 10:15,10/6/2017 10:15,10/9/2017 8:45,10/9/2017 10:00,10/10/2017 10:15,963.65,1300.0,-336.35,430.3,DRV,,,False,0,Carrier 1314315,Shipper 1644,True,True,True,10/9/2017 12:00,10/10/2017 10:00,False,False,False,False,False,False,False,False,Akron,OH ,Akron,OH 
6930,206570585,8/21/2017 13:31,8/21/2017 13:31,8/28/2017 7:37,8/28/2017 14:00,8/29/2017 13:20,963.41,1000.0,-36.59,384.2,DRV,,,False,0,Carrier 31074,Shipper 1249,True,True,True,8/28/2017 14:00,8/29/2017 8:30,False,False,False,False,False,False,False,False,Williamsburg,VA ,Williamsburg,VA 
6931,206570585,8/21/2017 13:31,8/21/2017 13:31,8/28/2017 7:37,8/28/2017 14:00,8/29/2017 13:20,963.41,1000.0,-36.59,384.2,DRV,,,False,0,Carrier 31074,Shipper 1375,True,True,True,8/28/2017 14:00,8/29/2017 8:30,False,False,False,False,False,False,False,False,Williamsburg,VA ,Williamsburg,VA 
6932,206570585,8/21/2017 13:31,8/21/2017 13:31,8/28/2017 7:37,8/28/2017 14:00,8/29/2017 13:20,963.41,1000.0,-36.59,384.2,DRV,,,False,0,Carrier 31074,Shipper 1386,True,True,True,8/28/2017 14:00,8/29/2017 8:30,False,False,False,False,False,False,False,False,Williamsburg,VA ,Williamsburg,VA 
6933,206570585,8/21/2017 13:31,8/21/2017 13:31,8/28/2017 7:37,8/28/2017 14:00,8/29/2017 13:20,963.41,1000.0,-36.59,384.2,DRV,,,False,0,Carrier 31074,Shipper 1248,True,True,True,8/28/2017 14:00,8/29/2017 8:30,False,False,False,False,False,False,False,False,Williamsburg,VA ,Williamsburg,VA 
6934,206570585,8/21/2017 13:31,8/21/2017 13:31,8/28/2017 7:37,8/28/2017 14:00,8/29/2017 13:20,963.41,1000.0,-36.59,384.2,DRV,,,False,0,Carrier 31074,Shipper 1387,True,True,True,8/28/2017 14:00,8/29/2017 8:30,False,False,False,False,False,False,False,False,Williamsburg,VA ,Williamsburg,VA 
6935,206570585,8/21/2017 13:31,8/21/2017 13:31,8/28/2017 7:37,8/28/2017 14:00,8/29/2017 13:20,963.41,1000.0,-36.59,384.2,DRV,,,False,0,Carrier 31074,Shipper 1388,True,True,True,8/28/2017 14:00,8/29/2017 8:30,False,False,False,False,False,False,False,False,Williamsburg,VA ,Williamsburg,VA 
6936,206474929,12/1/2017 8:40,12/1/2017 8:40,12/8/2017 13:45,12/9/2017 16:00,12/9/2017 19:48,963.26,1100.0,-136.74,174.6,DRV,,,False,0,Carrier 952234,Shipper 1644,True,True,True,12/9/2017 16:00,12/9/2017 21:00,False,False,False,False,False,False,False,False,Wapato,WA ,Wapato,WA 
6937,206727801,12/1/2017 8:43,12/1/2017 8:43,12/2/2017 13:43,12/2/2017 18:00,12/3/2017 18:27,963.26,1800.0,-836.74,174.6,DRV,,dat_in,False,0,Carrier 1373640,Shipper 1644,True,True,True,12/2/2017 18:00,12/3/2017 1:00,False,False,False,False,False,False,False,False,Wapato,WA ,Wapato,WA 
6938,206504225,4/10/2017 11:57,4/10/2017 11:57,4/11/2017 9:11,4/11/2017 8:00,4/12/2017 9:30,961.38,975.0,-13.62,571.5,DRV,4.0,,False,0,Carrier 1066478,Shipper 744,True,True,True,4/11/2017 15:45,4/12/2017 17:00,False,False,False,False,False,False,False,False,Conover,NC ,Conover,NC 
6939,206501113,6/20/2017 11:12,6/20/2017 11:12,6/22/2017 10:29,6/22/2017 8:00,6/22/2017 21:02,960.96,1000.0,-39.04,368.2,DRV,,,False,0,Carrier 1695370,Shipper 1249,True,True,True,6/22/2017 18:00,6/23/2017 0:00,False,False,False,False,False,False,False,False,Pleasant Prairie,WI ,Pleasant Prairie,WI 
6940,206501113,6/20/2017 11:12,6/20/2017 11:12,6/22/2017 10:29,6/22/2017 8:00,6/22/2017 21:02,960.96,1000.0,-39.04,368.2,DRV,,,False,0,Carrier 1695370,Shipper 1375,True,True,True,6/22/2017 18:00,6/23/2017 0:00,False,False,False,False,False,False,False,False,Pleasant Prairie,WI ,Pleasant Prairie,WI 
6941,206501113,6/20/2017 11:12,6/20/2017 11:12,6/22/2017 10:29,6/22/2017 8:00,6/22/2017 21:02,960.96,1000.0,-39.04,368.2,DRV,,,False,0,Carrier 1695370,Shipper 1386,True,True,True,6/22/2017 18:00,6/23/2017 0:00,False,False,False,False,False,False,False,False,Pleasant Prairie,WI ,Pleasant Prairie,WI 
6942,206501113,6/20/2017 11:12,6/20/2017 11:12,6/22/2017 10:29,6/22/2017 8:00,6/22/2017 21:02,960.96,1000.0,-39.04,368.2,DRV,,,False,0,Carrier 1695370,Shipper 1248,True,True,True,6/22/2017 18:00,6/23/2017 0:00,False,False,False,False,False,False,False,False,Pleasant Prairie,WI ,Pleasant Prairie,WI 
6943,206501113,6/20/2017 11:12,6/20/2017 11:12,6/22/2017 10:29,6/22/2017 8:00,6/22/2017 21:02,960.96,1000.0,-39.04,368.2,DRV,,,False,0,Carrier 1695370,Shipper 1387,True,True,True,6/22/2017 18:00,6/23/2017 0:00,False,False,False,False,False,False,False,False,Pleasant Prairie,WI ,Pleasant Prairie,WI 
6944,206501113,6/20/2017 11:12,6/20/2017 11:12,6/22/2017 10:29,6/22/2017 8:00,6/22/2017 21:02,960.96,1000.0,-39.04,368.2,DRV,,,False,0,Carrier 1695370,Shipper 1388,True,True,True,6/22/2017 18:00,6/23/2017 0:00,False,False,False,False,False,False,False,False,Pleasant Prairie,WI ,Pleasant Prairie,WI 
6945,206434289,12/18/2017 17:52,12/18/2017 17:52,12/20/2017 18:19,12/20/2017 14:00,12/22/2017 16:30,960.92,1650.0,-689.08,306.4,DRV,,dat_in,False,0,Carrier 68743,Shipper 1249,True,False,True,12/20/2017 22:00,12/22/2017 7:00,False,False,False,False,False,False,False,False,Cartersville,GA ,Cartersville,GA 
6946,206434289,12/18/2017 17:52,12/18/2017 17:52,12/20/2017 18:19,12/20/2017 14:00,12/22/2017 16:30,960.92,1650.0,-689.08,306.4,DRV,,dat_in,False,0,Carrier 68743,Shipper 1375,True,False,True,12/20/2017 22:00,12/22/2017 7:00,False,False,False,False,False,False,False,False,Cartersville,GA ,Cartersville,GA 
6947,206434289,12/18/2017 17:52,12/18/2017 17:52,12/20/2017 18:19,12/20/2017 14:00,12/22/2017 16:30,960.92,1650.0,-689.08,306.4,DRV,,dat_in,False,0,Carrier 68743,Shipper 1386,True,False,True,12/20/2017 22:00,12/22/2017 7:00,False,False,False,False,False,False,False,False,Cartersville,GA ,Cartersville,GA 
6948,206434289,12/18/2017 17:52,12/18/2017 17:52,12/20/2017 18:19,12/20/2017 14:00,12/22/2017 16:30,960.92,1650.0,-689.08,306.4,DRV,,dat_in,False,0,Carrier 68743,Shipper 1248,True,False,True,12/20/2017 22:00,12/22/2017 7:00,False,False,False,False,False,False,False,False,Cartersville,GA ,Cartersville,GA 
6949,206662441,12/18/2017 19:00,12/18/2017 19:00,12/20/2017 16:52,12/21/2017 10:00,12/22/2017 12:14,960.92,1500.0,-539.08,306.4,DRV,,ts_out,False,0,Carrier 159867,Shipper 1249,True,True,True,12/21/2017 12:00,12/22/2017 8:00,False,False,False,False,False,False,False,False,Cartersville,GA ,Cartersville,GA 
6950,206434289,12/18/2017 17:52,12/18/2017 17:52,12/20/2017 18:19,12/20/2017 14:00,12/22/2017 16:30,960.92,1650.0,-689.08,306.4,DRV,,dat_in,False,0,Carrier 68743,Shipper 1387,True,False,True,12/20/2017 22:00,12/22/2017 7:00,False,False,False,False,False,False,False,False,Cartersville,GA ,Cartersville,GA 
6951,206662441,12/18/2017 19:00,12/18/2017 19:00,12/20/2017 16:52,12/21/2017 10:00,12/22/2017 12:14,960.92,1500.0,-539.08,306.4,DRV,,ts_out,False,0,Carrier 159867,Shipper 1375,True,True,True,12/21/2017 12:00,12/22/2017 8:00,False,False,False,False,False,False,False,False,Cartersville,GA ,Cartersville,GA 
6952,206434289,12/18/2017 17:52,12/18/2017 17:52,12/20/2017 18:19,12/20/2017 14:00,12/22/2017 16:30,960.92,1650.0,-689.08,306.4,DRV,,dat_in,False,0,Carrier 68743,Shipper 1388,True,False,True,12/20/2017 22:00,12/22/2017 7:00,False,False,False,False,False,False,False,False,Cartersville,GA ,Cartersville,GA 
6953,206662441,12/18/2017 19:00,12/18/2017 19:00,12/20/2017 16:52,12/21/2017 10:00,12/22/2017 12:14,960.92,1500.0,-539.08,306.4,DRV,,ts_out,False,0,Carrier 159867,Shipper 1386,True,True,True,12/21/2017 12:00,12/22/2017 8:00,False,False,False,False,False,False,False,False,Cartersville,GA ,Cartersville,GA 
6954,206662441,12/18/2017 19:00,12/18/2017 19:00,12/20/2017 16:52,12/21/2017 10:00,12/22/2017 12:14,960.92,1500.0,-539.08,306.4,DRV,,ts_out,False,0,Carrier 159867,Shipper 1248,True,True,True,12/21/2017 12:00,12/22/2017 8:00,False,False,False,False,False,False,False,False,Cartersville,GA ,Cartersville,GA 
6955,206662441,12/18/2017 19:00,12/18/2017 19:00,12/20/2017 16:52,12/21/2017 10:00,12/22/2017 12:14,960.92,1500.0,-539.08,306.4,DRV,,ts_out,False,0,Carrier 159867,Shipper 1387,True,True,True,12/21/2017 12:00,12/22/2017 8:00,False,False,False,False,False,False,False,False,Cartersville,GA ,Cartersville,GA 
6956,206662441,12/18/2017 19:00,12/18/2017 19:00,12/20/2017 16:52,12/21/2017 10:00,12/22/2017 12:14,960.92,1500.0,-539.08,306.4,DRV,,ts_out,False,0,Carrier 159867,Shipper 1388,True,True,True,12/21/2017 12:00,12/22/2017 8:00,False,False,False,False,False,False,False,False,Cartersville,GA ,Cartersville,GA 
6957,206583393,9/18/2017 16:07,9/18/2017 16:07,10/1/2017 13:09,10/1/2017 17:00,10/5/2017 3:00,958.69,1300.0,-341.31,130.8,DRV,,,False,1,Carrier 1056996,Shipper 758,True,True,True,10/1/2017 17:00,10/4/2017 21:00,False,False,False,False,False,False,False,False,Hawkins,TX ,Hawkins,TX 
6958,206667177,7/20/2017 16:25,7/20/2017 16:25,7/24/2017 12:46,7/24/2017 12:00,7/25/2017 15:30,958.16,850.0,108.16,469.7,RFR,,,False,1,Carrier 819914,Shipper 1249,True,True,True,7/24/2017 19:00,7/25/2017 12:00,False,False,False,False,False,False,False,False,Fort Collins,CO ,Fort Collins,CO 
6959,206667177,7/20/2017 16:25,7/20/2017 16:25,7/24/2017 12:46,7/24/2017 12:00,7/25/2017 15:30,958.16,850.0,108.16,469.7,RFR,,,False,1,Carrier 819914,Shipper 1375,True,True,True,7/24/2017 19:00,7/25/2017 12:00,False,False,False,False,False,False,False,False,Fort Collins,CO ,Fort Collins,CO 
6960,206667177,7/20/2017 16:25,7/20/2017 16:25,7/24/2017 12:46,7/24/2017 12:00,7/25/2017 15:30,958.16,850.0,108.16,469.7,RFR,,,False,1,Carrier 819914,Shipper 1386,True,True,True,7/24/2017 19:00,7/25/2017 12:00,False,False,False,False,False,False,False,False,Fort Collins,CO ,Fort Collins,CO 
6961,206667177,7/20/2017 16:25,7/20/2017 16:25,7/24/2017 12:46,7/24/2017 12:00,7/25/2017 15:30,958.16,850.0,108.16,469.7,RFR,,,False,1,Carrier 819914,Shipper 1248,True,True,True,7/24/2017 19:00,7/25/2017 12:00,False,False,False,False,False,False,False,False,Fort Collins,CO ,Fort Collins,CO 
6962,206667177,7/20/2017 16:25,7/20/2017 16:25,7/24/2017 12:46,7/24/2017 12:00,7/25/2017 15:30,958.16,850.0,108.16,469.7,RFR,,,False,1,Carrier 819914,Shipper 1387,True,True,True,7/24/2017 19:00,7/25/2017 12:00,False,False,False,False,False,False,False,False,Fort Collins,CO ,Fort Collins,CO 
6963,206667177,7/20/2017 16:25,7/20/2017 16:25,7/24/2017 12:46,7/24/2017 12:00,7/25/2017 15:30,958.16,850.0,108.16,469.7,RFR,,,False,1,Carrier 819914,Shipper 1388,True,True,True,7/24/2017 19:00,7/25/2017 12:00,False,False,False,False,False,False,False,False,Fort Collins,CO ,Fort Collins,CO 
6964,206606481,12/22/2017 13:54,12/22/2017 13:55,12/26/2017 12:15,12/26/2017 20:00,12/28/2017 0:45,958.11,1150.0,-191.89,526.0,DRV,,,False,0,Carrier 1309197,Shipper 758,True,True,True,12/26/2017 20:00,12/27/2017 22:00,False,False,False,False,False,False,False,False,Henderson,NV ,Henderson,NV 
6965,206461465,12/12/2017 17:13,12/12/2017 17:13,12/13/2017 7:50,12/13/2017 13:00,12/14/2017 10:00,958.0,800.0,158.0,357.1,DRV,,,False,0,Carrier 1087619,Shipper 1644,True,True,True,12/13/2017 13:00,12/14/2017 8:30,False,False,False,False,False,False,False,False,Etowah,TN ,Etowah,TN 
6966,206596233,3/22/2017 18:48,3/22/2017 18:48,3/22/2017 21:04,3/22/2017 21:00,3/24/2017 11:00,957.78,400.0,557.78,331.6,DRV,,,False,0,Carrier 1553953,Shipper 1249,True,True,True,3/23/2017 0:55,3/24/2017 15:00,False,False,False,False,False,False,False,False,Granite City,IL ,Granite City,IL 
6967,206596233,3/22/2017 18:48,3/22/2017 18:48,3/22/2017 21:04,3/22/2017 21:00,3/24/2017 11:00,957.78,400.0,557.78,331.6,DRV,,,False,0,Carrier 1553953,Shipper 1375,True,True,True,3/23/2017 0:55,3/24/2017 15:00,False,False,False,False,False,False,False,False,Granite City,IL ,Granite City,IL 
6968,206596233,3/22/2017 18:48,3/22/2017 18:48,3/22/2017 21:04,3/22/2017 21:00,3/24/2017 11:00,957.78,400.0,557.78,331.6,DRV,,,False,0,Carrier 1553953,Shipper 1386,True,True,True,3/23/2017 0:55,3/24/2017 15:00,False,False,False,False,False,False,False,False,Granite City,IL ,Granite City,IL 
6969,206596233,3/22/2017 18:48,3/22/2017 18:48,3/22/2017 21:04,3/22/2017 21:00,3/24/2017 11:00,957.78,400.0,557.78,331.6,DRV,,,False,0,Carrier 1553953,Shipper 1248,True,True,True,3/23/2017 0:55,3/24/2017 15:00,False,False,False,False,False,False,False,False,Granite City,IL ,Granite City,IL 
6970,206596233,3/22/2017 18:48,3/22/2017 18:48,3/22/2017 21:04,3/22/2017 21:00,3/24/2017 11:00,957.78,400.0,557.78,331.6,DRV,,,False,0,Carrier 1553953,Shipper 1387,True,True,True,3/23/2017 0:55,3/24/2017 15:00,False,False,False,False,False,False,False,False,Granite City,IL ,Granite City,IL 
6971,206596233,3/22/2017 18:48,3/22/2017 18:48,3/22/2017 21:04,3/22/2017 21:00,3/24/2017 11:00,957.78,400.0,557.78,331.6,DRV,,,False,0,Carrier 1553953,Shipper 1388,True,True,True,3/23/2017 0:55,3/24/2017 15:00,False,False,False,False,False,False,False,False,Granite City,IL ,Granite City,IL 
6972,206599177,3/27/2017 17:09,3/27/2017 17:09,3/28/2017 17:21,3/28/2017 21:00,3/29/2017 14:00,955.79,1230.0,-274.21,429.8,DRV,,,False,0,Carrier 7636,Shipper 1249,True,True,True,3/28/2017 21:00,3/29/2017 14:00,False,False,False,False,False,False,False,False,Houston,TX ,Houston,TX 
6973,206599177,3/27/2017 17:09,3/27/2017 17:09,3/28/2017 17:21,3/28/2017 21:00,3/29/2017 14:00,955.79,1230.0,-274.21,429.8,DRV,,,False,0,Carrier 7636,Shipper 1375,True,True,True,3/28/2017 21:00,3/29/2017 14:00,False,False,False,False,False,False,False,False,Houston,TX ,Houston,TX 
6974,206599177,3/27/2017 17:09,3/27/2017 17:09,3/28/2017 17:21,3/28/2017 21:00,3/29/2017 14:00,955.79,1230.0,-274.21,429.8,DRV,,,False,0,Carrier 7636,Shipper 1386,True,True,True,3/28/2017 21:00,3/29/2017 14:00,False,False,False,False,False,False,False,False,Houston,TX ,Houston,TX 
6975,206599177,3/27/2017 17:09,3/27/2017 17:09,3/28/2017 17:21,3/28/2017 21:00,3/29/2017 14:00,955.79,1230.0,-274.21,429.8,DRV,,,False,0,Carrier 7636,Shipper 1248,True,True,True,3/28/2017 21:00,3/29/2017 14:00,False,False,False,False,False,False,False,False,Houston,TX ,Houston,TX 
6976,206599177,3/27/2017 17:09,3/27/2017 17:09,3/28/2017 17:21,3/28/2017 21:00,3/29/2017 14:00,955.79,1230.0,-274.21,429.8,DRV,,,False,0,Carrier 7636,Shipper 1387,True,True,True,3/28/2017 21:00,3/29/2017 14:00,False,False,False,False,False,False,False,False,Houston,TX ,Houston,TX 
6977,206599177,3/27/2017 17:09,3/27/2017 17:09,3/28/2017 17:21,3/28/2017 21:00,3/29/2017 14:00,955.79,1230.0,-274.21,429.8,DRV,,,False,0,Carrier 7636,Shipper 1388,True,True,True,3/28/2017 21:00,3/29/2017 14:00,False,False,False,False,False,False,False,False,Houston,TX ,Houston,TX 
6978,206617697,7/24/2017 11:53,7/24/2017 11:53,7/25/2017 9:09,7/25/2017 9:00,7/26/2017 16:00,955.14,950.0,5.14,508.7,DRV,,,False,0,Carrier 40847,Shipper 1033,True,True,True,7/25/2017 16:00,7/26/2017 16:00,False,False,False,False,False,False,False,False,Kansas City,MO ,Kansas City,MO 
6979,206422825,4/17/2017 17:26,4/17/2017 17:26,4/19/2017 15:03,4/20/2017 2:00,4/21/2017 11:00,953.75,1000.0,-46.25,631.8,RFR,4.0,,False,0,Carrier 1596270,Shipper 1249,False,True,False,4/20/2017 2:00,4/21/2017 13:00,False,False,False,False,False,False,False,False,Fort Collins,CO ,Fort Collins,CO 
6980,206422825,4/17/2017 17:26,4/17/2017 17:26,4/19/2017 15:03,4/20/2017 2:00,4/21/2017 11:00,953.75,1000.0,-46.25,631.8,RFR,4.0,,False,0,Carrier 1596270,Shipper 1375,False,True,False,4/20/2017 2:00,4/21/2017 13:00,False,False,False,False,False,False,False,False,Fort Collins,CO ,Fort Collins,CO 
6981,206422825,4/17/2017 17:26,4/17/2017 17:26,4/19/2017 15:03,4/20/2017 2:00,4/21/2017 11:00,953.75,1000.0,-46.25,631.8,RFR,4.0,,False,0,Carrier 1596270,Shipper 1386,False,True,False,4/20/2017 2:00,4/21/2017 13:00,False,False,False,False,False,False,False,False,Fort Collins,CO ,Fort Collins,CO 
6982,206422825,4/17/2017 17:26,4/17/2017 17:26,4/19/2017 15:03,4/20/2017 2:00,4/21/2017 11:00,953.75,1000.0,-46.25,631.8,RFR,4.0,,False,0,Carrier 1596270,Shipper 1248,False,True,False,4/20/2017 2:00,4/21/2017 13:00,False,False,False,False,False,False,False,False,Fort Collins,CO ,Fort Collins,CO 
6983,206422825,4/17/2017 17:26,4/17/2017 17:26,4/19/2017 15:03,4/20/2017 2:00,4/21/2017 11:00,953.75,1000.0,-46.25,631.8,RFR,4.0,,False,0,Carrier 1596270,Shipper 1387,False,True,False,4/20/2017 2:00,4/21/2017 13:00,False,False,False,False,False,False,False,False,Fort Collins,CO ,Fort Collins,CO 
6984,206422825,4/17/2017 17:26,4/17/2017 17:26,4/19/2017 15:03,4/20/2017 2:00,4/21/2017 11:00,953.75,1000.0,-46.25,631.8,RFR,4.0,,False,0,Carrier 1596270,Shipper 1388,False,True,False,4/20/2017 2:00,4/21/2017 13:00,False,False,False,False,False,False,False,False,Fort Collins,CO ,Fort Collins,CO 
6985,206473505,11/29/2017 10:00,11/29/2017 10:00,12/13/2017 13:11,12/14/2017 9:00,12/15/2017 3:00,953.14,1125.0,-171.86,329.2,DRV,,,False,0,Carrier 552905,Shipper 758,True,True,True,12/14/2017 12:00,12/15/2017 2:00,False,False,False,False,False,False,False,False,Vernon,CA ,Vernon,CA 
6986,206559057,11/13/2017 8:30,11/13/2017 8:30,11/13/2017 10:10,11/13/2017 13:00,11/14/2017 9:30,952.69,500.0,452.69,486.2,DRV,,,False,0,Carrier 1330887,Shipper 1644,True,True,True,11/13/2017 16:00,11/14/2017 11:00,False,False,False,False,False,False,False,False,Gainesville,TX ,Gainesville,TX 
6987,206586017,4/27/2017 11:10,4/27/2017 11:10,5/3/2017 18:48,5/4/2017 14:00,5/6/2017 5:00,952.66,1230.0,-277.34,311.5,DRV,0.0,,False,1,Carrier 38761,Shipper 758,True,True,True,5/4/2017 14:00,5/5/2017 22:00,False,False,False,False,False,False,False,False,Kent,WA ,Kent,WA 
6988,206507025,5/30/2017 16:51,5/30/2017 16:51,6/1/2017 9:28,6/1/2017 19:00,6/2/2017 10:30,951.57,800.0,151.57,67.1,DRV,,,False,0,Carrier 31074,Shipper 1249,True,True,True,6/1/2017 19:00,6/2/2017 9:30,False,False,False,False,False,False,False,False,Aurora,CO ,Aurora,CO 
6989,206507025,5/30/2017 16:51,5/30/2017 16:51,6/1/2017 9:28,6/1/2017 19:00,6/2/2017 10:30,951.57,800.0,151.57,67.1,DRV,,,False,0,Carrier 31074,Shipper 1375,True,True,True,6/1/2017 19:00,6/2/2017 9:30,False,False,False,False,False,False,False,False,Aurora,CO ,Aurora,CO 
6990,206507025,5/30/2017 16:51,5/30/2017 16:51,6/1/2017 9:28,6/1/2017 19:00,6/2/2017 10:30,951.57,800.0,151.57,67.1,DRV,,,False,0,Carrier 31074,Shipper 1386,True,True,True,6/1/2017 19:00,6/2/2017 9:30,False,False,False,False,False,False,False,False,Aurora,CO ,Aurora,CO 
6991,206507025,5/30/2017 16:51,5/30/2017 16:51,6/1/2017 9:28,6/1/2017 19:00,6/2/2017 10:30,951.57,800.0,151.57,67.1,DRV,,,False,0,Carrier 31074,Shipper 1248,True,True,True,6/1/2017 19:00,6/2/2017 9:30,False,False,False,False,False,False,False,False,Aurora,CO ,Aurora,CO 
6992,206507025,5/30/2017 16:51,5/30/2017 16:51,6/1/2017 9:28,6/1/2017 19:00,6/2/2017 10:30,951.57,800.0,151.57,67.1,DRV,,,False,0,Carrier 31074,Shipper 1387,True,True,True,6/1/2017 19:00,6/2/2017 9:30,False,False,False,False,False,False,False,False,Aurora,CO ,Aurora,CO 
6993,206507025,5/30/2017 16:51,5/30/2017 16:51,6/1/2017 9:28,6/1/2017 19:00,6/2/2017 10:30,951.57,800.0,151.57,67.1,DRV,,,False,0,Carrier 31074,Shipper 1388,True,True,True,6/1/2017 19:00,6/2/2017 9:30,False,False,False,False,False,False,False,False,Aurora,CO ,Aurora,CO 
6994,206617809,12/14/2017 16:30,12/14/2017 16:30,12/17/2017 14:47,12/18/2017 13:00,12/19/2017 8:56,951.54,1000.0,-48.46,395.0,DRV,,dat_in,False,0,Carrier 166414,Shipper 1249,True,True,True,12/18/2017 13:00,12/19/2017 8:00,False,False,False,False,False,False,False,False,Jacksonville,FL ,Jacksonville,FL 
6995,206617809,12/14/2017 16:30,12/14/2017 16:30,12/17/2017 14:47,12/18/2017 13:00,12/19/2017 8:56,951.54,1000.0,-48.46,395.0,DRV,,dat_in,False,0,Carrier 166414,Shipper 1375,True,True,True,12/18/2017 13:00,12/19/2017 8:00,False,False,False,False,False,False,False,False,Jacksonville,FL ,Jacksonville,FL 
6996,206617809,12/14/2017 16:30,12/14/2017 16:30,12/17/2017 14:47,12/18/2017 13:00,12/19/2017 8:56,951.54,1000.0,-48.46,395.0,DRV,,dat_in,False,0,Carrier 166414,Shipper 1386,True,True,True,12/18/2017 13:00,12/19/2017 8:00,False,False,False,False,False,False,False,False,Jacksonville,FL ,Jacksonville,FL 
6997,206617809,12/14/2017 16:30,12/14/2017 16:30,12/17/2017 14:47,12/18/2017 13:00,12/19/2017 8:56,951.54,1000.0,-48.46,395.0,DRV,,dat_in,False,0,Carrier 166414,Shipper 1248,True,True,True,12/18/2017 13:00,12/19/2017 8:00,False,False,False,False,False,False,False,False,Jacksonville,FL ,Jacksonville,FL 
6998,206617809,12/14/2017 16:30,12/14/2017 16:30,12/17/2017 14:47,12/18/2017 13:00,12/19/2017 8:56,951.54,1000.0,-48.46,395.0,DRV,,dat_in,False,0,Carrier 166414,Shipper 1387,True,True,True,12/18/2017 13:00,12/19/2017 8:00,False,False,False,False,False,False,False,False,Jacksonville,FL ,Jacksonville,FL 
6999,206617809,12/14/2017 16:30,12/14/2017 16:30,12/17/2017 14:47,12/18/2017 13:00,12/19/2017 8:56,951.54,1000.0,-48.46,395.0,DRV,,dat_in,False,0,Carrier 166414,Shipper 1388,True,True,True,12/18/2017 13:00,12/19/2017 8:00,False,False,False,False,False,False,False,False,Jacksonville,FL ,Jacksonville,FL 
7000,206432257,10/20/2017 17:34,10/20/2017 17:34,10/25/2017 10:46,10/25/2017 17:00,10/27/2017 11:30,950.22,1100.0,-149.78,720.3,DRV,,,False,1,Carrier 1558665,Shipper 1249,True,True,True,10/25/2017 17:00,10/27/2017 13:00,False,False,False,False,False,False,False,False,Fort Collins,CO ,Fort Collins,CO 
7001,206432257,10/20/2017 17:34,10/20/2017 17:34,10/25/2017 10:46,10/25/2017 17:00,10/27/2017 11:30,950.22,1100.0,-149.78,720.3,DRV,,,False,1,Carrier 1558665,Shipper 1375,True,True,True,10/25/2017 17:00,10/27/2017 13:00,False,False,False,False,False,False,False,False,Fort Collins,CO ,Fort Collins,CO 
7002,206432257,10/20/2017 17:34,10/20/2017 17:34,10/25/2017 10:46,10/25/2017 17:00,10/27/2017 11:30,950.22,1100.0,-149.78,720.3,DRV,,,False,1,Carrier 1558665,Shipper 1386,True,True,True,10/25/2017 17:00,10/27/2017 13:00,False,False,False,False,False,False,False,False,Fort Collins,CO ,Fort Collins,CO 
7003,206432257,10/20/2017 17:34,10/20/2017 17:34,10/25/2017 10:46,10/25/2017 17:00,10/27/2017 11:30,950.22,1100.0,-149.78,720.3,DRV,,,False,1,Carrier 1558665,Shipper 1248,True,True,True,10/25/2017 17:00,10/27/2017 13:00,False,False,False,False,False,False,False,False,Fort Collins,CO ,Fort Collins,CO 
7004,206432257,10/20/2017 17:34,10/20/2017 17:34,10/25/2017 10:46,10/25/2017 17:00,10/27/2017 11:30,950.22,1100.0,-149.78,720.3,DRV,,,False,1,Carrier 1558665,Shipper 1387,True,True,True,10/25/2017 17:00,10/27/2017 13:00,False,False,False,False,False,False,False,False,Fort Collins,CO ,Fort Collins,CO 
7005,206432257,10/20/2017 17:34,10/20/2017 17:34,10/25/2017 10:46,10/25/2017 17:00,10/27/2017 11:30,950.22,1100.0,-149.78,720.3,DRV,,,False,1,Carrier 1558665,Shipper 1388,True,True,True,10/25/2017 17:00,10/27/2017 13:00,False,False,False,False,False,False,False,False,Fort Collins,CO ,Fort Collins,CO 
7006,206624097,12/13/2017 10:07,12/13/2017 10:07,12/14/2017 10:34,12/14/2017 13:00,12/15/2017 13:00,950.16,1000.0,-49.84,367.9,DRV,,dat_out,False,1,Carrier 109758,Shipper 1249,True,True,True,12/14/2017 13:00,12/15/2017 10:00,False,False,False,False,False,False,False,False,Cartersville,GA ,Cartersville,GA 
7007,206624097,12/13/2017 10:07,12/13/2017 10:07,12/14/2017 10:34,12/14/2017 13:00,12/15/2017 13:00,950.16,1000.0,-49.84,367.9,DRV,,dat_out,False,1,Carrier 109758,Shipper 1375,True,True,True,12/14/2017 13:00,12/15/2017 10:00,False,False,False,False,False,False,False,False,Cartersville,GA ,Cartersville,GA 
7008,206624097,12/13/2017 10:07,12/13/2017 10:07,12/14/2017 10:34,12/14/2017 13:00,12/15/2017 13:00,950.16,1000.0,-49.84,367.9,DRV,,dat_out,False,1,Carrier 109758,Shipper 1386,True,True,True,12/14/2017 13:00,12/15/2017 10:00,False,False,False,False,False,False,False,False,Cartersville,GA ,Cartersville,GA 
7009,206624097,12/13/2017 10:07,12/13/2017 10:07,12/14/2017 10:34,12/14/2017 13:00,12/15/2017 13:00,950.16,1000.0,-49.84,367.9,DRV,,dat_out,False,1,Carrier 109758,Shipper 1248,True,True,True,12/14/2017 13:00,12/15/2017 10:00,False,False,False,False,False,False,False,False,Cartersville,GA ,Cartersville,GA 
7010,206624097,12/13/2017 10:07,12/13/2017 10:07,12/14/2017 10:34,12/14/2017 13:00,12/15/2017 13:00,950.16,1000.0,-49.84,367.9,DRV,,dat_out,False,1,Carrier 109758,Shipper 1387,True,True,True,12/14/2017 13:00,12/15/2017 10:00,False,False,False,False,False,False,False,False,Cartersville,GA ,Cartersville,GA 
7011,206624097,12/13/2017 10:07,12/13/2017 10:07,12/14/2017 10:34,12/14/2017 13:00,12/15/2017 13:00,950.16,1000.0,-49.84,367.9,DRV,,dat_out,False,1,Carrier 109758,Shipper 1388,True,True,True,12/14/2017 13:00,12/15/2017 10:00,False,False,False,False,False,False,False,False,Cartersville,GA ,Cartersville,GA 
7012,206504657,5/18/2017 14:22,5/18/2017 14:22,5/18/2017 14:42,5/18/2017 11:00,5/19/2017 12:30,950.0,875.0,75.0,337.2,RFR,3.0,,False,0,Carrier 1693783,Shipper 801,True,True,True,5/18/2017 20:00,5/19/2017 9:00,False,False,False,False,False,False,False,False,Brawley,CA ,Brawley,CA 
7013,206504657,5/18/2017 14:22,5/18/2017 14:22,5/18/2017 14:42,5/18/2017 11:00,5/19/2017 12:30,950.0,875.0,75.0,337.2,RFR,3.0,,False,0,Carrier 1693783,Shipper 622,True,True,True,5/18/2017 20:00,5/19/2017 9:00,False,False,False,False,False,False,False,False,Brawley,CA ,Brawley,CA 
7014,206504657,5/18/2017 14:22,5/18/2017 14:22,5/18/2017 14:42,5/18/2017 11:00,5/19/2017 12:30,950.0,875.0,75.0,337.2,RFR,3.0,,False,0,Carrier 1693783,Shipper 993,True,True,True,5/18/2017 20:00,5/19/2017 9:00,False,False,False,False,False,False,False,False,Brawley,CA ,Brawley,CA 
7015,206434689,5/10/2017 15:49,5/10/2017 15:49,5/10/2017 16:15,5/10/2017 11:00,5/11/2017 10:37,950.0,875.0,75.0,337.2,RFR,,,False,0,Carrier 1692848,Shipper 801,True,True,True,5/10/2017 20:00,5/11/2017 13:00,False,False,False,False,False,False,False,False,Brawley,CA ,Brawley,CA 
7016,206434689,5/10/2017 15:49,5/10/2017 15:49,5/10/2017 16:15,5/10/2017 11:00,5/11/2017 10:37,950.0,875.0,75.0,337.2,RFR,,,False,0,Carrier 1692848,Shipper 622,True,True,True,5/10/2017 20:00,5/11/2017 13:00,False,False,False,False,False,False,False,False,Brawley,CA ,Brawley,CA 
7017,206434689,5/10/2017 15:49,5/10/2017 15:49,5/10/2017 16:15,5/10/2017 11:00,5/11/2017 10:37,950.0,875.0,75.0,337.2,RFR,,,False,0,Carrier 1692848,Shipper 993,True,True,True,5/10/2017 20:00,5/11/2017 13:00,False,False,False,False,False,False,False,False,Brawley,CA ,Brawley,CA 
7018,206564153,4/27/2017 16:51,4/27/2017 16:55,4/28/2017 11:55,5/1/2017 9:00,5/2/2017 13:25,950.0,950.0,0.0,493.1,DRV,3.0,,False,0,Carrier 1471981,Shipper 766,True,True,True,5/1/2017 16:30,5/2/2017 12:00,False,False,False,False,False,False,False,False,Paris,TN ,Paris,TN 
7019,206483425,1/30/2017 11:58,1/30/2017 11:58,1/31/2017 9:49,1/31/2017 9:00,2/2/2017 14:45,950.0,950.0,0.0,456.3,DRV,,,False,0,Carrier 13598,Shipper 766,True,False,False,1/31/2017 16:30,2/1/2017 14:00,False,False,False,False,False,False,False,False,Paris,TN ,Paris,TN 
7020,206544145,2/17/2017 15:12,2/17/2017 15:13,2/17/2017 16:28,2/17/2017 19:00,2/20/2017 14:00,950.0,900.0,50.0,503.7,DRV,,,False,0,Carrier 1073510,Shipper 1048,True,False,False,2/17/2017 19:00,2/20/2017 8:30,False,False,False,False,False,False,False,False,Laredo,TX ,Laredo,TX 
7021,206472009,3/15/2017 15:16,3/15/2017 15:17,3/17/2017 13:31,3/17/2017 9:00,3/20/2017 8:00,950.0,1100.0,-150.0,571.5,DRV,4.0,,False,0,Carrier 30532,Shipper 744,True,True,True,3/17/2017 15:30,3/20/2017 8:00,False,False,False,False,False,False,False,False,Conover,NC ,Conover,NC 
7022,206512697,3/24/2017 10:38,3/24/2017 10:38,3/27/2017 8:46,3/27/2017 8:00,3/28/2017 9:45,950.0,950.0,0.0,620.9,DRV,,,False,0,Carrier 78959,Shipper 744,True,True,True,3/27/2017 15:30,3/28/2017 17:00,False,False,False,False,False,False,False,False,Conover,NC ,Conover,NC 
7023,206548425,5/3/2017 17:16,5/3/2017 17:16,5/4/2017 12:04,5/4/2017 10:00,5/5/2017 14:00,950.0,950.0,0.0,387.2,DRV,,,False,0,Carrier 43527,Shipper 1465,True,True,True,5/4/2017 19:30,5/5/2017 20:00,False,False,False,False,False,False,False,False,Commerce,CA ,Commerce,CA 
7024,206504657,5/18/2017 14:22,5/18/2017 14:22,5/18/2017 14:42,5/18/2017 11:00,5/19/2017 12:30,950.0,875.0,75.0,337.2,RFR,3.0,,False,0,Carrier 1693783,Shipper 709,True,True,True,5/18/2017 20:00,5/19/2017 9:00,False,False,False,False,False,False,False,False,Brawley,CA ,Brawley,CA 
7025,206504657,5/18/2017 14:22,5/18/2017 14:22,5/18/2017 14:42,5/18/2017 11:00,5/19/2017 12:30,950.0,875.0,75.0,337.2,RFR,3.0,,False,0,Carrier 1693783,Shipper 702,True,True,True,5/18/2017 20:00,5/19/2017 9:00,False,False,False,False,False,False,False,False,Brawley,CA ,Brawley,CA 
7026,206434689,5/10/2017 15:49,5/10/2017 15:49,5/10/2017 16:15,5/10/2017 11:00,5/11/2017 10:37,950.0,875.0,75.0,337.2,RFR,,,False,0,Carrier 1692848,Shipper 709,True,True,True,5/10/2017 20:00,5/11/2017 13:00,False,False,False,False,False,False,False,False,Brawley,CA ,Brawley,CA 
7027,206434689,5/10/2017 15:49,5/10/2017 15:49,5/10/2017 16:15,5/10/2017 11:00,5/11/2017 10:37,950.0,875.0,75.0,337.2,RFR,,,False,0,Carrier 1692848,Shipper 702,True,True,True,5/10/2017 20:00,5/11/2017 13:00,False,False,False,False,False,False,False,False,Brawley,CA ,Brawley,CA 
7028,206495593,4/26/2017 16:28,4/26/2017 16:28,4/27/2017 11:25,4/27/2017 9:00,4/28/2017 17:00,950.0,1050.0,-100.0,493.7,DRV,,,False,0,Carrier 1565635,Shipper 766,True,False,False,4/27/2017 16:30,4/28/2017 13:00,False,False,False,False,False,False,False,False,Paris,TN ,Paris,TN 
7029,206434689,5/10/2017 15:49,5/10/2017 15:49,5/10/2017 16:15,5/10/2017 11:00,5/11/2017 10:37,950.0,875.0,75.0,337.2,RFR,,,False,0,Carrier 1692848,Shipper 815,True,True,True,5/10/2017 20:00,5/11/2017 13:00,False,False,False,False,False,False,False,False,Brawley,CA ,Brawley,CA 
7030,206504657,5/18/2017 14:22,5/18/2017 14:22,5/18/2017 14:42,5/18/2017 11:00,5/19/2017 12:30,950.0,875.0,75.0,337.2,RFR,3.0,,False,0,Carrier 1693783,Shipper 815,True,True,True,5/18/2017 20:00,5/19/2017 9:00,False,False,False,False,False,False,False,False,Brawley,CA ,Brawley,CA 
7031,206492769,1/26/2017 12:45,1/26/2017 12:46,1/26/2017 13:03,1/26/2017 15:00,1/27/2017 12:30,950.0,850.0,100.0,365.7,RFR,0.0,,False,0,Carrier 922672,Shipper 866,True,True,True,1/26/2017 16:00,1/27/2017 10:00,False,False,False,False,False,False,False,False,Commerce,CA ,Commerce,CA 
7032,206434689,5/10/2017 15:49,5/10/2017 15:49,5/10/2017 16:15,5/10/2017 11:00,5/11/2017 10:37,950.0,875.0,75.0,337.2,RFR,,,False,0,Carrier 1692848,Shipper 1091,True,True,True,5/10/2017 20:00,5/11/2017 13:00,False,False,False,False,False,False,False,False,Brawley,CA ,Brawley,CA 
7033,206504657,5/18/2017 14:22,5/18/2017 14:22,5/18/2017 14:42,5/18/2017 11:00,5/19/2017 12:30,950.0,875.0,75.0,337.2,RFR,3.0,,False,0,Carrier 1693783,Shipper 1091,True,True,True,5/18/2017 20:00,5/19/2017 9:00,False,False,False,False,False,False,False,False,Brawley,CA ,Brawley,CA 
7034,206434689,5/10/2017 15:49,5/10/2017 15:49,5/10/2017 16:15,5/10/2017 11:00,5/11/2017 10:37,950.0,875.0,75.0,337.2,RFR,,,False,0,Carrier 1692848,Shipper 1351,True,True,True,5/10/2017 20:00,5/11/2017 13:00,False,False,False,False,False,False,False,False,Brawley,CA ,Brawley,CA 
7035,206434689,5/10/2017 15:49,5/10/2017 15:49,5/10/2017 16:15,5/10/2017 11:00,5/11/2017 10:37,950.0,875.0,75.0,337.2,RFR,,,False,0,Carrier 1692848,Shipper 1199,True,True,True,5/10/2017 20:00,5/11/2017 13:00,False,False,False,False,False,False,False,False,Brawley,CA ,Brawley,CA 
7036,206434689,5/10/2017 15:49,5/10/2017 15:49,5/10/2017 16:15,5/10/2017 11:00,5/11/2017 10:37,950.0,875.0,75.0,337.2,RFR,,,False,0,Carrier 1692848,Shipper 789,True,True,True,5/10/2017 20:00,5/11/2017 13:00,False,False,False,False,False,False,False,False,Brawley,CA ,Brawley,CA 
7037,206504657,5/18/2017 14:22,5/18/2017 14:22,5/18/2017 14:42,5/18/2017 11:00,5/19/2017 12:30,950.0,875.0,75.0,337.2,RFR,3.0,,False,0,Carrier 1693783,Shipper 1351,True,True,True,5/18/2017 20:00,5/19/2017 9:00,False,False,False,False,False,False,False,False,Brawley,CA ,Brawley,CA 
7038,206504657,5/18/2017 14:22,5/18/2017 14:22,5/18/2017 14:42,5/18/2017 11:00,5/19/2017 12:30,950.0,875.0,75.0,337.2,RFR,3.0,,False,0,Carrier 1693783,Shipper 1199,True,True,True,5/18/2017 20:00,5/19/2017 9:00,False,False,False,False,False,False,False,False,Brawley,CA ,Brawley,CA 
7039,206732625,6/27/2017 17:33,6/27/2017 17:33,7/5/2017 10:54,7/5/2017 9:00,7/6/2017 9:00,950.0,2400.0,-1450.0,361.3,DRV,,,False,0,Carrier 116150,Shipper 766,True,True,True,7/5/2017 16:30,7/7/2017 9:00,False,False,False,False,False,False,False,False,Paris,TN ,Paris,TN 
7040,206504657,5/18/2017 14:22,5/18/2017 14:22,5/18/2017 14:42,5/18/2017 11:00,5/19/2017 12:30,950.0,875.0,75.0,337.2,RFR,3.0,,False,0,Carrier 1693783,Shipper 789,True,True,True,5/18/2017 20:00,5/19/2017 9:00,False,False,False,False,False,False,False,False,Brawley,CA ,Brawley,CA 
7041,206728089,2/27/2017 9:38,2/27/2017 9:38,2/27/2017 12:02,2/27/2017 9:00,2/28/2017 8:00,950.0,800.0,150.0,476.7,DRV,3.0,,False,0,Carrier 1575929,Shipper 744,True,True,True,2/27/2017 15:30,2/28/2017 14:30,False,False,False,False,False,False,False,False,Conover,NC ,Conover,NC 
7042,206422361,1/11/2017 14:44,1/11/2017 14:44,1/16/2017 17:04,1/17/2017 13:00,1/25/2017 15:06,949.85,450.0,499.85,140.0,DRV,,,False,0,Carrier 1693538,Shipper 758,True,True,True,1/17/2017 13:00,1/25/2017 9:00,False,False,False,False,False,False,False,False,Hawkins,TX ,Hawkins,TX 
7043,206657665,5/15/2017 15:41,5/15/2017 15:44,5/16/2017 13:17,5/17/2017 10:00,5/19/2017 9:08,949.77,940.0,9.77,805.3,DRV,,,False,0,Carrier 1343557,Shipper 971,True,True,True,5/17/2017 16:00,5/19/2017 11:00,False,False,False,False,False,False,False,False,Johnstown,CO ,Johnstown,CO 
7044,206648737,12/4/2017 13:37,12/4/2017 13:37,12/6/2017 17:09,12/8/2017 14:30,12/9/2017 2:00,949.58,800.0,149.58,184.3,RFR,,source_list,False,0,Carrier 41610,Shipper 758,True,True,True,12/8/2017 14:30,12/8/2017 21:30,False,False,False,False,False,False,False,False,Bellevue,WA ,Bellevue,WA 
7045,206505017,10/10/2017 17:27,10/10/2017 17:28,10/16/2017 17:14,10/16/2017 20:00,10/18/2017 4:00,948.55,1125.0,-176.45,526.0,DRV,,,False,0,Carrier 690828,Shipper 758,True,True,True,10/16/2017 20:00,10/18/2017 0:00,False,False,False,False,False,False,False,False,Henderson,NV ,Henderson,NV 
7046,206507289,12/8/2017 13:08,12/8/2017 13:08,12/13/2017 12:32,12/14/2017 14:00,12/14/2017 21:15,948.19,900.0,48.19,184.3,RFR,,dat_out,False,0,Carrier 1462791,Shipper 758,True,True,True,12/14/2017 14:00,12/14/2017 21:00,False,False,False,False,False,False,False,False,Bellevue,WA ,Bellevue,WA 
7047,206586641,3/15/2017 14:38,3/15/2017 14:38,3/20/2017 15:56,3/21/2017 16:30,3/22/2017 17:30,948.12,800.0,148.12,563.0,DRV,,,False,0,Carrier 977864,Shipper 758,True,True,True,3/21/2017 16:30,3/22/2017 22:30,False,False,False,False,False,False,False,False,Denver,CO ,Denver,CO 
7048,206481073,3/10/2017 17:31,3/10/2017 17:31,3/28/2017 10:45,3/30/2017 13:30,3/31/2017 17:20,948.12,800.0,148.12,563.0,DRV,,,False,0,Carrier 660799,Shipper 758,True,True,True,3/30/2017 13:30,3/31/2017 16:00,False,False,False,False,False,False,False,False,Denver,CO ,Denver,CO 
7049,206461889,4/3/2017 16:37,4/3/2017 16:37,4/10/2017 9:03,4/10/2017 12:00,4/11/2017 9:00,947.7,1200.0,-252.3,267.6,DRV,4.0,,False,0,Carrier 1695178,Shipper 1249,True,True,True,4/10/2017 16:00,4/11/2017 8:00,False,False,False,False,False,False,False,False,Baldwinsville,NY ,Baldwinsville,NY 
7050,206475177,4/3/2017 16:35,4/3/2017 16:35,4/5/2017 15:39,4/5/2017 22:00,4/6/2017 17:30,947.7,1100.0,-152.3,267.6,DRV,4.0,,False,0,Carrier 38789,Shipper 1249,True,True,True,4/5/2017 22:00,4/6/2017 16:00,False,False,False,False,False,False,False,False,Baldwinsville,NY ,Baldwinsville,NY 
7051,206461889,4/3/2017 16:37,4/3/2017 16:37,4/10/2017 9:03,4/10/2017 12:00,4/11/2017 9:00,947.7,1200.0,-252.3,267.6,DRV,4.0,,False,0,Carrier 1695178,Shipper 1375,True,True,True,4/10/2017 16:00,4/11/2017 8:00,False,False,False,False,False,False,False,False,Baldwinsville,NY ,Baldwinsville,NY 
7052,206475177,4/3/2017 16:35,4/3/2017 16:35,4/5/2017 15:39,4/5/2017 22:00,4/6/2017 17:30,947.7,1100.0,-152.3,267.6,DRV,4.0,,False,0,Carrier 38789,Shipper 1375,True,True,True,4/5/2017 22:00,4/6/2017 16:00,False,False,False,False,False,False,False,False,Baldwinsville,NY ,Baldwinsville,NY 
7053,206474489,4/3/2017 16:36,4/3/2017 16:36,4/7/2017 11:40,4/7/2017 10:00,4/8/2017 7:28,947.7,1000.0,-52.3,267.6,DRV,,,False,1,Carrier 62322,Shipper 1249,True,True,True,4/7/2017 14:00,4/7/2017 23:55,False,False,False,False,False,False,False,False,Baldwinsville,NY ,Baldwinsville,NY 
7054,206461889,4/3/2017 16:37,4/3/2017 16:37,4/10/2017 9:03,4/10/2017 12:00,4/11/2017 9:00,947.7,1200.0,-252.3,267.6,DRV,4.0,,False,0,Carrier 1695178,Shipper 1386,True,True,True,4/10/2017 16:00,4/11/2017 8:00,False,False,False,False,False,False,False,False,Baldwinsville,NY ,Baldwinsville,NY 
7055,206475177,4/3/2017 16:35,4/3/2017 16:35,4/5/2017 15:39,4/5/2017 22:00,4/6/2017 17:30,947.7,1100.0,-152.3,267.6,DRV,4.0,,False,0,Carrier 38789,Shipper 1386,True,True,True,4/5/2017 22:00,4/6/2017 16:00,False,False,False,False,False,False,False,False,Baldwinsville,NY ,Baldwinsville,NY 
7056,206474489,4/3/2017 16:36,4/3/2017 16:36,4/7/2017 11:40,4/7/2017 10:00,4/8/2017 7:28,947.7,1000.0,-52.3,267.6,DRV,,,False,1,Carrier 62322,Shipper 1375,True,True,True,4/7/2017 14:00,4/7/2017 23:55,False,False,False,False,False,False,False,False,Baldwinsville,NY ,Baldwinsville,NY 
7057,206461889,4/3/2017 16:37,4/3/2017 16:37,4/10/2017 9:03,4/10/2017 12:00,4/11/2017 9:00,947.7,1200.0,-252.3,267.6,DRV,4.0,,False,0,Carrier 1695178,Shipper 1248,True,True,True,4/10/2017 16:00,4/11/2017 8:00,False,False,False,False,False,False,False,False,Baldwinsville,NY ,Baldwinsville,NY 
7058,206475177,4/3/2017 16:35,4/3/2017 16:35,4/5/2017 15:39,4/5/2017 22:00,4/6/2017 17:30,947.7,1100.0,-152.3,267.6,DRV,4.0,,False,0,Carrier 38789,Shipper 1248,True,True,True,4/5/2017 22:00,4/6/2017 16:00,False,False,False,False,False,False,False,False,Baldwinsville,NY ,Baldwinsville,NY 
7059,206461889,4/3/2017 16:37,4/3/2017 16:37,4/10/2017 9:03,4/10/2017 12:00,4/11/2017 9:00,947.7,1200.0,-252.3,267.6,DRV,4.0,,False,0,Carrier 1695178,Shipper 1387,True,True,True,4/10/2017 16:00,4/11/2017 8:00,False,False,False,False,False,False,False,False,Baldwinsville,NY ,Baldwinsville,NY 
7060,206626545,4/3/2017 16:35,4/3/2017 16:36,4/6/2017 14:49,4/6/2017 22:00,4/7/2017 14:00,947.7,1000.0,-52.3,267.6,DRV,,,False,0,Carrier 65487,Shipper 1249,True,True,True,4/6/2017 22:00,4/7/2017 16:00,False,False,False,False,False,False,False,False,Baldwinsville,NY ,Baldwinsville,NY 
7061,206475177,4/3/2017 16:35,4/3/2017 16:35,4/5/2017 15:39,4/5/2017 22:00,4/6/2017 17:30,947.7,1100.0,-152.3,267.6,DRV,4.0,,False,0,Carrier 38789,Shipper 1387,True,True,True,4/5/2017 22:00,4/6/2017 16:00,False,False,False,False,False,False,False,False,Baldwinsville,NY ,Baldwinsville,NY 
7062,206461889,4/3/2017 16:37,4/3/2017 16:37,4/10/2017 9:03,4/10/2017 12:00,4/11/2017 9:00,947.7,1200.0,-252.3,267.6,DRV,4.0,,False,0,Carrier 1695178,Shipper 1388,True,True,True,4/10/2017 16:00,4/11/2017 8:00,False,False,False,False,False,False,False,False,Baldwinsville,NY ,Baldwinsville,NY 
7063,206626545,4/3/2017 16:35,4/3/2017 16:36,4/6/2017 14:49,4/6/2017 22:00,4/7/2017 14:00,947.7,1000.0,-52.3,267.6,DRV,,,False,0,Carrier 65487,Shipper 1375,True,True,True,4/6/2017 22:00,4/7/2017 16:00,False,False,False,False,False,False,False,False,Baldwinsville,NY ,Baldwinsville,NY 
7064,206474489,4/3/2017 16:36,4/3/2017 16:36,4/7/2017 11:40,4/7/2017 10:00,4/8/2017 7:28,947.7,1000.0,-52.3,267.6,DRV,,,False,1,Carrier 62322,Shipper 1386,True,True,True,4/7/2017 14:00,4/7/2017 23:55,False,False,False,False,False,False,False,False,Baldwinsville,NY ,Baldwinsville,NY 
7065,206475177,4/3/2017 16:35,4/3/2017 16:35,4/5/2017 15:39,4/5/2017 22:00,4/6/2017 17:30,947.7,1100.0,-152.3,267.6,DRV,4.0,,False,0,Carrier 38789,Shipper 1388,True,True,True,4/5/2017 22:00,4/6/2017 16:00,False,False,False,False,False,False,False,False,Baldwinsville,NY ,Baldwinsville,NY 
7066,206474489,4/3/2017 16:36,4/3/2017 16:36,4/7/2017 11:40,4/7/2017 10:00,4/8/2017 7:28,947.7,1000.0,-52.3,267.6,DRV,,,False,1,Carrier 62322,Shipper 1248,True,True,True,4/7/2017 14:00,4/7/2017 23:55,False,False,False,False,False,False,False,False,Baldwinsville,NY ,Baldwinsville,NY 
7067,206626545,4/3/2017 16:35,4/3/2017 16:36,4/6/2017 14:49,4/6/2017 22:00,4/7/2017 14:00,947.7,1000.0,-52.3,267.6,DRV,,,False,0,Carrier 65487,Shipper 1386,True,True,True,4/6/2017 22:00,4/7/2017 16:00,False,False,False,False,False,False,False,False,Baldwinsville,NY ,Baldwinsville,NY 
7068,206626545,4/3/2017 16:35,4/3/2017 16:36,4/6/2017 14:49,4/6/2017 22:00,4/7/2017 14:00,947.7,1000.0,-52.3,267.6,DRV,,,False,0,Carrier 65487,Shipper 1248,True,True,True,4/6/2017 22:00,4/7/2017 16:00,False,False,False,False,False,False,False,False,Baldwinsville,NY ,Baldwinsville,NY 
7069,206626545,4/3/2017 16:35,4/3/2017 16:36,4/6/2017 14:49,4/6/2017 22:00,4/7/2017 14:00,947.7,1000.0,-52.3,267.6,DRV,,,False,0,Carrier 65487,Shipper 1387,True,True,True,4/6/2017 22:00,4/7/2017 16:00,False,False,False,False,False,False,False,False,Baldwinsville,NY ,Baldwinsville,NY 
7070,206474489,4/3/2017 16:36,4/3/2017 16:36,4/7/2017 11:40,4/7/2017 10:00,4/8/2017 7:28,947.7,1000.0,-52.3,267.6,DRV,,,False,1,Carrier 62322,Shipper 1387,True,True,True,4/7/2017 14:00,4/7/2017 23:55,False,False,False,False,False,False,False,False,Baldwinsville,NY ,Baldwinsville,NY 
7071,206626545,4/3/2017 16:35,4/3/2017 16:36,4/6/2017 14:49,4/6/2017 22:00,4/7/2017 14:00,947.7,1000.0,-52.3,267.6,DRV,,,False,0,Carrier 65487,Shipper 1388,True,True,True,4/6/2017 22:00,4/7/2017 16:00,False,False,False,False,False,False,False,False,Baldwinsville,NY ,Baldwinsville,NY 
7072,206474489,4/3/2017 16:36,4/3/2017 16:36,4/7/2017 11:40,4/7/2017 10:00,4/8/2017 7:28,947.7,1000.0,-52.3,267.6,DRV,,,False,1,Carrier 62322,Shipper 1388,True,True,True,4/7/2017 14:00,4/7/2017 23:55,False,False,False,False,False,False,False,False,Baldwinsville,NY ,Baldwinsville,NY 
7073,206531961,12/28/2017 19:39,12/28/2017 19:39,1/4/2018 13:40,1/4/2018 19:00,1/5/2018 23:55,947.41,1260.0,-312.59,526.0,DRV,,,False,0,Carrier 364430,Shipper 758,True,True,True,1/4/2018 19:00,1/5/2018 22:30,False,False,False,False,False,False,False,False,Henderson,NV ,Henderson,NV 
7074,206541873,5/1/2017 16:41,5/1/2017 16:41,5/3/2017 11:45,5/3/2017 17:00,5/4/2017 14:08,947.39,1100.0,-152.61,384.3,RFR,,,False,0,Carrier 775562,Shipper 1249,True,True,True,5/3/2017 17:00,5/4/2017 14:00,False,False,False,False,False,False,False,False,Granite City,IL ,Granite City,IL 
7075,206541873,5/1/2017 16:41,5/1/2017 16:41,5/3/2017 11:45,5/3/2017 17:00,5/4/2017 14:08,947.39,1100.0,-152.61,384.3,RFR,,,False,0,Carrier 775562,Shipper 1375,True,True,True,5/3/2017 17:00,5/4/2017 14:00,False,False,False,False,False,False,False,False,Granite City,IL ,Granite City,IL 
7076,206541873,5/1/2017 16:41,5/1/2017 16:41,5/3/2017 11:45,5/3/2017 17:00,5/4/2017 14:08,947.39,1100.0,-152.61,384.3,RFR,,,False,0,Carrier 775562,Shipper 1386,True,True,True,5/3/2017 17:00,5/4/2017 14:00,False,False,False,False,False,False,False,False,Granite City,IL ,Granite City,IL 
7077,206541873,5/1/2017 16:41,5/1/2017 16:41,5/3/2017 11:45,5/3/2017 17:00,5/4/2017 14:08,947.39,1100.0,-152.61,384.3,RFR,,,False,0,Carrier 775562,Shipper 1248,True,True,True,5/3/2017 17:00,5/4/2017 14:00,False,False,False,False,False,False,False,False,Granite City,IL ,Granite City,IL 
7078,206541873,5/1/2017 16:41,5/1/2017 16:41,5/3/2017 11:45,5/3/2017 17:00,5/4/2017 14:08,947.39,1100.0,-152.61,384.3,RFR,,,False,0,Carrier 775562,Shipper 1387,True,True,True,5/3/2017 17:00,5/4/2017 14:00,False,False,False,False,False,False,False,False,Granite City,IL ,Granite City,IL 
7079,206541873,5/1/2017 16:41,5/1/2017 16:41,5/3/2017 11:45,5/3/2017 17:00,5/4/2017 14:08,947.39,1100.0,-152.61,384.3,RFR,,,False,0,Carrier 775562,Shipper 1388,True,True,True,5/3/2017 17:00,5/4/2017 14:00,False,False,False,False,False,False,False,False,Granite City,IL ,Granite City,IL 
7080,206598121,6/9/2017 16:22,6/9/2017 16:22,6/12/2017 11:11,6/13/2017 6:00,6/13/2017 10:52,946.3,900.0,46.3,78.7,RFR,,,False,0,Carrier 978458,Shipper 1249,True,True,True,6/13/2017 6:00,6/13/2017 14:00,False,False,False,False,False,False,False,False,Houston,TX ,Houston,TX 
7081,206598121,6/9/2017 16:22,6/9/2017 16:22,6/12/2017 11:11,6/13/2017 6:00,6/13/2017 10:52,946.3,900.0,46.3,78.7,RFR,,,False,0,Carrier 978458,Shipper 1375,True,True,True,6/13/2017 6:00,6/13/2017 14:00,False,False,False,False,False,False,False,False,Houston,TX ,Houston,TX 
7082,206598121,6/9/2017 16:22,6/9/2017 16:22,6/12/2017 11:11,6/13/2017 6:00,6/13/2017 10:52,946.3,900.0,46.3,78.7,RFR,,,False,0,Carrier 978458,Shipper 1386,True,True,True,6/13/2017 6:00,6/13/2017 14:00,False,False,False,False,False,False,False,False,Houston,TX ,Houston,TX 
7083,206598121,6/9/2017 16:22,6/9/2017 16:22,6/12/2017 11:11,6/13/2017 6:00,6/13/2017 10:52,946.3,900.0,46.3,78.7,RFR,,,False,0,Carrier 978458,Shipper 1248,True,True,True,6/13/2017 6:00,6/13/2017 14:00,False,False,False,False,False,False,False,False,Houston,TX ,Houston,TX 
7084,206598121,6/9/2017 16:22,6/9/2017 16:22,6/12/2017 11:11,6/13/2017 6:00,6/13/2017 10:52,946.3,900.0,46.3,78.7,RFR,,,False,0,Carrier 978458,Shipper 1387,True,True,True,6/13/2017 6:00,6/13/2017 14:00,False,False,False,False,False,False,False,False,Houston,TX ,Houston,TX 
7085,206598121,6/9/2017 16:22,6/9/2017 16:22,6/12/2017 11:11,6/13/2017 6:00,6/13/2017 10:52,946.3,900.0,46.3,78.7,RFR,,,False,0,Carrier 978458,Shipper 1388,True,True,True,6/13/2017 6:00,6/13/2017 14:00,False,False,False,False,False,False,False,False,Houston,TX ,Houston,TX 
7086,206601801,6/1/2017 11:52,6/1/2017 12:43,6/5/2017 12:16,6/5/2017 9:00,6/6/2017 11:22,944.88,950.0,-5.12,508.0,DRV,,,False,0,Carrier 1287561,Shipper 1033,True,True,True,6/5/2017 16:00,6/6/2017 17:00,False,False,False,False,False,False,False,False,Kansas City,MO ,Kansas City,MO 
7087,206740297,2/21/2017 12:08,2/21/2017 12:09,2/21/2017 13:38,2/22/2017 8:00,2/23/2017 11:40,944.13,775.0,169.13,751.1,DRV,,,False,0,Carrier 947118,Shipper 623,True,True,True,2/22/2017 15:00,2/23/2017 15:30,False,False,False,False,False,False,False,False,Reading,PA ,Reading,PA 
7088,206692273,11/6/2017 13:38,11/6/2017 13:38,11/14/2017 17:01,11/15/2017 11:00,11/16/2017 4:30,943.11,1100.0,-156.89,526.0,DRV,,,False,1,Carrier 1218732,Shipper 758,True,True,True,11/15/2017 11:00,11/16/2017 1:30,False,False,False,False,False,False,False,False,Henderson,NV ,Henderson,NV 
7089,206576385,3/23/2017 10:25,3/23/2017 10:25,3/23/2017 12:52,3/23/2017 18:00,3/24/2017 14:00,940.78,850.0,90.78,432.0,RFR,,,False,0,Carrier 928826,Shipper 1249,True,True,True,3/23/2017 18:00,3/24/2017 16:00,False,False,False,False,False,False,False,False,Fort Collins,CO ,Fort Collins,CO 
7090,206576385,3/23/2017 10:25,3/23/2017 10:25,3/23/2017 12:52,3/23/2017 18:00,3/24/2017 14:00,940.78,850.0,90.78,432.0,RFR,,,False,0,Carrier 928826,Shipper 1375,True,True,True,3/23/2017 18:00,3/24/2017 16:00,False,False,False,False,False,False,False,False,Fort Collins,CO ,Fort Collins,CO 
7091,206576385,3/23/2017 10:25,3/23/2017 10:25,3/23/2017 12:52,3/23/2017 18:00,3/24/2017 14:00,940.78,850.0,90.78,432.0,RFR,,,False,0,Carrier 928826,Shipper 1386,True,True,True,3/23/2017 18:00,3/24/2017 16:00,False,False,False,False,False,False,False,False,Fort Collins,CO ,Fort Collins,CO 
7092,206576385,3/23/2017 10:25,3/23/2017 10:25,3/23/2017 12:52,3/23/2017 18:00,3/24/2017 14:00,940.78,850.0,90.78,432.0,RFR,,,False,0,Carrier 928826,Shipper 1248,True,True,True,3/23/2017 18:00,3/24/2017 16:00,False,False,False,False,False,False,False,False,Fort Collins,CO ,Fort Collins,CO 
7093,206576385,3/23/2017 10:25,3/23/2017 10:25,3/23/2017 12:52,3/23/2017 18:00,3/24/2017 14:00,940.78,850.0,90.78,432.0,RFR,,,False,0,Carrier 928826,Shipper 1387,True,True,True,3/23/2017 18:00,3/24/2017 16:00,False,False,False,False,False,False,False,False,Fort Collins,CO ,Fort Collins,CO 
7094,206576385,3/23/2017 10:25,3/23/2017 10:25,3/23/2017 12:52,3/23/2017 18:00,3/24/2017 14:00,940.78,850.0,90.78,432.0,RFR,,,False,0,Carrier 928826,Shipper 1388,True,True,True,3/23/2017 18:00,3/24/2017 16:00,False,False,False,False,False,False,False,False,Fort Collins,CO ,Fort Collins,CO 
7095,206487169,9/26/2017 15:42,9/26/2017 15:42,10/4/2017 16:41,10/2/2017 20:00,10/3/2017 21:00,940.66,975.0,-34.34,526.0,DRV,,,False,1,Carrier 38035,Shipper 758,True,True,True,10/2/2017 20:00,10/3/2017 21:00,False,False,False,False,False,False,False,False,Henderson,NV ,Henderson,NV 
7096,206606033,9/15/2017 8:55,9/15/2017 8:55,9/21/2017 13:41,9/20/2017 20:00,9/22/2017 2:00,940.66,975.0,-34.34,526.0,DRV,,,False,1,Carrier 1037993,Shipper 758,True,True,True,9/20/2017 20:00,9/22/2017 0:00,False,False,False,False,False,False,False,False,Henderson,NV ,Henderson,NV 
7097,206464953,9/21/2017 13:04,9/21/2017 13:04,9/22/2017 11:00,9/27/2017 20:00,9/29/2017 0:00,940.66,975.0,-34.34,526.0,DRV,,,False,0,Carrier 1037993,Shipper 758,True,True,True,9/27/2017 20:00,9/28/2017 22:00,False,False,False,False,False,False,False,False,Henderson,NV ,Henderson,NV 
7098,206570289,1/17/2017 14:02,1/17/2017 14:03,1/19/2017 8:22,1/19/2017 8:00,1/20/2017 11:03,940.37,825.0,115.37,751.1,DRV,5.0,,False,1,Carrier 1445198,Shipper 623,True,True,True,1/19/2017 12:00,1/20/2017 16:00,False,False,False,False,False,False,False,False,Reading,PA ,Reading,PA 
7099,206482313,2/16/2017 9:37,2/16/2017 9:37,2/17/2017 12:28,2/17/2017 15:00,2/20/2017 11:30,940.0,1050.0,-110.0,645.0,DRV,,,False,1,Carrier 600064,Shipper 943,True,True,True,2/17/2017 15:00,2/20/2017 11:00,False,False,False,False,False,False,False,False,North East,MD ,North East,MD 
7100,206486521,7/25/2017 12:45,7/25/2017 12:46,7/26/2017 13:47,7/27/2017 8:00,7/28/2017 9:45,940.0,900.0,40.0,476.6,DRV,,,False,0,Carrier 1177126,Shipper 744,True,True,True,7/27/2017 15:45,7/28/2017 16:00,False,False,False,False,False,False,False,False,Conover,NC ,Conover,NC 
7101,206657249,9/26/2017 13:43,9/26/2017 13:43,9/28/2017 14:29,10/3/2017 8:00,10/4/2017 9:25,940.0,850.0,90.0,695.4,DRV,,,False,0,Carrier 997964,Shipper 923,True,True,True,10/3/2017 12:00,10/4/2017 11:30,False,False,False,False,False,False,False,False,Medley,FL ,Medley,FL 
7102,206485409,8/1/2017 15:36,8/1/2017 15:36,8/9/2017 8:45,8/10/2017 8:00,8/11/2017 10:30,940.0,875.0,65.0,476.6,DRV,,,False,1,Carrier 96779,Shipper 744,True,True,True,8/10/2017 15:45,8/11/2017 16:00,False,False,False,False,False,False,False,False,Conover,NC ,Conover,NC 
7103,206428265,8/1/2017 10:41,8/1/2017 10:41,8/2/2017 8:34,8/2/2017 8:00,8/3/2017 13:00,940.0,1000.0,-60.0,476.6,DRV,,,False,0,Carrier 1539525,Shipper 744,True,True,True,8/2/2017 15:45,8/3/2017 16:00,False,False,False,False,False,False,False,False,Conover,NC ,Conover,NC 
7104,206653153,10/20/2017 12:13,10/20/2017 12:13,10/25/2017 11:52,10/26/2017 9:00,10/27/2017 1:00,939.03,925.0,14.03,329.2,DRV,,,False,0,Carrier 552905,Shipper 758,True,True,True,10/26/2017 15:00,10/26/2017 23:30,False,False,False,False,False,False,False,False,Vernon,CA ,Vernon,CA 
7105,206429113,2/23/2017 19:32,2/23/2017 19:32,2/27/2017 9:45,1/15/2017 15:00,1/16/2017 11:00,939.0,426.0,513.0,0.0,RFR,,,False,0,Carrier 1425578,Shipper 758,False,False,False,1/15/2017 15:00,1/15/2017 19:00,False,False,False,False,False,False,False,False,Portland,OR ,Portland,OR 
7106,206460105,1/27/2017 15:55,1/27/2017 15:56,1/30/2017 12:43,1/31/2017 14:00,2/1/2017 12:04,938.45,850.0,88.45,355.9,DRV,4.0,,False,0,Carrier 48101,Shipper 1078,True,True,True,1/31/2017 14:00,2/1/2017 14:00,False,False,False,False,False,False,False,False,Raleigh,NC ,Raleigh,NC 
7107,206774049,2/23/2017 11:44,2/23/2017 11:44,2/27/2017 11:42,2/27/2017 10:00,2/28/2017 11:00,938.21,960.0,-21.79,493.2,DRV,,,False,0,Carrier 1693583,Shipper 766,True,True,True,2/27/2017 16:30,2/28/2017 9:00,False,False,False,False,False,False,False,False,Paris,TN ,Paris,TN 
7108,206611441,2/8/2017 13:37,2/8/2017 13:40,2/9/2017 8:57,2/9/2017 10:00,2/10/2017 12:15,938.21,900.0,38.21,493.1,DRV,3.0,,False,0,Carrier 1215457,Shipper 766,True,True,True,2/9/2017 16:00,2/10/2017 10:30,False,False,False,False,False,False,False,False,Paris,TN ,Paris,TN 
7109,206472097,7/27/2017 16:56,7/27/2017 16:56,7/28/2017 9:40,7/30/2017 14:00,8/7/2017 8:20,937.69,830.0,107.69,364.9,DRV,,,True,0,Carrier 154651,Shipper 1249,True,True,True,7/30/2017 14:00,8/7/2017 6:30,False,False,False,False,False,False,False,False,Newark,NJ ,Newark,NJ 
7110,206472097,7/27/2017 16:56,7/27/2017 16:56,7/28/2017 9:40,7/30/2017 14:00,8/7/2017 8:20,937.69,830.0,107.69,364.9,DRV,,,True,0,Carrier 154651,Shipper 1375,True,True,True,7/30/2017 14:00,8/7/2017 6:30,False,False,False,False,False,False,False,False,Newark,NJ ,Newark,NJ 
7111,206472097,7/27/2017 16:56,7/27/2017 16:56,7/28/2017 9:40,7/30/2017 14:00,8/7/2017 8:20,937.69,830.0,107.69,364.9,DRV,,,True,0,Carrier 154651,Shipper 1386,True,True,True,7/30/2017 14:00,8/7/2017 6:30,False,False,False,False,False,False,False,False,Newark,NJ ,Newark,NJ 
7112,206472097,7/27/2017 16:56,7/27/2017 16:56,7/28/2017 9:40,7/30/2017 14:00,8/7/2017 8:20,937.69,830.0,107.69,364.9,DRV,,,True,0,Carrier 154651,Shipper 1248,True,True,True,7/30/2017 14:00,8/7/2017 6:30,False,False,False,False,False,False,False,False,Newark,NJ ,Newark,NJ 
7113,206472097,7/27/2017 16:56,7/27/2017 16:56,7/28/2017 9:40,7/30/2017 14:00,8/7/2017 8:20,937.69,830.0,107.69,364.9,DRV,,,True,0,Carrier 154651,Shipper 1387,True,True,True,7/30/2017 14:00,8/7/2017 6:30,False,False,False,False,False,False,False,False,Newark,NJ ,Newark,NJ 
7114,206472097,7/27/2017 16:56,7/27/2017 16:56,7/28/2017 9:40,7/30/2017 14:00,8/7/2017 8:20,937.69,830.0,107.69,364.9,DRV,,,True,0,Carrier 154651,Shipper 1388,True,True,True,7/30/2017 14:00,8/7/2017 6:30,False,False,False,False,False,False,False,False,Newark,NJ ,Newark,NJ 
7115,206434361,3/1/2017 11:39,3/1/2017 11:40,3/16/2017 18:10,3/17/2017 13:30,3/20/2017 17:30,937.46,800.0,137.46,563.0,DRV,,,False,0,Carrier 68046,Shipper 758,True,True,True,3/17/2017 13:30,3/20/2017 16:00,False,False,False,False,False,False,False,False,Denver,CO ,Denver,CO 
7116,206536561,2/23/2017 10:47,2/23/2017 11:07,3/13/2017 13:24,3/14/2017 13:30,3/15/2017 18:00,937.46,725.0,212.46,563.0,DRV,3.0,,False,0,Carrier 1695150,Shipper 758,True,True,True,3/14/2017 13:30,3/15/2017 16:00,False,False,False,False,False,False,False,False,Denver,CO ,Denver,CO 
7117,206533905,3/1/2017 18:13,3/1/2017 18:13,3/2/2017 11:18,3/2/2017 13:30,3/3/2017 18:00,937.46,750.0,187.46,563.0,DRV,,,False,0,Carrier 1648273,Shipper 758,True,True,True,3/2/2017 13:30,3/3/2017 17:00,False,False,False,False,False,False,False,False,Denver,CO ,Denver,CO 
7118,206468521,2/23/2017 15:17,2/23/2017 15:17,3/3/2017 10:49,3/6/2017 14:30,3/7/2017 19:20,937.46,750.0,187.46,563.0,DRV,,,False,1,Carrier 1604335,Shipper 758,True,True,True,3/6/2017 14:30,3/7/2017 18:30,False,False,False,False,False,False,False,False,Denver,CO ,Denver,CO 
7119,206463041,2/23/2017 15:15,2/23/2017 15:16,3/8/2017 14:45,3/9/2017 14:30,3/10/2017 17:45,937.46,924.0,13.46,563.0,DRV,,,False,0,Carrier 374915,Shipper 758,True,True,True,3/9/2017 14:30,3/10/2017 16:00,False,False,False,False,False,False,False,False,Denver,CO ,Denver,CO 
7120,206467241,6/8/2017 7:23,6/8/2017 7:23,6/8/2017 10:50,6/9/2017 8:00,6/12/2017 16:50,937.24,875.0,62.24,757.8,DRV,,,False,0,Carrier 1612575,Shipper 623,True,False,False,6/9/2017 15:00,6/12/2017 13:30,False,False,False,False,False,False,False,False,Wyomissing,PA ,Wyomissing,PA 
7121,206657689,6/20/2017 15:45,6/20/2017 15:46,6/21/2017 10:05,6/21/2017 12:00,6/21/2017 23:00,935.85,900.0,35.85,252.6,DRV,,,False,0,Carrier 691599,Shipper 1249,True,True,True,6/21/2017 12:00,6/23/2017 6:00,False,False,False,False,False,False,False,False,Newark,NJ ,Newark,NJ 
7122,206657689,6/20/2017 15:45,6/20/2017 15:46,6/21/2017 10:05,6/21/2017 12:00,6/21/2017 23:00,935.85,900.0,35.85,252.6,DRV,,,False,0,Carrier 691599,Shipper 1375,True,True,True,6/21/2017 12:00,6/23/2017 6:00,False,False,False,False,False,False,False,False,Newark,NJ ,Newark,NJ 
7123,206657689,6/20/2017 15:45,6/20/2017 15:46,6/21/2017 10:05,6/21/2017 12:00,6/21/2017 23:00,935.85,900.0,35.85,252.6,DRV,,,False,0,Carrier 691599,Shipper 1386,True,True,True,6/21/2017 12:00,6/23/2017 6:00,False,False,False,False,False,False,False,False,Newark,NJ ,Newark,NJ 
7124,206657689,6/20/2017 15:45,6/20/2017 15:46,6/21/2017 10:05,6/21/2017 12:00,6/21/2017 23:00,935.85,900.0,35.85,252.6,DRV,,,False,0,Carrier 691599,Shipper 1248,True,True,True,6/21/2017 12:00,6/23/2017 6:00,False,False,False,False,False,False,False,False,Newark,NJ ,Newark,NJ 
7125,206657689,6/20/2017 15:45,6/20/2017 15:46,6/21/2017 10:05,6/21/2017 12:00,6/21/2017 23:00,935.85,900.0,35.85,252.6,DRV,,,False,0,Carrier 691599,Shipper 1387,True,True,True,6/21/2017 12:00,6/23/2017 6:00,False,False,False,False,False,False,False,False,Newark,NJ ,Newark,NJ 
7126,206657689,6/20/2017 15:45,6/20/2017 15:46,6/21/2017 10:05,6/21/2017 12:00,6/21/2017 23:00,935.85,900.0,35.85,252.6,DRV,,,False,0,Carrier 691599,Shipper 1388,True,True,True,6/21/2017 12:00,6/23/2017 6:00,False,False,False,False,False,False,False,False,Newark,NJ ,Newark,NJ 
7127,206484873,5/30/2017 16:06,5/30/2017 16:06,5/31/2017 13:11,5/31/2017 19:00,6/1/2017 11:30,935.52,700.0,235.52,120.7,DRV,,,False,0,Carrier 1695268,Shipper 1249,True,True,True,5/31/2017 19:00,6/1/2017 14:30,False,False,False,False,False,False,False,False,Los Angeles,CA ,Los Angeles,CA 
7128,206484873,5/30/2017 16:06,5/30/2017 16:06,5/31/2017 13:11,5/31/2017 19:00,6/1/2017 11:30,935.52,700.0,235.52,120.7,DRV,,,False,0,Carrier 1695268,Shipper 1375,True,True,True,5/31/2017 19:00,6/1/2017 14:30,False,False,False,False,False,False,False,False,Los Angeles,CA ,Los Angeles,CA 
7129,206484873,5/30/2017 16:06,5/30/2017 16:06,5/31/2017 13:11,5/31/2017 19:00,6/1/2017 11:30,935.52,700.0,235.52,120.7,DRV,,,False,0,Carrier 1695268,Shipper 1386,True,True,True,5/31/2017 19:00,6/1/2017 14:30,False,False,False,False,False,False,False,False,Los Angeles,CA ,Los Angeles,CA 
7130,206484873,5/30/2017 16:06,5/30/2017 16:06,5/31/2017 13:11,5/31/2017 19:00,6/1/2017 11:30,935.52,700.0,235.52,120.7,DRV,,,False,0,Carrier 1695268,Shipper 1248,True,True,True,5/31/2017 19:00,6/1/2017 14:30,False,False,False,False,False,False,False,False,Los Angeles,CA ,Los Angeles,CA 
7131,206484873,5/30/2017 16:06,5/30/2017 16:06,5/31/2017 13:11,5/31/2017 19:00,6/1/2017 11:30,935.52,700.0,235.52,120.7,DRV,,,False,0,Carrier 1695268,Shipper 1387,True,True,True,5/31/2017 19:00,6/1/2017 14:30,False,False,False,False,False,False,False,False,Los Angeles,CA ,Los Angeles,CA 
7132,206484873,5/30/2017 16:06,5/30/2017 16:06,5/31/2017 13:11,5/31/2017 19:00,6/1/2017 11:30,935.52,700.0,235.52,120.7,DRV,,,False,0,Carrier 1695268,Shipper 1388,True,True,True,5/31/2017 19:00,6/1/2017 14:30,False,False,False,False,False,False,False,False,Los Angeles,CA ,Los Angeles,CA 
7133,206522601,8/22/2017 10:06,8/22/2017 10:09,8/22/2017 12:27,8/23/2017 9:00,8/24/2017 11:40,935.4,800.0,135.4,722.9,DRV,,,False,0,Carrier 1017530,Shipper 762,True,True,True,8/23/2017 14:00,8/25/2017 14:00,False,False,False,False,False,False,False,False,Delray Beach,FL ,Delray Beach,FL 
7134,206571817,6/9/2017 14:55,6/9/2017 15:02,6/15/2017 10:10,6/15/2017 20:00,6/17/2017 2:45,933.5,1094.0,-160.5,526.0,DRV,,,False,0,Carrier 31074,Shipper 758,True,True,True,6/15/2017 20:00,6/17/2017 0:30,False,False,False,False,False,False,False,False,Henderson,NV ,Henderson,NV 
7135,206747801,3/3/2017 10:41,3/3/2017 10:41,3/21/2017 14:17,3/22/2017 11:30,3/23/2017 17:30,933.12,924.0,9.12,563.0,DRV,,,False,0,Carrier 46264,Shipper 758,True,True,True,3/22/2017 11:30,3/23/2017 16:00,False,False,False,False,False,False,False,False,Denver,CO ,Denver,CO 
7136,206472937,3/1/2017 18:15,3/1/2017 18:15,3/20/2017 10:46,3/21/2017 13:30,3/22/2017 17:30,933.12,949.0,-15.88,563.0,DRV,,,False,0,Carrier 1340531,Shipper 758,True,True,True,3/21/2017 13:30,3/22/2017 16:00,False,False,False,False,False,False,False,False,Denver,CO ,Denver,CO 
7137,206552281,3/3/2017 16:45,3/3/2017 16:45,3/22/2017 13:58,3/23/2017 11:30,3/24/2017 18:56,933.12,775.0,158.12,563.0,DRV,,,False,0,Carrier 30737,Shipper 758,True,True,True,3/23/2017 11:30,3/24/2017 16:00,False,False,False,False,False,False,False,False,Denver,CO ,Denver,CO 
7138,206481065,3/7/2017 18:21,3/7/2017 18:22,3/24/2017 15:24,3/27/2017 11:30,3/28/2017 17:15,933.12,800.0,133.12,563.0,DRV,3.0,,False,0,Carrier 660799,Shipper 758,True,True,True,3/27/2017 11:30,3/28/2017 16:00,False,False,False,False,False,False,False,False,Denver,CO ,Denver,CO 
7139,206422561,3/10/2017 17:34,3/10/2017 17:34,3/27/2017 14:21,3/29/2017 13:30,3/30/2017 19:00,933.12,924.0,9.12,563.0,DRV,2.0,,False,0,Carrier 374915,Shipper 758,True,True,True,3/29/2017 13:30,3/30/2017 16:00,False,False,False,False,False,False,False,False,Denver,CO ,Denver,CO 
7140,206429569,3/1/2017 11:57,3/1/2017 11:57,3/14/2017 15:20,3/20/2017 15:30,3/21/2017 17:12,933.12,874.0,59.12,563.0,DRV,,,False,0,Carrier 374915,Shipper 758,True,True,True,3/20/2017 15:30,3/21/2017 16:00,False,False,False,False,False,False,False,False,Denver,CO ,Denver,CO 
7141,206485017,8/4/2017 13:57,8/4/2017 13:57,8/7/2017 14:27,8/10/2017 19:00,8/11/2017 23:00,931.16,975.0,-43.84,526.0,DRV,,,False,0,Carrier 1037993,Shipper 758,True,True,True,8/10/2017 19:00,8/11/2017 22:00,False,False,False,False,False,False,False,False,Henderson,NV ,Henderson,NV 
7142,206473937,1/24/2017 11:34,1/24/2017 11:34,2/7/2017 14:02,2/8/2017 14:00,2/9/2017 11:30,930.0,910.0,20.0,393.2,DRV,,,False,0,Carrier 941668,Shipper 1184,True,True,True,2/8/2017 14:00,2/9/2017 9:00,False,False,False,False,False,False,False,False,Burlington,NC ,Burlington,NC 
7143,206693889,7/20/2017 17:06,7/20/2017 17:06,7/31/2017 14:21,7/31/2017 15:00,8/1/2017 15:00,930.0,1100.0,-170.0,417.2,DRV,,,False,0,Carrier 1621274,Shipper 744,True,True,True,7/31/2017 15:00,8/1/2017 15:45,False,False,False,False,False,False,False,False,Montgomery,AL ,Montgomery,AL 
7144,206440929,8/2/2017 15:48,8/2/2017 15:49,8/4/2017 15:02,8/7/2017 15:00,8/8/2017 9:25,930.0,1025.0,-95.0,417.2,DRV,,,False,0,Carrier 1328445,Shipper 744,True,True,True,8/7/2017 15:00,8/8/2017 15:45,False,False,False,False,False,False,False,False,Montgomery,AL ,Montgomery,AL 
7145,206585777,7/26/2017 14:48,7/26/2017 14:48,7/31/2017 10:07,7/31/2017 9:00,8/1/2017 9:00,929.91,900.0,29.91,509.1,DRV,,,False,0,Carrier 65685,Shipper 749,True,True,True,7/31/2017 16:00,8/1/2017 7:20,False,False,False,False,False,False,False,False,Columbus,OH ,Columbus,OH 
7146,206557401,11/8/2017 9:38,11/8/2017 9:38,11/9/2017 14:55,11/10/2017 15:00,11/13/2017 10:15,929.4,900.0,29.4,460.9,DRV,,,False,0,Carrier 1042301,Shipper 1644,True,True,True,11/10/2017 15:00,11/13/2017 8:30,False,False,False,False,False,False,False,False,Wylie,TX ,Wylie,TX 
7147,206659401,3/22/2017 10:18,3/22/2017 10:18,3/27/2017 9:58,3/27/2017 9:00,3/28/2017 11:30,929.26,900.0,29.26,571.5,DRV,,,False,0,Carrier 599087,Shipper 744,True,True,True,3/27/2017 15:30,3/28/2017 17:00,False,False,False,False,False,False,False,False,Conover,NC ,Conover,NC 
7148,206590585,6/8/2017 9:05,6/8/2017 9:06,6/8/2017 11:45,6/9/2017 8:00,6/12/2017 9:00,928.96,850.0,78.96,751.1,DRV,,,False,0,Carrier 2903,Shipper 623,True,True,True,6/9/2017 15:00,6/12/2017 13:30,False,False,False,False,False,False,False,False,Reading,PA ,Reading,PA 
7149,206425105,6/8/2017 16:12,6/8/2017 16:12,6/9/2017 12:52,6/12/2017 8:00,6/14/2017 9:30,928.96,875.0,53.96,751.1,DRV,,,False,0,Carrier 1612575,Shipper 623,False,True,True,6/12/2017 15:00,6/14/2017 15:30,False,False,False,False,False,False,False,False,Reading,PA ,Reading,PA 
7150,206570369,8/22/2017 16:56,8/22/2017 16:56,8/23/2017 10:26,8/24/2017 1:00,8/25/2017 13:00,928.29,700.0,228.29,342.7,DRV,,,False,0,Carrier 31074,Shipper 1249,True,True,True,8/24/2017 15:00,8/25/2017 15:00,False,False,False,False,False,False,False,False,Merrimack,NH ,Merrimack,NH 
7151,206570369,8/22/2017 16:56,8/22/2017 16:56,8/23/2017 10:26,8/24/2017 1:00,8/25/2017 13:00,928.29,700.0,228.29,342.7,DRV,,,False,0,Carrier 31074,Shipper 1375,True,True,True,8/24/2017 15:00,8/25/2017 15:00,False,False,False,False,False,False,False,False,Merrimack,NH ,Merrimack,NH 
7152,206570369,8/22/2017 16:56,8/22/2017 16:56,8/23/2017 10:26,8/24/2017 1:00,8/25/2017 13:00,928.29,700.0,228.29,342.7,DRV,,,False,0,Carrier 31074,Shipper 1386,True,True,True,8/24/2017 15:00,8/25/2017 15:00,False,False,False,False,False,False,False,False,Merrimack,NH ,Merrimack,NH 
7153,206570369,8/22/2017 16:56,8/22/2017 16:56,8/23/2017 10:26,8/24/2017 1:00,8/25/2017 13:00,928.29,700.0,228.29,342.7,DRV,,,False,0,Carrier 31074,Shipper 1248,True,True,True,8/24/2017 15:00,8/25/2017 15:00,False,False,False,False,False,False,False,False,Merrimack,NH ,Merrimack,NH 
7154,206570369,8/22/2017 16:56,8/22/2017 16:56,8/23/2017 10:26,8/24/2017 1:00,8/25/2017 13:00,928.29,700.0,228.29,342.7,DRV,,,False,0,Carrier 31074,Shipper 1387,True,True,True,8/24/2017 15:00,8/25/2017 15:00,False,False,False,False,False,False,False,False,Merrimack,NH ,Merrimack,NH 
7155,206570369,8/22/2017 16:56,8/22/2017 16:56,8/23/2017 10:26,8/24/2017 1:00,8/25/2017 13:00,928.29,700.0,228.29,342.7,DRV,,,False,0,Carrier 31074,Shipper 1388,True,True,True,8/24/2017 15:00,8/25/2017 15:00,False,False,False,False,False,False,False,False,Merrimack,NH ,Merrimack,NH 
7156,206549545,6/16/2017 17:45,6/16/2017 17:47,6/19/2017 12:30,6/20/2017 8:00,6/21/2017 14:00,928.21,900.0,28.21,722.9,DRV,,,False,0,Carrier 1282172,Shipper 762,True,True,True,6/20/2017 15:00,6/22/2017 15:00,False,False,False,False,False,False,False,False,Delray Beach,FL ,Delray Beach,FL 
7157,206607713,6/16/2017 17:50,6/16/2017 17:50,6/20/2017 9:35,6/21/2017 8:00,6/22/2017 10:33,928.21,925.0,3.21,722.9,DRV,,,False,0,Carrier 30014,Shipper 762,True,True,True,6/21/2017 15:00,6/23/2017 15:00,False,False,False,False,False,False,False,False,Delray Beach,FL ,Delray Beach,FL 
7158,206438017,4/7/2017 16:39,4/7/2017 16:39,4/11/2017 16:56,4/11/2017 21:00,4/12/2017 12:30,927.06,1400.0,-472.94,290.4,RFR,,,False,0,Carrier 1023114,Shipper 1249,,,,4/11/2017 21:00,4/12/2017 14:00,False,False,False,False,False,False,False,False,Granite City,IL ,Granite City,IL 
7159,206438017,4/7/2017 16:39,4/7/2017 16:39,4/11/2017 16:56,4/11/2017 21:00,4/12/2017 12:30,927.06,1400.0,-472.94,290.4,RFR,,,False,0,Carrier 1023114,Shipper 1375,,,,4/11/2017 21:00,4/12/2017 14:00,False,False,False,False,False,False,False,False,Granite City,IL ,Granite City,IL 
7160,206438017,4/7/2017 16:39,4/7/2017 16:39,4/11/2017 16:56,4/11/2017 21:00,4/12/2017 12:30,927.06,1400.0,-472.94,290.4,RFR,,,False,0,Carrier 1023114,Shipper 1386,,,,4/11/2017 21:00,4/12/2017 14:00,False,False,False,False,False,False,False,False,Granite City,IL ,Granite City,IL 
7161,206438017,4/7/2017 16:39,4/7/2017 16:39,4/11/2017 16:56,4/11/2017 21:00,4/12/2017 12:30,927.06,1400.0,-472.94,290.4,RFR,,,False,0,Carrier 1023114,Shipper 1248,,,,4/11/2017 21:00,4/12/2017 14:00,False,False,False,False,False,False,False,False,Granite City,IL ,Granite City,IL 
7162,206438017,4/7/2017 16:39,4/7/2017 16:39,4/11/2017 16:56,4/11/2017 21:00,4/12/2017 12:30,927.06,1400.0,-472.94,290.4,RFR,,,False,0,Carrier 1023114,Shipper 1387,,,,4/11/2017 21:00,4/12/2017 14:00,False,False,False,False,False,False,False,False,Granite City,IL ,Granite City,IL 
7163,206438017,4/7/2017 16:39,4/7/2017 16:39,4/11/2017 16:56,4/11/2017 21:00,4/12/2017 12:30,927.06,1400.0,-472.94,290.4,RFR,,,False,0,Carrier 1023114,Shipper 1388,,,,4/11/2017 21:00,4/12/2017 14:00,False,False,False,False,False,False,False,False,Granite City,IL ,Granite City,IL 
7164,206617777,3/21/2017 13:58,3/21/2017 13:58,3/22/2017 10:28,3/23/2017 8:00,3/24/2017 8:45,926.17,800.0,126.17,719.3,DRV,,,False,0,Carrier 1376474,Shipper 623,True,True,True,3/23/2017 12:00,3/24/2017 7:00,False,False,False,False,False,False,False,False,Reading,PA ,Reading,PA 
7165,206496721,3/16/2017 10:41,3/16/2017 10:41,3/21/2017 9:01,3/21/2017 7:00,3/22/2017 13:45,925.97,900.0,25.97,610.8,DRV,3.0,,False,0,Carrier 375555,Shipper 971,True,True,True,3/21/2017 14:00,3/22/2017 13:00,False,False,False,False,False,False,False,False,San Antonio,TX ,San Antonio,TX 
7166,206619425,9/5/2017 15:11,9/5/2017 15:11,9/6/2017 9:42,9/6/2017 8:30,9/7/2017 9:25,925.0,875.0,50.0,227.1,DRV,,,False,0,Carrier 123730,Shipper 810,False,True,True,9/6/2017 8:30,9/7/2017 8:00,False,False,False,False,False,False,False,False,Georgetown,SC ,Georgetown,SC 
7167,206599169,3/7/2017 14:17,3/7/2017 14:18,3/8/2017 15:48,3/9/2017 13:00,3/10/2017 11:00,925.0,850.0,75.0,487.9,DRV,3.0,,False,0,Carrier 770385,Shipper 1048,True,True,True,3/9/2017 16:00,3/10/2017 10:00,False,False,False,False,False,False,False,False,Laredo,TX ,Laredo,TX 
7168,206536585,3/8/2017 11:20,3/8/2017 11:20,3/8/2017 12:13,3/8/2017 14:00,3/9/2017 10:30,925.0,850.0,75.0,487.9,DRV,2.0,,False,0,Carrier 770385,Shipper 1048,True,True,True,3/8/2017 16:00,3/9/2017 10:00,False,False,False,False,False,False,False,False,Laredo,TX ,Laredo,TX 
7169,206466113,3/7/2017 20:52,3/7/2017 20:52,3/9/2017 10:51,3/9/2017 13:00,3/10/2017 11:00,925.0,850.0,75.0,487.9,DRV,3.0,,False,0,Carrier 770385,Shipper 1048,True,True,True,3/9/2017 16:00,3/10/2017 10:00,False,False,False,False,False,False,False,False,Laredo,TX ,Laredo,TX 
7170,206427777,2/24/2017 16:03,2/24/2017 16:03,2/27/2017 10:06,2/27/2017 8:00,2/28/2017 12:00,925.0,750.0,175.0,571.5,DRV,2.0,,False,0,Carrier 81816,Shipper 744,True,False,False,2/27/2017 15:30,2/28/2017 8:00,False,False,False,False,False,False,False,False,Conover,NC ,Conover,NC 
7171,206577681,10/9/2017 11:55,10/9/2017 11:55,10/10/2017 9:51,10/11/2017 6:30,10/12/2017 9:40,924.98,1050.0,-125.02,410.8,DRV,,,False,0,Carrier 6278,Shipper 1644,True,True,True,10/11/2017 14:00,10/12/2017 9:00,False,False,False,False,False,False,False,False,Statesville,NC ,Statesville,NC 
7172,206555505,10/20/2017 10:26,10/20/2017 10:27,10/23/2017 13:31,10/25/2017 7:00,10/26/2017 11:00,924.8,1540.0,-615.2,390.6,DRV,,,True,0,Carrier 69267,Shipper 1644,False,True,True,10/24/2017 10:00,10/26/2017 15:00,False,False,False,False,False,False,False,False,Rossville,GA ,Rossville,GA 
7173,206620801,12/5/2017 15:12,12/5/2017 15:12,12/11/2017 12:26,12/11/2017 20:00,12/12/2017 10:25,924.37,880.0,44.37,27.2,RFR,,,False,1,Carrier 1530261,Shipper 758,True,True,True,12/11/2017 20:00,12/12/2017 8:00,False,False,False,False,False,False,False,False,Jurupa Valley,CA ,Jurupa Valley,CA 
7174,206507617,5/19/2017 12:11,5/19/2017 12:11,5/30/2017 14:41,5/31/2017 9:00,6/1/2017 5:00,924.26,924.0,0.26,329.2,DRV,,,False,0,Carrier 552905,Shipper 758,True,True,True,5/31/2017 9:00,6/1/2017 2:00,False,False,False,False,False,False,False,False,Vernon,CA ,Vernon,CA 
7175,206554873,1/30/2017 11:10,1/30/2017 11:10,1/31/2017 11:57,2/1/2017 14:00,2/2/2017 13:30,923.21,850.0,73.21,355.9,DRV,,,False,0,Carrier 941668,Shipper 1078,True,True,True,2/1/2017 14:00,2/2/2017 14:30,False,False,False,False,False,False,False,False,Raleigh,NC ,Raleigh,NC 
7176,206536433,11/7/2017 9:24,11/7/2017 9:24,11/9/2017 7:34,11/9/2017 12:00,11/10/2017 12:30,922.12,920.0,2.12,357.1,DRV,,,False,0,Carrier 1553953,Shipper 1644,True,True,True,11/9/2017 12:00,11/10/2017 12:00,False,False,False,False,False,False,False,False,Etowah,TN ,Etowah,TN 
7177,206551809,3/3/2017 11:13,3/3/2017 11:43,3/6/2017 8:52,3/6/2017 8:00,3/7/2017 8:44,921.03,880.0,41.03,571.5,DRV,5.0,,False,0,Carrier 82244,Shipper 744,True,True,True,3/6/2017 15:45,3/7/2017 13:00,False,False,False,False,False,False,False,False,Conover,NC ,Conover,NC 
7178,206747817,3/13/2017 11:12,3/13/2017 11:12,3/16/2017 12:57,3/17/2017 8:00,3/17/2017 17:00,920.53,1200.0,-279.47,345.0,DRV,3.0,,False,0,Carrier 77587,Shipper 1052,True,True,True,3/17/2017 8:00,3/17/2017 16:00,False,False,False,False,False,False,False,False,Baltimore,MD ,Baltimore,MD 
7179,206581897,5/30/2017 16:17,5/30/2017 16:17,5/31/2017 14:44,5/31/2017 20:00,6/1/2017 13:20,920.52,1000.0,-79.48,120.7,DRV,,,False,0,Carrier 1445874,Shipper 1249,True,True,True,5/31/2017 20:00,6/1/2017 14:30,False,False,False,False,False,False,False,False,Los Angeles,CA ,Los Angeles,CA 
7180,206541897,5/30/2017 16:08,5/30/2017 16:08,5/31/2017 14:28,5/31/2017 18:00,6/1/2017 13:00,920.52,1000.0,-79.48,120.7,DRV,,,False,0,Carrier 1550829,Shipper 1249,True,True,True,5/31/2017 18:00,6/1/2017 14:30,False,False,False,False,False,False,False,False,Los Angeles,CA ,Los Angeles,CA 
7181,206581897,5/30/2017 16:17,5/30/2017 16:17,5/31/2017 14:44,5/31/2017 20:00,6/1/2017 13:20,920.52,1000.0,-79.48,120.7,DRV,,,False,0,Carrier 1445874,Shipper 1375,True,True,True,5/31/2017 20:00,6/1/2017 14:30,False,False,False,False,False,False,False,False,Los Angeles,CA ,Los Angeles,CA 
7182,206541897,5/30/2017 16:08,5/30/2017 16:08,5/31/2017 14:28,5/31/2017 18:00,6/1/2017 13:00,920.52,1000.0,-79.48,120.7,DRV,,,False,0,Carrier 1550829,Shipper 1375,True,True,True,5/31/2017 18:00,6/1/2017 14:30,False,False,False,False,False,False,False,False,Los Angeles,CA ,Los Angeles,CA 
7183,206581897,5/30/2017 16:17,5/30/2017 16:17,5/31/2017 14:44,5/31/2017 20:00,6/1/2017 13:20,920.52,1000.0,-79.48,120.7,DRV,,,False,0,Carrier 1445874,Shipper 1386,True,True,True,5/31/2017 20:00,6/1/2017 14:30,False,False,False,False,False,False,False,False,Los Angeles,CA ,Los Angeles,CA 
7184,206541897,5/30/2017 16:08,5/30/2017 16:08,5/31/2017 14:28,5/31/2017 18:00,6/1/2017 13:00,920.52,1000.0,-79.48,120.7,DRV,,,False,0,Carrier 1550829,Shipper 1386,True,True,True,5/31/2017 18:00,6/1/2017 14:30,False,False,False,False,False,False,False,False,Los Angeles,CA ,Los Angeles,CA 
7185,206581897,5/30/2017 16:17,5/30/2017 16:17,5/31/2017 14:44,5/31/2017 20:00,6/1/2017 13:20,920.52,1000.0,-79.48,120.7,DRV,,,False,0,Carrier 1445874,Shipper 1248,True,True,True,5/31/2017 20:00,6/1/2017 14:30,False,False,False,False,False,False,False,False,Los Angeles,CA ,Los Angeles,CA 
7186,206541897,5/30/2017 16:08,5/30/2017 16:08,5/31/2017 14:28,5/31/2017 18:00,6/1/2017 13:00,920.52,1000.0,-79.48,120.7,DRV,,,False,0,Carrier 1550829,Shipper 1248,True,True,True,5/31/2017 18:00,6/1/2017 14:30,False,False,False,False,False,False,False,False,Los Angeles,CA ,Los Angeles,CA 
7187,206581897,5/30/2017 16:17,5/30/2017 16:17,5/31/2017 14:44,5/31/2017 20:00,6/1/2017 13:20,920.52,1000.0,-79.48,120.7,DRV,,,False,0,Carrier 1445874,Shipper 1387,True,True,True,5/31/2017 20:00,6/1/2017 14:30,False,False,False,False,False,False,False,False,Los Angeles,CA ,Los Angeles,CA 
7188,206541897,5/30/2017 16:08,5/30/2017 16:08,5/31/2017 14:28,5/31/2017 18:00,6/1/2017 13:00,920.52,1000.0,-79.48,120.7,DRV,,,False,0,Carrier 1550829,Shipper 1387,True,True,True,5/31/2017 18:00,6/1/2017 14:30,False,False,False,False,False,False,False,False,Los Angeles,CA ,Los Angeles,CA 
7189,206581897,5/30/2017 16:17,5/30/2017 16:17,5/31/2017 14:44,5/31/2017 20:00,6/1/2017 13:20,920.52,1000.0,-79.48,120.7,DRV,,,False,0,Carrier 1445874,Shipper 1388,True,True,True,5/31/2017 20:00,6/1/2017 14:30,False,False,False,False,False,False,False,False,Los Angeles,CA ,Los Angeles,CA 
7190,206541897,5/30/2017 16:08,5/30/2017 16:08,5/31/2017 14:28,5/31/2017 18:00,6/1/2017 13:00,920.52,1000.0,-79.48,120.7,DRV,,,False,0,Carrier 1550829,Shipper 1388,True,True,True,5/31/2017 18:00,6/1/2017 14:30,False,False,False,False,False,False,False,False,Los Angeles,CA ,Los Angeles,CA 
7191,206500449,8/21/2017 13:23,8/21/2017 13:23,8/23/2017 11:51,8/23/2017 21:00,8/24/2017 13:00,920.08,1100.0,-179.92,384.2,DRV,,,False,0,Carrier 1695464,Shipper 1249,True,True,True,8/23/2017 21:00,8/24/2017 10:30,False,False,False,False,False,False,False,False,Williamsburg,VA ,Williamsburg,VA 
7192,206500449,8/21/2017 13:23,8/21/2017 13:23,8/23/2017 11:51,8/23/2017 21:00,8/24/2017 13:00,920.08,1100.0,-179.92,384.2,DRV,,,False,0,Carrier 1695464,Shipper 1375,True,True,True,8/23/2017 21:00,8/24/2017 10:30,False,False,False,False,False,False,False,False,Williamsburg,VA ,Williamsburg,VA 
7193,206500449,8/21/2017 13:23,8/21/2017 13:23,8/23/2017 11:51,8/23/2017 21:00,8/24/2017 13:00,920.08,1100.0,-179.92,384.2,DRV,,,False,0,Carrier 1695464,Shipper 1386,True,True,True,8/23/2017 21:00,8/24/2017 10:30,False,False,False,False,False,False,False,False,Williamsburg,VA ,Williamsburg,VA 
7194,206500449,8/21/2017 13:23,8/21/2017 13:23,8/23/2017 11:51,8/23/2017 21:00,8/24/2017 13:00,920.08,1100.0,-179.92,384.2,DRV,,,False,0,Carrier 1695464,Shipper 1248,True,True,True,8/23/2017 21:00,8/24/2017 10:30,False,False,False,False,False,False,False,False,Williamsburg,VA ,Williamsburg,VA 
7195,206500449,8/21/2017 13:23,8/21/2017 13:23,8/23/2017 11:51,8/23/2017 21:00,8/24/2017 13:00,920.08,1100.0,-179.92,384.2,DRV,,,False,0,Carrier 1695464,Shipper 1387,True,True,True,8/23/2017 21:00,8/24/2017 10:30,False,False,False,False,False,False,False,False,Williamsburg,VA ,Williamsburg,VA 
7196,206500449,8/21/2017 13:23,8/21/2017 13:23,8/23/2017 11:51,8/23/2017 21:00,8/24/2017 13:00,920.08,1100.0,-179.92,384.2,DRV,,,False,0,Carrier 1695464,Shipper 1388,True,True,True,8/23/2017 21:00,8/24/2017 10:30,False,False,False,False,False,False,False,False,Williamsburg,VA ,Williamsburg,VA 
7197,206594545,11/16/2017 9:37,11/16/2017 9:37,11/18/2017 14:37,11/26/2017 17:00,11/27/2017 3:00,919.72,590.0,329.72,130.8,DRV,,,False,0,Carrier 1695544,Shipper 758,True,True,True,11/26/2017 17:00,11/27/2017 1:30,False,False,False,False,False,False,False,False,Hawkins,TX ,Hawkins,TX 
7198,206553689,4/4/2017 11:59,4/4/2017 11:59,4/4/2017 14:22,4/5/2017 8:00,4/6/2017 13:40,919.65,850.0,69.65,751.1,DRV,4.0,,False,0,Carrier 57804,Shipper 623,False,True,True,4/5/2017 12:00,4/6/2017 15:30,False,False,False,False,False,False,False,False,Reading,PA ,Reading,PA 
7199,206425281,11/17/2017 11:53,11/17/2017 11:53,11/17/2017 15:50,11/18/2017 15:00,11/20/2017 8:30,919.23,920.0,-0.77,232.8,DRV,,,False,0,Carrier 703514,Shipper 1644,False,True,True,11/18/2017 15:00,11/20/2017 9:00,False,False,False,False,False,False,False,False,Brighton,MI ,Brighton,MI 
7200,206440665,10/16/2017 15:10,10/16/2017 15:10,10/19/2017 11:31,10/20/2017 16:00,10/21/2017 10:45,918.84,950.0,-31.16,486.2,DRV,,,False,0,Carrier 1695583,Shipper 1644,True,True,True,10/20/2017 16:00,10/21/2017 9:30,False,False,False,False,False,False,False,False,Gainesville,TX ,Gainesville,TX 
7201,206712745,3/3/2017 15:39,3/3/2017 15:40,3/6/2017 11:56,3/7/2017 8:00,3/8/2017 15:30,918.67,800.0,118.67,751.1,DRV,,,False,0,Carrier 57804,Shipper 623,True,True,True,3/7/2017 12:00,3/8/2017 15:00,False,False,False,False,False,False,False,False,Reading,PA ,Reading,PA 
7202,206509745,3/10/2017 15:22,3/10/2017 15:22,3/16/2017 18:01,3/17/2017 21:00,3/19/2017 2:30,918.61,974.0,-55.39,524.0,DRV,3.0,,False,0,Carrier 1261469,Shipper 758,True,True,True,3/17/2017 21:00,3/19/2017 0:00,False,False,False,False,False,False,False,False,Henderson,NV ,Henderson,NV 
7203,206659417,6/20/2017 17:59,6/20/2017 17:59,6/26/2017 14:55,6/26/2017 20:00,6/28/2017 0:55,918.21,1150.0,-231.79,526.0,DRV,,,False,1,Carrier 607649,Shipper 758,True,True,True,6/26/2017 20:00,6/27/2017 22:00,False,False,False,False,False,False,False,False,Henderson,NV ,Henderson,NV 
7204,206517553,10/16/2017 16:12,10/16/2017 16:12,10/16/2017 17:59,10/17/2017 9:00,10/18/2017 6:30,918.0,900.0,18.0,222.6,DRV,,,False,0,Carrier 490311,Shipper 705,True,True,True,10/17/2017 16:00,10/18/2017 6:30,False,False,False,False,False,True,False,False,Linden,NJ ,Linden,NJ 
7205,206504897,8/3/2017 14:24,8/3/2017 14:24,8/7/2017 19:06,8/7/2017 12:00,8/8/2017 14:30,917.85,1050.0,-132.15,440.2,DRV,,,False,2,Carrier 100746,Shipper 1249,False,True,False,8/7/2017 12:00,8/8/2017 10:00,False,False,False,False,False,False,False,False,Cartersville,GA ,Cartersville,GA 
7206,206504897,8/3/2017 14:24,8/3/2017 14:24,8/7/2017 19:06,8/7/2017 12:00,8/8/2017 14:30,917.85,1050.0,-132.15,440.2,DRV,,,False,2,Carrier 100746,Shipper 1375,False,True,False,8/7/2017 12:00,8/8/2017 10:00,False,False,False,False,False,False,False,False,Cartersville,GA ,Cartersville,GA 
7207,206504897,8/3/2017 14:24,8/3/2017 14:24,8/7/2017 19:06,8/7/2017 12:00,8/8/2017 14:30,917.85,1050.0,-132.15,440.2,DRV,,,False,2,Carrier 100746,Shipper 1386,False,True,False,8/7/2017 12:00,8/8/2017 10:00,False,False,False,False,False,False,False,False,Cartersville,GA ,Cartersville,GA 
7208,206504897,8/3/2017 14:24,8/3/2017 14:24,8/7/2017 19:06,8/7/2017 12:00,8/8/2017 14:30,917.85,1050.0,-132.15,440.2,DRV,,,False,2,Carrier 100746,Shipper 1248,False,True,False,8/7/2017 12:00,8/8/2017 10:00,False,False,False,False,False,False,False,False,Cartersville,GA ,Cartersville,GA 
7209,206504897,8/3/2017 14:24,8/3/2017 14:24,8/7/2017 19:06,8/7/2017 12:00,8/8/2017 14:30,917.85,1050.0,-132.15,440.2,DRV,,,False,2,Carrier 100746,Shipper 1387,False,True,False,8/7/2017 12:00,8/8/2017 10:00,False,False,False,False,False,False,False,False,Cartersville,GA ,Cartersville,GA 
7210,206504897,8/3/2017 14:24,8/3/2017 14:24,8/7/2017 19:06,8/7/2017 12:00,8/8/2017 14:30,917.85,1050.0,-132.15,440.2,DRV,,,False,2,Carrier 100746,Shipper 1388,False,True,False,8/7/2017 12:00,8/8/2017 10:00,False,False,False,False,False,False,False,False,Cartersville,GA ,Cartersville,GA 
7211,206702281,11/29/2017 16:11,11/29/2017 16:11,11/30/2017 8:25,11/30/2017 15:00,12/1/2017 8:55,917.32,650.0,267.32,163.3,DRV,,,False,0,Carrier 1064075,Shipper 1644,True,True,True,11/30/2017 15:00,12/1/2017 8:00,False,False,False,False,False,False,False,False,Toledo,OH ,Toledo,OH 
7212,206644537,10/25/2017 18:03,10/25/2017 18:03,11/2/2017 8:46,11/2/2017 9:00,11/3/2017 6:30,916.98,1075.0,-158.02,329.2,DRV,,,False,0,Carrier 1065339,Shipper 758,False,True,True,11/2/2017 9:00,11/3/2017 1:00,False,False,False,False,False,False,False,False,Vernon,CA ,Vernon,CA 
7213,206422857,8/2/2017 10:22,8/2/2017 10:22,8/2/2017 12:42,8/7/2017 8:00,8/8/2017 14:00,915.96,800.0,115.96,719.3,DRV,,,False,0,Carrier 57804,Shipper 623,True,True,True,8/7/2017 12:00,8/8/2017 8:30,False,False,False,False,False,False,False,False,Reading,PA ,Reading,PA 
7214,206598177,9/29/2017 15:54,9/29/2017 15:54,10/12/2017 16:14,10/13/2017 10:00,10/14/2017 3:30,915.66,1025.0,-109.34,526.0,DRV,,,False,0,Carrier 13487,Shipper 758,True,True,True,10/13/2017 10:00,10/14/2017 2:00,False,False,False,False,False,False,False,False,Henderson,NV ,Henderson,NV 
7215,206619609,11/8/2017 13:30,11/8/2017 13:31,11/14/2017 11:04,11/16/2017 10:00,11/16/2017 23:00,915.64,1405.0,-489.36,329.2,DRV,,,False,1,Carrier 1176466,Shipper 758,True,True,True,11/16/2017 16:00,11/17/2017 2:00,False,False,False,False,False,False,False,False,Vernon,CA ,Vernon,CA 
7216,206549609,4/5/2017 13:10,4/5/2017 13:17,4/6/2017 10:37,4/6/2017 11:00,4/7/2017 10:30,914.57,850.0,64.57,487.9,DRV,4.0,,False,0,Carrier 770385,Shipper 1048,True,True,True,4/6/2017 19:00,4/7/2017 9:00,False,False,False,False,False,False,False,False,Laredo,TX ,Laredo,TX 
7217,206497041,5/24/2017 13:10,5/24/2017 13:10,5/30/2017 10:51,5/30/2017 19:00,6/1/2017 1:00,913.5,1124.0,-210.5,526.0,DRV,,,False,0,Carrier 53703,Shipper 758,True,True,True,5/30/2017 19:00,5/31/2017 23:30,False,False,False,False,False,False,False,False,Henderson,NV ,Henderson,NV 
7218,206513257,12/28/2017 19:40,12/28/2017 19:40,1/2/2018 17:00,1/3/2018 19:00,1/5/2018 2:00,912.21,1225.0,-312.79,526.0,DRV,,dat_out,False,0,Carrier 104138,Shipper 758,True,True,True,1/3/2018 19:00,1/4/2018 22:30,False,False,False,False,False,False,False,False,Henderson,NV ,Henderson,NV 
7219,206501729,12/28/2017 19:37,12/28/2017 19:37,1/4/2018 15:33,1/4/2018 19:00,1/6/2018 6:00,912.21,1575.0,-662.79,526.0,DRV,,ts_in,False,1,Carrier 1695863,Shipper 758,True,True,True,1/4/2018 19:00,1/6/2018 0:00,False,False,False,False,False,False,False,False,Henderson,NV ,Henderson,NV 
7220,206606657,11/27/2017 18:13,11/27/2017 18:13,11/30/2017 13:33,11/30/2017 20:00,12/2/2017 3:30,912.21,1275.0,-362.79,526.0,DRV,,,False,0,Carrier 103600,Shipper 758,True,True,True,11/30/2017 20:00,12/2/2017 1:00,False,False,False,False,False,False,False,False,Henderson,NV ,Henderson,NV 
7221,206732697,12/6/2017 11:24,12/6/2017 11:25,12/11/2017 13:46,12/11/2017 20:00,12/13/2017 3:00,912.21,1225.0,-312.79,526.0,DRV,,carrier_capacity,False,0,Carrier 53703,Shipper 758,False,True,True,12/11/2017 20:00,12/12/2017 22:30,False,False,False,False,False,False,False,False,Henderson,NV ,Henderson,NV 
7222,206492545,11/28/2017 17:18,11/28/2017 17:18,12/4/2017 11:55,12/4/2017 20:00,12/5/2017 23:30,912.21,1225.0,-312.79,526.0,DRV,,dat_in,False,2,Carrier 53703,Shipper 758,True,True,True,12/4/2017 20:00,12/5/2017 22:30,False,False,False,False,False,False,False,False,Henderson,NV ,Henderson,NV 
7223,206591113,5/2/2017 16:24,5/2/2017 16:24,5/4/2017 10:27,5/4/2017 15:00,5/5/2017 11:50,911.37,900.0,11.37,333.1,DRV,4.0,,False,0,Carrier 961246,Shipper 1249,True,True,True,5/4/2017 15:00,5/5/2017 14:30,False,False,False,False,False,False,False,False,Granite City,IL ,Granite City,IL 
7224,206591113,5/2/2017 16:24,5/2/2017 16:24,5/4/2017 10:27,5/4/2017 15:00,5/5/2017 11:50,911.37,900.0,11.37,333.1,DRV,4.0,,False,0,Carrier 961246,Shipper 1375,True,True,True,5/4/2017 15:00,5/5/2017 14:30,False,False,False,False,False,False,False,False,Granite City,IL ,Granite City,IL 
7225,206591113,5/2/2017 16:24,5/2/2017 16:24,5/4/2017 10:27,5/4/2017 15:00,5/5/2017 11:50,911.37,900.0,11.37,333.1,DRV,4.0,,False,0,Carrier 961246,Shipper 1386,True,True,True,5/4/2017 15:00,5/5/2017 14:30,False,False,False,False,False,False,False,False,Granite City,IL ,Granite City,IL 
7226,206591113,5/2/2017 16:24,5/2/2017 16:24,5/4/2017 10:27,5/4/2017 15:00,5/5/2017 11:50,911.37,900.0,11.37,333.1,DRV,4.0,,False,0,Carrier 961246,Shipper 1248,True,True,True,5/4/2017 15:00,5/5/2017 14:30,False,False,False,False,False,False,False,False,Granite City,IL ,Granite City,IL 
7227,206591113,5/2/2017 16:24,5/2/2017 16:24,5/4/2017 10:27,5/4/2017 15:00,5/5/2017 11:50,911.37,900.0,11.37,333.1,DRV,4.0,,False,0,Carrier 961246,Shipper 1387,True,True,True,5/4/2017 15:00,5/5/2017 14:30,False,False,False,False,False,False,False,False,Granite City,IL ,Granite City,IL 
7228,206591113,5/2/2017 16:24,5/2/2017 16:24,5/4/2017 10:27,5/4/2017 15:00,5/5/2017 11:50,911.37,900.0,11.37,333.1,DRV,4.0,,False,0,Carrier 961246,Shipper 1388,True,True,True,5/4/2017 15:00,5/5/2017 14:30,False,False,False,False,False,False,False,False,Granite City,IL ,Granite City,IL 
7229,206544833,12/18/2017 23:28,12/18/2017 23:28,12/19/2017 14:07,12/20/2017 13:00,12/21/2017 13:00,909.8,1400.0,-490.2,339.5,RFR,,,False,0,Carrier 942333,Shipper 1249,True,True,True,12/20/2017 13:00,12/21/2017 8:00,False,False,False,False,False,False,False,False,Jacksonville,FL ,Jacksonville,FL 
7230,206641073,12/18/2017 17:05,12/18/2017 17:05,12/19/2017 15:07,12/19/2017 21:00,12/20/2017 15:30,909.8,1420.0,-510.2,339.5,RFR,,dat_in,False,0,Carrier 8900,Shipper 1249,True,True,True,12/19/2017 21:00,12/20/2017 12:00,False,False,False,False,False,False,False,False,Jacksonville,FL ,Jacksonville,FL 
7231,206641073,12/18/2017 17:05,12/18/2017 17:05,12/19/2017 15:07,12/19/2017 21:00,12/20/2017 15:30,909.8,1420.0,-510.2,339.5,RFR,,dat_in,False,0,Carrier 8900,Shipper 1375,True,True,True,12/19/2017 21:00,12/20/2017 12:00,False,False,False,False,False,False,False,False,Jacksonville,FL ,Jacksonville,FL 
7232,206544833,12/18/2017 23:28,12/18/2017 23:28,12/19/2017 14:07,12/20/2017 13:00,12/21/2017 13:00,909.8,1400.0,-490.2,339.5,RFR,,,False,0,Carrier 942333,Shipper 1375,True,True,True,12/20/2017 13:00,12/21/2017 8:00,False,False,False,False,False,False,False,False,Jacksonville,FL ,Jacksonville,FL 
7233,206641073,12/18/2017 17:05,12/18/2017 17:05,12/19/2017 15:07,12/19/2017 21:00,12/20/2017 15:30,909.8,1420.0,-510.2,339.5,RFR,,dat_in,False,0,Carrier 8900,Shipper 1386,True,True,True,12/19/2017 21:00,12/20/2017 12:00,False,False,False,False,False,False,False,False,Jacksonville,FL ,Jacksonville,FL 
7234,206544833,12/18/2017 23:28,12/18/2017 23:28,12/19/2017 14:07,12/20/2017 13:00,12/21/2017 13:00,909.8,1400.0,-490.2,339.5,RFR,,,False,0,Carrier 942333,Shipper 1386,True,True,True,12/20/2017 13:00,12/21/2017 8:00,False,False,False,False,False,False,False,False,Jacksonville,FL ,Jacksonville,FL 
7235,206641073,12/18/2017 17:05,12/18/2017 17:05,12/19/2017 15:07,12/19/2017 21:00,12/20/2017 15:30,909.8,1420.0,-510.2,339.5,RFR,,dat_in,False,0,Carrier 8900,Shipper 1248,True,True,True,12/19/2017 21:00,12/20/2017 12:00,False,False,False,False,False,False,False,False,Jacksonville,FL ,Jacksonville,FL 
7236,206544833,12/18/2017 23:28,12/18/2017 23:28,12/19/2017 14:07,12/20/2017 13:00,12/21/2017 13:00,909.8,1400.0,-490.2,339.5,RFR,,,False,0,Carrier 942333,Shipper 1248,True,True,True,12/20/2017 13:00,12/21/2017 8:00,False,False,False,False,False,False,False,False,Jacksonville,FL ,Jacksonville,FL 
7237,206641073,12/18/2017 17:05,12/18/2017 17:05,12/19/2017 15:07,12/19/2017 21:00,12/20/2017 15:30,909.8,1420.0,-510.2,339.5,RFR,,dat_in,False,0,Carrier 8900,Shipper 1387,True,True,True,12/19/2017 21:00,12/20/2017 12:00,False,False,False,False,False,False,False,False,Jacksonville,FL ,Jacksonville,FL 
7238,206544833,12/18/2017 23:28,12/18/2017 23:28,12/19/2017 14:07,12/20/2017 13:00,12/21/2017 13:00,909.8,1400.0,-490.2,339.5,RFR,,,False,0,Carrier 942333,Shipper 1387,True,True,True,12/20/2017 13:00,12/21/2017 8:00,False,False,False,False,False,False,False,False,Jacksonville,FL ,Jacksonville,FL 
7239,206641073,12/18/2017 17:05,12/18/2017 17:05,12/19/2017 15:07,12/19/2017 21:00,12/20/2017 15:30,909.8,1420.0,-510.2,339.5,RFR,,dat_in,False,0,Carrier 8900,Shipper 1388,True,True,True,12/19/2017 21:00,12/20/2017 12:00,False,False,False,False,False,False,False,False,Jacksonville,FL ,Jacksonville,FL 
7240,206544833,12/18/2017 23:28,12/18/2017 23:28,12/19/2017 14:07,12/20/2017 13:00,12/21/2017 13:00,909.8,1400.0,-490.2,339.5,RFR,,,False,0,Carrier 942333,Shipper 1388,True,True,True,12/20/2017 13:00,12/21/2017 8:00,False,False,False,False,False,False,False,False,Jacksonville,FL ,Jacksonville,FL 
7241,206473945,2/13/2017 10:13,2/13/2017 10:13,2/14/2017 14:33,2/15/2017 9:00,2/16/2017 12:00,909.23,850.0,59.23,641.2,DRV,,,False,0,Carrier 1247885,Shipper 944,True,True,True,2/15/2017 16:00,2/16/2017 15:30,False,False,False,False,False,False,False,False,McCook,NE ,McCook,NE 
7242,206499481,10/30/2017 15:07,10/30/2017 15:07,11/6/2017 13:19,11/6/2017 19:00,11/8/2017 3:00,908.11,1125.0,-216.89,526.0,DRV,,,False,0,Carrier 1631762,Shipper 758,True,True,True,11/6/2017 19:00,11/7/2017 23:00,False,False,False,False,False,False,False,False,Henderson,NV ,Henderson,NV 
7243,206497409,12/13/2017 15:42,12/13/2017 15:42,12/19/2017 17:57,12/20/2017 10:00,12/21/2017 23:44,908.11,1225.0,-316.89,526.0,DRV,,,False,0,Carrier 1576503,Shipper 758,True,True,True,12/20/2017 13:00,12/21/2017 21:00,False,False,False,False,False,False,False,False,Henderson,NV ,Henderson,NV 
7244,206503337,12/28/2017 21:07,12/28/2017 21:07,1/3/2018 12:38,1/3/2018 19:00,1/5/2018 2:55,908.11,1075.0,-166.89,526.0,DRV,,,False,0,Carrier 1695673,Shipper 758,False,True,True,1/3/2018 19:00,1/4/2018 22:30,False,False,False,False,False,False,False,False,Henderson,NV ,Henderson,NV 
7245,206610881,11/1/2017 14:50,11/1/2017 14:50,11/8/2017 9:01,11/8/2017 10:00,11/9/2017 3:00,908.11,1075.0,-166.89,526.0,DRV,,,False,0,Carrier 11107,Shipper 758,False,True,True,11/8/2017 10:00,11/9/2017 2:00,False,False,False,False,False,False,False,False,Henderson,NV ,Henderson,NV 
7246,206468649,12/7/2017 16:51,12/7/2017 16:51,12/12/2017 11:29,12/13/2017 20:00,12/15/2017 1:00,908.11,1025.0,-116.89,526.0,DRV,,carrier_capacity,False,0,Carrier 1026284,Shipper 758,True,True,True,12/13/2017 20:00,12/14/2017 22:30,False,False,False,False,False,False,False,False,Henderson,NV ,Henderson,NV 
7247,206467049,12/13/2017 15:44,12/13/2017 15:44,12/18/2017 11:53,12/20/2017 20:00,12/22/2017 0:30,908.11,1225.0,-316.89,526.0,DRV,,,False,0,Carrier 367380,Shipper 758,True,True,True,12/20/2017 20:00,12/22/2017 0:00,False,False,False,False,False,False,False,False,Henderson,NV ,Henderson,NV 
7248,206432593,12/13/2017 9:18,12/13/2017 9:18,12/18/2017 11:52,12/18/2017 20:00,12/20/2017 3:20,908.11,1225.0,-316.89,526.0,DRV,,,False,0,Carrier 367380,Shipper 758,True,True,True,12/18/2017 20:00,12/19/2017 23:30,False,False,False,False,False,False,False,False,Henderson,NV ,Henderson,NV 
7249,206644505,4/6/2017 9:17,4/6/2017 9:17,4/17/2017 9:22,4/17/2017 14:30,4/18/2017 18:10,907.46,939.0,-31.54,563.0,DRV,,,False,0,Carrier 1147761,Shipper 758,True,True,True,4/17/2017 14:30,4/18/2017 17:00,False,False,False,False,False,False,False,False,Denver,CO ,Denver,CO 
7250,206504457,3/21/2017 16:04,3/21/2017 16:04,4/7/2017 10:15,4/7/2017 13:30,4/10/2017 18:00,907.46,989.0,-81.54,563.0,DRV,,,False,1,Carrier 1612333,Shipper 758,True,True,True,4/7/2017 13:30,4/10/2017 16:00,False,False,False,False,False,False,False,False,Denver,CO ,Denver,CO 
7251,206620409,4/12/2017 9:53,4/12/2017 9:53,4/24/2017 15:22,4/26/2017 14:30,4/27/2017 20:00,907.46,800.0,107.46,563.0,DRV,,,False,0,Carrier 374915,Shipper 758,True,True,True,4/26/2017 14:30,4/27/2017 16:00,False,False,False,False,False,False,False,False,Denver,CO ,Denver,CO 
7252,206709257,11/16/2017 9:46,11/16/2017 9:46,11/18/2017 14:40,11/26/2017 16:00,11/27/2017 1:25,907.22,500.0,407.22,130.8,DRV,,,False,0,Carrier 1695544,Shipper 758,True,True,True,11/26/2017 16:00,11/27/2017 1:30,False,False,False,False,False,False,False,False,Hawkins,TX ,Hawkins,TX 
7253,206558489,12/18/2017 18:42,12/18/2017 18:42,12/20/2017 9:58,12/20/2017 16:00,12/21/2017 9:30,905.76,1400.0,-494.24,234.1,RFR,,,False,0,Carrier 972736,Shipper 1249,True,True,True,12/20/2017 16:00,12/21/2017 8:30,False,False,False,False,False,False,False,False,Colonial Heights,VA ,Colonial Heights,VA 
7254,206558489,12/18/2017 18:42,12/18/2017 18:42,12/20/2017 9:58,12/20/2017 16:00,12/21/2017 9:30,905.76,1400.0,-494.24,234.1,RFR,,,False,0,Carrier 972736,Shipper 1375,True,True,True,12/20/2017 16:00,12/21/2017 8:30,False,False,False,False,False,False,False,False,Colonial Heights,VA ,Colonial Heights,VA 
7255,206558489,12/18/2017 18:42,12/18/2017 18:42,12/20/2017 9:58,12/20/2017 16:00,12/21/2017 9:30,905.76,1400.0,-494.24,234.1,RFR,,,False,0,Carrier 972736,Shipper 1386,True,True,True,12/20/2017 16:00,12/21/2017 8:30,False,False,False,False,False,False,False,False,Colonial Heights,VA ,Colonial Heights,VA 
7256,206558489,12/18/2017 18:42,12/18/2017 18:42,12/20/2017 9:58,12/20/2017 16:00,12/21/2017 9:30,905.76,1400.0,-494.24,234.1,RFR,,,False,0,Carrier 972736,Shipper 1248,True,True,True,12/20/2017 16:00,12/21/2017 8:30,False,False,False,False,False,False,False,False,Colonial Heights,VA ,Colonial Heights,VA 
7257,206558489,12/18/2017 18:42,12/18/2017 18:42,12/20/2017 9:58,12/20/2017 16:00,12/21/2017 9:30,905.76,1400.0,-494.24,234.1,RFR,,,False,0,Carrier 972736,Shipper 1387,True,True,True,12/20/2017 16:00,12/21/2017 8:30,False,False,False,False,False,False,False,False,Colonial Heights,VA ,Colonial Heights,VA 
7258,206558489,12/18/2017 18:42,12/18/2017 18:42,12/20/2017 9:58,12/20/2017 16:00,12/21/2017 9:30,905.76,1400.0,-494.24,234.1,RFR,,,False,0,Carrier 972736,Shipper 1388,True,True,True,12/20/2017 16:00,12/21/2017 8:30,False,False,False,False,False,False,False,False,Colonial Heights,VA ,Colonial Heights,VA 
7259,206512713,8/29/2017 13:08,8/29/2017 13:08,8/29/2017 17:57,9/4/2017 17:00,9/5/2017 2:00,905.59,600.0,305.59,130.8,DRV,,,False,0,Carrier 567581,Shipper 758,True,True,True,9/4/2017 17:00,9/5/2017 1:30,False,False,False,False,False,False,False,False,Hawkins,TX ,Hawkins,TX 
7260,206626713,8/29/2017 13:02,8/29/2017 13:02,9/1/2017 12:52,9/4/2017 17:00,9/6/2017 4:00,905.59,600.0,305.59,130.8,DRV,,,False,1,Carrier 1556250,Shipper 758,False,True,True,9/4/2017 17:00,9/5/2017 22:00,False,False,False,False,False,False,False,False,Hawkins,TX ,Hawkins,TX 
7261,206507665,8/29/2017 13:05,8/29/2017 13:05,8/29/2017 17:56,9/4/2017 17:00,9/5/2017 2:30,905.59,500.0,405.59,130.8,DRV,,,False,0,Carrier 611154,Shipper 758,True,True,True,9/4/2017 17:00,9/5/2017 1:30,False,False,False,False,False,False,False,False,Hawkins,TX ,Hawkins,TX 
7262,206553041,3/10/2017 15:59,3/10/2017 15:59,3/13/2017 12:05,3/13/2017 9:00,3/14/2017 14:25,905.16,850.0,55.16,476.6,DRV,,,False,0,Carrier 941668,Shipper 744,True,True,True,3/13/2017 15:30,3/14/2017 16:00,False,False,False,False,False,False,False,False,Conover,NC ,Conover,NC 
7263,206486185,3/15/2017 15:05,3/15/2017 15:05,3/17/2017 8:41,3/17/2017 9:00,3/20/2017 10:50,905.0,825.0,80.0,476.6,DRV,3.0,,False,0,Carrier 65851,Shipper 744,True,True,True,3/17/2017 15:30,3/20/2017 9:00,False,False,False,False,False,False,False,False,Conover,NC ,Conover,NC 
7264,206656985,12/18/2017 16:42,12/18/2017 16:42,12/19/2017 9:19,12/19/2017 15:00,12/20/2017 11:35,904.64,1050.0,-145.36,523.4,RFR,,,False,0,Carrier 33629,Shipper 1249,True,True,True,12/19/2017 15:00,12/20/2017 11:15,False,False,False,False,False,False,False,False,Aurora,CO ,Aurora,CO 
7265,206656985,12/18/2017 16:42,12/18/2017 16:42,12/19/2017 9:19,12/19/2017 15:00,12/20/2017 11:35,904.64,1050.0,-145.36,523.4,RFR,,,False,0,Carrier 33629,Shipper 1375,True,True,True,12/19/2017 15:00,12/20/2017 11:15,False,False,False,False,False,False,False,False,Aurora,CO ,Aurora,CO 
7266,206656985,12/18/2017 16:42,12/18/2017 16:42,12/19/2017 9:19,12/19/2017 15:00,12/20/2017 11:35,904.64,1050.0,-145.36,523.4,RFR,,,False,0,Carrier 33629,Shipper 1386,True,True,True,12/19/2017 15:00,12/20/2017 11:15,False,False,False,False,False,False,False,False,Aurora,CO ,Aurora,CO 
7267,206656985,12/18/2017 16:42,12/18/2017 16:42,12/19/2017 9:19,12/19/2017 15:00,12/20/2017 11:35,904.64,1050.0,-145.36,523.4,RFR,,,False,0,Carrier 33629,Shipper 1248,True,True,True,12/19/2017 15:00,12/20/2017 11:15,False,False,False,False,False,False,False,False,Aurora,CO ,Aurora,CO 
7268,206656985,12/18/2017 16:42,12/18/2017 16:42,12/19/2017 9:19,12/19/2017 15:00,12/20/2017 11:35,904.64,1050.0,-145.36,523.4,RFR,,,False,0,Carrier 33629,Shipper 1387,True,True,True,12/19/2017 15:00,12/20/2017 11:15,False,False,False,False,False,False,False,False,Aurora,CO ,Aurora,CO 
7269,206656985,12/18/2017 16:42,12/18/2017 16:42,12/19/2017 9:19,12/19/2017 15:00,12/20/2017 11:35,904.64,1050.0,-145.36,523.4,RFR,,,False,0,Carrier 33629,Shipper 1388,True,True,True,12/19/2017 15:00,12/20/2017 11:15,False,False,False,False,False,False,False,False,Aurora,CO ,Aurora,CO 
7270,206484257,5/4/2017 17:19,5/4/2017 17:19,5/9/2017 14:44,5/11/2017 17:00,5/15/2017 0:00,904.27,900.0,4.27,130.8,DRV,4.0,,False,0,Carrier 1693589,Shipper 758,True,False,False,5/11/2017 17:00,5/12/2017 1:30,False,False,False,False,False,False,False,False,Hawkins,TX ,Hawkins,TX 
7271,206507081,4/11/2017 9:05,4/11/2017 9:22,4/12/2017 11:35,4/12/2017 15:00,4/13/2017 10:55,903.82,850.0,53.82,417.2,DRV,4.0,,False,0,Carrier 39446,Shipper 744,True,True,True,4/12/2017 15:00,4/13/2017 15:45,False,False,False,False,False,False,False,False,Montgomery,AL ,Montgomery,AL 
7272,206573961,6/27/2017 11:39,6/27/2017 11:40,6/30/2017 11:41,6/30/2017 13:00,7/1/2017 9:15,903.64,1750.0,-846.36,424.4,DRV,,,False,0,Carrier 719977,Shipper 1501,True,True,True,6/30/2017 17:00,7/1/2017 8:00,False,False,False,False,False,False,False,False,El Campo,TX ,El Campo,TX 
7273,206573961,6/27/2017 11:39,6/27/2017 11:40,6/30/2017 11:41,6/30/2017 13:00,7/1/2017 9:15,903.64,1750.0,-846.36,424.4,DRV,,,False,0,Carrier 719977,Shipper 2658,True,True,True,6/30/2017 17:00,7/1/2017 8:00,False,False,False,False,False,False,False,False,El Campo,TX ,El Campo,TX 
7274,206489457,1/24/2017 12:41,1/24/2017 12:41,1/25/2017 11:00,1/25/2017 12:00,1/25/2017 17:50,903.47,881.0,22.47,117.5,RFR,,,False,0,Carrier 370869,Shipper 832,True,True,True,1/25/2017 12:00,1/25/2017 23:30,False,False,False,False,False,False,False,False,Avon,MA ,Avon,MA 
7275,206537897,3/31/2017 12:44,3/31/2017 12:44,4/17/2017 17:51,4/18/2017 14:30,4/19/2017 16:30,903.12,775.0,128.12,563.0,DRV,,,False,0,Carrier 977864,Shipper 758,True,True,True,4/18/2017 14:30,4/19/2017 16:00,False,False,False,False,False,False,False,False,Denver,CO ,Denver,CO 
7276,206625169,4/3/2017 8:48,4/3/2017 8:48,4/19/2017 16:05,4/21/2017 13:30,4/24/2017 20:00,903.12,865.0,38.12,563.0,DRV,3.0,,False,0,Carrier 660799,Shipper 758,True,True,True,4/21/2017 13:30,4/24/2017 16:00,False,False,False,False,False,False,False,False,Denver,CO ,Denver,CO 
7277,206492473,4/6/2017 9:15,4/6/2017 9:15,4/17/2017 9:24,4/17/2017 15:30,4/18/2017 22:20,902.46,934.0,-31.54,563.0,DRV,,,False,0,Carrier 23185,Shipper 758,True,False,False,4/17/2017 15:30,4/18/2017 17:00,False,False,False,False,False,False,False,False,Denver,CO ,Denver,CO 
7278,206707193,1/12/2017 12:23,1/12/2017 12:23,1/12/2017 12:45,1/12/2017 11:00,1/16/2017 9:00,900.0,800.0,100.0,460.5,DRV,,,False,0,Carrier 113604,Shipper 766,True,True,True,1/12/2017 16:00,1/16/2017 7:00,False,False,False,False,False,False,False,False,Paris,TN ,Paris,TN 
7279,206434025,3/21/2017 11:38,3/21/2017 12:18,3/27/2017 15:51,3/27/2017 13:00,3/28/2017 14:00,900.0,1050.0,-150.0,487.9,DRV,4.0,,False,1,Carrier 507487,Shipper 1048,True,False,False,3/27/2017 21:00,3/28/2017 9:00,False,False,False,False,False,False,False,False,Laredo,TX ,Laredo,TX 
7280,206539697,3/9/2017 16:34,3/9/2017 16:34,3/10/2017 10:25,3/10/2017 9:00,3/13/2017 13:30,900.0,800.0,100.0,464.3,DRV,,,False,0,Carrier 22653,Shipper 744,True,True,True,3/10/2017 15:30,3/13/2017 23:55,False,False,False,False,False,False,False,False,Conover,NC ,Conover,NC 
7281,206549953,1/13/2017 15:43,1/13/2017 15:43,1/13/2017 16:08,1/13/2017 3:00,1/14/2017 4:05,900.0,894.3,5.7,140.0,RFR,,,False,0,Carrier 968589,Shipper 758,True,False,False,1/14/2017 2:00,1/14/2017 2:00,False,False,False,False,False,False,False,False,Portland,OR ,Portland,OR 
7282,206622921,7/25/2017 12:44,7/25/2017 12:44,7/26/2017 9:00,7/26/2017 8:00,7/27/2017 14:00,900.0,850.0,50.0,440.4,DRV,,,False,0,Carrier 1244343,Shipper 744,True,True,True,7/26/2017 15:45,7/27/2017 13:00,False,False,False,False,False,False,False,False,Conover,NC ,Conover,NC 
7283,206485393,6/13/2017 11:58,6/13/2017 11:58,6/28/2017 9:10,6/28/2017 7:00,6/29/2017 8:30,900.0,1200.0,-300.0,294.8,RFR,,,False,0,Carrier 1695381,Shipper 585,False,True,True,6/28/2017 7:00,6/29/2017 15:00,False,False,False,False,False,False,False,False,East Greenville,PA ,East Greenville,PA 
7284,206573753,6/13/2017 11:45,6/13/2017 11:46,6/20/2017 13:44,6/21/2017 16:00,6/22/2017 11:30,900.0,900.0,0.0,294.8,RFR,,,False,0,Carrier 1235511,Shipper 585,True,True,True,6/21/2017 16:00,6/22/2017 15:00,False,False,False,False,False,False,False,False,East Greenville,PA ,East Greenville,PA 
7285,206704337,3/28/2017 8:56,3/28/2017 8:57,3/29/2017 12:09,3/29/2017 14:00,3/30/2017 16:30,898.2,1100.0,-201.8,666.8,DRV,,,False,0,Carrier 186649,Shipper 1052,True,False,False,3/29/2017 15:30,3/30/2017 14:00,False,False,False,False,False,False,False,False,1,LA ,1,LA 
7286,206538921,4/20/2017 10:55,4/20/2017 10:56,4/20/2017 12:22,4/24/2017 8:00,4/25/2017 10:20,897.68,850.0,47.68,719.3,DRV,4.0,,False,0,Carrier 1376474,Shipper 623,True,True,True,4/24/2017 12:00,4/25/2017 9:00,False,False,False,False,False,False,False,False,Reading,PA ,Reading,PA 
7287,206565249,8/21/2017 16:51,8/21/2017 16:51,8/23/2017 12:57,8/23/2017 17:00,8/24/2017 10:05,897.67,800.0,97.67,296.4,DRV,,,False,0,Carrier 1680078,Shipper 1249,True,True,True,8/23/2017 17:00,8/24/2017 8:30,False,False,False,False,False,False,False,False,Williamsburg,VA ,Williamsburg,VA 
7288,206565249,8/21/2017 16:51,8/21/2017 16:51,8/23/2017 12:57,8/23/2017 17:00,8/24/2017 10:05,897.67,800.0,97.67,296.4,DRV,,,False,0,Carrier 1680078,Shipper 1375,True,True,True,8/23/2017 17:00,8/24/2017 8:30,False,False,False,False,False,False,False,False,Williamsburg,VA ,Williamsburg,VA 
7289,206565249,8/21/2017 16:51,8/21/2017 16:51,8/23/2017 12:57,8/23/2017 17:00,8/24/2017 10:05,897.67,800.0,97.67,296.4,DRV,,,False,0,Carrier 1680078,Shipper 1386,True,True,True,8/23/2017 17:00,8/24/2017 8:30,False,False,False,False,False,False,False,False,Williamsburg,VA ,Williamsburg,VA 
7290,206565249,8/21/2017 16:51,8/21/2017 16:51,8/23/2017 12:57,8/23/2017 17:00,8/24/2017 10:05,897.67,800.0,97.67,296.4,DRV,,,False,0,Carrier 1680078,Shipper 1248,True,True,True,8/23/2017 17:00,8/24/2017 8:30,False,False,False,False,False,False,False,False,Williamsburg,VA ,Williamsburg,VA 
7291,206565249,8/21/2017 16:51,8/21/2017 16:51,8/23/2017 12:57,8/23/2017 17:00,8/24/2017 10:05,897.67,800.0,97.67,296.4,DRV,,,False,0,Carrier 1680078,Shipper 1387,True,True,True,8/23/2017 17:00,8/24/2017 8:30,False,False,False,False,False,False,False,False,Williamsburg,VA ,Williamsburg,VA 
7292,206565249,8/21/2017 16:51,8/21/2017 16:51,8/23/2017 12:57,8/23/2017 17:00,8/24/2017 10:05,897.67,800.0,97.67,296.4,DRV,,,False,0,Carrier 1680078,Shipper 1388,True,True,True,8/23/2017 17:00,8/24/2017 8:30,False,False,False,False,False,False,False,False,Williamsburg,VA ,Williamsburg,VA 
7293,206425089,2/27/2017 12:06,2/27/2017 12:08,3/2/2017 13:28,3/2/2017 18:00,3/5/2017 0:50,897.61,850.0,47.61,526.0,DRV,,,False,1,Carrier 984506,Shipper 758,True,True,True,3/2/2017 18:00,3/4/2017 22:00,False,False,False,False,False,False,False,False,Henderson,NV ,Henderson,NV 
7294,206558257,5/4/2017 13:11,5/4/2017 13:12,5/10/2017 15:16,5/10/2017 19:00,5/12/2017 1:55,897.61,1154.0,-256.39,526.0,DRV,,,False,1,Carrier 1336415,Shipper 758,False,True,True,5/10/2017 19:00,5/12/2017 0:00,False,False,False,False,False,False,False,False,Henderson,NV ,Henderson,NV 
7295,206548417,4/12/2017 9:56,4/12/2017 9:57,4/27/2017 12:56,4/27/2017 15:30,4/28/2017 18:30,897.46,879.0,18.46,563.0,DRV,,,False,1,Carrier 1418529,Shipper 758,True,True,True,4/27/2017 15:30,4/28/2017 16:00,False,False,False,False,False,False,False,False,Denver,CO ,Denver,CO 
7296,206551281,1/31/2017 16:06,1/31/2017 16:07,2/1/2017 11:42,2/2/2017 16:00,2/3/2017 13:30,896.73,850.0,46.73,355.9,DRV,,,False,0,Carrier 941668,Shipper 1078,True,True,True,2/2/2017 16:00,2/3/2017 14:00,False,False,False,False,False,False,False,False,Raleigh,NC ,Raleigh,NC 
7297,206520529,5/16/2017 11:02,5/16/2017 11:03,5/17/2017 10:02,5/22/2017 19:00,5/23/2017 15:20,896.41,870.0,26.41,284.1,RFR,,,False,0,Carrier 1041647,Shipper 758,True,True,True,5/22/2017 19:00,5/23/2017 9:00,False,False,False,False,False,False,False,False,Kent,WA ,Kent,WA 
7298,206584801,12/12/2017 16:32,12/12/2017 16:32,12/13/2017 10:49,12/13/2017 13:00,12/14/2017 8:00,896.32,1000.0,-103.68,258.5,DRV,,dat_out,False,0,Carrier 1042270,Shipper 1249,True,True,True,12/13/2017 13:00,12/14/2017 14:00,False,False,False,False,False,False,False,False,Jacksonville,FL ,Jacksonville,FL 
7299,206584801,12/12/2017 16:32,12/12/2017 16:32,12/13/2017 10:49,12/13/2017 13:00,12/14/2017 8:00,896.32,1000.0,-103.68,258.5,DRV,,dat_out,False,0,Carrier 1042270,Shipper 1375,True,True,True,12/13/2017 13:00,12/14/2017 14:00,False,False,False,False,False,False,False,False,Jacksonville,FL ,Jacksonville,FL 
7300,206584801,12/12/2017 16:32,12/12/2017 16:32,12/13/2017 10:49,12/13/2017 13:00,12/14/2017 8:00,896.32,1000.0,-103.68,258.5,DRV,,dat_out,False,0,Carrier 1042270,Shipper 1386,True,True,True,12/13/2017 13:00,12/14/2017 14:00,False,False,False,False,False,False,False,False,Jacksonville,FL ,Jacksonville,FL 
7301,206584801,12/12/2017 16:32,12/12/2017 16:32,12/13/2017 10:49,12/13/2017 13:00,12/14/2017 8:00,896.32,1000.0,-103.68,258.5,DRV,,dat_out,False,0,Carrier 1042270,Shipper 1248,True,True,True,12/13/2017 13:00,12/14/2017 14:00,False,False,False,False,False,False,False,False,Jacksonville,FL ,Jacksonville,FL 
7302,206584801,12/12/2017 16:32,12/12/2017 16:32,12/13/2017 10:49,12/13/2017 13:00,12/14/2017 8:00,896.32,1000.0,-103.68,258.5,DRV,,dat_out,False,0,Carrier 1042270,Shipper 1387,True,True,True,12/13/2017 13:00,12/14/2017 14:00,False,False,False,False,False,False,False,False,Jacksonville,FL ,Jacksonville,FL 
7303,206584801,12/12/2017 16:32,12/12/2017 16:32,12/13/2017 10:49,12/13/2017 13:00,12/14/2017 8:00,896.32,1000.0,-103.68,258.5,DRV,,dat_out,False,0,Carrier 1042270,Shipper 1388,True,True,True,12/13/2017 13:00,12/14/2017 14:00,False,False,False,False,False,False,False,False,Jacksonville,FL ,Jacksonville,FL 
7304,206606425,6/30/2017 12:05,6/30/2017 12:06,7/5/2017 16:35,7/6/2017 20:00,7/8/2017 4:00,894.88,1018.0,-123.12,526.0,DRV,,,False,0,Carrier 1037993,Shipper 758,True,True,True,7/6/2017 20:00,7/7/2017 23:00,False,False,False,False,False,False,False,False,Henderson,NV ,Henderson,NV 
7305,206504585,5/5/2017 13:47,5/5/2017 13:47,5/8/2017 9:05,5/8/2017 15:00,5/9/2017 10:55,893.0,800.0,93.0,417.2,DRV,,,False,0,Carrier 109400,Shipper 744,True,True,True,5/8/2017 15:00,5/9/2017 15:45,False,False,False,False,False,False,False,False,Montgomery,AL ,Montgomery,AL 
7306,206462553,5/5/2017 13:49,5/5/2017 13:49,5/8/2017 9:04,5/8/2017 15:00,5/9/2017 10:49,893.0,900.0,-7.0,417.2,DRV,5.0,,False,0,Carrier 109400,Shipper 744,True,True,True,5/8/2017 15:00,5/9/2017 15:45,False,False,False,False,False,False,False,False,Montgomery,AL ,Montgomery,AL 
7307,206431041,12/18/2017 16:53,12/18/2017 16:53,12/19/2017 9:07,12/19/2017 12:00,12/20/2017 10:30,892.96,1000.0,-107.04,549.3,RFR,,,False,0,Carrier 1390882,Shipper 1249,True,True,True,12/19/2017 12:00,12/20/2017 13:30,False,False,False,False,False,False,False,False,Jacksonville,FL ,Jacksonville,FL 
7308,206431041,12/18/2017 16:53,12/18/2017 16:53,12/19/2017 9:07,12/19/2017 12:00,12/20/2017 10:30,892.96,1000.0,-107.04,549.3,RFR,,,False,0,Carrier 1390882,Shipper 1375,True,True,True,12/19/2017 12:00,12/20/2017 13:30,False,False,False,False,False,False,False,False,Jacksonville,FL ,Jacksonville,FL 
7309,206431041,12/18/2017 16:53,12/18/2017 16:53,12/19/2017 9:07,12/19/2017 12:00,12/20/2017 10:30,892.96,1000.0,-107.04,549.3,RFR,,,False,0,Carrier 1390882,Shipper 1386,True,True,True,12/19/2017 12:00,12/20/2017 13:30,False,False,False,False,False,False,False,False,Jacksonville,FL ,Jacksonville,FL 
7310,206431041,12/18/2017 16:53,12/18/2017 16:53,12/19/2017 9:07,12/19/2017 12:00,12/20/2017 10:30,892.96,1000.0,-107.04,549.3,RFR,,,False,0,Carrier 1390882,Shipper 1248,True,True,True,12/19/2017 12:00,12/20/2017 13:30,False,False,False,False,False,False,False,False,Jacksonville,FL ,Jacksonville,FL 
7311,206431041,12/18/2017 16:53,12/18/2017 16:53,12/19/2017 9:07,12/19/2017 12:00,12/20/2017 10:30,892.96,1000.0,-107.04,549.3,RFR,,,False,0,Carrier 1390882,Shipper 1387,True,True,True,12/19/2017 12:00,12/20/2017 13:30,False,False,False,False,False,False,False,False,Jacksonville,FL ,Jacksonville,FL 
7312,206431041,12/18/2017 16:53,12/18/2017 16:53,12/19/2017 9:07,12/19/2017 12:00,12/20/2017 10:30,892.96,1000.0,-107.04,549.3,RFR,,,False,0,Carrier 1390882,Shipper 1388,True,True,True,12/19/2017 12:00,12/20/2017 13:30,False,False,False,False,False,False,False,False,Jacksonville,FL ,Jacksonville,FL 
7313,206512681,2/23/2017 15:07,2/23/2017 15:07,2/27/2017 17:52,2/28/2017 15:30,3/1/2017 19:30,892.46,770.0,122.46,563.0,DRV,3.0,,False,0,Carrier 1086251,Shipper 758,True,True,True,2/28/2017 15:30,3/1/2017 17:30,False,False,False,False,False,False,False,False,Denver,CO ,Denver,CO 
7314,206557353,3/17/2017 12:57,3/17/2017 12:57,4/4/2017 12:03,4/6/2017 14:30,4/7/2017 17:30,892.46,874.0,18.46,563.0,DRV,,,False,0,Carrier 1604335,Shipper 758,True,True,True,4/6/2017 14:30,4/7/2017 16:00,False,False,False,False,False,False,False,False,Denver,CO ,Denver,CO 
7315,206516033,3/28/2017 15:31,3/28/2017 15:31,4/14/2017 13:09,4/14/2017 14:30,4/17/2017 18:35,892.46,1000.0,-107.54,563.0,DRV,3.0,,False,1,Carrier 1563365,Shipper 758,True,True,True,4/14/2017 14:30,4/17/2017 16:00,False,False,False,False,False,False,False,False,Denver,CO ,Denver,CO 
7316,206622329,3/17/2017 12:59,3/17/2017 12:59,4/6/2017 16:19,4/7/2017 14:30,4/10/2017 17:45,892.46,800.0,92.46,563.0,DRV,4.0,,False,0,Carrier 660799,Shipper 758,True,True,True,4/7/2017 14:30,4/10/2017 17:00,False,False,False,False,False,False,False,False,Denver,CO ,Denver,CO 
7317,206424033,3/31/2017 12:42,3/31/2017 12:42,4/17/2017 10:30,4/18/2017 13:30,4/19/2017 17:45,892.46,800.0,92.46,563.0,DRV,4.0,,False,0,Carrier 660799,Shipper 758,True,True,True,4/18/2017 13:30,4/19/2017 17:00,False,False,False,False,False,False,False,False,Denver,CO ,Denver,CO 
7318,206558001,3/3/2017 17:47,3/3/2017 17:47,3/7/2017 14:44,3/8/2017 1:00,3/9/2017 5:30,892.36,950.0,-57.64,526.0,DRV,3.0,,False,0,Carrier 1532550,Shipper 758,True,True,True,3/8/2017 1:00,3/9/2017 0:00,False,False,False,False,False,False,False,False,Henderson,NV ,Henderson,NV 
7319,206575801,3/9/2017 15:07,3/9/2017 15:07,3/15/2017 10:20,3/16/2017 7:00,3/17/2017 11:40,891.15,850.0,41.15,610.8,DRV,3.0,,False,0,Carrier 739123,Shipper 971,True,False,False,3/16/2017 14:00,3/17/2017 7:30,False,False,False,False,False,False,False,False,San Antonio,TX ,San Antonio,TX 
7320,206577017,9/15/2017 13:08,9/15/2017 13:08,9/21/2017 17:39,9/22/2017 19:00,9/27/2017 1:55,890.66,1025.0,-134.34,526.0,DRV,,,False,1,Carrier 624032,Shipper 758,True,True,True,9/22/2017 19:00,9/26/2017 22:00,False,False,False,False,False,False,False,False,Henderson,NV ,Henderson,NV 
7321,206438001,10/26/2017 16:14,10/26/2017 16:14,11/1/2017 11:16,11/1/2017 20:00,11/3/2017 4:23,890.66,1025.0,-134.34,526.0,DRV,,,False,0,Carrier 28523,Shipper 758,True,False,False,11/1/2017 20:00,11/2/2017 23:00,False,False,False,False,False,False,False,False,Henderson,NV ,Henderson,NV 
7322,206665105,10/3/2017 14:02,10/3/2017 14:02,10/4/2017 17:07,10/9/2017 19:00,10/11/2017 1:15,890.66,975.0,-84.34,526.0,DRV,,,False,0,Carrier 1037993,Shipper 758,True,True,True,10/9/2017 19:00,10/10/2017 22:00,False,False,False,False,False,False,False,False,Henderson,NV ,Henderson,NV 
7323,206513385,10/27/2017 13:46,10/27/2017 13:46,11/2/2017 9:45,11/2/2017 20:00,11/4/2017 12:00,890.66,1100.0,-209.34,526.0,DRV,,,False,0,Carrier 53703,Shipper 758,True,True,True,11/2/2017 20:00,11/3/2017 22:00,False,False,False,False,False,False,False,False,Henderson,NV ,Henderson,NV 
7324,206562569,6/1/2017 15:53,6/1/2017 15:53,6/5/2017 12:58,6/6/2017 16:00,6/7/2017 12:15,890.0,1100.0,-210.0,362.3,DRV,,,False,0,Carrier 1176466,Shipper 810,True,True,True,6/6/2017 16:00,6/7/2017 12:00,False,False,False,False,False,False,False,False,Long Beach,CA ,Long Beach,CA 
7325,206486505,6/1/2017 15:43,6/1/2017 15:44,6/5/2017 13:01,6/5/2017 16:00,6/6/2017 12:30,890.0,1100.0,-210.0,362.3,DRV,,,False,0,Carrier 1176466,Shipper 810,True,True,True,6/5/2017 16:00,6/6/2017 12:00,False,False,False,False,False,False,False,False,Long Beach,CA ,Long Beach,CA 
7326,206564657,6/1/2017 15:54,6/1/2017 15:54,6/6/2017 12:03,6/7/2017 16:00,6/8/2017 12:45,890.0,1100.0,-210.0,362.3,DRV,,,False,0,Carrier 1176466,Shipper 810,True,True,True,6/7/2017 16:00,6/8/2017 11:00,False,False,False,False,False,False,False,False,Long Beach,CA ,Long Beach,CA 
7327,206618321,6/1/2017 15:51,6/1/2017 15:51,6/6/2017 12:16,6/6/2017 17:00,6/7/2017 16:25,890.0,1100.0,-210.0,362.3,DRV,,,False,0,Carrier 1176466,Shipper 810,True,False,False,6/6/2017 17:00,6/7/2017 13:00,False,False,False,False,False,False,False,False,Long Beach,CA ,Long Beach,CA 
7328,206551145,6/20/2017 14:43,6/20/2017 14:43,6/27/2017 14:58,6/28/2017 16:00,6/29/2017 13:00,890.0,1200.0,-310.0,362.3,DRV,,,False,0,Carrier 690828,Shipper 810,True,True,True,6/28/2017 16:00,6/29/2017 11:00,False,False,False,False,False,False,False,False,Long Beach,CA ,Long Beach,CA 
7329,206500353,12/18/2017 17:27,12/18/2017 17:27,12/20/2017 15:04,12/21/2017 8:00,12/22/2017 14:55,890.0,1800.0,-910.0,402.2,DRV,,carrier_capacity,False,2,Carrier 1215449,Shipper 1249,False,True,False,12/21/2017 8:00,12/22/2017 17:00,False,False,False,False,False,False,False,False,Fort Collins,CO ,Fort Collins,CO 
7330,206532969,5/31/2017 16:39,5/31/2017 16:44,6/2/2017 13:59,6/2/2017 16:00,6/5/2017 12:00,890.0,1100.0,-210.0,358.7,DRV,,,False,0,Carrier 1473376,Shipper 810,True,True,True,6/2/2017 16:00,6/5/2017 11:00,False,False,False,False,False,False,False,False,Carson,CA ,Carson,CA 
7331,206747825,5/19/2017 11:25,5/19/2017 11:25,5/24/2017 12:36,5/24/2017 17:00,5/25/2017 12:00,890.0,1100.0,-210.0,358.7,DRV,,,False,0,Carrier 1050870,Shipper 810,True,True,True,5/24/2017 17:00,5/25/2017 11:00,False,False,False,False,False,False,False,False,Carson,CA ,Carson,CA 
7332,206541913,6/19/2017 15:48,6/20/2017 11:33,6/22/2017 11:23,6/22/2017 17:00,6/23/2017 14:00,890.0,1100.0,-210.0,362.3,DRV,,,False,0,Carrier 1261469,Shipper 810,True,False,False,6/22/2017 17:00,6/23/2017 12:00,False,False,False,False,False,False,False,False,Long Beach,CA ,Long Beach,CA 
7333,206500353,12/18/2017 17:27,12/18/2017 17:27,12/20/2017 15:04,12/21/2017 8:00,12/22/2017 14:55,890.0,1800.0,-910.0,402.2,DRV,,carrier_capacity,False,2,Carrier 1215449,Shipper 1375,False,True,False,12/21/2017 8:00,12/22/2017 17:00,False,False,False,False,False,False,False,False,Fort Collins,CO ,Fort Collins,CO 
7334,206500353,12/18/2017 17:27,12/18/2017 17:27,12/20/2017 15:04,12/21/2017 8:00,12/22/2017 14:55,890.0,1800.0,-910.0,402.2,DRV,,carrier_capacity,False,2,Carrier 1215449,Shipper 1386,False,True,False,12/21/2017 8:00,12/22/2017 17:00,False,False,False,False,False,False,False,False,Fort Collins,CO ,Fort Collins,CO 
7335,206500353,12/18/2017 17:27,12/18/2017 17:27,12/20/2017 15:04,12/21/2017 8:00,12/22/2017 14:55,890.0,1800.0,-910.0,402.2,DRV,,carrier_capacity,False,2,Carrier 1215449,Shipper 1248,False,True,False,12/21/2017 8:00,12/22/2017 17:00,False,False,False,False,False,False,False,False,Fort Collins,CO ,Fort Collins,CO 
7336,206500353,12/18/2017 17:27,12/18/2017 17:27,12/20/2017 15:04,12/21/2017 8:00,12/22/2017 14:55,890.0,1800.0,-910.0,402.2,DRV,,carrier_capacity,False,2,Carrier 1215449,Shipper 1387,False,True,False,12/21/2017 8:00,12/22/2017 17:00,False,False,False,False,False,False,False,False,Fort Collins,CO ,Fort Collins,CO 
7337,206500353,12/18/2017 17:27,12/18/2017 17:27,12/20/2017 15:04,12/21/2017 8:00,12/22/2017 14:55,890.0,1800.0,-910.0,402.2,DRV,,carrier_capacity,False,2,Carrier 1215449,Shipper 1388,False,True,False,12/21/2017 8:00,12/22/2017 17:00,False,False,False,False,False,False,False,False,Fort Collins,CO ,Fort Collins,CO 
7338,206686881,3/23/2017 9:32,3/23/2017 9:32,3/23/2017 15:25,3/23/2017 10:00,3/24/2017 11:10,889.42,950.0,-60.58,226.8,DRV,,,False,0,Carrier 1370978,Shipper 1249,True,True,True,3/24/2017 15:00,3/24/2017 14:30,False,False,False,False,False,False,False,False,La Porte,TX ,La Porte,TX 
7339,206686881,3/23/2017 9:32,3/23/2017 9:32,3/23/2017 15:25,3/23/2017 10:00,3/24/2017 11:10,889.42,950.0,-60.58,226.8,DRV,,,False,0,Carrier 1370978,Shipper 1375,True,True,True,3/24/2017 15:00,3/24/2017 14:30,False,False,False,False,False,False,False,False,La Porte,TX ,La Porte,TX 
7340,206686881,3/23/2017 9:32,3/23/2017 9:32,3/23/2017 15:25,3/23/2017 10:00,3/24/2017 11:10,889.42,950.0,-60.58,226.8,DRV,,,False,0,Carrier 1370978,Shipper 1386,True,True,True,3/24/2017 15:00,3/24/2017 14:30,False,False,False,False,False,False,False,False,La Porte,TX ,La Porte,TX 
7341,206686881,3/23/2017 9:32,3/23/2017 9:32,3/23/2017 15:25,3/23/2017 10:00,3/24/2017 11:10,889.42,950.0,-60.58,226.8,DRV,,,False,0,Carrier 1370978,Shipper 1248,True,True,True,3/24/2017 15:00,3/24/2017 14:30,False,False,False,False,False,False,False,False,La Porte,TX ,La Porte,TX 
7342,206686881,3/23/2017 9:32,3/23/2017 9:32,3/23/2017 15:25,3/23/2017 10:00,3/24/2017 11:10,889.42,950.0,-60.58,226.8,DRV,,,False,0,Carrier 1370978,Shipper 1387,True,True,True,3/24/2017 15:00,3/24/2017 14:30,False,False,False,False,False,False,False,False,La Porte,TX ,La Porte,TX 
7343,206686881,3/23/2017 9:32,3/23/2017 9:32,3/23/2017 15:25,3/23/2017 10:00,3/24/2017 11:10,889.42,950.0,-60.58,226.8,DRV,,,False,0,Carrier 1370978,Shipper 1388,True,True,True,3/24/2017 15:00,3/24/2017 14:30,False,False,False,False,False,False,False,False,La Porte,TX ,La Porte,TX 
7344,206549465,3/28/2017 15:32,3/28/2017 15:32,4/14/2017 13:54,4/17/2017 13:30,4/18/2017 17:20,888.12,750.0,138.12,563.0,DRV,,,False,0,Carrier 1648273,Shipper 758,True,True,True,4/17/2017 13:30,4/18/2017 16:00,False,False,False,False,False,False,False,False,Denver,CO ,Denver,CO 
7345,206610169,8/25/2017 13:39,8/25/2017 13:39,8/28/2017 12:04,8/31/2017 20:00,9/2/2017 1:30,886.15,983.0,-96.85,526.0,DRV,,,False,0,Carrier 1037993,Shipper 758,True,True,True,8/31/2017 20:00,9/2/2017 0:30,False,False,False,False,False,False,False,False,Henderson,NV ,Henderson,NV 
7346,206550033,10/18/2017 8:43,10/18/2017 8:43,10/27/2017 14:54,10/30/2017 10:00,10/31/2017 3:45,886.05,1125.0,-238.95,526.0,DRV,,,False,1,Carrier 984595,Shipper 758,False,True,True,10/30/2017 12:00,10/31/2017 0:00,False,False,False,False,False,False,False,False,Henderson,NV ,Henderson,NV 
7347,206461401,10/13/2017 16:54,10/13/2017 16:54,10/19/2017 13:17,10/20/2017 10:00,10/21/2017 6:42,886.05,1100.0,-213.95,526.0,DRV,,,False,0,Carrier 1383745,Shipper 758,True,False,False,10/20/2017 10:00,10/21/2017 1:30,False,False,False,False,False,False,False,False,Henderson,NV ,Henderson,NV 
7348,206544329,4/17/2017 17:22,4/17/2017 17:22,4/19/2017 10:11,4/20/2017 10:00,4/21/2017 12:10,885.49,900.0,-14.51,590.1,RFR,4.0,,False,0,Carrier 1695188,Shipper 1249,True,True,True,4/20/2017 14:00,4/21/2017 13:00,False,False,False,False,False,False,False,False,Aurora,CO ,Aurora,CO 
7349,206544329,4/17/2017 17:22,4/17/2017 17:22,4/19/2017 10:11,4/20/2017 10:00,4/21/2017 12:10,885.49,900.0,-14.51,590.1,RFR,4.0,,False,0,Carrier 1695188,Shipper 1375,True,True,True,4/20/2017 14:00,4/21/2017 13:00,False,False,False,False,False,False,False,False,Aurora,CO ,Aurora,CO 
7350,206544329,4/17/2017 17:22,4/17/2017 17:22,4/19/2017 10:11,4/20/2017 10:00,4/21/2017 12:10,885.49,900.0,-14.51,590.1,RFR,4.0,,False,0,Carrier 1695188,Shipper 1386,True,True,True,4/20/2017 14:00,4/21/2017 13:00,False,False,False,False,False,False,False,False,Aurora,CO ,Aurora,CO 
7351,206544329,4/17/2017 17:22,4/17/2017 17:22,4/19/2017 10:11,4/20/2017 10:00,4/21/2017 12:10,885.49,900.0,-14.51,590.1,RFR,4.0,,False,0,Carrier 1695188,Shipper 1248,True,True,True,4/20/2017 14:00,4/21/2017 13:00,False,False,False,False,False,False,False,False,Aurora,CO ,Aurora,CO 
7352,206544329,4/17/2017 17:22,4/17/2017 17:22,4/19/2017 10:11,4/20/2017 10:00,4/21/2017 12:10,885.49,900.0,-14.51,590.1,RFR,4.0,,False,0,Carrier 1695188,Shipper 1387,True,True,True,4/20/2017 14:00,4/21/2017 13:00,False,False,False,False,False,False,False,False,Aurora,CO ,Aurora,CO 
7353,206544329,4/17/2017 17:22,4/17/2017 17:22,4/19/2017 10:11,4/20/2017 10:00,4/21/2017 12:10,885.49,900.0,-14.51,590.1,RFR,4.0,,False,0,Carrier 1695188,Shipper 1388,True,True,True,4/20/2017 14:00,4/21/2017 13:00,False,False,False,False,False,False,False,False,Aurora,CO ,Aurora,CO 
7354,206533625,6/20/2017 17:57,6/20/2017 17:57,6/22/2017 18:07,6/23/2017 7:00,6/23/2017 11:00,885.0,700.0,185.0,186.1,FBE,,,False,1,Carrier 981000,Shipper 1517,True,True,True,6/23/2017 7:00,6/23/2017 15:00,False,False,False,False,False,False,False,False,Goose Creek,SC ,Goose Creek,SC 
7355,206436449,5/3/2017 14:52,5/3/2017 14:53,5/5/2017 10:53,5/8/2017 8:00,5/9/2017 11:20,884.74,800.0,84.74,719.3,DRV,,,False,0,Carrier 1314803,Shipper 623,True,True,True,5/8/2017 12:00,5/9/2017 9:00,False,False,False,False,False,False,False,False,Reading,PA ,Reading,PA 
7356,206475905,2/20/2017 12:09,2/20/2017 12:09,2/21/2017 13:21,2/21/2017 18:00,2/24/2017 5:30,883.67,1299.0,-415.33,655.3,DRV,,,False,0,Carrier 84650,Shipper 758,False,False,False,2/21/2017 18:00,2/23/2017 2:00,False,False,False,False,False,False,False,False,Portland,OR ,Portland,OR 
7357,206628953,8/5/2017 6:03,8/5/2017 6:04,8/8/2017 9:37,8/8/2017 15:00,8/9/2017 11:30,882.75,925.0,-42.25,424.4,DRV,,,False,0,Carrier 863302,Shipper 1501,,,,8/8/2017 17:30,8/9/2017 13:00,False,False,False,False,False,False,False,False,El Campo,TX ,El Campo,TX 
7358,206549673,8/5/2017 6:12,8/5/2017 6:16,8/9/2017 10:14,8/9/2017 15:00,8/10/2017 11:00,882.75,950.0,-67.25,424.4,DRV,,,False,0,Carrier 14950,Shipper 1501,True,True,True,8/9/2017 17:30,8/10/2017 13:00,False,False,False,False,False,False,False,False,El Campo,TX ,El Campo,TX 
7359,206628953,8/5/2017 6:03,8/5/2017 6:04,8/8/2017 9:37,8/8/2017 15:00,8/9/2017 11:30,882.75,925.0,-42.25,424.4,DRV,,,False,0,Carrier 863302,Shipper 2658,,,,8/8/2017 17:30,8/9/2017 13:00,False,False,False,False,False,False,False,False,El Campo,TX ,El Campo,TX 
7360,206549673,8/5/2017 6:12,8/5/2017 6:16,8/9/2017 10:14,8/9/2017 15:00,8/10/2017 11:00,882.75,950.0,-67.25,424.4,DRV,,,False,0,Carrier 14950,Shipper 2658,True,True,True,8/9/2017 17:30,8/10/2017 13:00,False,False,False,False,False,False,False,False,El Campo,TX ,El Campo,TX 
7361,206601889,5/26/2017 10:37,5/26/2017 10:37,6/7/2017 14:09,6/8/2017 8:30,6/8/2017 22:30,882.56,932.0,-49.44,329.2,DRV,,,False,0,Carrier 552905,Shipper 758,True,True,True,6/8/2017 9:00,6/8/2017 21:00,False,False,False,False,False,False,False,False,Vernon,CA ,Vernon,CA 
7362,206606025,8/31/2017 14:54,8/31/2017 14:54,9/7/2017 10:19,9/7/2017 18:00,9/9/2017 1:00,881.94,975.0,-93.06,526.0,DRV,,,False,1,Carrier 1037993,Shipper 758,False,True,True,9/7/2017 18:00,9/8/2017 23:00,False,False,False,False,False,False,False,False,Henderson,NV ,Henderson,NV 
7363,206489497,8/31/2017 15:07,8/31/2017 15:07,9/1/2017 12:12,9/6/2017 19:00,9/8/2017 1:30,881.94,975.0,-93.06,526.0,DRV,,,False,0,Carrier 1037993,Shipper 758,False,True,True,9/6/2017 19:00,9/7/2017 23:30,False,False,False,False,False,False,False,False,Henderson,NV ,Henderson,NV 
7364,206689801,2/7/2017 17:24,2/7/2017 17:24,2/13/2017 13:23,2/13/2017 19:00,2/14/2017 17:50,881.9,700.0,181.9,271.5,DRV,,,False,0,Carrier 1285611,Shipper 758,True,True,True,2/13/2017 19:00,2/14/2017 18:00,False,False,False,False,False,False,False,False,Cabazon,CA ,Cabazon,CA 
7365,206422553,2/3/2017 13:33,2/3/2017 13:33,2/8/2017 11:09,2/8/2017 11:00,2/8/2017 22:00,881.9,750.0,131.9,271.5,DRV,3.0,,False,1,Carrier 26662,Shipper 758,False,True,True,2/8/2017 11:00,2/8/2017 20:00,False,False,False,False,False,False,False,False,Cabazon,CA ,Cabazon,CA 
7366,206606617,7/12/2017 15:14,7/12/2017 15:14,7/13/2017 11:17,7/17/2017 14:00,7/18/2017 10:17,881.07,850.0,31.07,420.6,DRV,,,False,0,Carrier 1030506,Shipper 1357,True,True,True,7/17/2017 14:00,7/18/2017 16:00,False,False,False,False,False,False,False,False,Pandora,OH ,Pandora,OH 
7367,206529289,7/21/2017 11:23,7/21/2017 11:23,7/21/2017 13:27,7/25/2017 8:00,7/25/2017 22:00,880.0,1000.0,-120.0,598.2,DRV,,,False,0,Carrier 33842,Shipper 758,True,True,True,7/25/2017 16:30,7/26/2017 13:00,False,False,False,False,False,False,False,False,Denver,CO ,Denver,CO 
7368,206429889,7/20/2017 16:15,7/20/2017 16:15,7/24/2017 9:15,7/24/2017 8:00,7/25/2017 10:25,880.0,1125.0,-245.0,603.0,DRV,,,False,0,Carrier 79411,Shipper 758,True,True,True,7/24/2017 16:30,7/25/2017 13:00,False,False,False,False,False,False,False,False,Englewood,CO ,Englewood,CO 
7369,206549633,7/19/2017 12:27,7/19/2017 12:27,7/20/2017 11:42,7/21/2017 8:00,7/22/2017 10:00,880.0,950.0,-70.0,603.0,DRV,,,False,0,Carrier 1695403,Shipper 758,,,,7/21/2017 16:30,7/22/2017 12:00,False,False,False,False,False,False,False,False,Englewood,CO ,Englewood,CO 
7370,206544961,8/14/2017 7:42,8/14/2017 7:42,8/15/2017 13:19,8/16/2017 8:00,8/17/2017 7:38,878.2,775.0,103.2,376.2,DRV,,,False,0,Carrier 72232,Shipper 968,True,True,True,8/16/2017 16:30,8/17/2017 14:00,False,False,False,False,False,False,False,False,Newark,NJ ,Newark,NJ 
7371,206692673,4/17/2017 17:31,4/17/2017 17:35,4/18/2017 13:19,4/18/2017 22:00,4/19/2017 12:45,878.09,870.0,8.09,418.6,DRV,3.0,,False,0,Carrier 1067071,Shipper 1249,True,True,True,4/18/2017 22:00,4/19/2017 13:00,False,False,False,False,False,False,False,False,La Porte,TX ,La Porte,TX 
7372,206692673,4/17/2017 17:31,4/17/2017 17:35,4/18/2017 13:19,4/18/2017 22:00,4/19/2017 12:45,878.09,870.0,8.09,418.6,DRV,3.0,,False,0,Carrier 1067071,Shipper 1375,True,True,True,4/18/2017 22:00,4/19/2017 13:00,False,False,False,False,False,False,False,False,La Porte,TX ,La Porte,TX 
7373,206692673,4/17/2017 17:31,4/17/2017 17:35,4/18/2017 13:19,4/18/2017 22:00,4/19/2017 12:45,878.09,870.0,8.09,418.6,DRV,3.0,,False,0,Carrier 1067071,Shipper 1386,True,True,True,4/18/2017 22:00,4/19/2017 13:00,False,False,False,False,False,False,False,False,La Porte,TX ,La Porte,TX 
7374,206692673,4/17/2017 17:31,4/17/2017 17:35,4/18/2017 13:19,4/18/2017 22:00,4/19/2017 12:45,878.09,870.0,8.09,418.6,DRV,3.0,,False,0,Carrier 1067071,Shipper 1248,True,True,True,4/18/2017 22:00,4/19/2017 13:00,False,False,False,False,False,False,False,False,La Porte,TX ,La Porte,TX 
7375,206692673,4/17/2017 17:31,4/17/2017 17:35,4/18/2017 13:19,4/18/2017 22:00,4/19/2017 12:45,878.09,870.0,8.09,418.6,DRV,3.0,,False,0,Carrier 1067071,Shipper 1387,True,True,True,4/18/2017 22:00,4/19/2017 13:00,False,False,False,False,False,False,False,False,La Porte,TX ,La Porte,TX 
7376,206692673,4/17/2017 17:31,4/17/2017 17:35,4/18/2017 13:19,4/18/2017 22:00,4/19/2017 12:45,878.09,870.0,8.09,418.6,DRV,3.0,,False,0,Carrier 1067071,Shipper 1388,True,True,True,4/18/2017 22:00,4/19/2017 13:00,False,False,False,False,False,False,False,False,La Porte,TX ,La Porte,TX 
7377,206642025,3/24/2017 17:38,3/24/2017 17:38,3/31/2017 17:09,4/3/2017 19:00,4/4/2017 20:30,876.44,875.0,1.44,271.5,DRV,,,False,0,Carrier 43527,Shipper 758,True,True,True,4/3/2017 19:00,4/4/2017 19:00,False,False,False,False,False,False,False,False,Cabazon,CA ,Cabazon,CA 
7378,206703945,4/12/2017 9:23,4/12/2017 9:23,4/14/2017 12:50,4/17/2017 19:00,4/18/2017 21:00,876.44,875.0,1.44,271.5,DRV,,,False,0,Carrier 43527,Shipper 758,False,True,True,4/17/2017 19:00,4/18/2017 20:00,False,False,False,False,False,False,False,False,Cabazon,CA ,Cabazon,CA 
7379,206702065,4/12/2017 9:32,4/12/2017 9:32,4/17/2017 11:57,4/18/2017 21:00,4/19/2017 21:00,876.44,875.0,1.44,271.5,DRV,,,False,0,Carrier 43527,Shipper 758,,,,4/18/2017 21:00,4/19/2017 19:00,False,False,False,False,False,False,False,False,Cabazon,CA ,Cabazon,CA 
7380,206589337,4/12/2017 9:21,4/12/2017 9:21,4/14/2017 12:49,4/17/2017 20:00,4/18/2017 23:00,876.44,875.0,1.44,271.5,DRV,,,False,0,Carrier 43527,Shipper 758,True,True,True,4/17/2017 20:00,4/18/2017 19:00,False,False,False,False,False,False,False,False,Cabazon,CA ,Cabazon,CA 
7381,206588953,4/18/2017 17:37,4/18/2017 17:37,4/20/2017 12:26,4/24/2017 19:00,4/26/2017 1:00,876.44,875.0,1.44,271.5,DRV,,,False,0,Carrier 43527,Shipper 758,True,True,True,4/24/2017 19:00,4/25/2017 20:00,False,False,False,False,False,False,False,False,Cabazon,CA ,Cabazon,CA 
7382,206642673,4/5/2017 17:16,4/5/2017 17:16,4/7/2017 11:43,4/12/2017 9:00,4/12/2017 23:00,876.44,875.0,1.44,271.5,DRV,4.0,,False,0,Carrier 43527,Shipper 758,False,True,True,4/12/2017 9:00,4/12/2017 21:00,False,False,False,False,False,False,False,False,Cabazon,CA ,Cabazon,CA 
7383,206640673,4/12/2017 9:35,4/12/2017 9:35,4/17/2017 11:57,4/18/2017 20:00,4/19/2017 21:00,876.44,875.0,1.44,271.5,DRV,,,False,0,Carrier 43527,Shipper 758,,,,4/18/2017 20:00,4/19/2017 19:00,False,False,False,False,False,False,False,False,Cabazon,CA ,Cabazon,CA 
7384,206549961,2/15/2017 18:07,2/15/2017 18:08,2/17/2017 13:16,2/22/2017 19:00,2/23/2017 19:50,876.44,700.0,176.44,271.5,DRV,,,False,0,Carrier 1285611,Shipper 758,True,True,True,2/22/2017 19:00,2/23/2017 18:00,False,False,False,False,False,False,False,False,Cabazon,CA ,Cabazon,CA 
7385,206575793,2/15/2017 18:02,2/15/2017 18:02,2/17/2017 12:36,2/20/2017 19:00,2/21/2017 9:30,876.44,700.0,176.44,271.5,DRV,,,False,0,Carrier 1285611,Shipper 758,True,True,True,2/20/2017 19:00,2/21/2017 18:00,False,False,False,False,False,False,False,False,Cabazon,CA ,Cabazon,CA 
7386,206589681,4/18/2017 17:38,4/18/2017 17:38,4/19/2017 15:10,4/25/2017 20:00,4/26/2017 23:00,876.44,875.0,1.44,271.5,DRV,3.0,,False,0,Carrier 43527,Shipper 758,True,True,True,4/25/2017 20:00,4/26/2017 21:00,False,False,False,False,False,False,False,False,Cabazon,CA ,Cabazon,CA 
7387,206575609,2/15/2017 18:06,2/15/2017 18:06,2/17/2017 13:14,2/21/2017 18:00,2/23/2017 1:30,876.44,700.0,176.44,271.5,DRV,,,False,0,Carrier 1285611,Shipper 758,True,True,True,2/21/2017 18:00,2/22/2017 18:00,False,False,False,False,False,False,False,False,Cabazon,CA ,Cabazon,CA 
7388,206472897,1/12/2017 13:48,1/12/2017 13:49,1/16/2017 16:57,1/17/2017 19:00,1/18/2017 21:00,876.44,800.0,76.44,271.5,DRV,3.0,,False,0,Carrier 43527,Shipper 758,,,,1/17/2017 19:00,1/18/2017 19:00,False,False,False,False,False,False,False,False,Cabazon,CA ,Cabazon,CA 
7389,206546209,4/18/2017 17:39,4/18/2017 17:39,4/20/2017 12:26,4/25/2017 19:00,4/26/2017 14:00,876.44,875.0,1.44,271.5,DRV,3.0,,False,0,Carrier 43527,Shipper 758,True,True,True,4/25/2017 19:00,4/26/2017 21:00,False,False,False,False,False,False,False,False,Cabazon,CA ,Cabazon,CA 
7390,206473361,3/21/2017 15:34,3/21/2017 15:34,3/27/2017 13:59,3/27/2017 19:00,3/28/2017 17:45,876.44,875.0,1.44,271.5,DRV,,,False,1,Carrier 43527,Shipper 758,True,True,True,3/27/2017 19:00,3/28/2017 19:00,False,False,False,False,False,False,False,False,Cabazon,CA ,Cabazon,CA 
7391,206473121,4/12/2017 9:36,4/12/2017 9:36,4/17/2017 16:25,4/19/2017 22:00,4/20/2017 15:30,876.44,875.0,1.44,271.5,DRV,2.0,,False,0,Carrier 43527,Shipper 758,True,True,True,4/19/2017 22:00,4/20/2017 19:00,False,False,False,False,False,False,False,False,Cabazon,CA ,Cabazon,CA 
7392,206611457,3/23/2017 11:42,3/23/2017 11:42,3/29/2017 18:30,3/29/2017 19:00,3/31/2017 11:45,876.44,1200.0,-323.56,271.5,DRV,3.0,,False,2,Carrier 22875,Shipper 758,False,True,True,3/29/2017 19:00,3/30/2017 20:00,False,False,False,False,False,False,False,False,Cabazon,CA ,Cabazon,CA 
7393,206503689,3/31/2017 12:57,3/31/2017 12:57,4/6/2017 10:51,4/6/2017 19:00,4/7/2017 22:00,876.44,900.0,-23.56,271.5,DRV,,,False,0,Carrier 22875,Shipper 758,True,True,True,4/6/2017 19:00,4/7/2017 19:00,False,False,False,False,False,False,False,False,Cabazon,CA ,Cabazon,CA 
7394,206423809,4/18/2017 17:35,4/18/2017 17:35,4/24/2017 18:10,4/24/2017 20:00,4/25/2017 23:00,876.44,900.0,-23.56,271.5,DRV,2.0,,False,1,Carrier 1456022,Shipper 758,False,True,True,4/24/2017 20:00,4/25/2017 21:00,False,False,False,False,False,False,False,False,Cabazon,CA ,Cabazon,CA 
7395,206549705,10/23/2017 13:10,10/23/2017 13:10,10/25/2017 11:41,10/26/2017 11:00,10/27/2017 10:20,875.48,850.0,25.48,0.0,DRV,,,True,0,Carrier 1040295,Shipper 1644,True,True,True,10/26/2017 11:00,10/27/2017 9:00,False,False,False,False,False,False,False,False,Etowah,TN ,Etowah,TN 
7396,206540281,6/6/2017 18:39,6/6/2017 18:39,6/19/2017 10:18,6/20/2017 8:30,6/21/2017 2:00,875.26,925.0,-49.74,329.2,DRV,,,False,0,Carrier 552905,Shipper 758,True,True,True,6/20/2017 9:00,6/20/2017 23:00,False,False,False,False,False,False,False,False,Vernon,CA ,Vernon,CA 
7397,206431961,6/14/2017 15:38,6/14/2017 15:39,6/15/2017 14:21,6/15/2017 12:00,6/16/2017 12:30,875.0,1000.0,-125.0,409.0,DRV,,,False,1,Carrier 105285,Shipper 1070,False,True,True,6/15/2017 12:00,6/16/2017 13:00,False,False,False,False,False,False,False,False,Wellton,AZ ,Wellton,AZ 
7398,206486513,6/21/2017 17:05,6/21/2017 17:06,7/5/2017 13:53,7/6/2017 14:30,7/7/2017 10:20,875.0,1050.0,-175.0,258.9,DRV,,,False,0,Carrier 507487,Shipper 810,True,True,True,7/6/2017 14:30,7/7/2017 9:30,False,False,False,False,False,False,False,False,Baltimore,MD ,Baltimore,MD 
7399,206494617,6/21/2017 17:16,6/21/2017 17:16,6/29/2017 9:18,6/29/2017 16:00,7/4/2017 12:00,875.0,1150.0,-275.0,258.9,DRV,,,False,0,Carrier 1695008,Shipper 810,True,False,False,6/29/2017 16:00,7/3/2017 13:00,False,False,False,False,False,False,False,False,Baltimore,MD ,Baltimore,MD 
7400,206686905,6/21/2017 17:14,6/21/2017 17:15,7/10/2017 13:09,7/10/2017 16:00,7/11/2017 12:00,875.0,1200.0,-325.0,258.9,DRV,,,False,1,Carrier 68695,Shipper 810,True,True,True,7/10/2017 16:00,7/11/2017 11:00,False,False,False,False,False,False,False,False,Baltimore,MD ,Baltimore,MD 
7401,206460489,5/2/2017 12:46,5/2/2017 12:46,5/8/2017 17:51,5/9/2017 8:00,5/10/2017 8:30,875.0,900.0,-25.0,571.5,DRV,4.0,,False,0,Carrier 91606,Shipper 744,True,True,True,5/9/2017 15:45,5/10/2017 17:00,False,False,False,False,False,False,False,False,Conover,NC ,Conover,NC 
7402,206590961,6/21/2017 17:18,6/21/2017 17:18,7/5/2017 14:58,7/5/2017 16:00,7/6/2017 12:35,875.0,1250.0,-375.0,258.9,DRV,,,False,0,Carrier 1011211,Shipper 810,True,True,True,7/5/2017 16:00,7/6/2017 13:00,False,False,False,False,False,False,False,False,Baltimore,MD ,Baltimore,MD 
7403,206473409,5/26/2017 16:01,5/26/2017 16:01,5/30/2017 16:26,5/31/2017 8:00,6/1/2017 15:10,875.0,1025.0,-150.0,571.5,DRV,,,False,0,Carrier 102506,Shipper 744,True,True,True,5/31/2017 15:45,6/1/2017 17:00,False,False,False,False,False,False,False,False,Conover,NC ,Conover,NC 
7404,206531953,12/5/2017 13:58,12/5/2017 13:58,12/7/2017 15:08,12/11/2017 20:00,12/12/2017 10:15,874.37,710.0,164.37,27.2,RFR,,,False,0,Carrier 1034376,Shipper 758,True,True,True,12/11/2017 20:00,12/12/2017 8:00,False,False,False,False,False,False,False,False,Jurupa Valley,CA ,Jurupa Valley,CA 
7405,206719793,3/29/2017 15:41,3/29/2017 15:41,4/3/2017 11:27,4/3/2017 13:00,4/4/2017 11:30,874.31,850.0,24.31,488.8,DRV,4.0,,False,0,Carrier 1686218,Shipper 841,False,True,True,3/31/2017 14:00,4/4/2017 9:30,False,False,False,False,False,False,False,False,Sidney,OH ,Sidney,OH 
7406,206646993,12/15/2017 11:50,12/15/2017 11:50,12/18/2017 8:25,12/18/2017 10:00,12/19/2017 8:12,873.94,1000.0,-126.06,201.3,DRV,,,False,0,Carrier 996559,Shipper 1644,True,True,True,12/18/2017 12:00,12/19/2017 7:30,False,False,False,False,False,False,False,False,Decatur,IN ,Decatur,IN 
7407,206644521,5/4/2017 8:24,5/4/2017 8:24,5/8/2017 13:09,5/10/2017 19:00,5/11/2017 20:00,873.71,875.0,-1.29,271.5,DRV,3.0,,False,0,Carrier 43527,Shipper 758,True,True,True,5/10/2017 19:00,5/11/2017 19:00,False,False,False,False,False,False,False,False,Cabazon,CA ,Cabazon,CA 
7408,206748593,5/12/2017 13:32,5/12/2017 13:32,5/16/2017 11:50,5/22/2017 20:00,5/23/2017 21:00,873.71,875.0,-1.29,271.5,DRV,,,False,0,Carrier 43527,Shipper 758,True,True,True,5/22/2017 20:00,5/23/2017 19:00,False,False,False,False,False,False,False,False,Cabazon,CA ,Cabazon,CA 
7409,206589705,5/2/2017 18:13,5/2/2017 18:13,5/4/2017 12:13,5/8/2017 19:00,5/10/2017 0:00,873.71,875.0,-1.29,271.5,DRV,3.0,,False,0,Carrier 43527,Shipper 758,True,True,True,5/8/2017 19:00,5/9/2017 21:00,False,False,False,False,False,False,False,False,Cabazon,CA ,Cabazon,CA 
7410,206590569,5/4/2017 8:23,5/4/2017 8:23,5/8/2017 13:09,5/10/2017 20:00,5/11/2017 19:00,873.71,875.0,-1.29,271.5,DRV,3.0,,False,0,Carrier 43527,Shipper 758,True,True,True,5/10/2017 20:00,5/11/2017 19:00,False,False,False,False,False,False,False,False,Cabazon,CA ,Cabazon,CA 
7411,206588705,5/4/2017 8:24,5/4/2017 8:24,5/11/2017 11:16,5/12/2017 0:00,5/12/2017 20:00,873.71,875.0,-1.29,271.5,DRV,,,False,1,Carrier 43527,Shipper 758,True,True,True,5/12/2017 0:00,5/12/2017 19:00,False,False,False,False,False,False,False,False,Cabazon,CA ,Cabazon,CA 
7412,206546705,5/8/2017 17:15,5/8/2017 17:15,5/9/2017 13:48,5/11/2017 19:00,5/12/2017 20:00,873.71,875.0,-1.29,271.5,DRV,,,False,0,Carrier 43527,Shipper 758,True,True,True,5/11/2017 19:00,5/12/2017 20:00,False,False,False,False,False,False,False,False,Cabazon,CA ,Cabazon,CA 
7413,206544913,5/4/2017 8:21,5/4/2017 8:21,5/8/2017 13:09,5/10/2017 21:00,5/11/2017 19:00,873.71,875.0,-1.29,271.5,DRV,4.0,,False,0,Carrier 43527,Shipper 758,True,True,True,5/10/2017 21:00,5/11/2017 19:00,False,False,False,False,False,False,False,False,Cabazon,CA ,Cabazon,CA 
7414,206428569,5/31/2017 17:16,5/31/2017 17:16,6/7/2017 11:26,6/8/2017 21:00,6/9/2017 22:00,873.71,1000.0,-126.29,271.5,DRV,,,False,0,Carrier 43527,Shipper 758,True,True,True,6/8/2017 21:00,6/9/2017 19:00,False,False,False,False,False,False,False,False,Cabazon,CA ,Cabazon,CA 
7415,206472049,5/12/2017 13:29,5/12/2017 13:29,5/16/2017 11:50,5/22/2017 19:00,5/23/2017 22:00,873.71,875.0,-1.29,271.5,DRV,,,False,0,Carrier 43527,Shipper 758,True,True,True,5/22/2017 19:00,5/23/2017 20:00,False,False,False,False,False,False,False,False,Cabazon,CA ,Cabazon,CA 
7416,206552305,4/19/2017 16:38,4/19/2017 16:39,4/24/2017 15:28,4/24/2017 23:00,5/17/2017 9:00,873.34,1000.0,-126.66,330.0,RFR,,,False,0,Carrier 754417,Shipper 1249,True,True,True,4/24/2017 23:00,4/25/2017 9:00,False,False,False,False,False,False,False,False,Colonial Heights,VA ,Colonial Heights,VA 
7417,206552305,4/19/2017 16:38,4/19/2017 16:39,4/24/2017 15:28,4/24/2017 23:00,5/17/2017 9:00,873.34,1000.0,-126.66,330.0,RFR,,,False,0,Carrier 754417,Shipper 1375,True,True,True,4/24/2017 23:00,4/25/2017 9:00,False,False,False,False,False,False,False,False,Colonial Heights,VA ,Colonial Heights,VA 
7418,206552305,4/19/2017 16:38,4/19/2017 16:39,4/24/2017 15:28,4/24/2017 23:00,5/17/2017 9:00,873.34,1000.0,-126.66,330.0,RFR,,,False,0,Carrier 754417,Shipper 1386,True,True,True,4/24/2017 23:00,4/25/2017 9:00,False,False,False,False,False,False,False,False,Colonial Heights,VA ,Colonial Heights,VA 
7419,206552305,4/19/2017 16:38,4/19/2017 16:39,4/24/2017 15:28,4/24/2017 23:00,5/17/2017 9:00,873.34,1000.0,-126.66,330.0,RFR,,,False,0,Carrier 754417,Shipper 1248,True,True,True,4/24/2017 23:00,4/25/2017 9:00,False,False,False,False,False,False,False,False,Colonial Heights,VA ,Colonial Heights,VA 
7420,206552305,4/19/2017 16:38,4/19/2017 16:39,4/24/2017 15:28,4/24/2017 23:00,5/17/2017 9:00,873.34,1000.0,-126.66,330.0,RFR,,,False,0,Carrier 754417,Shipper 1387,True,True,True,4/24/2017 23:00,4/25/2017 9:00,False,False,False,False,False,False,False,False,Colonial Heights,VA ,Colonial Heights,VA 
7421,206552305,4/19/2017 16:38,4/19/2017 16:39,4/24/2017 15:28,4/24/2017 23:00,5/17/2017 9:00,873.34,1000.0,-126.66,330.0,RFR,,,False,0,Carrier 754417,Shipper 1388,True,True,True,4/24/2017 23:00,4/25/2017 9:00,False,False,False,False,False,False,False,False,Colonial Heights,VA ,Colonial Heights,VA 
7422,206630889,11/7/2017 12:46,11/7/2017 12:46,11/9/2017 16:30,11/9/2017 10:00,11/11/2017 5:30,873.23,710.0,163.23,232.3,DRV,,,False,1,Carrier 641522,Shipper 758,True,True,True,11/9/2017 21:00,11/11/2017 1:00,False,False,False,False,False,False,False,False,Taft,CA ,Taft,CA 
7423,206554897,7/3/2017 13:19,7/3/2017 13:19,7/11/2017 13:22,7/13/2017 9:00,7/14/2017 1:30,872.3,925.0,-52.7,329.2,DRV,,,False,1,Carrier 552905,Shipper 758,True,True,True,7/13/2017 13:00,7/13/2017 22:30,False,False,False,False,False,False,False,False,Vernon,CA ,Vernon,CA 
7424,206437705,3/2/2017 18:09,3/2/2017 18:09,3/6/2017 11:27,3/6/2017 7:00,3/7/2017 12:35,872.22,970.0,-97.78,610.8,DRV,,,False,0,Carrier 1561606,Shipper 971,True,True,True,3/6/2017 14:00,3/7/2017 13:00,False,False,False,False,False,False,False,False,San Antonio,TX ,San Antonio,TX 
7425,206431465,3/2/2017 18:03,3/2/2017 18:04,3/13/2017 9:37,3/13/2017 7:00,3/14/2017 16:30,872.22,950.0,-77.78,610.8,DRV,,,False,0,Carrier 944166,Shipper 971,True,True,True,3/13/2017 14:00,3/14/2017 15:00,False,False,False,False,False,False,False,False,San Antonio,TX ,San Antonio,TX 
7426,206424145,5/16/2017 13:33,5/16/2017 13:35,5/17/2017 15:58,5/18/2017 8:30,5/19/2017 12:00,872.21,750.0,122.21,427.7,DRV,3.0,,False,0,Carrier 1668271,Shipper 901,True,True,True,5/18/2017 17:00,5/19/2017 17:00,False,False,False,False,False,False,False,False,Alton,IL ,Alton,IL 
7427,206560833,3/9/2017 15:04,3/9/2017 15:04,3/10/2017 15:04,3/13/2017 10:00,3/14/2017 9:00,871.73,900.0,-28.27,610.8,DRV,,,False,0,Carrier 1560089,Shipper 971,True,True,True,3/13/2017 14:00,3/14/2017 7:30,False,False,False,False,False,False,False,False,San Antonio,TX ,San Antonio,TX 
7428,206642017,3/14/2017 14:43,3/14/2017 14:43,3/20/2017 9:30,3/20/2017 18:00,3/21/2017 14:30,871.41,750.0,121.41,284.1,RFR,3.0,,False,0,Carrier 1041647,Shipper 758,True,True,True,3/20/2017 18:00,3/21/2017 12:00,False,False,False,False,False,False,False,False,Kent,WA ,Kent,WA 
7429,206703961,5/23/2017 11:48,5/23/2017 11:48,5/25/2017 14:08,5/30/2017 19:00,5/31/2017 21:00,870.98,900.0,-29.02,271.5,DRV,,,False,1,Carrier 43527,Shipper 758,True,True,True,5/30/2017 19:00,5/31/2017 19:00,False,False,False,False,False,False,False,False,Cabazon,CA ,Cabazon,CA 
7430,206641497,5/30/2017 19:56,5/30/2017 19:56,6/5/2017 15:19,6/6/2017 20:00,6/7/2017 21:00,870.98,950.0,-79.02,271.5,DRV,,,False,0,Carrier 43527,Shipper 758,True,True,True,6/6/2017 20:00,6/7/2017 19:00,False,False,False,False,False,False,False,False,Cabazon,CA ,Cabazon,CA 
7431,206591465,5/30/2017 19:52,5/30/2017 19:52,6/6/2017 11:35,6/7/2017 19:00,6/9/2017 0:00,870.98,950.0,-79.02,271.5,DRV,,,False,0,Carrier 43527,Shipper 758,False,True,True,6/7/2017 19:00,6/8/2017 21:00,False,False,False,False,False,False,False,False,Cabazon,CA ,Cabazon,CA 
7432,206590953,5/30/2017 19:46,5/30/2017 19:46,6/7/2017 11:26,6/8/2017 21:00,6/9/2017 15:00,870.98,1000.0,-129.02,271.5,DRV,,,False,0,Carrier 43527,Shipper 758,True,True,True,6/8/2017 21:00,6/9/2017 19:00,False,False,False,False,False,False,False,False,Cabazon,CA ,Cabazon,CA 
7433,206704353,5/26/2017 11:16,5/26/2017 11:16,5/30/2017 14:06,5/31/2017 19:00,6/1/2017 21:00,870.98,900.0,-29.02,271.5,DRV,,,False,0,Carrier 43527,Shipper 758,True,True,True,5/31/2017 19:00,6/1/2017 19:00,False,False,False,False,False,False,False,False,Cabazon,CA ,Cabazon,CA 
7434,206588729,5/30/2017 19:53,5/30/2017 19:53,6/7/2017 14:13,6/7/2017 20:00,6/8/2017 22:00,870.98,950.0,-79.02,271.5,DRV,,,False,1,Carrier 43527,Shipper 758,True,True,True,6/7/2017 20:00,6/8/2017 19:00,False,False,False,False,False,False,False,False,Cabazon,CA ,Cabazon,CA 
7435,206531537,5/30/2017 19:45,5/30/2017 19:45,6/7/2017 11:26,6/8/2017 19:00,6/9/2017 19:00,870.98,1000.0,-129.02,271.5,DRV,,,False,0,Carrier 43527,Shipper 758,True,True,True,6/8/2017 19:00,6/9/2017 19:00,False,False,False,False,False,False,False,False,Cabazon,CA ,Cabazon,CA 
7436,206473417,5/30/2017 19:58,5/30/2017 19:58,6/5/2017 9:09,6/5/2017 20:00,6/6/2017 21:00,870.98,950.0,-79.02,271.5,DRV,,,False,0,Carrier 43527,Shipper 758,True,True,True,6/5/2017 20:00,6/6/2017 19:00,False,False,False,False,False,False,False,False,Cabazon,CA ,Cabazon,CA 
7437,206424249,5/30/2017 19:57,5/30/2017 19:57,6/5/2017 15:19,6/6/2017 19:00,6/7/2017 21:00,870.98,950.0,-79.02,271.5,DRV,,,False,0,Carrier 43527,Shipper 758,True,True,True,6/6/2017 19:00,6/7/2017 19:00,False,False,False,False,False,False,False,False,Cabazon,CA ,Cabazon,CA 
7438,206428561,5/30/2017 19:50,5/30/2017 19:50,6/6/2017 11:35,6/7/2017 20:00,6/8/2017 22:00,870.98,950.0,-79.02,271.5,DRV,,,False,0,Carrier 43527,Shipper 758,True,True,True,6/7/2017 20:00,6/8/2017 19:00,False,False,False,False,False,False,False,False,Cabazon,CA ,Cabazon,CA 
7439,206522225,4/20/2017 16:55,4/20/2017 16:55,5/1/2017 17:03,5/1/2017 22:00,5/2/2017 12:00,870.82,1050.0,-179.18,330.0,RFR,4.0,,False,0,Carrier 1009751,Shipper 1249,True,True,True,5/1/2017 22:00,5/2/2017 8:00,False,False,False,False,False,False,False,False,Colonial Heights,VA ,Colonial Heights,VA 
7440,206522225,4/20/2017 16:55,4/20/2017 16:55,5/1/2017 17:03,5/1/2017 22:00,5/2/2017 12:00,870.82,1050.0,-179.18,330.0,RFR,4.0,,False,0,Carrier 1009751,Shipper 1375,True,True,True,5/1/2017 22:00,5/2/2017 8:00,False,False,False,False,False,False,False,False,Colonial Heights,VA ,Colonial Heights,VA 
7441,206522225,4/20/2017 16:55,4/20/2017 16:55,5/1/2017 17:03,5/1/2017 22:00,5/2/2017 12:00,870.82,1050.0,-179.18,330.0,RFR,4.0,,False,0,Carrier 1009751,Shipper 1386,True,True,True,5/1/2017 22:00,5/2/2017 8:00,False,False,False,False,False,False,False,False,Colonial Heights,VA ,Colonial Heights,VA 
7442,206522225,4/20/2017 16:55,4/20/2017 16:55,5/1/2017 17:03,5/1/2017 22:00,5/2/2017 12:00,870.82,1050.0,-179.18,330.0,RFR,4.0,,False,0,Carrier 1009751,Shipper 1248,True,True,True,5/1/2017 22:00,5/2/2017 8:00,False,False,False,False,False,False,False,False,Colonial Heights,VA ,Colonial Heights,VA 
7443,206522225,4/20/2017 16:55,4/20/2017 16:55,5/1/2017 17:03,5/1/2017 22:00,5/2/2017 12:00,870.82,1050.0,-179.18,330.0,RFR,4.0,,False,0,Carrier 1009751,Shipper 1387,True,True,True,5/1/2017 22:00,5/2/2017 8:00,False,False,False,False,False,False,False,False,Colonial Heights,VA ,Colonial Heights,VA 
7444,206522225,4/20/2017 16:55,4/20/2017 16:55,5/1/2017 17:03,5/1/2017 22:00,5/2/2017 12:00,870.82,1050.0,-179.18,330.0,RFR,4.0,,False,0,Carrier 1009751,Shipper 1388,True,True,True,5/1/2017 22:00,5/2/2017 8:00,False,False,False,False,False,False,False,False,Colonial Heights,VA ,Colonial Heights,VA 
7445,206610105,12/4/2017 15:54,12/4/2017 15:55,12/5/2017 7:37,12/5/2017 8:00,12/7/2017 11:30,870.0,950.0,-80.0,685.8,DRV,,dat_in,False,0,Carrier 1452983,Shipper 923,True,False,False,12/5/2017 13:00,12/7/2017 9:00,False,False,False,False,False,False,False,False,Medley,FL ,Medley,FL 
7446,206666785,8/15/2017 17:47,8/15/2017 17:47,8/17/2017 11:14,8/21/2017 20:00,8/23/2017 0:30,868.61,975.0,-106.39,526.0,DRV,,,False,0,Carrier 1037993,Shipper 758,True,True,True,8/21/2017 20:00,8/22/2017 23:30,False,False,False,False,False,False,False,False,Henderson,NV ,Henderson,NV 
7447,206559033,8/21/2017 8:16,8/21/2017 8:16,8/22/2017 14:45,8/24/2017 20:00,8/26/2017 0:00,868.61,983.0,-114.39,526.0,DRV,,,False,0,Carrier 1037993,Shipper 758,True,True,True,8/24/2017 20:00,8/25/2017 21:00,False,False,False,False,False,False,False,False,Henderson,NV ,Henderson,NV 
7448,206579305,6/26/2017 16:08,6/26/2017 16:09,6/28/2017 10:39,6/28/2017 8:00,6/29/2017 10:00,867.91,900.0,-32.09,200.6,DRV,,,False,0,Carrier 956851,Shipper 1528,True,True,True,6/28/2017 16:00,6/29/2017 8:00,False,False,False,False,False,False,False,False,Paris,TX ,Paris,TX 
7449,206523769,5/5/2017 15:19,5/5/2017 15:19,5/10/2017 10:36,5/11/2017 20:00,5/13/2017 3:30,867.61,974.0,-106.39,526.0,DRV,,,False,0,Carrier 1456009,Shipper 758,True,True,True,5/11/2017 20:00,5/13/2017 0:00,False,False,False,False,False,False,False,False,Henderson,NV ,Henderson,NV 
7450,206472969,4/11/2017 14:02,4/11/2017 14:02,4/17/2017 11:12,4/18/2017 20:00,4/19/2017 23:25,867.61,874.0,-6.39,526.0,DRV,4.0,,False,0,Carrier 40286,Shipper 758,True,True,True,4/18/2017 20:00,4/19/2017 23:30,False,False,False,False,False,False,False,False,Henderson,NV ,Henderson,NV 
7451,206657209,4/5/2017 14:22,4/5/2017 14:22,4/10/2017 12:14,4/10/2017 19:00,4/12/2017 5:00,867.61,924.0,-56.39,526.0,DRV,4.0,,False,0,Carrier 1497907,Shipper 758,True,True,True,4/10/2017 19:00,4/12/2017 0:00,False,False,False,False,False,False,False,False,Henderson,NV ,Henderson,NV 
7452,206567265,4/14/2017 14:21,4/14/2017 14:21,4/20/2017 15:58,4/20/2017 20:00,4/22/2017 0:00,867.61,1024.0,-156.39,526.0,DRV,,,False,0,Carrier 1631762,Shipper 758,True,True,True,4/20/2017 20:00,4/21/2017 21:00,False,False,False,False,False,False,False,False,Henderson,NV ,Henderson,NV 
7453,206430753,4/7/2017 17:20,4/7/2017 17:20,4/13/2017 15:07,4/13/2017 19:00,4/15/2017 2:00,867.61,1000.0,-132.39,526.0,DRV,3.0,,False,1,Carrier 503149,Shipper 758,False,True,True,4/13/2017 19:00,4/14/2017 22:30,False,False,False,False,False,False,False,False,Henderson,NV ,Henderson,NV 
7454,206649473,3/31/2017 11:09,3/31/2017 11:09,4/7/2017 12:48,4/7/2017 19:00,4/11/2017 4:45,867.61,900.0,-32.39,526.0,DRV,3.0,,False,0,Carrier 1311774,Shipper 758,True,True,True,4/7/2017 19:00,4/11/2017 2:00,False,False,False,False,False,False,False,False,Henderson,NV ,Henderson,NV 
7455,206492841,4/19/2017 17:14,4/19/2017 17:15,4/25/2017 12:39,4/25/2017 20:00,4/27/2017 4:00,867.61,924.0,-56.39,526.0,DRV,3.0,,False,0,Carrier 17228,Shipper 758,True,True,True,4/25/2017 20:00,4/26/2017 22:00,False,False,False,False,False,False,False,False,Henderson,NV ,Henderson,NV 
7456,206664833,4/14/2017 14:01,4/14/2017 14:01,4/20/2017 10:08,4/20/2017 19:00,4/22/2017 4:30,867.61,1024.0,-156.39,526.0,DRV,,,False,0,Carrier 1448922,Shipper 758,True,True,True,4/20/2017 19:00,4/21/2017 23:30,False,False,False,False,False,False,False,False,Henderson,NV ,Henderson,NV 
7457,206605841,3/3/2017 15:55,3/3/2017 15:55,3/9/2017 9:11,3/9/2017 19:00,3/11/2017 2:00,867.61,874.0,-6.39,526.0,DRV,,,False,0,Carrier 1694577,Shipper 758,True,True,True,3/9/2017 19:00,3/10/2017 22:00,False,False,False,False,False,False,False,False,Henderson,NV ,Henderson,NV 
7458,206437129,5/5/2017 15:15,5/5/2017 15:15,5/10/2017 9:49,5/11/2017 19:00,5/13/2017 3:55,867.61,1024.0,-156.39,526.0,DRV,,,False,0,Carrier 1694577,Shipper 758,True,True,True,5/11/2017 19:00,5/13/2017 0:30,False,False,False,False,False,False,False,False,Henderson,NV ,Henderson,NV 
7459,206502985,6/6/2017 9:00,6/6/2017 9:00,6/12/2017 20:20,6/13/2017 19:00,6/14/2017 23:00,865.52,1000.0,-134.48,271.5,DRV,,,False,0,Carrier 1073000,Shipper 758,False,True,True,6/13/2017 19:00,6/14/2017 19:00,False,False,False,False,False,False,False,False,Cabazon,CA ,Cabazon,CA 
7460,206467233,6/6/2017 8:56,6/6/2017 8:57,6/13/2017 10:53,6/14/2017 20:00,6/16/2017 2:00,865.52,1000.0,-134.48,271.5,DRV,,,False,0,Carrier 676076,Shipper 758,True,True,True,6/14/2017 20:00,6/15/2017 21:00,False,False,False,False,False,False,False,False,Cabazon,CA ,Cabazon,CA 
7461,206572849,6/15/2017 17:24,6/15/2017 17:24,6/20/2017 13:02,6/21/2017 19:00,6/23/2017 0:50,865.32,1000.0,-134.68,282.7,DRV,,,False,0,Carrier 33924,Shipper 758,True,True,True,6/21/2017 19:00,6/22/2017 19:00,False,False,False,False,False,False,False,False,Beaumont,CA ,Beaumont,CA 
7462,206572497,6/15/2017 17:26,6/15/2017 17:26,6/19/2017 12:23,6/19/2017 19:00,6/20/2017 22:00,865.32,1000.0,-134.68,282.7,DRV,,,False,0,Carrier 33924,Shipper 758,True,True,True,6/19/2017 19:00,6/20/2017 19:00,False,False,False,False,False,False,False,False,Beaumont,CA ,Beaumont,CA 
7463,206570321,6/15/2017 17:20,6/15/2017 17:21,6/19/2017 12:23,6/20/2017 19:00,6/21/2017 20:25,865.32,1000.0,-134.68,282.7,DRV,,,False,0,Carrier 33924,Shipper 758,True,True,True,6/20/2017 19:00,6/21/2017 19:00,False,False,False,False,False,False,False,False,Beaumont,CA ,Beaumont,CA 
7464,206589041,10/27/2017 10:19,10/27/2017 10:19,10/27/2017 14:11,11/3/2017 11:00,11/7/2017 0:00,865.21,710.0,155.21,232.3,DRV,,,False,0,Carrier 1558859,Shipper 758,False,True,True,11/3/2017 17:00,11/6/2017 22:00,False,False,False,False,False,False,False,False,Taft,CA ,Taft,CA 
7465,206539865,11/1/2017 14:48,11/1/2017 14:48,11/2/2017 9:05,11/2/2017 8:00,11/3/2017 16:25,865.0,750.0,115.0,225.6,DRV,,,False,0,Carrier 1695630,Shipper 968,True,True,True,11/2/2017 13:00,11/3/2017 16:30,False,False,False,False,False,True,False,False,Brockton,MA ,Brockton,MA 
7466,206435305,7/13/2017 14:33,7/13/2017 14:33,7/17/2017 11:17,7/17/2017 13:00,7/18/2017 9:25,864.9,700.0,164.9,282.8,DRV,,,False,0,Carrier 377375,Shipper 758,True,True,True,7/17/2017 13:00,7/18/2017 9:00,False,False,False,False,False,False,False,False,Houston,TX ,Houston,TX 
7467,206657673,6/6/2017 17:57,6/6/2017 17:57,6/8/2017 15:04,6/9/2017 6:00,6/9/2017 16:50,864.71,650.0,214.71,54.0,DRV,,,False,0,Carrier 1695268,Shipper 1249,True,True,True,6/9/2017 6:00,6/9/2017 14:00,False,False,False,False,False,False,False,False,Fairfield,CA ,Fairfield,CA 
7468,206657673,6/6/2017 17:57,6/6/2017 17:57,6/8/2017 15:04,6/9/2017 6:00,6/9/2017 16:50,864.71,650.0,214.71,54.0,DRV,,,False,0,Carrier 1695268,Shipper 1375,True,True,True,6/9/2017 6:00,6/9/2017 14:00,False,False,False,False,False,False,False,False,Fairfield,CA ,Fairfield,CA 
7469,206657673,6/6/2017 17:57,6/6/2017 17:57,6/8/2017 15:04,6/9/2017 6:00,6/9/2017 16:50,864.71,650.0,214.71,54.0,DRV,,,False,0,Carrier 1695268,Shipper 1386,True,True,True,6/9/2017 6:00,6/9/2017 14:00,False,False,False,False,False,False,False,False,Fairfield,CA ,Fairfield,CA 
7470,206657673,6/6/2017 17:57,6/6/2017 17:57,6/8/2017 15:04,6/9/2017 6:00,6/9/2017 16:50,864.71,650.0,214.71,54.0,DRV,,,False,0,Carrier 1695268,Shipper 1248,True,True,True,6/9/2017 6:00,6/9/2017 14:00,False,False,False,False,False,False,False,False,Fairfield,CA ,Fairfield,CA 
7471,206657673,6/6/2017 17:57,6/6/2017 17:57,6/8/2017 15:04,6/9/2017 6:00,6/9/2017 16:50,864.71,650.0,214.71,54.0,DRV,,,False,0,Carrier 1695268,Shipper 1387,True,True,True,6/9/2017 6:00,6/9/2017 14:00,False,False,False,False,False,False,False,False,Fairfield,CA ,Fairfield,CA 
7472,206657673,6/6/2017 17:57,6/6/2017 17:57,6/8/2017 15:04,6/9/2017 6:00,6/9/2017 16:50,864.71,650.0,214.71,54.0,DRV,,,False,0,Carrier 1695268,Shipper 1388,True,True,True,6/9/2017 6:00,6/9/2017 14:00,False,False,False,False,False,False,False,False,Fairfield,CA ,Fairfield,CA 
7473,206424097,10/9/2017 10:58,10/9/2017 10:58,10/17/2017 8:30,10/17/2017 14:00,10/18/2017 10:30,864.62,790.0,74.62,232.8,DRV,,,False,0,Carrier 1439150,Shipper 1644,True,True,True,10/17/2017 14:00,10/18/2017 10:00,False,False,False,False,False,False,False,False,Brighton,MI ,Brighton,MI 
7474,206666777,7/31/2017 9:49,7/31/2017 9:49,8/1/2017 13:45,8/3/2017 20:00,8/5/2017 5:00,864.5,975.0,-110.5,526.0,DRV,,,False,0,Carrier 1037993,Shipper 758,True,True,True,8/3/2017 20:00,8/4/2017 23:00,False,False,False,False,False,False,False,False,Henderson,NV ,Henderson,NV 
7475,206665097,7/26/2017 13:43,7/26/2017 13:43,7/27/2017 12:40,8/1/2017 20:00,8/2/2017 22:30,864.5,975.0,-110.5,526.0,DRV,,,False,0,Carrier 1037993,Shipper 758,True,True,True,8/1/2017 20:00,8/2/2017 22:30,False,False,False,False,False,False,False,False,Henderson,NV ,Henderson,NV 
7476,206560489,12/18/2017 17:55,12/18/2017 17:55,12/21/2017 8:23,12/21/2017 13:00,12/22/2017 11:00,864.12,1150.0,-285.88,323.8,RFR,,ts_in,False,0,Carrier 200419,Shipper 1249,True,True,True,12/21/2017 13:00,12/22/2017 13:30,False,False,False,False,False,False,False,False,Jacksonville,FL ,Jacksonville,FL 
7477,206560489,12/18/2017 17:55,12/18/2017 17:55,12/21/2017 8:23,12/21/2017 13:00,12/22/2017 11:00,864.12,1150.0,-285.88,323.8,RFR,,ts_in,False,0,Carrier 200419,Shipper 1375,True,True,True,12/21/2017 13:00,12/22/2017 13:30,False,False,False,False,False,False,False,False,Jacksonville,FL ,Jacksonville,FL 
7478,206560489,12/18/2017 17:55,12/18/2017 17:55,12/21/2017 8:23,12/21/2017 13:00,12/22/2017 11:00,864.12,1150.0,-285.88,323.8,RFR,,ts_in,False,0,Carrier 200419,Shipper 1386,True,True,True,12/21/2017 13:00,12/22/2017 13:30,False,False,False,False,False,False,False,False,Jacksonville,FL ,Jacksonville,FL 
7479,206560489,12/18/2017 17:55,12/18/2017 17:55,12/21/2017 8:23,12/21/2017 13:00,12/22/2017 11:00,864.12,1150.0,-285.88,323.8,RFR,,ts_in,False,0,Carrier 200419,Shipper 1248,True,True,True,12/21/2017 13:00,12/22/2017 13:30,False,False,False,False,False,False,False,False,Jacksonville,FL ,Jacksonville,FL 
7480,206560489,12/18/2017 17:55,12/18/2017 17:55,12/21/2017 8:23,12/21/2017 13:00,12/22/2017 11:00,864.12,1150.0,-285.88,323.8,RFR,,ts_in,False,0,Carrier 200419,Shipper 1387,True,True,True,12/21/2017 13:00,12/22/2017 13:30,False,False,False,False,False,False,False,False,Jacksonville,FL ,Jacksonville,FL 
7481,206560489,12/18/2017 17:55,12/18/2017 17:55,12/21/2017 8:23,12/21/2017 13:00,12/22/2017 11:00,864.12,1150.0,-285.88,323.8,RFR,,ts_in,False,0,Carrier 200419,Shipper 1388,True,True,True,12/21/2017 13:00,12/22/2017 13:30,False,False,False,False,False,False,False,False,Jacksonville,FL ,Jacksonville,FL 
7482,206579281,1/10/2017 13:04,1/10/2017 13:04,1/11/2017 11:31,1/11/2017 9:00,1/12/2017 13:55,863.85,1159.0,-295.15,140.0,DRV,4.0,,False,0,Carrier 1693532,Shipper 758,True,True,True,1/11/2017 19:00,1/12/2017 10:00,False,False,False,False,False,False,False,False,Wendover,UT ,Wendover,UT 
7483,206431577,5/25/2017 12:18,5/25/2017 12:19,5/30/2017 16:03,5/31/2017 19:00,6/2/2017 2:00,863.5,1024.0,-160.5,526.0,DRV,,,False,0,Carrier 503149,Shipper 758,False,True,True,5/31/2017 19:00,6/2/2017 0:00,False,False,False,False,False,False,False,False,Henderson,NV ,Henderson,NV 
7484,206488953,6/2/2017 13:57,6/2/2017 13:57,6/7/2017 17:47,6/8/2017 20:00,6/10/2017 2:00,863.5,1024.0,-160.5,526.0,DRV,,,False,0,Carrier 503149,Shipper 758,True,True,True,6/8/2017 20:00,6/9/2017 23:30,False,False,False,False,False,False,False,False,Henderson,NV ,Henderson,NV 
7485,206504593,5/18/2017 13:58,5/18/2017 13:58,5/24/2017 10:43,5/24/2017 19:00,5/26/2017 2:00,863.5,974.0,-110.5,526.0,DRV,,,False,0,Carrier 503149,Shipper 758,False,True,True,5/24/2017 19:00,5/26/2017 0:00,False,False,False,False,False,False,False,False,Henderson,NV ,Henderson,NV 
7486,206607017,3/10/2017 15:26,3/10/2017 15:26,3/16/2017 8:56,3/16/2017 18:00,3/18/2017 0:10,863.5,874.0,-10.5,524.0,DRV,,,False,0,Carrier 1694577,Shipper 758,True,True,True,3/16/2017 18:00,3/17/2017 22:00,False,False,False,False,False,False,False,False,Henderson,NV ,Henderson,NV 
7487,206664825,4/5/2017 10:23,4/5/2017 10:23,4/7/2017 15:53,4/10/2017 19:00,4/12/2017 2:55,863.5,924.0,-60.5,526.0,DRV,3.0,,False,0,Carrier 1694577,Shipper 758,True,True,True,4/10/2017 19:00,4/11/2017 23:00,False,False,False,False,False,False,False,False,Henderson,NV ,Henderson,NV 
7488,206463081,5/24/2017 12:18,5/24/2017 12:18,5/30/2017 10:48,5/30/2017 19:00,6/1/2017 0:00,863.5,1124.0,-260.5,526.0,DRV,,,False,1,Carrier 53703,Shipper 758,True,True,True,5/30/2017 19:00,5/31/2017 22:00,False,False,False,False,False,False,False,False,Henderson,NV ,Henderson,NV 
7489,206720009,6/14/2017 9:15,6/14/2017 9:16,6/14/2017 13:03,6/15/2017 10:00,6/16/2017 13:50,863.34,800.0,63.34,121.0,DRV,,,False,0,Carrier 1695172,Shipper 1249,True,True,True,6/15/2017 10:00,6/16/2017 15:00,False,False,False,False,False,False,False,False,Carlisle,PA ,Carlisle,PA 
7490,206720009,6/14/2017 9:15,6/14/2017 9:16,6/14/2017 13:03,6/15/2017 10:00,6/16/2017 13:50,863.34,800.0,63.34,121.0,DRV,,,False,0,Carrier 1695172,Shipper 1375,True,True,True,6/15/2017 10:00,6/16/2017 15:00,False,False,False,False,False,False,False,False,Carlisle,PA ,Carlisle,PA 
7491,206720009,6/14/2017 9:15,6/14/2017 9:16,6/14/2017 13:03,6/15/2017 10:00,6/16/2017 13:50,863.34,800.0,63.34,121.0,DRV,,,False,0,Carrier 1695172,Shipper 1386,True,True,True,6/15/2017 10:00,6/16/2017 15:00,False,False,False,False,False,False,False,False,Carlisle,PA ,Carlisle,PA 
7492,206720009,6/14/2017 9:15,6/14/2017 9:16,6/14/2017 13:03,6/15/2017 10:00,6/16/2017 13:50,863.34,800.0,63.34,121.0,DRV,,,False,0,Carrier 1695172,Shipper 1248,True,True,True,6/15/2017 10:00,6/16/2017 15:00,False,False,False,False,False,False,False,False,Carlisle,PA ,Carlisle,PA 
7493,206720009,6/14/2017 9:15,6/14/2017 9:16,6/14/2017 13:03,6/15/2017 10:00,6/16/2017 13:50,863.34,800.0,63.34,121.0,DRV,,,False,0,Carrier 1695172,Shipper 1387,True,True,True,6/15/2017 10:00,6/16/2017 15:00,False,False,False,False,False,False,False,False,Carlisle,PA ,Carlisle,PA 
7494,206720009,6/14/2017 9:15,6/14/2017 9:16,6/14/2017 13:03,6/15/2017 10:00,6/16/2017 13:50,863.34,800.0,63.34,121.0,DRV,,,False,0,Carrier 1695172,Shipper 1388,True,True,True,6/15/2017 10:00,6/16/2017 15:00,False,False,False,False,False,False,False,False,Carlisle,PA ,Carlisle,PA 
7495,206473129,6/12/2017 12:44,6/12/2017 12:44,6/14/2017 12:07,6/14/2017 9:00,6/15/2017 12:03,863.22,1100.0,-236.78,361.3,DRV,,,False,0,Carrier 1247239,Shipper 766,True,True,True,6/14/2017 17:30,6/15/2017 16:00,False,False,False,False,False,False,False,False,Paris,TN ,Paris,TN 
7496,206547249,6/19/2017 15:50,6/19/2017 15:50,6/20/2017 11:13,6/21/2017 9:00,6/22/2017 15:00,863.22,963.0,-99.78,361.3,DRV,,,False,0,Carrier 1693724,Shipper 766,True,True,True,6/21/2017 16:30,6/22/2017 16:00,False,False,False,False,False,False,False,False,Paris,TN ,Paris,TN 
7497,206546217,6/13/2017 15:42,6/13/2017 15:42,6/22/2017 11:04,6/22/2017 19:00,6/23/2017 22:00,862.79,1050.0,-187.21,271.5,DRV,,,False,0,Carrier 43527,Shipper 758,True,True,True,6/22/2017 19:00,6/23/2017 19:00,False,False,False,False,False,False,False,False,Cabazon,CA ,Cabazon,CA 
7498,206633529,3/20/2017 12:50,3/20/2017 12:50,3/23/2017 18:17,3/24/2017 21:00,3/26/2017 3:00,862.5,1094.0,-231.5,526.0,DRV,,,False,2,Carrier 77153,Shipper 758,,,,3/24/2017 21:00,3/26/2017 0:00,False,False,False,False,False,False,False,False,Henderson,NV ,Henderson,NV 
7499,206554889,2/21/2017 14:48,2/21/2017 14:52,2/21/2017 16:15,2/23/2017 8:00,2/24/2017 12:00,861.0,800.0,61.0,719.3,DRV,3.0,,False,0,Carrier 57804,Shipper 623,True,True,True,2/23/2017 12:00,2/24/2017 12:00,False,False,False,False,False,False,False,False,Reading,PA ,Reading,PA 
7500,206523569,6/20/2017 9:37,6/20/2017 9:37,6/20/2017 13:25,6/20/2017 8:00,6/21/2017 2:00,860.43,800.0,60.43,339.2,DRV,,,False,0,Carrier 1695368,Shipper 1249,True,True,True,6/20/2017 18:00,6/21/2017 13:00,False,False,False,False,False,False,False,False,Pleasant Prairie,WI ,Pleasant Prairie,WI 
7501,206523569,6/20/2017 9:37,6/20/2017 9:37,6/20/2017 13:25,6/20/2017 8:00,6/21/2017 2:00,860.43,800.0,60.43,339.2,DRV,,,False,0,Carrier 1695368,Shipper 1375,True,True,True,6/20/2017 18:00,6/21/2017 13:00,False,False,False,False,False,False,False,False,Pleasant Prairie,WI ,Pleasant Prairie,WI 
7502,206636609,11/16/2017 10:45,11/16/2017 10:45,11/22/2017 11:14,11/22/2017 13:30,11/23/2017 2:50,860.43,723.0,137.43,29.6,DRV,,,False,1,Carrier 1572618,Shipper 758,True,True,True,11/22/2017 13:30,11/22/2017 19:45,False,False,False,False,False,False,False,False,Stockton,CA ,Stockton,CA 
7503,206523569,6/20/2017 9:37,6/20/2017 9:37,6/20/2017 13:25,6/20/2017 8:00,6/21/2017 2:00,860.43,800.0,60.43,339.2,DRV,,,False,0,Carrier 1695368,Shipper 1386,True,True,True,6/20/2017 18:00,6/21/2017 13:00,False,False,False,False,False,False,False,False,Pleasant Prairie,WI ,Pleasant Prairie,WI 
7504,206523569,6/20/2017 9:37,6/20/2017 9:37,6/20/2017 13:25,6/20/2017 8:00,6/21/2017 2:00,860.43,800.0,60.43,339.2,DRV,,,False,0,Carrier 1695368,Shipper 1248,True,True,True,6/20/2017 18:00,6/21/2017 13:00,False,False,False,False,False,False,False,False,Pleasant Prairie,WI ,Pleasant Prairie,WI 
7505,206523569,6/20/2017 9:37,6/20/2017 9:37,6/20/2017 13:25,6/20/2017 8:00,6/21/2017 2:00,860.43,800.0,60.43,339.2,DRV,,,False,0,Carrier 1695368,Shipper 1387,True,True,True,6/20/2017 18:00,6/21/2017 13:00,False,False,False,False,False,False,False,False,Pleasant Prairie,WI ,Pleasant Prairie,WI 
7506,206523569,6/20/2017 9:37,6/20/2017 9:37,6/20/2017 13:25,6/20/2017 8:00,6/21/2017 2:00,860.43,800.0,60.43,339.2,DRV,,,False,0,Carrier 1695368,Shipper 1388,True,True,True,6/20/2017 18:00,6/21/2017 13:00,False,False,False,False,False,False,False,False,Pleasant Prairie,WI ,Pleasant Prairie,WI 
7507,206692729,12/18/2017 17:57,12/18/2017 17:57,12/21/2017 8:45,12/21/2017 13:00,12/22/2017 8:30,860.33,1200.0,-339.67,259.1,DRV,,source_list,False,1,Carrier 1328445,Shipper 1249,True,True,True,12/21/2017 13:00,12/22/2017 7:00,False,False,False,False,False,False,False,False,Cartersville,GA ,Cartersville,GA 
7508,206692729,12/18/2017 17:57,12/18/2017 17:57,12/21/2017 8:45,12/21/2017 13:00,12/22/2017 8:30,860.33,1200.0,-339.67,259.1,DRV,,source_list,False,1,Carrier 1328445,Shipper 1375,True,True,True,12/21/2017 13:00,12/22/2017 7:00,False,False,False,False,False,False,False,False,Cartersville,GA ,Cartersville,GA 
7509,206692729,12/18/2017 17:57,12/18/2017 17:57,12/21/2017 8:45,12/21/2017 13:00,12/22/2017 8:30,860.33,1200.0,-339.67,259.1,DRV,,source_list,False,1,Carrier 1328445,Shipper 1386,True,True,True,12/21/2017 13:00,12/22/2017 7:00,False,False,False,False,False,False,False,False,Cartersville,GA ,Cartersville,GA 
7510,206692729,12/18/2017 17:57,12/18/2017 17:57,12/21/2017 8:45,12/21/2017 13:00,12/22/2017 8:30,860.33,1200.0,-339.67,259.1,DRV,,source_list,False,1,Carrier 1328445,Shipper 1248,True,True,True,12/21/2017 13:00,12/22/2017 7:00,False,False,False,False,False,False,False,False,Cartersville,GA ,Cartersville,GA 
7511,206692729,12/18/2017 17:57,12/18/2017 17:57,12/21/2017 8:45,12/21/2017 13:00,12/22/2017 8:30,860.33,1200.0,-339.67,259.1,DRV,,source_list,False,1,Carrier 1328445,Shipper 1387,True,True,True,12/21/2017 13:00,12/22/2017 7:00,False,False,False,False,False,False,False,False,Cartersville,GA ,Cartersville,GA 
7512,206692729,12/18/2017 17:57,12/18/2017 17:57,12/21/2017 8:45,12/21/2017 13:00,12/22/2017 8:30,860.33,1200.0,-339.67,259.1,DRV,,source_list,False,1,Carrier 1328445,Shipper 1388,True,True,True,12/21/2017 13:00,12/22/2017 7:00,False,False,False,False,False,False,False,False,Cartersville,GA ,Cartersville,GA 
7513,206470913,3/22/2017 19:37,3/22/2017 19:37,3/24/2017 14:19,3/25/2017 10:00,3/27/2017 11:00,860.22,1000.0,-139.78,432.2,DRV,,,False,0,Carrier 93868,Shipper 1249,True,True,True,3/25/2017 10:00,3/27/2017 10:30,False,False,False,False,False,False,False,False,Granite City,IL ,Granite City,IL 
7514,206470913,3/22/2017 19:37,3/22/2017 19:37,3/24/2017 14:19,3/25/2017 10:00,3/27/2017 11:00,860.22,1000.0,-139.78,432.2,DRV,,,False,0,Carrier 93868,Shipper 1375,True,True,True,3/25/2017 10:00,3/27/2017 10:30,False,False,False,False,False,False,False,False,Granite City,IL ,Granite City,IL 
7515,206470913,3/22/2017 19:37,3/22/2017 19:37,3/24/2017 14:19,3/25/2017 10:00,3/27/2017 11:00,860.22,1000.0,-139.78,432.2,DRV,,,False,0,Carrier 93868,Shipper 1386,True,True,True,3/25/2017 10:00,3/27/2017 10:30,False,False,False,False,False,False,False,False,Granite City,IL ,Granite City,IL 
7516,206470913,3/22/2017 19:37,3/22/2017 19:37,3/24/2017 14:19,3/25/2017 10:00,3/27/2017 11:00,860.22,1000.0,-139.78,432.2,DRV,,,False,0,Carrier 93868,Shipper 1248,True,True,True,3/25/2017 10:00,3/27/2017 10:30,False,False,False,False,False,False,False,False,Granite City,IL ,Granite City,IL 
7517,206470913,3/22/2017 19:37,3/22/2017 19:37,3/24/2017 14:19,3/25/2017 10:00,3/27/2017 11:00,860.22,1000.0,-139.78,432.2,DRV,,,False,0,Carrier 93868,Shipper 1387,True,True,True,3/25/2017 10:00,3/27/2017 10:30,False,False,False,False,False,False,False,False,Granite City,IL ,Granite City,IL 
7518,206470913,3/22/2017 19:37,3/22/2017 19:37,3/24/2017 14:19,3/25/2017 10:00,3/27/2017 11:00,860.22,1000.0,-139.78,432.2,DRV,,,False,0,Carrier 93868,Shipper 1388,True,True,True,3/25/2017 10:00,3/27/2017 10:30,False,False,False,False,False,False,False,False,Granite City,IL ,Granite City,IL 
7519,206430313,6/20/2017 11:19,6/20/2017 11:19,6/22/2017 10:32,6/22/2017 8:00,6/22/2017 22:55,860.16,850.0,10.16,339.2,DRV,,,False,0,Carrier 1343372,Shipper 1249,True,True,True,6/22/2017 18:00,6/24/2017 0:00,False,False,False,False,False,False,False,False,Pleasant Prairie,WI ,Pleasant Prairie,WI 
7520,206430313,6/20/2017 11:19,6/20/2017 11:19,6/22/2017 10:32,6/22/2017 8:00,6/22/2017 22:55,860.16,850.0,10.16,339.2,DRV,,,False,0,Carrier 1343372,Shipper 1375,True,True,True,6/22/2017 18:00,6/24/2017 0:00,False,False,False,False,False,False,False,False,Pleasant Prairie,WI ,Pleasant Prairie,WI 
7521,206430313,6/20/2017 11:19,6/20/2017 11:19,6/22/2017 10:32,6/22/2017 8:00,6/22/2017 22:55,860.16,850.0,10.16,339.2,DRV,,,False,0,Carrier 1343372,Shipper 1386,True,True,True,6/22/2017 18:00,6/24/2017 0:00,False,False,False,False,False,False,False,False,Pleasant Prairie,WI ,Pleasant Prairie,WI 
7522,206430313,6/20/2017 11:19,6/20/2017 11:19,6/22/2017 10:32,6/22/2017 8:00,6/22/2017 22:55,860.16,850.0,10.16,339.2,DRV,,,False,0,Carrier 1343372,Shipper 1248,True,True,True,6/22/2017 18:00,6/24/2017 0:00,False,False,False,False,False,False,False,False,Pleasant Prairie,WI ,Pleasant Prairie,WI 
7523,206430313,6/20/2017 11:19,6/20/2017 11:19,6/22/2017 10:32,6/22/2017 8:00,6/22/2017 22:55,860.16,850.0,10.16,339.2,DRV,,,False,0,Carrier 1343372,Shipper 1387,True,True,True,6/22/2017 18:00,6/24/2017 0:00,False,False,False,False,False,False,False,False,Pleasant Prairie,WI ,Pleasant Prairie,WI 
7524,206430313,6/20/2017 11:19,6/20/2017 11:19,6/22/2017 10:32,6/22/2017 8:00,6/22/2017 22:55,860.16,850.0,10.16,339.2,DRV,,,False,0,Carrier 1343372,Shipper 1388,True,True,True,6/22/2017 18:00,6/24/2017 0:00,False,False,False,False,False,False,False,False,Pleasant Prairie,WI ,Pleasant Prairie,WI 
7525,206440881,4/20/2017 11:35,4/20/2017 11:35,4/20/2017 17:28,4/21/2017 15:00,4/24/2017 14:30,860.0,800.0,60.0,417.2,DRV,3.0,,False,0,Carrier 1603665,Shipper 744,True,True,True,4/21/2017 15:00,4/24/2017 15:45,False,False,False,False,False,False,False,False,Montgomery,AL ,Montgomery,AL 
7526,206571785,2/20/2017 22:53,2/20/2017 23:05,2/21/2017 15:36,2/22/2017 8:00,2/23/2017 15:00,859.91,775.0,84.91,518.3,DRV,,,False,0,Carrier 82712,Shipper 757,True,False,False,2/22/2017 16:00,2/23/2017 13:00,False,False,False,False,False,False,False,False,Martinsburg,WV ,Martinsburg,WV 
7527,206499201,7/21/2017 11:43,7/21/2017 11:43,7/26/2017 11:37,7/27/2017 20:00,7/28/2017 23:30,859.88,955.0,-95.12,526.0,DRV,,,False,0,Carrier 87352,Shipper 758,True,True,True,7/27/2017 20:00,7/28/2017 21:30,False,False,False,False,False,False,False,False,Henderson,NV ,Henderson,NV 
7528,206563129,7/14/2017 13:53,7/14/2017 13:53,7/19/2017 11:52,7/20/2017 20:00,7/23/2017 1:00,859.88,925.0,-65.12,526.0,DRV,,,False,0,Carrier 1695402,Shipper 758,True,True,True,7/20/2017 20:00,7/23/2017 0:00,False,False,False,False,False,False,False,False,Henderson,NV ,Henderson,NV 
7529,206648673,7/13/2017 16:43,7/13/2017 16:44,7/18/2017 11:20,7/19/2017 19:00,7/21/2017 1:00,859.88,925.0,-65.12,526.0,DRV,,,False,0,Carrier 1693395,Shipper 758,True,True,True,7/19/2017 19:00,7/20/2017 22:00,False,False,False,False,False,False,False,False,Henderson,NV ,Henderson,NV 
7530,206694057,6/30/2017 11:02,6/30/2017 11:02,7/3/2017 11:57,7/5/2017 21:00,7/7/2017 1:50,859.88,975.0,-115.12,526.0,DRV,,,False,0,Carrier 1240254,Shipper 758,True,True,True,7/5/2017 21:00,7/6/2017 22:30,False,False,False,False,False,False,False,False,Henderson,NV ,Henderson,NV 
7531,206607721,6/22/2017 13:49,6/22/2017 13:49,6/27/2017 16:57,6/28/2017 21:00,6/30/2017 5:00,859.88,925.0,-65.12,526.0,DRV,,,False,0,Carrier 1026284,Shipper 758,True,True,True,6/28/2017 21:00,6/29/2017 23:00,False,False,False,False,False,False,False,False,Henderson,NV ,Henderson,NV 
7532,206607065,6/23/2017 15:51,6/23/2017 15:51,6/29/2017 14:26,6/29/2017 18:00,7/1/2017 0:00,859.88,1075.0,-215.12,526.0,DRV,,,False,1,Carrier 367380,Shipper 758,True,True,True,6/29/2017 18:00,6/30/2017 22:00,False,False,False,False,False,False,False,False,Henderson,NV ,Henderson,NV 
7533,206521977,2/7/2017 11:48,2/7/2017 11:48,2/8/2017 9:52,2/8/2017 15:00,2/9/2017 9:00,858.75,775.0,83.75,431.3,DRV,,,False,0,Carrier 1603665,Shipper 744,True,True,True,2/8/2017 15:00,2/9/2017 15:45,False,False,False,False,False,False,False,False,Prattville,AL ,Prattville,AL 
7534,206424897,4/11/2017 16:24,4/11/2017 16:24,4/12/2017 11:56,4/12/2017 18:00,4/13/2017 12:30,857.23,1000.0,-142.77,365.9,DRV,,,False,0,Carrier 1362519,Shipper 1249,True,True,True,4/12/2017 18:00,4/13/2017 15:00,False,False,False,False,False,False,False,False,Houston,TX ,Houston,TX 
7535,206424897,4/11/2017 16:24,4/11/2017 16:24,4/12/2017 11:56,4/12/2017 18:00,4/13/2017 12:30,857.23,1000.0,-142.77,365.9,DRV,,,False,0,Carrier 1362519,Shipper 1375,True,True,True,4/12/2017 18:00,4/13/2017 15:00,False,False,False,False,False,False,False,False,Houston,TX ,Houston,TX 
7536,206424897,4/11/2017 16:24,4/11/2017 16:24,4/12/2017 11:56,4/12/2017 18:00,4/13/2017 12:30,857.23,1000.0,-142.77,365.9,DRV,,,False,0,Carrier 1362519,Shipper 1386,True,True,True,4/12/2017 18:00,4/13/2017 15:00,False,False,False,False,False,False,False,False,Houston,TX ,Houston,TX 
7537,206424897,4/11/2017 16:24,4/11/2017 16:24,4/12/2017 11:56,4/12/2017 18:00,4/13/2017 12:30,857.23,1000.0,-142.77,365.9,DRV,,,False,0,Carrier 1362519,Shipper 1248,True,True,True,4/12/2017 18:00,4/13/2017 15:00,False,False,False,False,False,False,False,False,Houston,TX ,Houston,TX 
7538,206424897,4/11/2017 16:24,4/11/2017 16:24,4/12/2017 11:56,4/12/2017 18:00,4/13/2017 12:30,857.23,1000.0,-142.77,365.9,DRV,,,False,0,Carrier 1362519,Shipper 1387,True,True,True,4/12/2017 18:00,4/13/2017 15:00,False,False,False,False,False,False,False,False,Houston,TX ,Houston,TX 
7539,206424897,4/11/2017 16:24,4/11/2017 16:24,4/12/2017 11:56,4/12/2017 18:00,4/13/2017 12:30,857.23,1000.0,-142.77,365.9,DRV,,,False,0,Carrier 1362519,Shipper 1388,True,True,True,4/12/2017 18:00,4/13/2017 15:00,False,False,False,False,False,False,False,False,Houston,TX ,Houston,TX 
7540,206607697,2/28/2017 17:59,2/28/2017 17:59,3/6/2017 9:39,3/6/2017 18:00,3/7/2017 17:40,856.96,806.8,50.16,284.1,RFR,4.0,,False,0,Carrier 38397,Shipper 758,True,True,True,3/6/2017 18:00,3/7/2017 12:00,False,False,False,False,False,False,False,False,Kent,WA ,Kent,WA 
7541,206641489,4/3/2017 12:50,4/3/2017 12:50,4/5/2017 11:05,4/6/2017 8:00,4/7/2017 16:20,854.07,775.0,79.07,476.6,DRV,4.0,,True,0,Carrier 154651,Shipper 744,True,True,True,4/6/2017 15:45,4/7/2017 16:00,False,False,False,False,False,False,False,False,Conover,NC ,Conover,NC 
7542,206694041,4/26/2017 9:39,4/26/2017 9:40,5/11/2017 8:49,5/11/2017 15:30,5/12/2017 18:20,853.46,800.0,53.46,563.0,DRV,,,False,1,Carrier 1394742,Shipper 758,True,True,True,5/11/2017 15:30,5/12/2017 16:00,False,False,False,False,False,False,False,False,Denver,CO ,Denver,CO 
7543,206520537,6/21/2017 18:09,6/21/2017 18:09,6/23/2017 16:34,6/26/2017 20:00,6/27/2017 23:00,852.36,1050.0,-197.64,271.5,DRV,,,False,0,Carrier 43527,Shipper 758,True,True,True,6/26/2017 20:00,6/27/2017 20:00,False,False,False,False,False,False,False,False,Cabazon,CA ,Cabazon,CA 
7544,206472985,6/21/2017 18:14,6/21/2017 18:14,6/23/2017 16:34,6/26/2017 19:00,6/27/2017 23:00,852.36,1050.0,-197.64,271.5,DRV,,,False,0,Carrier 43527,Shipper 758,True,True,True,6/26/2017 19:00,6/27/2017 20:00,False,False,False,False,False,False,False,False,Cabazon,CA ,Cabazon,CA 
7545,206426233,11/8/2017 10:47,11/8/2017 10:47,11/9/2017 13:12,11/14/2017 19:00,11/15/2017 5:35,852.15,590.0,262.15,9.6,DRV,,,False,0,Carrier 1558859,Shipper 758,True,True,True,11/14/2017 19:00,11/15/2017 0:30,False,False,False,False,False,False,False,False,Lathrop,CA ,Lathrop,CA 
7546,206523161,1/5/2017 15:54,1/5/2017 15:54,1/9/2017 11:35,1/9/2017 8:00,1/10/2017 11:50,851.97,800.0,51.97,476.6,DRV,,,False,1,Carrier 106770,Shipper 744,,,,1/9/2017 15:00,1/10/2017 16:00,False,False,False,False,False,False,False,False,Conover,NC ,Conover,NC 
7547,206692265,10/20/2017 17:29,10/20/2017 17:29,10/25/2017 9:32,10/25/2017 14:00,10/26/2017 7:30,850.36,900.0,-49.64,323.8,RFR,,,False,0,Carrier 21845,Shipper 1249,True,True,True,10/25/2017 14:00,10/26/2017 7:00,False,False,False,False,False,False,False,False,Jacksonville,FL ,Jacksonville,FL 
7548,206692265,10/20/2017 17:29,10/20/2017 17:29,10/25/2017 9:32,10/25/2017 14:00,10/26/2017 7:30,850.36,900.0,-49.64,323.8,RFR,,,False,0,Carrier 21845,Shipper 1375,True,True,True,10/25/2017 14:00,10/26/2017 7:00,False,False,False,False,False,False,False,False,Jacksonville,FL ,Jacksonville,FL 
7549,206692265,10/20/2017 17:29,10/20/2017 17:29,10/25/2017 9:32,10/25/2017 14:00,10/26/2017 7:30,850.36,900.0,-49.64,323.8,RFR,,,False,0,Carrier 21845,Shipper 1386,True,True,True,10/25/2017 14:00,10/26/2017 7:00,False,False,False,False,False,False,False,False,Jacksonville,FL ,Jacksonville,FL 
7550,206692265,10/20/2017 17:29,10/20/2017 17:29,10/25/2017 9:32,10/25/2017 14:00,10/26/2017 7:30,850.36,900.0,-49.64,323.8,RFR,,,False,0,Carrier 21845,Shipper 1248,True,True,True,10/25/2017 14:00,10/26/2017 7:00,False,False,False,False,False,False,False,False,Jacksonville,FL ,Jacksonville,FL 
7551,206692265,10/20/2017 17:29,10/20/2017 17:29,10/25/2017 9:32,10/25/2017 14:00,10/26/2017 7:30,850.36,900.0,-49.64,323.8,RFR,,,False,0,Carrier 21845,Shipper 1387,True,True,True,10/25/2017 14:00,10/26/2017 7:00,False,False,False,False,False,False,False,False,Jacksonville,FL ,Jacksonville,FL 
7552,206692265,10/20/2017 17:29,10/20/2017 17:29,10/25/2017 9:32,10/25/2017 14:00,10/26/2017 7:30,850.36,900.0,-49.64,323.8,RFR,,,False,0,Carrier 21845,Shipper 1388,True,True,True,10/25/2017 14:00,10/26/2017 7:00,False,False,False,False,False,False,False,False,Jacksonville,FL ,Jacksonville,FL 
7553,206647465,7/7/2017 14:52,7/7/2017 14:52,7/11/2017 13:08,7/12/2017 8:00,7/12/2017 18:30,850.0,750.0,100.0,276.4,DRV,,,False,0,Carrier 1113585,Shipper 1044,True,True,True,7/12/2017 10:00,7/12/2017 18:00,False,False,False,False,False,False,False,False,Neenah,WI ,Neenah,WI 
7554,206440417,11/14/2017 10:24,11/14/2017 10:24,11/16/2017 9:40,11/16/2017 8:00,11/17/2017 15:20,850.0,900.0,-50.0,740.9,DRV,,,False,3,Carrier 952234,Shipper 923,False,False,False,11/16/2017 11:00,11/17/2017 8:00,False,False,False,False,False,False,False,False,Medley,FL ,Medley,FL 
7555,206425121,9/12/2017 14:56,9/12/2017 14:56,9/18/2017 17:27,9/18/2017 7:00,9/20/2017 9:00,850.0,1150.0,-300.0,101.0,FBE,,,False,1,Carrier 1276904,Shipper 1517,True,True,True,9/19/2017 15:00,9/20/2017 14:30,False,False,False,False,False,False,False,False,Winchester,VA ,Winchester,VA 
7556,206505329,9/12/2017 12:54,9/12/2017 12:54,9/12/2017 15:49,9/14/2017 7:00,9/15/2017 8:00,850.0,600.0,250.0,101.0,FBE,,,False,0,Carrier 1178770,Shipper 1517,True,True,True,9/14/2017 15:00,9/15/2017 14:00,False,False,False,False,False,False,False,False,Winchester,VA ,Winchester,VA 
7557,206608609,9/12/2017 12:57,9/12/2017 12:57,9/12/2017 15:49,9/14/2017 7:00,9/15/2017 8:00,850.0,600.0,250.0,101.0,FBE,,,False,0,Carrier 1178770,Shipper 1517,True,True,True,9/14/2017 15:00,9/15/2017 14:00,False,False,False,False,False,False,False,False,Winchester,VA ,Winchester,VA 
7558,206657177,2/27/2017 12:51,2/27/2017 12:52,3/2/2017 10:05,3/3/2017 8:00,3/6/2017 9:00,849.35,775.0,74.35,719.3,DRV,,,False,0,Carrier 57804,Shipper 623,True,True,True,3/3/2017 12:00,3/6/2017 8:00,False,False,False,False,False,False,False,False,Reading,PA ,Reading,PA 
7559,206482561,5/5/2017 8:46,5/5/2017 8:46,5/23/2017 10:17,5/23/2017 13:30,5/24/2017 18:00,849.12,800.0,49.12,563.0,DRV,4.0,,False,1,Carrier 1054239,Shipper 758,True,True,True,5/23/2017 13:30,5/24/2017 16:00,False,False,False,False,False,False,False,False,Denver,CO ,Denver,CO 
7560,206624081,12/7/2017 8:17,12/7/2017 8:17,12/7/2017 14:14,12/7/2017 15:00,12/8/2017 9:30,848.4,800.0,48.4,163.3,DRV,,dat_in,False,0,Carrier 1385101,Shipper 1644,True,True,True,12/7/2017 17:00,12/8/2017 8:00,False,False,False,False,False,False,False,False,Toledo,OH ,Toledo,OH 
7561,206699001,12/7/2017 8:42,12/7/2017 8:42,12/11/2017 13:59,12/12/2017 10:00,12/14/2017 0:00,848.23,690.0,158.23,232.3,DRV,,,False,0,Carrier 1558859,Shipper 758,True,True,True,12/12/2017 21:00,12/14/2017 0:00,False,False,False,False,False,False,False,False,Taft,CA ,Taft,CA 
7562,206430745,1/12/2017 12:22,1/12/2017 12:23,1/12/2017 13:14,1/11/2017 3:00,1/12/2017 0:30,848.0,686.0,162.0,140.0,RFR,,,False,0,Carrier 968589,Shipper 758,True,True,True,1/12/2017 2:00,1/13/2017 23:00,False,False,False,False,False,False,False,False,Portland,OR ,Portland,OR 
7563,206692697,8/21/2017 16:42,8/21/2017 16:42,8/24/2017 13:18,8/24/2017 16:00,8/25/2017 17:00,846.23,1060.0,-213.77,339.1,DRV,,,False,1,Carrier 953052,Shipper 1249,True,True,True,8/24/2017 16:00,8/25/2017 15:30,False,False,False,False,False,False,False,False,Williamsburg,VA ,Williamsburg,VA 
7564,206692697,8/21/2017 16:42,8/21/2017 16:42,8/24/2017 13:18,8/24/2017 16:00,8/25/2017 17:00,846.23,1060.0,-213.77,339.1,DRV,,,False,1,Carrier 953052,Shipper 1375,True,True,True,8/24/2017 16:00,8/25/2017 15:30,False,False,False,False,False,False,False,False,Williamsburg,VA ,Williamsburg,VA 
7565,206692697,8/21/2017 16:42,8/21/2017 16:42,8/24/2017 13:18,8/24/2017 16:00,8/25/2017 17:00,846.23,1060.0,-213.77,339.1,DRV,,,False,1,Carrier 953052,Shipper 1386,True,True,True,8/24/2017 16:00,8/25/2017 15:30,False,False,False,False,False,False,False,False,Williamsburg,VA ,Williamsburg,VA 
7566,206692697,8/21/2017 16:42,8/21/2017 16:42,8/24/2017 13:18,8/24/2017 16:00,8/25/2017 17:00,846.23,1060.0,-213.77,339.1,DRV,,,False,1,Carrier 953052,Shipper 1248,True,True,True,8/24/2017 16:00,8/25/2017 15:30,False,False,False,False,False,False,False,False,Williamsburg,VA ,Williamsburg,VA 
7567,206692697,8/21/2017 16:42,8/21/2017 16:42,8/24/2017 13:18,8/24/2017 16:00,8/25/2017 17:00,846.23,1060.0,-213.77,339.1,DRV,,,False,1,Carrier 953052,Shipper 1387,True,True,True,8/24/2017 16:00,8/25/2017 15:30,False,False,False,False,False,False,False,False,Williamsburg,VA ,Williamsburg,VA 
7568,206692697,8/21/2017 16:42,8/21/2017 16:42,8/24/2017 13:18,8/24/2017 16:00,8/25/2017 17:00,846.23,1060.0,-213.77,339.1,DRV,,,False,1,Carrier 953052,Shipper 1388,True,True,True,8/24/2017 16:00,8/25/2017 15:30,False,False,False,False,False,False,False,False,Williamsburg,VA ,Williamsburg,VA 
7569,206427785,3/23/2017 10:45,3/23/2017 10:45,3/24/2017 12:20,3/24/2017 20:00,3/27/2017 11:30,846.06,890.0,-43.94,418.4,DRV,,,False,0,Carrier 111635,Shipper 1249,True,True,True,3/24/2017 20:00,3/27/2017 16:30,False,False,False,False,False,False,False,False,Houston,TX ,Houston,TX 
7570,206427785,3/23/2017 10:45,3/23/2017 10:45,3/24/2017 12:20,3/24/2017 20:00,3/27/2017 11:30,846.06,890.0,-43.94,418.4,DRV,,,False,0,Carrier 111635,Shipper 1375,True,True,True,3/24/2017 20:00,3/27/2017 16:30,False,False,False,False,False,False,False,False,Houston,TX ,Houston,TX 
7571,206427785,3/23/2017 10:45,3/23/2017 10:45,3/24/2017 12:20,3/24/2017 20:00,3/27/2017 11:30,846.06,890.0,-43.94,418.4,DRV,,,False,0,Carrier 111635,Shipper 1386,True,True,True,3/24/2017 20:00,3/27/2017 16:30,False,False,False,False,False,False,False,False,Houston,TX ,Houston,TX 
7572,206427785,3/23/2017 10:45,3/23/2017 10:45,3/24/2017 12:20,3/24/2017 20:00,3/27/2017 11:30,846.06,890.0,-43.94,418.4,DRV,,,False,0,Carrier 111635,Shipper 1248,True,True,True,3/24/2017 20:00,3/27/2017 16:30,False,False,False,False,False,False,False,False,Houston,TX ,Houston,TX 
7573,206427785,3/23/2017 10:45,3/23/2017 10:45,3/24/2017 12:20,3/24/2017 20:00,3/27/2017 11:30,846.06,890.0,-43.94,418.4,DRV,,,False,0,Carrier 111635,Shipper 1387,True,True,True,3/24/2017 20:00,3/27/2017 16:30,False,False,False,False,False,False,False,False,Houston,TX ,Houston,TX 
7574,206427785,3/23/2017 10:45,3/23/2017 10:45,3/24/2017 12:20,3/24/2017 20:00,3/27/2017 11:30,846.06,890.0,-43.94,418.4,DRV,,,False,0,Carrier 111635,Shipper 1388,True,True,True,3/24/2017 20:00,3/27/2017 16:30,False,False,False,False,False,False,False,False,Houston,TX ,Houston,TX 
7575,206491185,3/30/2017 10:24,3/30/2017 10:25,3/30/2017 17:08,4/3/2017 8:00,4/4/2017 11:00,845.18,800.0,45.18,719.3,DRV,4.0,,False,0,Carrier 57804,Shipper 623,True,True,True,4/3/2017 12:00,4/4/2017 9:00,False,False,False,False,False,False,False,False,Reading,PA ,Reading,PA 
7576,206734097,5/22/2017 15:06,5/22/2017 15:07,5/25/2017 15:38,5/25/2017 8:00,5/26/2017 1:15,845.0,1000.0,-155.0,464.3,DRV,,,False,1,Carrier 1695281,Shipper 744,True,True,True,5/25/2017 15:45,5/26/2017 23:00,False,False,False,False,False,False,False,False,Conover,NC ,Conover,NC 
7577,206512833,8/31/2017 11:21,8/31/2017 11:21,9/12/2017 12:33,9/13/2017 12:00,9/14/2017 0:55,845.0,875.0,-30.0,271.0,RFR,,,False,0,Carrier 84507,Shipper 585,True,True,True,9/13/2017 12:00,9/14/2017 0:00,False,False,False,False,False,False,False,False,Sioux City,IA ,Sioux City,IA 
7578,206437929,2/2/2017 12:15,2/2/2017 12:15,2/3/2017 10:58,2/6/2017 8:00,2/7/2017 18:10,844.66,825.0,19.66,714.6,DRV,,,False,0,Carrier 941668,Shipper 623,True,True,True,2/6/2017 12:00,2/7/2017 18:30,False,False,False,False,False,False,False,False,Reading,PA ,Reading,PA 
7579,206567305,11/16/2017 17:50,11/16/2017 17:50,11/24/2017 9:10,11/27/2017 12:00,11/27/2017 21:30,843.42,550.0,293.42,194.4,DRV,,,False,1,Carrier 1177126,Shipper 758,True,True,True,11/27/2017 12:00,11/27/2017 21:00,False,False,False,False,False,False,False,False,Edmond,OK ,Edmond,OK 
7580,206437001,11/21/2017 10:29,11/21/2017 10:29,11/30/2017 10:43,11/30/2017 9:00,11/30/2017 23:00,843.26,1355.0,-511.74,329.2,DRV,,,False,0,Carrier 103600,Shipper 758,False,True,True,11/30/2017 9:00,11/30/2017 23:30,False,False,False,False,False,False,False,False,Vernon,CA ,Vernon,CA 
7581,206475113,3/24/2017 11:23,3/24/2017 11:25,3/30/2017 10:23,3/30/2017 10:00,3/31/2017 10:30,842.21,1050.0,-207.79,493.7,DRV,4.0,,False,0,Carrier 1695168,Shipper 766,True,True,True,3/30/2017 16:00,3/31/2017 10:30,False,False,False,False,False,False,False,False,Paris,TN ,Paris,TN 
7582,206477825,12/18/2017 16:46,12/18/2017 16:46,12/20/2017 8:23,12/20/2017 12:00,12/21/2017 9:10,842.12,2600.0,-1757.88,489.0,RFR,,dat_in,False,0,Carrier 166414,Shipper 1249,True,True,True,12/20/2017 16:00,12/21/2017 9:00,False,False,False,False,False,False,False,False,Aurora,CO ,Aurora,CO 
7583,206477825,12/18/2017 16:46,12/18/2017 16:46,12/20/2017 8:23,12/20/2017 12:00,12/21/2017 9:10,842.12,2600.0,-1757.88,489.0,RFR,,dat_in,False,0,Carrier 166414,Shipper 1375,True,True,True,12/20/2017 16:00,12/21/2017 9:00,False,False,False,False,False,False,False,False,Aurora,CO ,Aurora,CO 
7584,206477825,12/18/2017 16:46,12/18/2017 16:46,12/20/2017 8:23,12/20/2017 12:00,12/21/2017 9:10,842.12,2600.0,-1757.88,489.0,RFR,,dat_in,False,0,Carrier 166414,Shipper 1386,True,True,True,12/20/2017 16:00,12/21/2017 9:00,False,False,False,False,False,False,False,False,Aurora,CO ,Aurora,CO 
7585,206477825,12/18/2017 16:46,12/18/2017 16:46,12/20/2017 8:23,12/20/2017 12:00,12/21/2017 9:10,842.12,2600.0,-1757.88,489.0,RFR,,dat_in,False,0,Carrier 166414,Shipper 1248,True,True,True,12/20/2017 16:00,12/21/2017 9:00,False,False,False,False,False,False,False,False,Aurora,CO ,Aurora,CO 
7586,206477825,12/18/2017 16:46,12/18/2017 16:46,12/20/2017 8:23,12/20/2017 12:00,12/21/2017 9:10,842.12,2600.0,-1757.88,489.0,RFR,,dat_in,False,0,Carrier 166414,Shipper 1387,True,True,True,12/20/2017 16:00,12/21/2017 9:00,False,False,False,False,False,False,False,False,Aurora,CO ,Aurora,CO 
7587,206477825,12/18/2017 16:46,12/18/2017 16:46,12/20/2017 8:23,12/20/2017 12:00,12/21/2017 9:10,842.12,2600.0,-1757.88,489.0,RFR,,dat_in,False,0,Carrier 166414,Shipper 1388,True,True,True,12/20/2017 16:00,12/21/2017 9:00,False,False,False,False,False,False,False,False,Aurora,CO ,Aurora,CO 
7588,206483241,4/21/2017 16:22,4/21/2017 16:22,4/24/2017 16:23,4/25/2017 23:00,4/26/2017 13:00,842.1,800.0,42.1,280.3,DRV,,,False,0,Carrier 975211,Shipper 1249,True,True,True,4/25/2017 23:00,4/26/2017 15:00,False,False,False,False,False,False,False,False,Williamsburg,VA ,Williamsburg,VA 
7589,206483241,4/21/2017 16:22,4/21/2017 16:22,4/24/2017 16:23,4/25/2017 23:00,4/26/2017 13:00,842.1,800.0,42.1,280.3,DRV,,,False,0,Carrier 975211,Shipper 1375,True,True,True,4/25/2017 23:00,4/26/2017 15:00,False,False,False,False,False,False,False,False,Williamsburg,VA ,Williamsburg,VA 
7590,206483241,4/21/2017 16:22,4/21/2017 16:22,4/24/2017 16:23,4/25/2017 23:00,4/26/2017 13:00,842.1,800.0,42.1,280.3,DRV,,,False,0,Carrier 975211,Shipper 1386,True,True,True,4/25/2017 23:00,4/26/2017 15:00,False,False,False,False,False,False,False,False,Williamsburg,VA ,Williamsburg,VA 
7591,206483241,4/21/2017 16:22,4/21/2017 16:22,4/24/2017 16:23,4/25/2017 23:00,4/26/2017 13:00,842.1,800.0,42.1,280.3,DRV,,,False,0,Carrier 975211,Shipper 1248,True,True,True,4/25/2017 23:00,4/26/2017 15:00,False,False,False,False,False,False,False,False,Williamsburg,VA ,Williamsburg,VA 
7592,206483241,4/21/2017 16:22,4/21/2017 16:22,4/24/2017 16:23,4/25/2017 23:00,4/26/2017 13:00,842.1,800.0,42.1,280.3,DRV,,,False,0,Carrier 975211,Shipper 1387,True,True,True,4/25/2017 23:00,4/26/2017 15:00,False,False,False,False,False,False,False,False,Williamsburg,VA ,Williamsburg,VA 
7593,206483241,4/21/2017 16:22,4/21/2017 16:22,4/24/2017 16:23,4/25/2017 23:00,4/26/2017 13:00,842.1,800.0,42.1,280.3,DRV,,,False,0,Carrier 975211,Shipper 1388,True,True,True,4/25/2017 23:00,4/26/2017 15:00,False,False,False,False,False,False,False,False,Williamsburg,VA ,Williamsburg,VA 
7594,206542417,10/23/2017 14:50,10/23/2017 14:50,11/1/2017 8:34,11/1/2017 9:00,11/2/2017 2:30,841.98,1075.0,-233.02,329.2,DRV,,,False,0,Carrier 359620,Shipper 758,False,False,False,11/1/2017 9:00,11/1/2017 23:00,False,False,False,False,False,False,False,False,Vernon,CA ,Vernon,CA 
7595,206555777,9/18/2017 9:30,9/18/2017 9:31,9/22/2017 11:57,9/26/2017 12:00,9/27/2017 0:00,841.98,925.0,-83.02,329.2,DRV,,,False,0,Carrier 552905,Shipper 758,True,True,True,9/26/2017 12:00,9/26/2017 22:30,False,False,False,False,False,False,False,False,Vernon,CA ,Vernon,CA 
7596,206492817,10/24/2017 8:32,10/24/2017 8:32,10/30/2017 15:36,10/31/2017 9:00,11/1/2017 1:30,841.98,1065.0,-223.02,329.2,DRV,,,False,0,Carrier 1695624,Shipper 758,True,True,True,10/31/2017 12:00,10/31/2017 21:00,False,False,False,False,False,False,False,False,Vernon,CA ,Vernon,CA 
7597,206642009,2/17/2017 13:26,2/17/2017 13:27,2/20/2017 15:19,2/21/2017 8:30,2/22/2017 9:22,841.29,800.0,41.29,427.7,DRV,,,False,0,Carrier 1067836,Shipper 901,True,True,True,2/21/2017 17:00,2/22/2017 17:00,False,False,False,False,False,False,False,False,Alton,IL ,Alton,IL 
7598,206518833,11/8/2017 14:10,11/8/2017 14:10,11/9/2017 13:12,11/14/2017 19:00,11/15/2017 4:30,840.75,583.0,257.75,9.6,DRV,,,False,0,Carrier 1558859,Shipper 758,True,True,True,11/14/2017 19:00,11/15/2017 0:00,False,False,False,False,False,False,False,False,Lathrop,CA ,Lathrop,CA 
7599,206565993,8/2/2017 16:51,8/2/2017 16:51,8/3/2017 11:21,8/3/2017 18:00,8/4/2017 12:30,840.32,900.0,-59.68,233.0,DRV,,,False,0,Carrier 1375672,Shipper 1249,True,True,True,8/3/2017 18:00,8/4/2017 14:00,False,False,False,False,False,False,False,False,Newark,NJ ,Newark,NJ 
7600,206565993,8/2/2017 16:51,8/2/2017 16:51,8/3/2017 11:21,8/3/2017 18:00,8/4/2017 12:30,840.32,900.0,-59.68,233.0,DRV,,,False,0,Carrier 1375672,Shipper 1375,True,True,True,8/3/2017 18:00,8/4/2017 14:00,False,False,False,False,False,False,False,False,Newark,NJ ,Newark,NJ 
7601,206565993,8/2/2017 16:51,8/2/2017 16:51,8/3/2017 11:21,8/3/2017 18:00,8/4/2017 12:30,840.32,900.0,-59.68,233.0,DRV,,,False,0,Carrier 1375672,Shipper 1386,True,True,True,8/3/2017 18:00,8/4/2017 14:00,False,False,False,False,False,False,False,False,Newark,NJ ,Newark,NJ 
7602,206565993,8/2/2017 16:51,8/2/2017 16:51,8/3/2017 11:21,8/3/2017 18:00,8/4/2017 12:30,840.32,900.0,-59.68,233.0,DRV,,,False,0,Carrier 1375672,Shipper 1248,True,True,True,8/3/2017 18:00,8/4/2017 14:00,False,False,False,False,False,False,False,False,Newark,NJ ,Newark,NJ 
7603,206565993,8/2/2017 16:51,8/2/2017 16:51,8/3/2017 11:21,8/3/2017 18:00,8/4/2017 12:30,840.32,900.0,-59.68,233.0,DRV,,,False,0,Carrier 1375672,Shipper 1387,True,True,True,8/3/2017 18:00,8/4/2017 14:00,False,False,False,False,False,False,False,False,Newark,NJ ,Newark,NJ 
7604,206565993,8/2/2017 16:51,8/2/2017 16:51,8/3/2017 11:21,8/3/2017 18:00,8/4/2017 12:30,840.32,900.0,-59.68,233.0,DRV,,,False,0,Carrier 1375672,Shipper 1388,True,True,True,8/3/2017 18:00,8/4/2017 14:00,False,False,False,False,False,False,False,False,Newark,NJ ,Newark,NJ 
7605,206587361,11/7/2017 12:52,11/7/2017 12:52,11/7/2017 15:17,11/14/2017 11:00,11/15/2017 6:00,840.12,675.0,165.12,232.3,DRV,,,False,0,Carrier 1558859,Shipper 758,True,True,True,11/14/2017 17:00,11/15/2017 0:00,False,False,False,False,False,False,False,False,Taft,CA ,Taft,CA 
7606,206708793,4/7/2017 9:09,4/7/2017 9:09,4/7/2017 9:42,4/7/2017 8:00,4/10/2017 11:00,840.0,700.0,140.0,524.5,DRV,3.0,,False,0,Carrier 77479,Shipper 1342,True,True,True,4/7/2017 15:45,4/10/2017 10:30,False,False,False,False,False,False,False,False,Conover,NC ,Conover,NC 
7607,206651985,4/4/2017 16:16,4/4/2017 16:16,4/5/2017 13:30,4/5/2017 13:00,4/6/2017 10:00,840.0,1100.0,-260.0,250.5,RFR,4.0,,False,1,Carrier 1598557,Shipper 1249,True,True,True,4/5/2017 16:30,4/6/2017 15:00,False,False,False,False,False,False,False,False,Columbus,OH ,Columbus,OH 
7608,206651985,4/4/2017 16:16,4/4/2017 16:16,4/5/2017 13:30,4/5/2017 13:00,4/6/2017 10:00,840.0,1100.0,-260.0,250.5,RFR,4.0,,False,1,Carrier 1598557,Shipper 1375,True,True,True,4/5/2017 16:30,4/6/2017 15:00,False,False,False,False,False,False,False,False,Columbus,OH ,Columbus,OH 
7609,206651985,4/4/2017 16:16,4/4/2017 16:16,4/5/2017 13:30,4/5/2017 13:00,4/6/2017 10:00,840.0,1100.0,-260.0,250.5,RFR,4.0,,False,1,Carrier 1598557,Shipper 1386,True,True,True,4/5/2017 16:30,4/6/2017 15:00,False,False,False,False,False,False,False,False,Columbus,OH ,Columbus,OH 
7610,206651985,4/4/2017 16:16,4/4/2017 16:16,4/5/2017 13:30,4/5/2017 13:00,4/6/2017 10:00,840.0,1100.0,-260.0,250.5,RFR,4.0,,False,1,Carrier 1598557,Shipper 1248,True,True,True,4/5/2017 16:30,4/6/2017 15:00,False,False,False,False,False,False,False,False,Columbus,OH ,Columbus,OH 
7611,206651985,4/4/2017 16:16,4/4/2017 16:16,4/5/2017 13:30,4/5/2017 13:00,4/6/2017 10:00,840.0,1100.0,-260.0,250.5,RFR,4.0,,False,1,Carrier 1598557,Shipper 1387,True,True,True,4/5/2017 16:30,4/6/2017 15:00,False,False,False,False,False,False,False,False,Columbus,OH ,Columbus,OH 
7612,206651985,4/4/2017 16:16,4/4/2017 16:16,4/5/2017 13:30,4/5/2017 13:00,4/6/2017 10:00,840.0,1100.0,-260.0,250.5,RFR,4.0,,False,1,Carrier 1598557,Shipper 1388,True,True,True,4/5/2017 16:30,4/6/2017 15:00,False,False,False,False,False,False,False,False,Columbus,OH ,Columbus,OH 
7613,206538753,12/14/2017 16:49,12/14/2017 16:49,12/15/2017 13:00,12/17/2017 12:00,12/18/2017 9:30,838.8,1050.0,-211.2,312.8,DRV,,,False,0,Carrier 1694875,Shipper 1249,True,True,True,12/17/2017 12:00,12/18/2017 13:00,False,False,False,False,False,False,False,False,Houston,TX ,Houston,TX 
7614,206538753,12/14/2017 16:49,12/14/2017 16:49,12/15/2017 13:00,12/17/2017 12:00,12/18/2017 9:30,838.8,1050.0,-211.2,312.8,DRV,,,False,0,Carrier 1694875,Shipper 1375,True,True,True,12/17/2017 12:00,12/18/2017 13:00,False,False,False,False,False,False,False,False,Houston,TX ,Houston,TX 
7615,206538753,12/14/2017 16:49,12/14/2017 16:49,12/15/2017 13:00,12/17/2017 12:00,12/18/2017 9:30,838.8,1050.0,-211.2,312.8,DRV,,,False,0,Carrier 1694875,Shipper 1386,True,True,True,12/17/2017 12:00,12/18/2017 13:00,False,False,False,False,False,False,False,False,Houston,TX ,Houston,TX 
7616,206538753,12/14/2017 16:49,12/14/2017 16:49,12/15/2017 13:00,12/17/2017 12:00,12/18/2017 9:30,838.8,1050.0,-211.2,312.8,DRV,,,False,0,Carrier 1694875,Shipper 1248,True,True,True,12/17/2017 12:00,12/18/2017 13:00,False,False,False,False,False,False,False,False,Houston,TX ,Houston,TX 
7617,206538753,12/14/2017 16:49,12/14/2017 16:49,12/15/2017 13:00,12/17/2017 12:00,12/18/2017 9:30,838.8,1050.0,-211.2,312.8,DRV,,,False,0,Carrier 1694875,Shipper 1387,True,True,True,12/17/2017 12:00,12/18/2017 13:00,False,False,False,False,False,False,False,False,Houston,TX ,Houston,TX 
7618,206538753,12/14/2017 16:49,12/14/2017 16:49,12/15/2017 13:00,12/17/2017 12:00,12/18/2017 9:30,838.8,1050.0,-211.2,312.8,DRV,,,False,0,Carrier 1694875,Shipper 1388,True,True,True,12/17/2017 12:00,12/18/2017 13:00,False,False,False,False,False,False,False,False,Houston,TX ,Houston,TX 
7619,206608625,12/18/2017 11:49,12/18/2017 11:49,1/10/2018 9:43,1/10/2018 11:30,1/11/2018 21:35,837.94,1240.0,-402.06,284.1,DRV,,,False,0,Carrier 1286135,Shipper 758,False,True,True,1/10/2018 11:30,1/11/2018 17:00,False,False,False,False,False,False,False,False,Kent,WA ,Kent,WA 
7620,206559017,8/2/2017 14:34,8/2/2017 14:35,8/2/2017 15:43,8/3/2017 8:00,8/4/2017 8:20,837.53,775.0,62.53,320.4,DRV,,,False,0,Carrier 79585,Shipper 1052,True,True,True,8/3/2017 15:00,8/4/2017 14:00,False,False,False,False,False,False,False,False,Baltimore,MD ,Baltimore,MD 
7621,206576057,1/13/2017 8:40,1/13/2017 8:40,1/13/2017 8:53,1/12/2017 3:00,1/13/2017 13:00,836.0,677.9,158.1,140.0,RFR,,,False,0,Carrier 968589,Shipper 758,True,False,False,1/13/2017 2:00,1/13/2017 2:00,False,False,False,False,False,False,False,False,Portland,OR ,Portland,OR 
7622,206712825,8/29/2017 14:36,8/29/2017 14:36,9/11/2017 15:29,9/12/2017 19:00,9/13/2017 14:00,835.58,880.0,-44.42,284.1,RFR,,,False,0,Carrier 822409,Shipper 758,True,True,True,9/12/2017 19:00,9/13/2017 9:00,False,False,False,False,False,False,False,False,Kent,WA ,Kent,WA 
7623,206502937,1/16/2017 13:53,1/16/2017 13:53,1/19/2017 18:29,1/19/2017 20:00,1/20/2017 15:55,835.0,870.0,-35.0,340.6,DRV,4.0,,False,0,Carrier 1565966,Shipper 1048,True,True,True,1/19/2017 20:00,1/20/2017 13:00,False,False,False,False,False,False,False,False,Laredo,TX ,Laredo,TX 
7624,206463689,2/10/2017 12:22,2/10/2017 12:22,2/10/2017 17:34,2/13/2017 8:00,2/14/2017 12:20,835.0,800.0,35.0,476.6,DRV,,,False,0,Carrier 48101,Shipper 744,True,True,True,2/13/2017 15:45,2/14/2017 16:00,False,False,False,False,False,False,False,False,Conover,NC ,Conover,NC 
7625,206494361,2/13/2017 10:10,2/13/2017 10:10,2/14/2017 9:11,2/14/2017 8:00,2/15/2017 9:30,835.0,750.0,85.0,476.6,DRV,,,False,1,Carrier 115244,Shipper 744,True,True,True,2/14/2017 15:45,2/15/2017 16:00,False,False,False,False,False,False,False,False,Conover,NC ,Conover,NC 
7626,206466105,2/10/2017 16:51,2/10/2017 17:00,2/13/2017 9:19,2/13/2017 9:00,2/14/2017 10:00,835.0,825.0,10.0,476.6,DRV,2.0,,False,0,Carrier 1559850,Shipper 744,True,True,True,2/13/2017 15:45,2/14/2017 16:00,False,False,False,False,False,False,False,False,Conover,NC ,Conover,NC 
7627,206656561,1/27/2017 14:54,1/27/2017 14:55,1/30/2017 11:51,1/30/2017 8:00,1/31/2017 12:00,835.0,800.0,35.0,476.6,DRV,,,False,0,Carrier 1693553,Shipper 744,True,True,True,1/30/2017 17:00,1/31/2017 16:00,False,False,False,False,False,False,False,False,Conover,NC ,Conover,NC 
7628,206551473,9/6/2017 11:17,9/6/2017 11:18,9/15/2017 12:01,9/17/2017 17:00,9/18/2017 1:30,835.0,650.0,185.0,130.8,DRV,,,False,1,Carrier 1693589,Shipper 758,True,True,True,9/17/2017 17:00,9/18/2017 1:30,False,False,False,False,False,False,False,False,Hawkins,TX ,Hawkins,TX 
7629,206494721,1/27/2017 14:56,1/27/2017 14:56,1/30/2017 12:05,1/31/2017 8:00,2/1/2017 11:00,835.0,800.0,35.0,476.6,DRV,3.0,,False,0,Carrier 978321,Shipper 744,True,True,True,1/31/2017 17:00,2/1/2017 16:00,False,False,False,False,False,False,False,False,Conover,NC ,Conover,NC 
7630,206485769,6/13/2017 12:10,6/13/2017 12:11,6/13/2017 16:22,6/14/2017 14:00,6/15/2017 9:00,834.71,800.0,34.71,602.9,DRV,,,False,0,Carrier 1693719,Shipper 989,True,True,True,6/14/2017 14:00,6/15/2017 16:30,False,False,False,False,False,False,False,False,Cherry Hill,NJ ,Cherry Hill,NJ 
7631,206727729,6/16/2017 8:20,6/16/2017 8:21,6/19/2017 13:22,6/20/2017 8:00,6/21/2017 7:00,834.25,810.0,24.25,274.9,DRV,,,False,0,Carrier 92157,Shipper 623,True,True,True,6/20/2017 15:00,6/21/2017 6:00,False,False,False,False,False,False,False,False,Reading,PA ,Reading,PA 
7632,206494889,12/18/2017 17:05,12/18/2017 17:05,12/19/2017 10:11,12/19/2017 15:00,12/20/2017 13:00,833.08,1300.0,-466.92,352.3,DRV,,dat_in,False,0,Carrier 690828,Shipper 1249,True,True,True,12/19/2017 15:00,12/20/2017 9:00,False,False,False,False,False,False,False,False,St. Louis,MO ,St. Louis,MO 
7633,206640873,12/18/2017 17:02,12/18/2017 17:02,12/19/2017 18:00,12/20/2017 11:00,12/21/2017 10:03,833.08,1500.0,-666.92,352.3,DRV,,,False,0,Carrier 89123,Shipper 1249,True,True,True,12/20/2017 11:00,12/21/2017 9:00,False,False,False,False,False,False,False,False,St. Louis,MO ,St. Louis,MO 
7634,206640873,12/18/2017 17:02,12/18/2017 17:02,12/19/2017 18:00,12/20/2017 11:00,12/21/2017 10:03,833.08,1500.0,-666.92,352.3,DRV,,,False,0,Carrier 89123,Shipper 1375,True,True,True,12/20/2017 11:00,12/21/2017 9:00,False,False,False,False,False,False,False,False,St. Louis,MO ,St. Louis,MO 
7635,206494889,12/18/2017 17:05,12/18/2017 17:05,12/19/2017 10:11,12/19/2017 15:00,12/20/2017 13:00,833.08,1300.0,-466.92,352.3,DRV,,dat_in,False,0,Carrier 690828,Shipper 1375,True,True,True,12/19/2017 15:00,12/20/2017 9:00,False,False,False,False,False,False,False,False,St. Louis,MO ,St. Louis,MO 
7636,206510033,12/18/2017 17:08,12/18/2017 17:08,12/19/2017 17:52,12/20/2017 11:00,12/21/2017 13:00,833.08,1200.0,-366.92,352.3,DRV,,,False,0,Carrier 5046,Shipper 1249,True,True,True,12/20/2017 13:00,12/21/2017 9:00,False,False,False,False,False,False,False,False,St. Louis,MO ,St. Louis,MO 
7637,206640873,12/18/2017 17:02,12/18/2017 17:02,12/19/2017 18:00,12/20/2017 11:00,12/21/2017 10:03,833.08,1500.0,-666.92,352.3,DRV,,,False,0,Carrier 89123,Shipper 1386,True,True,True,12/20/2017 11:00,12/21/2017 9:00,False,False,False,False,False,False,False,False,St. Louis,MO ,St. Louis,MO 
7638,206640873,12/18/2017 17:02,12/18/2017 17:02,12/19/2017 18:00,12/20/2017 11:00,12/21/2017 10:03,833.08,1500.0,-666.92,352.3,DRV,,,False,0,Carrier 89123,Shipper 1248,True,True,True,12/20/2017 11:00,12/21/2017 9:00,False,False,False,False,False,False,False,False,St. Louis,MO ,St. Louis,MO 
7639,206494889,12/18/2017 17:05,12/18/2017 17:05,12/19/2017 10:11,12/19/2017 15:00,12/20/2017 13:00,833.08,1300.0,-466.92,352.3,DRV,,dat_in,False,0,Carrier 690828,Shipper 1386,True,True,True,12/19/2017 15:00,12/20/2017 9:00,False,False,False,False,False,False,False,False,St. Louis,MO ,St. Louis,MO 
7640,206640873,12/18/2017 17:02,12/18/2017 17:02,12/19/2017 18:00,12/20/2017 11:00,12/21/2017 10:03,833.08,1500.0,-666.92,352.3,DRV,,,False,0,Carrier 89123,Shipper 1387,True,True,True,12/20/2017 11:00,12/21/2017 9:00,False,False,False,False,False,False,False,False,St. Louis,MO ,St. Louis,MO 
7641,206510033,12/18/2017 17:08,12/18/2017 17:08,12/19/2017 17:52,12/20/2017 11:00,12/21/2017 13:00,833.08,1200.0,-366.92,352.3,DRV,,,False,0,Carrier 5046,Shipper 1375,True,True,True,12/20/2017 13:00,12/21/2017 9:00,False,False,False,False,False,False,False,False,St. Louis,MO ,St. Louis,MO 
7642,206494889,12/18/2017 17:05,12/18/2017 17:05,12/19/2017 10:11,12/19/2017 15:00,12/20/2017 13:00,833.08,1300.0,-466.92,352.3,DRV,,dat_in,False,0,Carrier 690828,Shipper 1248,True,True,True,12/19/2017 15:00,12/20/2017 9:00,False,False,False,False,False,False,False,False,St. Louis,MO ,St. Louis,MO 
7643,206640873,12/18/2017 17:02,12/18/2017 17:02,12/19/2017 18:00,12/20/2017 11:00,12/21/2017 10:03,833.08,1500.0,-666.92,352.3,DRV,,,False,0,Carrier 89123,Shipper 1388,True,True,True,12/20/2017 11:00,12/21/2017 9:00,False,False,False,False,False,False,False,False,St. Louis,MO ,St. Louis,MO 
7644,206494889,12/18/2017 17:05,12/18/2017 17:05,12/19/2017 10:11,12/19/2017 15:00,12/20/2017 13:00,833.08,1300.0,-466.92,352.3,DRV,,dat_in,False,0,Carrier 690828,Shipper 1387,True,True,True,12/19/2017 15:00,12/20/2017 9:00,False,False,False,False,False,False,False,False,St. Louis,MO ,St. Louis,MO 
7645,206494889,12/18/2017 17:05,12/18/2017 17:05,12/19/2017 10:11,12/19/2017 15:00,12/20/2017 13:00,833.08,1300.0,-466.92,352.3,DRV,,dat_in,False,0,Carrier 690828,Shipper 1388,True,True,True,12/19/2017 15:00,12/20/2017 9:00,False,False,False,False,False,False,False,False,St. Louis,MO ,St. Louis,MO 
7646,206510033,12/18/2017 17:08,12/18/2017 17:08,12/19/2017 17:52,12/20/2017 11:00,12/21/2017 13:00,833.08,1200.0,-366.92,352.3,DRV,,,False,0,Carrier 5046,Shipper 1386,True,True,True,12/20/2017 13:00,12/21/2017 9:00,False,False,False,False,False,False,False,False,St. Louis,MO ,St. Louis,MO 
7647,206510033,12/18/2017 17:08,12/18/2017 17:08,12/19/2017 17:52,12/20/2017 11:00,12/21/2017 13:00,833.08,1200.0,-366.92,352.3,DRV,,,False,0,Carrier 5046,Shipper 1248,True,True,True,12/20/2017 13:00,12/21/2017 9:00,False,False,False,False,False,False,False,False,St. Louis,MO ,St. Louis,MO 
7648,206510033,12/18/2017 17:08,12/18/2017 17:08,12/19/2017 17:52,12/20/2017 11:00,12/21/2017 13:00,833.08,1200.0,-366.92,352.3,DRV,,,False,0,Carrier 5046,Shipper 1387,True,True,True,12/20/2017 13:00,12/21/2017 9:00,False,False,False,False,False,False,False,False,St. Louis,MO ,St. Louis,MO 
7649,206510033,12/18/2017 17:08,12/18/2017 17:08,12/19/2017 17:52,12/20/2017 11:00,12/21/2017 13:00,833.08,1200.0,-366.92,352.3,DRV,,,False,0,Carrier 5046,Shipper 1388,True,True,True,12/20/2017 13:00,12/21/2017 9:00,False,False,False,False,False,False,False,False,St. Louis,MO ,St. Louis,MO 
7650,206492017,12/19/2017 8:55,12/19/2017 8:55,12/19/2017 18:07,12/20/2017 16:00,12/22/2017 8:30,832.0,1200.0,-368.0,259.1,DRV,,carrier_capacity,False,0,Carrier 57804,Shipper 1249,True,True,True,12/21/2017 16:00,12/21/2017 8:00,False,False,False,False,False,False,False,False,Cartersville,GA ,Cartersville,GA 
7651,206492017,12/19/2017 8:55,12/19/2017 8:55,12/19/2017 18:07,12/20/2017 16:00,12/22/2017 8:30,832.0,1200.0,-368.0,259.1,DRV,,carrier_capacity,False,0,Carrier 57804,Shipper 1375,True,True,True,12/21/2017 16:00,12/21/2017 8:00,False,False,False,False,False,False,False,False,Cartersville,GA ,Cartersville,GA 
7652,206441121,12/18/2017 18:47,12/18/2017 18:47,12/19/2017 9:21,12/19/2017 15:00,12/20/2017 9:00,832.0,950.0,-118.0,259.1,DRV,,dat_in,False,0,Carrier 1328445,Shipper 1249,True,True,True,12/19/2017 15:00,12/20/2017 8:00,False,False,False,False,False,False,False,False,Cartersville,GA ,Cartersville,GA 
7653,206492017,12/19/2017 8:55,12/19/2017 8:55,12/19/2017 18:07,12/20/2017 16:00,12/22/2017 8:30,832.0,1200.0,-368.0,259.1,DRV,,carrier_capacity,False,0,Carrier 57804,Shipper 1386,True,True,True,12/21/2017 16:00,12/21/2017 8:00,False,False,False,False,False,False,False,False,Cartersville,GA ,Cartersville,GA 
7654,206481841,12/18/2017 17:55,12/18/2017 17:55,12/19/2017 11:59,12/20/2017 13:00,12/21/2017 10:30,832.0,900.0,-68.0,259.1,DRV,,source_list,False,0,Carrier 106770,Shipper 1249,True,True,True,12/20/2017 13:00,12/21/2017 7:00,False,False,False,False,False,False,False,False,Cartersville,GA ,Cartersville,GA 
7655,206441121,12/18/2017 18:47,12/18/2017 18:47,12/19/2017 9:21,12/19/2017 15:00,12/20/2017 9:00,832.0,950.0,-118.0,259.1,DRV,,dat_in,False,0,Carrier 1328445,Shipper 1375,True,True,True,12/19/2017 15:00,12/20/2017 8:00,False,False,False,False,False,False,False,False,Cartersville,GA ,Cartersville,GA 
7656,206492017,12/19/2017 8:55,12/19/2017 8:55,12/19/2017 18:07,12/20/2017 16:00,12/22/2017 8:30,832.0,1200.0,-368.0,259.1,DRV,,carrier_capacity,False,0,Carrier 57804,Shipper 1248,True,True,True,12/21/2017 16:00,12/21/2017 8:00,False,False,False,False,False,False,False,False,Cartersville,GA ,Cartersville,GA 
7657,206481841,12/18/2017 17:55,12/18/2017 17:55,12/19/2017 11:59,12/20/2017 13:00,12/21/2017 10:30,832.0,900.0,-68.0,259.1,DRV,,source_list,False,0,Carrier 106770,Shipper 1375,True,True,True,12/20/2017 13:00,12/21/2017 7:00,False,False,False,False,False,False,False,False,Cartersville,GA ,Cartersville,GA 
7658,206492017,12/19/2017 8:55,12/19/2017 8:55,12/19/2017 18:07,12/20/2017 16:00,12/22/2017 8:30,832.0,1200.0,-368.0,259.1,DRV,,carrier_capacity,False,0,Carrier 57804,Shipper 1387,True,True,True,12/21/2017 16:00,12/21/2017 8:00,False,False,False,False,False,False,False,False,Cartersville,GA ,Cartersville,GA 
7659,206441121,12/18/2017 18:47,12/18/2017 18:47,12/19/2017 9:21,12/19/2017 15:00,12/20/2017 9:00,832.0,950.0,-118.0,259.1,DRV,,dat_in,False,0,Carrier 1328445,Shipper 1386,True,True,True,12/19/2017 15:00,12/20/2017 8:00,False,False,False,False,False,False,False,False,Cartersville,GA ,Cartersville,GA 
7660,206492017,12/19/2017 8:55,12/19/2017 8:55,12/19/2017 18:07,12/20/2017 16:00,12/22/2017 8:30,832.0,1200.0,-368.0,259.1,DRV,,carrier_capacity,False,0,Carrier 57804,Shipper 1388,True,True,True,12/21/2017 16:00,12/21/2017 8:00,False,False,False,False,False,False,False,False,Cartersville,GA ,Cartersville,GA 
7661,206481841,12/18/2017 17:55,12/18/2017 17:55,12/19/2017 11:59,12/20/2017 13:00,12/21/2017 10:30,832.0,900.0,-68.0,259.1,DRV,,source_list,False,0,Carrier 106770,Shipper 1386,True,True,True,12/20/2017 13:00,12/21/2017 7:00,False,False,False,False,False,False,False,False,Cartersville,GA ,Cartersville,GA 
7662,206441121,12/18/2017 18:47,12/18/2017 18:47,12/19/2017 9:21,12/19/2017 15:00,12/20/2017 9:00,832.0,950.0,-118.0,259.1,DRV,,dat_in,False,0,Carrier 1328445,Shipper 1248,True,True,True,12/19/2017 15:00,12/20/2017 8:00,False,False,False,False,False,False,False,False,Cartersville,GA ,Cartersville,GA 
7663,206481841,12/18/2017 17:55,12/18/2017 17:55,12/19/2017 11:59,12/20/2017 13:00,12/21/2017 10:30,832.0,900.0,-68.0,259.1,DRV,,source_list,False,0,Carrier 106770,Shipper 1248,True,True,True,12/20/2017 13:00,12/21/2017 7:00,False,False,False,False,False,False,False,False,Cartersville,GA ,Cartersville,GA 
7664,206441121,12/18/2017 18:47,12/18/2017 18:47,12/19/2017 9:21,12/19/2017 15:00,12/20/2017 9:00,832.0,950.0,-118.0,259.1,DRV,,dat_in,False,0,Carrier 1328445,Shipper 1387,True,True,True,12/19/2017 15:00,12/20/2017 8:00,False,False,False,False,False,False,False,False,Cartersville,GA ,Cartersville,GA 
7665,206481841,12/18/2017 17:55,12/18/2017 17:55,12/19/2017 11:59,12/20/2017 13:00,12/21/2017 10:30,832.0,900.0,-68.0,259.1,DRV,,source_list,False,0,Carrier 106770,Shipper 1387,True,True,True,12/20/2017 13:00,12/21/2017 7:00,False,False,False,False,False,False,False,False,Cartersville,GA ,Cartersville,GA 
7666,206441121,12/18/2017 18:47,12/18/2017 18:47,12/19/2017 9:21,12/19/2017 15:00,12/20/2017 9:00,832.0,950.0,-118.0,259.1,DRV,,dat_in,False,0,Carrier 1328445,Shipper 1388,True,True,True,12/19/2017 15:00,12/20/2017 8:00,False,False,False,False,False,False,False,False,Cartersville,GA ,Cartersville,GA 
7667,206481841,12/18/2017 17:55,12/18/2017 17:55,12/19/2017 11:59,12/20/2017 13:00,12/21/2017 10:30,832.0,900.0,-68.0,259.1,DRV,,source_list,False,0,Carrier 106770,Shipper 1388,True,True,True,12/20/2017 13:00,12/21/2017 7:00,False,False,False,False,False,False,False,False,Cartersville,GA ,Cartersville,GA 
7668,206533297,2/22/2017 14:57,2/22/2017 14:57,2/23/2017 16:30,2/23/2017 8:30,2/24/2017 14:00,831.88,775.0,56.88,427.7,DRV,3.0,,False,1,Carrier 76994,Shipper 901,True,True,True,2/23/2017 16:30,2/24/2017 17:00,False,False,False,False,False,False,False,False,Alton,IL ,Alton,IL 
7669,206702233,7/3/2017 17:04,7/3/2017 17:05,7/7/2017 10:07,7/7/2017 9:00,7/10/2017 12:45,830.98,1400.0,-569.02,424.4,DRV,,,False,0,Carrier 341997,Shipper 1501,True,True,True,7/7/2017 17:30,7/10/2017 13:00,False,False,False,False,False,False,False,False,El Campo,TX ,El Campo,TX 
7670,206427217,7/3/2017 17:07,7/3/2017 17:07,7/7/2017 14:18,7/7/2017 9:00,7/10/2017 14:58,830.98,1500.0,-669.02,424.4,DRV,,,False,0,Carrier 9610,Shipper 1501,True,True,True,7/7/2017 17:30,7/10/2017 13:00,False,False,False,False,False,False,False,False,El Campo,TX ,El Campo,TX 
7671,206652057,7/3/2017 16:56,7/3/2017 16:57,7/6/2017 11:51,7/6/2017 9:00,7/7/2017 11:15,830.98,1100.0,-269.02,424.4,DRV,,,False,0,Carrier 14950,Shipper 1501,True,True,True,7/6/2017 17:30,7/7/2017 18:00,False,False,False,False,False,False,False,False,El Campo,TX ,El Campo,TX 
7672,206702233,7/3/2017 17:04,7/3/2017 17:05,7/7/2017 10:07,7/7/2017 9:00,7/10/2017 12:45,830.98,1400.0,-569.02,424.4,DRV,,,False,0,Carrier 341997,Shipper 2658,True,True,True,7/7/2017 17:30,7/10/2017 13:00,False,False,False,False,False,False,False,False,El Campo,TX ,El Campo,TX 
7673,206427217,7/3/2017 17:07,7/3/2017 17:07,7/7/2017 14:18,7/7/2017 9:00,7/10/2017 14:58,830.98,1500.0,-669.02,424.4,DRV,,,False,0,Carrier 9610,Shipper 2658,True,True,True,7/7/2017 17:30,7/10/2017 13:00,False,False,False,False,False,False,False,False,El Campo,TX ,El Campo,TX 
7674,206652057,7/3/2017 16:56,7/3/2017 16:57,7/6/2017 11:51,7/6/2017 9:00,7/7/2017 11:15,830.98,1100.0,-269.02,424.4,DRV,,,False,0,Carrier 14950,Shipper 2658,True,True,True,7/6/2017 17:30,7/7/2017 18:00,False,False,False,False,False,False,False,False,El Campo,TX ,El Campo,TX 
7675,206512745,7/3/2017 16:49,7/3/2017 16:50,7/7/2017 10:19,7/7/2017 9:00,7/10/2017 10:00,830.98,1400.0,-569.02,424.4,DRV,,,False,0,Carrier 1526325,Shipper 1501,True,True,True,7/7/2017 18:00,7/10/2017 18:00,False,False,False,False,False,False,False,False,El Campo,TX ,El Campo,TX 
7676,206512745,7/3/2017 16:49,7/3/2017 16:50,7/7/2017 10:19,7/7/2017 9:00,7/10/2017 10:00,830.98,1400.0,-569.02,424.4,DRV,,,False,0,Carrier 1526325,Shipper 2658,True,True,True,7/7/2017 18:00,7/10/2017 18:00,False,False,False,False,False,False,False,False,El Campo,TX ,El Campo,TX 
7677,206476105,5/19/2017 14:56,5/19/2017 14:56,5/23/2017 11:25,5/23/2017 22:00,5/24/2017 9:50,830.29,700.0,130.29,403.4,DRV,,,False,0,Carrier 1693483,Shipper 1249,True,True,True,5/23/2017 22:00,5/24/2017 13:00,False,False,False,False,False,False,False,False,Aurora,CO ,Aurora,CO 
7678,206476105,5/19/2017 14:56,5/19/2017 14:56,5/23/2017 11:25,5/23/2017 22:00,5/24/2017 9:50,830.29,700.0,130.29,403.4,DRV,,,False,0,Carrier 1693483,Shipper 1375,True,True,True,5/23/2017 22:00,5/24/2017 13:00,False,False,False,False,False,False,False,False,Aurora,CO ,Aurora,CO 
7679,206476105,5/19/2017 14:56,5/19/2017 14:56,5/23/2017 11:25,5/23/2017 22:00,5/24/2017 9:50,830.29,700.0,130.29,403.4,DRV,,,False,0,Carrier 1693483,Shipper 1386,True,True,True,5/23/2017 22:00,5/24/2017 13:00,False,False,False,False,False,False,False,False,Aurora,CO ,Aurora,CO 
7680,206476105,5/19/2017 14:56,5/19/2017 14:56,5/23/2017 11:25,5/23/2017 22:00,5/24/2017 9:50,830.29,700.0,130.29,403.4,DRV,,,False,0,Carrier 1693483,Shipper 1248,True,True,True,5/23/2017 22:00,5/24/2017 13:00,False,False,False,False,False,False,False,False,Aurora,CO ,Aurora,CO 
7681,206476105,5/19/2017 14:56,5/19/2017 14:56,5/23/2017 11:25,5/23/2017 22:00,5/24/2017 9:50,830.29,700.0,130.29,403.4,DRV,,,False,0,Carrier 1693483,Shipper 1387,True,True,True,5/23/2017 22:00,5/24/2017 13:00,False,False,False,False,False,False,False,False,Aurora,CO ,Aurora,CO 
7682,206476105,5/19/2017 14:56,5/19/2017 14:56,5/23/2017 11:25,5/23/2017 22:00,5/24/2017 9:50,830.29,700.0,130.29,403.4,DRV,,,False,0,Carrier 1693483,Shipper 1388,True,True,True,5/23/2017 22:00,5/24/2017 13:00,False,False,False,False,False,False,False,False,Aurora,CO ,Aurora,CO 
7683,206476073,4/6/2017 12:24,4/6/2017 12:24,4/10/2017 11:25,4/10/2017 8:00,4/11/2017 10:00,830.07,850.0,-19.93,719.3,DRV,4.0,,False,2,Carrier 1570109,Shipper 623,False,True,True,4/10/2017 12:00,4/11/2017 9:00,False,False,False,False,False,False,False,False,Reading,PA ,Reading,PA 
7684,206556761,12/14/2017 16:51,12/14/2017 16:51,12/15/2017 9:54,12/17/2017 15:00,12/18/2017 8:58,829.0,1200.0,-371.0,546.7,RFR,,,False,0,Carrier 1013471,Shipper 1249,True,True,True,12/17/2017 15:00,12/18/2017 15:30,False,False,False,False,False,False,False,False,Jacksonville,FL ,Jacksonville,FL 
7685,206556761,12/14/2017 16:51,12/14/2017 16:51,12/15/2017 9:54,12/17/2017 15:00,12/18/2017 8:58,829.0,1200.0,-371.0,546.7,RFR,,,False,0,Carrier 1013471,Shipper 1375,True,True,True,12/17/2017 15:00,12/18/2017 15:30,False,False,False,False,False,False,False,False,Jacksonville,FL ,Jacksonville,FL 
7686,206556761,12/14/2017 16:51,12/14/2017 16:51,12/15/2017 9:54,12/17/2017 15:00,12/18/2017 8:58,829.0,1200.0,-371.0,546.7,RFR,,,False,0,Carrier 1013471,Shipper 1386,True,True,True,12/17/2017 15:00,12/18/2017 15:30,False,False,False,False,False,False,False,False,Jacksonville,FL ,Jacksonville,FL 
7687,206556761,12/14/2017 16:51,12/14/2017 16:51,12/15/2017 9:54,12/17/2017 15:00,12/18/2017 8:58,829.0,1200.0,-371.0,546.7,RFR,,,False,0,Carrier 1013471,Shipper 1248,True,True,True,12/17/2017 15:00,12/18/2017 15:30,False,False,False,False,False,False,False,False,Jacksonville,FL ,Jacksonville,FL 
7688,206556761,12/14/2017 16:51,12/14/2017 16:51,12/15/2017 9:54,12/17/2017 15:00,12/18/2017 8:58,829.0,1200.0,-371.0,546.7,RFR,,,False,0,Carrier 1013471,Shipper 1387,True,True,True,12/17/2017 15:00,12/18/2017 15:30,False,False,False,False,False,False,False,False,Jacksonville,FL ,Jacksonville,FL 
7689,206556761,12/14/2017 16:51,12/14/2017 16:51,12/15/2017 9:54,12/17/2017 15:00,12/18/2017 8:58,829.0,1200.0,-371.0,546.7,RFR,,,False,0,Carrier 1013471,Shipper 1388,True,True,True,12/17/2017 15:00,12/18/2017 15:30,False,False,False,False,False,False,False,False,Jacksonville,FL ,Jacksonville,FL 
7690,206583713,1/24/2017 12:45,1/24/2017 12:45,1/25/2017 11:59,1/25/2017 15:30,1/26/2017 1:00,828.47,626.0,202.47,117.5,RFR,,,False,0,Carrier 10589,Shipper 832,True,True,True,1/25/2017 15:30,1/26/2017 0:00,False,False,False,False,False,False,False,False,Avon,MA ,Avon,MA 
7691,206517665,12/3/2017 22:03,12/3/2017 22:04,12/4/2017 14:22,12/4/2017 13:00,12/5/2017 11:05,828.28,1250.0,-421.72,172.1,DRV,,,False,0,Carrier 1695726,Shipper 1644,True,True,True,12/4/2017 16:00,12/5/2017 12:30,False,False,False,False,False,False,False,False,Wapakoneta,OH ,Wapakoneta,OH 
7692,206659409,4/7/2017 17:29,4/7/2017 17:29,4/17/2017 16:00,4/18/2017 9:00,4/19/2017 23:30,827.88,924.0,-96.12,329.2,DRV,4.0,,False,0,Carrier 552905,Shipper 758,True,True,True,4/19/2017 0:00,4/19/2017 21:00,False,False,False,False,False,False,False,False,Vernon,CA ,Vernon,CA 
7693,206553305,2/27/2017 15:30,2/27/2017 15:35,3/1/2017 8:26,3/1/2017 8:00,3/2/2017 8:00,827.71,725.0,102.71,178.8,DRV,,,False,0,Carrier 369899,Shipper 1052,True,True,True,3/1/2017 15:00,3/2/2017 8:00,False,False,False,False,False,False,False,False,Philadelphia,PA ,Philadelphia,PA 
7694,206476769,12/12/2017 16:24,12/12/2017 16:24,12/18/2017 14:28,12/19/2017 14:00,12/20/2017 10:50,827.04,750.0,77.04,226.8,RFR,,dat_out,False,0,Carrier 1453341,Shipper 1249,True,True,True,12/19/2017 14:00,12/20/2017 10:30,False,False,False,False,False,False,False,False,La Porte,TX ,La Porte,TX 
7695,206476769,12/12/2017 16:24,12/12/2017 16:24,12/18/2017 14:28,12/19/2017 14:00,12/20/2017 10:50,827.04,750.0,77.04,226.8,RFR,,dat_out,False,0,Carrier 1453341,Shipper 1375,True,True,True,12/19/2017 14:00,12/20/2017 10:30,False,False,False,False,False,False,False,False,La Porte,TX ,La Porte,TX 
7696,206476769,12/12/2017 16:24,12/12/2017 16:24,12/18/2017 14:28,12/19/2017 14:00,12/20/2017 10:50,827.04,750.0,77.04,226.8,RFR,,dat_out,False,0,Carrier 1453341,Shipper 1386,True,True,True,12/19/2017 14:00,12/20/2017 10:30,False,False,False,False,False,False,False,False,La Porte,TX ,La Porte,TX 
7697,206476769,12/12/2017 16:24,12/12/2017 16:24,12/18/2017 14:28,12/19/2017 14:00,12/20/2017 10:50,827.04,750.0,77.04,226.8,RFR,,dat_out,False,0,Carrier 1453341,Shipper 1248,True,True,True,12/19/2017 14:00,12/20/2017 10:30,False,False,False,False,False,False,False,False,La Porte,TX ,La Porte,TX 
7698,206476769,12/12/2017 16:24,12/12/2017 16:24,12/18/2017 14:28,12/19/2017 14:00,12/20/2017 10:50,827.04,750.0,77.04,226.8,RFR,,dat_out,False,0,Carrier 1453341,Shipper 1387,True,True,True,12/19/2017 14:00,12/20/2017 10:30,False,False,False,False,False,False,False,False,La Porte,TX ,La Porte,TX 
7699,206476769,12/12/2017 16:24,12/12/2017 16:24,12/18/2017 14:28,12/19/2017 14:00,12/20/2017 10:50,827.04,750.0,77.04,226.8,RFR,,dat_out,False,0,Carrier 1453341,Shipper 1388,True,True,True,12/19/2017 14:00,12/20/2017 10:30,False,False,False,False,False,False,False,False,La Porte,TX ,La Porte,TX 
7700,206548057,4/18/2017 17:13,4/18/2017 17:13,4/19/2017 12:54,4/20/2017 13:00,4/21/2017 14:25,825.78,900.0,-74.22,338.8,RFR,,,False,0,Carrier 1065339,Shipper 1249,True,True,True,4/20/2017 13:00,4/21/2017 14:30,False,False,False,False,False,False,False,False,Houston,TX ,Houston,TX 
7701,206548057,4/18/2017 17:13,4/18/2017 17:13,4/19/2017 12:54,4/20/2017 13:00,4/21/2017 14:25,825.78,900.0,-74.22,338.8,RFR,,,False,0,Carrier 1065339,Shipper 1375,True,True,True,4/20/2017 13:00,4/21/2017 14:30,False,False,False,False,False,False,False,False,Houston,TX ,Houston,TX 
7702,206548057,4/18/2017 17:13,4/18/2017 17:13,4/19/2017 12:54,4/20/2017 13:00,4/21/2017 14:25,825.78,900.0,-74.22,338.8,RFR,,,False,0,Carrier 1065339,Shipper 1386,True,True,True,4/20/2017 13:00,4/21/2017 14:30,False,False,False,False,False,False,False,False,Houston,TX ,Houston,TX 
7703,206548057,4/18/2017 17:13,4/18/2017 17:13,4/19/2017 12:54,4/20/2017 13:00,4/21/2017 14:25,825.78,900.0,-74.22,338.8,RFR,,,False,0,Carrier 1065339,Shipper 1248,True,True,True,4/20/2017 13:00,4/21/2017 14:30,False,False,False,False,False,False,False,False,Houston,TX ,Houston,TX 
7704,206548057,4/18/2017 17:13,4/18/2017 17:13,4/19/2017 12:54,4/20/2017 13:00,4/21/2017 14:25,825.78,900.0,-74.22,338.8,RFR,,,False,0,Carrier 1065339,Shipper 1387,True,True,True,4/20/2017 13:00,4/21/2017 14:30,False,False,False,False,False,False,False,False,Houston,TX ,Houston,TX 
7705,206548057,4/18/2017 17:13,4/18/2017 17:13,4/19/2017 12:54,4/20/2017 13:00,4/21/2017 14:25,825.78,900.0,-74.22,338.8,RFR,,,False,0,Carrier 1065339,Shipper 1388,True,True,True,4/20/2017 13:00,4/21/2017 14:30,False,False,False,False,False,False,False,False,Houston,TX ,Houston,TX 
7706,206535393,3/30/2017 11:31,3/30/2017 11:32,4/4/2017 10:42,4/4/2017 12:30,4/5/2017 10:30,825.63,900.0,-74.37,427.7,DRV,,,False,0,Carrier 1032150,Shipper 901,True,True,True,4/4/2017 16:00,4/5/2017 17:00,False,False,False,False,False,False,False,False,Alton,IL ,Alton,IL 
7707,206472577,10/6/2017 16:39,10/6/2017 16:39,10/9/2017 11:50,10/13/2017 10:00,10/14/2017 2:50,825.58,680.0,145.58,232.3,DRV,,,False,0,Carrier 1558859,Shipper 758,True,True,True,10/13/2017 17:00,10/13/2017 22:00,False,False,False,False,False,False,False,False,Taft,CA ,Taft,CA 
7708,206485033,11/8/2017 10:30,11/8/2017 10:30,11/11/2017 10:34,11/13/2017 23:00,11/14/2017 9:23,825.5,600.0,225.5,0.0,RFR,,,False,0,Carrier 67837,Shipper 758,False,True,True,11/13/2017 23:00,11/14/2017 5:00,False,False,False,False,False,False,False,False,Tracy,CA ,Tracy,CA 
7709,206688553,3/13/2017 13:38,3/13/2017 13:38,3/13/2017 16:15,3/14/2017 19:00,3/15/2017 11:00,825.0,450.0,375.0,303.3,DRV,,,False,0,Carrier 1046673,Shipper 866,True,True,True,3/14/2017 20:00,3/15/2017 10:00,False,False,False,False,False,False,False,False,Crows Landing,CA ,Crows Landing,CA 
7710,206426089,1/24/2017 13:11,1/24/2017 13:11,1/24/2017 13:33,1/24/2017 17:00,1/25/2017 13:15,825.0,650.0,175.0,303.3,DRV,,,False,0,Carrier 72416,Shipper 866,True,True,True,1/24/2017 18:00,1/25/2017 11:00,False,False,False,False,False,False,False,False,Crows Landing,CA ,Crows Landing,CA 
7711,206558985,2/20/2017 13:24,2/20/2017 13:24,2/20/2017 14:16,2/20/2017 16:00,2/21/2017 13:00,825.0,450.0,375.0,303.3,DRV,,,False,1,Carrier 1058232,Shipper 866,False,True,True,2/20/2017 16:00,2/21/2017 11:00,False,False,False,False,False,False,False,False,Crows Landing,CA ,Crows Landing,CA 
7712,206610073,2/7/2017 9:42,2/7/2017 9:43,2/7/2017 10:52,2/7/2017 15:00,2/8/2017 11:30,825.0,450.0,375.0,303.3,DRV,,,False,0,Carrier 1372858,Shipper 866,True,True,True,2/7/2017 19:00,2/8/2017 10:00,False,False,False,False,False,False,False,False,Crows Landing,CA ,Crows Landing,CA 
7713,206484721,1/25/2017 16:37,1/25/2017 16:37,1/26/2017 12:51,1/26/2017 18:30,1/27/2017 10:05,825.0,500.0,325.0,303.3,DRV,,,False,0,Carrier 1058232,Shipper 866,True,True,True,1/26/2017 19:00,1/27/2017 10:00,False,False,False,False,False,False,False,False,Crows Landing,CA ,Crows Landing,CA 
7714,206514001,7/18/2017 10:35,7/18/2017 10:35,7/18/2017 11:36,7/18/2017 9:00,7/19/2017 11:15,825.0,800.0,25.0,134.2,DRV,,,False,0,Carrier 1066565,Shipper 705,True,True,True,7/18/2017 16:00,7/19/2017 12:00,False,False,False,False,False,False,False,False,Pennsauken Township,NJ ,Pennsauken Township,NJ 
7715,206518841,11/16/2017 10:33,11/16/2017 10:33,11/17/2017 10:11,11/21/2017 10:00,11/22/2017 2:00,823.06,555.0,268.06,20.0,DRV,,,False,0,Carrier 1558859,Shipper 758,True,True,True,11/21/2017 18:00,11/21/2017 21:00,False,False,False,False,False,False,False,False,Stockton,CA ,Stockton,CA 
7716,206554761,12/18/2017 16:40,12/18/2017 16:40,12/21/2017 13:08,12/21/2017 12:00,12/22/2017 13:00,822.24,1200.0,-377.76,271.2,DRV,,dat_in,False,1,Carrier 941668,Shipper 1249,True,True,True,12/21/2017 20:00,12/22/2017 16:00,False,False,False,False,False,False,False,False,Cartersville,GA ,Cartersville,GA 
7717,206554761,12/18/2017 16:40,12/18/2017 16:40,12/21/2017 13:08,12/21/2017 12:00,12/22/2017 13:00,822.24,1200.0,-377.76,271.2,DRV,,dat_in,False,1,Carrier 941668,Shipper 1375,True,True,True,12/21/2017 20:00,12/22/2017 16:00,False,False,False,False,False,False,False,False,Cartersville,GA ,Cartersville,GA 
7718,206554761,12/18/2017 16:40,12/18/2017 16:40,12/21/2017 13:08,12/21/2017 12:00,12/22/2017 13:00,822.24,1200.0,-377.76,271.2,DRV,,dat_in,False,1,Carrier 941668,Shipper 1386,True,True,True,12/21/2017 20:00,12/22/2017 16:00,False,False,False,False,False,False,False,False,Cartersville,GA ,Cartersville,GA 
7719,206561825,12/18/2017 19:05,12/18/2017 19:05,12/21/2017 9:20,12/21/2017 15:00,12/22/2017 8:20,822.24,1350.0,-527.76,271.2,DRV,,dat_in,False,1,Carrier 994003,Shipper 1249,True,True,True,12/21/2017 15:00,12/22/2017 16:00,False,False,False,False,False,False,False,False,Cartersville,GA ,Cartersville,GA 
7720,206554761,12/18/2017 16:40,12/18/2017 16:40,12/21/2017 13:08,12/21/2017 12:00,12/22/2017 13:00,822.24,1200.0,-377.76,271.2,DRV,,dat_in,False,1,Carrier 941668,Shipper 1248,True,True,True,12/21/2017 20:00,12/22/2017 16:00,False,False,False,False,False,False,False,False,Cartersville,GA ,Cartersville,GA 
7721,206554761,12/18/2017 16:40,12/18/2017 16:40,12/21/2017 13:08,12/21/2017 12:00,12/22/2017 13:00,822.24,1200.0,-377.76,271.2,DRV,,dat_in,False,1,Carrier 941668,Shipper 1387,True,True,True,12/21/2017 20:00,12/22/2017 16:00,False,False,False,False,False,False,False,False,Cartersville,GA ,Cartersville,GA 
7722,206561825,12/18/2017 19:05,12/18/2017 19:05,12/21/2017 9:20,12/21/2017 15:00,12/22/2017 8:20,822.24,1350.0,-527.76,271.2,DRV,,dat_in,False,1,Carrier 994003,Shipper 1375,True,True,True,12/21/2017 15:00,12/22/2017 16:00,False,False,False,False,False,False,False,False,Cartersville,GA ,Cartersville,GA 
7723,206554761,12/18/2017 16:40,12/18/2017 16:40,12/21/2017 13:08,12/21/2017 12:00,12/22/2017 13:00,822.24,1200.0,-377.76,271.2,DRV,,dat_in,False,1,Carrier 941668,Shipper 1388,True,True,True,12/21/2017 20:00,12/22/2017 16:00,False,False,False,False,False,False,False,False,Cartersville,GA ,Cartersville,GA 
7724,206561825,12/18/2017 19:05,12/18/2017 19:05,12/21/2017 9:20,12/21/2017 15:00,12/22/2017 8:20,822.24,1350.0,-527.76,271.2,DRV,,dat_in,False,1,Carrier 994003,Shipper 1386,True,True,True,12/21/2017 15:00,12/22/2017 16:00,False,False,False,False,False,False,False,False,Cartersville,GA ,Cartersville,GA 
7725,206561825,12/18/2017 19:05,12/18/2017 19:05,12/21/2017 9:20,12/21/2017 15:00,12/22/2017 8:20,822.24,1350.0,-527.76,271.2,DRV,,dat_in,False,1,Carrier 994003,Shipper 1248,True,True,True,12/21/2017 15:00,12/22/2017 16:00,False,False,False,False,False,False,False,False,Cartersville,GA ,Cartersville,GA 
7726,206561825,12/18/2017 19:05,12/18/2017 19:05,12/21/2017 9:20,12/21/2017 15:00,12/22/2017 8:20,822.24,1350.0,-527.76,271.2,DRV,,dat_in,False,1,Carrier 994003,Shipper 1387,True,True,True,12/21/2017 15:00,12/22/2017 16:00,False,False,False,False,False,False,False,False,Cartersville,GA ,Cartersville,GA 
7727,206561825,12/18/2017 19:05,12/18/2017 19:05,12/21/2017 9:20,12/21/2017 15:00,12/22/2017 8:20,822.24,1350.0,-527.76,271.2,DRV,,dat_in,False,1,Carrier 994003,Shipper 1388,True,True,True,12/21/2017 15:00,12/22/2017 16:00,False,False,False,False,False,False,False,False,Cartersville,GA ,Cartersville,GA 
7728,206524001,11/17/2017 8:39,11/17/2017 8:39,11/17/2017 10:30,11/17/2017 12:00,11/20/2017 11:30,820.0,750.0,70.0,684.9,DRV,,,False,0,Carrier 1266886,Shipper 923,True,True,True,11/17/2017 12:00,11/20/2017 9:00,False,False,False,False,False,False,False,False,Medley,FL ,Medley,FL 
7729,206428929,5/19/2017 17:45,5/19/2017 17:47,5/22/2017 13:59,5/23/2017 8:30,5/24/2017 13:45,819.34,650.0,169.34,426.8,DRV,2.0,,False,0,Carrier 664,Shipper 971,,,,5/23/2017 16:00,5/24/2017 12:00,False,False,False,False,False,False,False,False,Owensboro,KY ,Owensboro,KY 
7730,206468313,7/18/2017 9:37,7/18/2017 9:37,7/20/2017 18:04,7/24/2017 19:00,7/25/2017 15:00,818.9,850.0,-31.1,284.1,RFR,,,False,0,Carrier 464981,Shipper 758,True,True,True,7/24/2017 19:00,7/25/2017 10:00,False,False,False,False,False,False,False,False,Kent,WA ,Kent,WA 
7731,206501721,12/18/2017 22:59,12/18/2017 22:59,12/20/2017 8:28,12/20/2017 16:00,12/22/2017 8:00,818.48,2200.0,-1381.52,402.7,DRV,,dat_out,False,0,Carrier 166414,Shipper 1249,True,True,True,12/20/2017 16:00,12/22/2017 7:00,False,False,False,False,False,False,False,False,Fort Collins,CO ,Fort Collins,CO 
7732,206501721,12/18/2017 22:59,12/18/2017 22:59,12/20/2017 8:28,12/20/2017 16:00,12/22/2017 8:00,818.48,2200.0,-1381.52,402.7,DRV,,dat_out,False,0,Carrier 166414,Shipper 1375,True,True,True,12/20/2017 16:00,12/22/2017 7:00,False,False,False,False,False,False,False,False,Fort Collins,CO ,Fort Collins,CO 
7733,206501721,12/18/2017 22:59,12/18/2017 22:59,12/20/2017 8:28,12/20/2017 16:00,12/22/2017 8:00,818.48,2200.0,-1381.52,402.7,DRV,,dat_out,False,0,Carrier 166414,Shipper 1386,True,True,True,12/20/2017 16:00,12/22/2017 7:00,False,False,False,False,False,False,False,False,Fort Collins,CO ,Fort Collins,CO 
7734,206501721,12/18/2017 22:59,12/18/2017 22:59,12/20/2017 8:28,12/20/2017 16:00,12/22/2017 8:00,818.48,2200.0,-1381.52,402.7,DRV,,dat_out,False,0,Carrier 166414,Shipper 1248,True,True,True,12/20/2017 16:00,12/22/2017 7:00,False,False,False,False,False,False,False,False,Fort Collins,CO ,Fort Collins,CO 
7735,206501721,12/18/2017 22:59,12/18/2017 22:59,12/20/2017 8:28,12/20/2017 16:00,12/22/2017 8:00,818.48,2200.0,-1381.52,402.7,DRV,,dat_out,False,0,Carrier 166414,Shipper 1387,True,True,True,12/20/2017 16:00,12/22/2017 7:00,False,False,False,False,False,False,False,False,Fort Collins,CO ,Fort Collins,CO 
7736,206501721,12/18/2017 22:59,12/18/2017 22:59,12/20/2017 8:28,12/20/2017 16:00,12/22/2017 8:00,818.48,2200.0,-1381.52,402.7,DRV,,dat_out,False,0,Carrier 166414,Shipper 1388,True,True,True,12/20/2017 16:00,12/22/2017 7:00,False,False,False,False,False,False,False,False,Fort Collins,CO ,Fort Collins,CO 
7737,206474249,11/8/2017 13:39,11/8/2017 13:39,11/14/2017 10:18,11/14/2017 19:50,11/15/2017 11:00,817.99,690.0,127.99,28.6,DRV,,,False,1,Carrier 1558758,Shipper 758,True,True,True,11/14/2017 19:50,11/15/2017 8:00,False,False,False,False,False,False,False,False,Modesto,CA ,Modesto,CA 
7738,206468289,3/27/2017 11:59,3/27/2017 11:59,3/28/2017 12:11,3/28/2017 11:00,3/29/2017 11:23,817.21,850.0,-32.79,610.4,DRV,,,False,0,Carrier 835102,Shipper 989,True,True,True,3/28/2017 19:00,3/29/2017 19:00,False,False,False,False,False,False,False,False,Portland,OR ,Portland,OR 
7739,206475153,12/18/2017 18:30,12/18/2017 18:30,12/27/2017 12:47,12/27/2017 18:00,12/29/2017 12:00,817.21,750.0,67.21,146.0,DRV,,,False,0,Carrier 118956,Shipper 1249,True,False,True,12/27/2017 18:00,12/28/2017 13:00,False,False,False,False,False,False,False,False,Los Angeles,CA ,Los Angeles,CA 
7740,206475153,12/18/2017 18:30,12/18/2017 18:30,12/27/2017 12:47,12/27/2017 18:00,12/29/2017 12:00,817.21,750.0,67.21,146.0,DRV,,,False,0,Carrier 118956,Shipper 1375,True,False,True,12/27/2017 18:00,12/28/2017 13:00,False,False,False,False,False,False,False,False,Los Angeles,CA ,Los Angeles,CA 
7741,206475153,12/18/2017 18:30,12/18/2017 18:30,12/27/2017 12:47,12/27/2017 18:00,12/29/2017 12:00,817.21,750.0,67.21,146.0,DRV,,,False,0,Carrier 118956,Shipper 1386,True,False,True,12/27/2017 18:00,12/28/2017 13:00,False,False,False,False,False,False,False,False,Los Angeles,CA ,Los Angeles,CA 
7742,206475153,12/18/2017 18:30,12/18/2017 18:30,12/27/2017 12:47,12/27/2017 18:00,12/29/2017 12:00,817.21,750.0,67.21,146.0,DRV,,,False,0,Carrier 118956,Shipper 1248,True,False,True,12/27/2017 18:00,12/28/2017 13:00,False,False,False,False,False,False,False,False,Los Angeles,CA ,Los Angeles,CA 
7743,206475153,12/18/2017 18:30,12/18/2017 18:30,12/27/2017 12:47,12/27/2017 18:00,12/29/2017 12:00,817.21,750.0,67.21,146.0,DRV,,,False,0,Carrier 118956,Shipper 1387,True,False,True,12/27/2017 18:00,12/28/2017 13:00,False,False,False,False,False,False,False,False,Los Angeles,CA ,Los Angeles,CA 
7744,206475153,12/18/2017 18:30,12/18/2017 18:30,12/27/2017 12:47,12/27/2017 18:00,12/29/2017 12:00,817.21,750.0,67.21,146.0,DRV,,,False,0,Carrier 118956,Shipper 1388,True,False,True,12/27/2017 18:00,12/28/2017 13:00,False,False,False,False,False,False,False,False,Los Angeles,CA ,Los Angeles,CA 
7745,206422593,7/31/2017 13:31,7/31/2017 13:31,8/1/2017 10:59,8/2/2017 9:00,8/3/2017 1:30,816.41,966.0,-149.59,325.9,DRV,,,False,0,Carrier 552905,Shipper 758,True,True,True,8/2/2017 9:00,8/2/2017 21:30,False,False,False,False,False,False,False,False,Los Angeles,CA ,Los Angeles,CA 
7746,206476217,6/26/2017 17:11,6/26/2017 17:12,6/28/2017 8:38,6/28/2017 7:00,6/29/2017 10:00,815.81,800.0,15.81,95.1,DRV,,,False,0,Carrier 34070,Shipper 1249,True,True,True,6/28/2017 11:00,6/29/2017 8:00,False,False,False,False,False,False,False,False,Cartersville,GA ,Cartersville,GA 
7747,206476217,6/26/2017 17:11,6/26/2017 17:12,6/28/2017 8:38,6/28/2017 7:00,6/29/2017 10:00,815.81,800.0,15.81,95.1,DRV,,,False,0,Carrier 34070,Shipper 1375,True,True,True,6/28/2017 11:00,6/29/2017 8:00,False,False,False,False,False,False,False,False,Cartersville,GA ,Cartersville,GA 
7748,206476217,6/26/2017 17:11,6/26/2017 17:12,6/28/2017 8:38,6/28/2017 7:00,6/29/2017 10:00,815.81,800.0,15.81,95.1,DRV,,,False,0,Carrier 34070,Shipper 1386,True,True,True,6/28/2017 11:00,6/29/2017 8:00,False,False,False,False,False,False,False,False,Cartersville,GA ,Cartersville,GA 
7749,206476217,6/26/2017 17:11,6/26/2017 17:12,6/28/2017 8:38,6/28/2017 7:00,6/29/2017 10:00,815.81,800.0,15.81,95.1,DRV,,,False,0,Carrier 34070,Shipper 1248,True,True,True,6/28/2017 11:00,6/29/2017 8:00,False,False,False,False,False,False,False,False,Cartersville,GA ,Cartersville,GA 
7750,206476217,6/26/2017 17:11,6/26/2017 17:12,6/28/2017 8:38,6/28/2017 7:00,6/29/2017 10:00,815.81,800.0,15.81,95.1,DRV,,,False,0,Carrier 34070,Shipper 1387,True,True,True,6/28/2017 11:00,6/29/2017 8:00,False,False,False,False,False,False,False,False,Cartersville,GA ,Cartersville,GA 
7751,206476217,6/26/2017 17:11,6/26/2017 17:12,6/28/2017 8:38,6/28/2017 7:00,6/29/2017 10:00,815.81,800.0,15.81,95.1,DRV,,,False,0,Carrier 34070,Shipper 1388,True,True,True,6/28/2017 11:00,6/29/2017 8:00,False,False,False,False,False,False,False,False,Cartersville,GA ,Cartersville,GA 
7752,206555401,2/6/2017 11:28,2/6/2017 11:28,2/7/2017 12:15,2/8/2017 8:00,2/8/2017 15:30,815.0,750.0,65.0,158.4,DRV,4.0,,False,0,Carrier 1084218,Shipper 1175,True,True,True,2/8/2017 8:00,2/8/2017 16:00,False,False,False,False,False,False,False,False,Philadelphia,PA ,Philadelphia,PA 
7753,206427833,11/5/2017 19:42,11/5/2017 19:42,11/6/2017 15:54,11/7/2017 8:00,11/7/2017 17:00,814.08,850.0,-35.92,150.1,DRV,,,False,0,Carrier 115190,Shipper 1644,True,True,True,11/7/2017 12:00,11/7/2017 19:00,False,False,False,False,False,False,False,False,Dublin,VA ,Dublin,VA 
7754,206747865,10/13/2017 16:27,10/13/2017 16:27,10/16/2017 13:15,10/20/2017 11:00,10/21/2017 3:05,813.08,670.0,143.08,232.3,DRV,,,False,0,Carrier 1558859,Shipper 758,True,True,True,10/20/2017 17:00,10/20/2017 23:00,False,False,False,False,False,False,False,False,Taft,CA ,Taft,CA 
7755,206596801,10/25/2017 12:32,10/25/2017 12:32,10/31/2017 14:12,10/31/2017 9:00,11/1/2017 3:25,813.08,860.0,-46.92,232.3,DRV,,,False,1,Carrier 1695629,Shipper 758,True,True,True,10/31/2017 17:00,10/31/2017 23:00,False,False,False,False,False,False,False,False,Taft,CA ,Taft,CA 
7756,206586385,6/6/2017 11:50,6/6/2017 11:50,6/9/2017 12:16,6/9/2017 11:00,6/12/2017 12:38,812.67,1100.0,-287.33,340.6,DRV,,,False,0,Carrier 945233,Shipper 1048,True,False,False,6/9/2017 18:00,6/12/2017 9:00,False,False,False,False,False,False,False,False,Laredo,TX ,Laredo,TX 
7757,206643049,6/6/2017 12:06,6/6/2017 12:06,6/8/2017 16:17,6/8/2017 18:00,6/9/2017 12:00,812.67,1300.0,-487.33,340.6,DRV,,,False,0,Carrier 102819,Shipper 1048,False,True,True,6/8/2017 21:00,6/9/2017 11:00,False,False,False,False,False,False,False,False,Laredo,TX ,Laredo,TX 
7758,206470137,3/28/2017 15:15,3/28/2017 15:15,4/3/2017 11:16,4/3/2017 20:00,4/5/2017 6:45,812.5,950.0,-137.5,526.0,DRV,,,False,0,Carrier 1448922,Shipper 758,True,True,True,4/3/2017 20:00,4/5/2017 0:00,False,False,False,False,False,False,False,False,Henderson,NV ,Henderson,NV 
7759,206530201,5/19/2017 14:29,5/19/2017 14:30,5/19/2017 16:44,5/22/2017 15:00,5/23/2017 9:30,812.28,775.0,37.28,417.2,DRV,4.0,,False,0,Carrier 22948,Shipper 744,True,True,True,5/22/2017 15:00,5/23/2017 15:45,False,False,False,False,False,False,False,False,Montgomery,AL ,Montgomery,AL 
7760,206490609,12/4/2017 10:26,12/4/2017 10:31,12/5/2017 7:04,12/7/2017 9:00,12/7/2017 15:00,810.95,700.0,110.95,135.7,DRV,,,False,0,Carrier 97236,Shipper 1078,True,True,True,12/7/2017 11:00,12/7/2017 14:30,False,False,False,False,False,True,False,False,Hackettstown,NJ ,Hackettstown,NJ 
7761,206495561,3/28/2017 9:15,3/28/2017 9:26,3/29/2017 13:59,3/30/2017 9:00,3/30/2017 21:00,810.26,800.0,10.26,464.3,DRV,,,False,0,Carrier 1039317,Shipper 744,True,True,True,3/30/2017 15:30,3/31/2017 23:00,False,False,False,False,False,False,False,False,Conover,NC ,Conover,NC 
7762,206426745,4/5/2017 9:58,4/5/2017 9:59,4/6/2017 11:34,4/6/2017 6:00,4/7/2017 8:30,810.24,1000.0,-189.76,192.4,DRV,4.0,,False,0,Carrier 171381,Shipper 1249,True,True,True,4/6/2017 14:00,4/7/2017 9:00,False,False,False,False,False,False,False,False,Kingston,NY ,Kingston,NY 
7763,206426745,4/5/2017 9:58,4/5/2017 9:59,4/6/2017 11:34,4/6/2017 6:00,4/7/2017 8:30,810.24,1000.0,-189.76,192.4,DRV,4.0,,False,0,Carrier 171381,Shipper 1375,True,True,True,4/6/2017 14:00,4/7/2017 9:00,False,False,False,False,False,False,False,False,Kingston,NY ,Kingston,NY 
7764,206426745,4/5/2017 9:58,4/5/2017 9:59,4/6/2017 11:34,4/6/2017 6:00,4/7/2017 8:30,810.24,1000.0,-189.76,192.4,DRV,4.0,,False,0,Carrier 171381,Shipper 1386,True,True,True,4/6/2017 14:00,4/7/2017 9:00,False,False,False,False,False,False,False,False,Kingston,NY ,Kingston,NY 
7765,206426745,4/5/2017 9:58,4/5/2017 9:59,4/6/2017 11:34,4/6/2017 6:00,4/7/2017 8:30,810.24,1000.0,-189.76,192.4,DRV,4.0,,False,0,Carrier 171381,Shipper 1248,True,True,True,4/6/2017 14:00,4/7/2017 9:00,False,False,False,False,False,False,False,False,Kingston,NY ,Kingston,NY 
7766,206426745,4/5/2017 9:58,4/5/2017 9:59,4/6/2017 11:34,4/6/2017 6:00,4/7/2017 8:30,810.24,1000.0,-189.76,192.4,DRV,4.0,,False,0,Carrier 171381,Shipper 1387,True,True,True,4/6/2017 14:00,4/7/2017 9:00,False,False,False,False,False,False,False,False,Kingston,NY ,Kingston,NY 
7767,206426745,4/5/2017 9:58,4/5/2017 9:59,4/6/2017 11:34,4/6/2017 6:00,4/7/2017 8:30,810.24,1000.0,-189.76,192.4,DRV,4.0,,False,0,Carrier 171381,Shipper 1388,True,True,True,4/6/2017 14:00,4/7/2017 9:00,False,False,False,False,False,False,False,False,Kingston,NY ,Kingston,NY 
7768,206549641,7/24/2017 12:54,7/24/2017 12:55,7/28/2017 16:18,7/29/2017 16:00,7/31/2017 11:00,809.28,800.0,9.28,323.8,RFR,,,False,0,Carrier 1348341,Shipper 1249,True,True,True,7/29/2017 23:55,7/31/2017 10:00,False,False,False,False,False,False,False,False,Jacksonville,FL ,Jacksonville,FL 
7769,206549641,7/24/2017 12:54,7/24/2017 12:55,7/28/2017 16:18,7/29/2017 16:00,7/31/2017 11:00,809.28,800.0,9.28,323.8,RFR,,,False,0,Carrier 1348341,Shipper 1375,True,True,True,7/29/2017 23:55,7/31/2017 10:00,False,False,False,False,False,False,False,False,Jacksonville,FL ,Jacksonville,FL 
7770,206549641,7/24/2017 12:54,7/24/2017 12:55,7/28/2017 16:18,7/29/2017 16:00,7/31/2017 11:00,809.28,800.0,9.28,323.8,RFR,,,False,0,Carrier 1348341,Shipper 1386,True,True,True,7/29/2017 23:55,7/31/2017 10:00,False,False,False,False,False,False,False,False,Jacksonville,FL ,Jacksonville,FL 
7771,206549641,7/24/2017 12:54,7/24/2017 12:55,7/28/2017 16:18,7/29/2017 16:00,7/31/2017 11:00,809.28,800.0,9.28,323.8,RFR,,,False,0,Carrier 1348341,Shipper 1248,True,True,True,7/29/2017 23:55,7/31/2017 10:00,False,False,False,False,False,False,False,False,Jacksonville,FL ,Jacksonville,FL 
7772,206549641,7/24/2017 12:54,7/24/2017 12:55,7/28/2017 16:18,7/29/2017 16:00,7/31/2017 11:00,809.28,800.0,9.28,323.8,RFR,,,False,0,Carrier 1348341,Shipper 1387,True,True,True,7/29/2017 23:55,7/31/2017 10:00,False,False,False,False,False,False,False,False,Jacksonville,FL ,Jacksonville,FL 
7773,206549641,7/24/2017 12:54,7/24/2017 12:55,7/28/2017 16:18,7/29/2017 16:00,7/31/2017 11:00,809.28,800.0,9.28,323.8,RFR,,,False,0,Carrier 1348341,Shipper 1388,True,True,True,7/29/2017 23:55,7/31/2017 10:00,False,False,False,False,False,False,False,False,Jacksonville,FL ,Jacksonville,FL 
7774,206464385,3/27/2017 11:00,3/27/2017 11:00,3/28/2017 9:28,3/28/2017 8:00,3/29/2017 11:10,808.51,650.0,158.51,274.9,DRV,,,False,0,Carrier 1514968,Shipper 623,True,False,False,3/28/2017 15:00,3/29/2017 6:00,False,False,False,False,False,False,False,False,Reading,PA ,Reading,PA 
7775,206495553,3/22/2017 8:56,3/22/2017 8:57,3/27/2017 14:06,3/29/2017 8:00,3/30/2017 13:30,807.86,700.0,107.86,327.4,DRV,3.0,,False,0,Carrier 1085336,Shipper 943,True,True,True,3/29/2017 15:00,3/30/2017 8:00,False,False,False,False,False,False,False,False,Clifton,NJ ,Clifton,NJ 
7776,206551217,11/16/2017 9:44,11/16/2017 9:44,11/21/2017 8:16,11/26/2017 17:00,11/26/2017 21:00,807.22,500.0,307.22,130.8,DRV,,,False,1,Carrier 1556250,Shipper 758,True,True,True,11/26/2017 17:00,11/27/2017 1:30,False,False,False,False,False,False,False,False,Hawkins,TX ,Hawkins,TX 
7777,206648329,11/16/2017 9:41,11/16/2017 9:41,11/22/2017 9:47,11/26/2017 17:00,11/27/2017 1:55,807.22,600.0,207.22,130.8,DRV,,,False,1,Carrier 546141,Shipper 758,True,True,True,11/26/2017 17:00,11/27/2017 1:30,False,False,False,False,False,False,False,False,Hawkins,TX ,Hawkins,TX 
7778,206468641,11/17/2017 10:57,11/17/2017 10:57,11/26/2017 14:19,11/26/2017 17:00,11/26/2017 23:00,807.22,500.0,307.22,130.8,DRV,,,False,1,Carrier 1695364,Shipper 758,False,True,True,11/26/2017 17:00,11/27/2017 1:30,False,False,False,False,False,False,False,False,Hawkins,TX ,Hawkins,TX 
7779,206561265,3/17/2017 14:03,3/17/2017 14:03,3/17/2017 14:52,3/18/2017 12:00,3/19/2017 12:00,805.95,850.0,-44.05,171.0,DRV,,,False,0,Carrier 1695154,Shipper 758,True,True,True,3/18/2017 12:00,3/18/2017 22:00,False,False,False,False,False,False,False,False,Breinigsville,PA ,Breinigsville,PA 
7780,206560273,3/17/2017 14:00,3/17/2017 14:00,3/17/2017 14:50,3/18/2017 14:00,3/19/2017 12:00,805.95,850.0,-44.05,171.0,DRV,,,False,0,Carrier 1695154,Shipper 758,True,True,True,3/18/2017 14:00,3/18/2017 22:00,False,False,False,False,False,False,False,False,Breinigsville,PA ,Breinigsville,PA 
7781,206422817,11/16/2017 11:51,11/16/2017 11:51,11/22/2017 13:07,11/22/2017 12:00,11/23/2017 3:15,805.76,1425.0,-619.24,329.2,DRV,,,False,2,Carrier 1695695,Shipper 758,True,False,False,11/22/2017 15:00,11/22/2017 23:30,False,False,False,False,False,False,False,False,Vernon,CA ,Vernon,CA 
7782,206425977,11/27/2017 14:43,11/27/2017 14:43,12/8/2017 13:29,12/11/2017 9:00,12/12/2017 3:00,805.76,1125.0,-319.24,329.2,DRV,,carrier_capacity,False,0,Carrier 552905,Shipper 758,True,True,True,12/11/2017 10:00,12/12/2017 1:30,False,False,False,False,False,False,False,False,Vernon,CA ,Vernon,CA 
7783,206532977,6/6/2017 13:27,6/6/2017 13:27,6/9/2017 11:44,6/12/2017 19:00,6/13/2017 14:00,804.74,816.67,-11.93,284.1,RFR,,,False,0,Carrier 1041647,Shipper 758,True,True,True,6/12/2017 19:00,6/13/2017 9:00,False,False,False,False,False,False,False,False,Kent,WA ,Kent,WA 
7784,206587761,5/23/2017 11:53,5/23/2017 11:53,5/24/2017 16:53,5/30/2017 19:00,5/31/2017 12:45,804.73,796.66,8.07,284.1,RFR,,,False,0,Carrier 1041647,Shipper 758,True,True,True,5/30/2017 19:00,5/31/2017 8:00,False,False,False,False,False,False,False,False,Kent,WA ,Kent,WA 
7785,206521161,10/9/2017 10:30,10/9/2017 10:30,10/12/2017 10:37,10/12/2017 14:00,10/13/2017 10:30,804.62,1000.0,-195.38,232.8,DRV,,,False,0,Carrier 1476802,Shipper 1644,True,True,True,10/12/2017 14:00,10/13/2017 10:00,False,False,False,False,False,False,False,False,Brighton,MI ,Brighton,MI 
7786,206617801,10/9/2017 10:43,10/9/2017 10:44,10/16/2017 8:48,10/16/2017 16:00,10/17/2017 13:40,804.62,800.0,4.62,232.8,DRV,,,False,0,Carrier 1416618,Shipper 1644,True,True,True,10/16/2017 16:00,10/17/2017 12:30,False,False,False,False,False,False,False,False,Brighton,MI ,Brighton,MI 
7787,206568313,10/9/2017 10:48,10/9/2017 10:48,10/16/2017 8:47,10/16/2017 15:00,10/17/2017 14:20,804.62,800.0,4.62,232.8,DRV,,,False,0,Carrier 1416618,Shipper 1644,True,False,False,10/16/2017 15:00,10/17/2017 10:00,False,False,False,False,False,False,False,False,Brighton,MI ,Brighton,MI 
7788,206648721,10/9/2017 10:54,10/9/2017 10:54,10/17/2017 10:05,10/17/2017 15:00,10/18/2017 13:50,804.62,850.0,-45.38,232.8,DRV,,,False,0,Carrier 1576315,Shipper 1644,True,True,True,10/17/2017 15:00,10/18/2017 12:30,False,False,False,False,False,False,False,False,Brighton,MI ,Brighton,MI 
7789,206722185,10/9/2017 10:26,10/9/2017 10:26,10/12/2017 13:34,10/12/2017 15:00,10/13/2017 10:50,804.62,1000.0,-195.38,232.8,DRV,,,False,0,Carrier 1695566,Shipper 1644,True,True,True,10/12/2017 15:00,10/13/2017 12:30,False,False,False,False,False,False,False,False,Brighton,MI ,Brighton,MI 
7790,206608505,10/9/2017 10:21,10/9/2017 10:21,10/11/2017 8:54,10/11/2017 14:00,10/12/2017 12:30,804.62,850.0,-45.38,232.8,DRV,,,False,0,Carrier 1235861,Shipper 1644,True,True,True,10/11/2017 14:00,10/12/2017 12:30,False,False,False,False,False,False,False,False,Brighton,MI ,Brighton,MI 
7791,206620777,10/9/2017 10:39,10/9/2017 10:39,10/12/2017 11:05,10/16/2017 14:00,10/17/2017 8:20,804.62,800.0,4.62,232.8,DRV,,,False,0,Carrier 31074,Shipper 1644,True,True,True,10/16/2017 14:00,10/17/2017 8:00,False,False,False,False,False,False,False,False,Brighton,MI ,Brighton,MI 
7792,206424353,3/21/2017 13:35,3/21/2017 13:35,3/21/2017 14:18,3/21/2017 18:00,3/22/2017 4:00,804.55,700.0,104.55,171.0,DRV,,,False,0,Carrier 1695154,Shipper 758,True,True,True,3/21/2017 18:00,3/22/2017 0:00,False,False,False,False,False,False,False,False,Breinigsville,PA ,Breinigsville,PA 
7793,206628177,5/3/2017 10:52,5/3/2017 10:52,5/15/2017 12:50,5/15/2017 16:30,5/16/2017 23:40,804.41,954.0,-149.59,325.9,DRV,,,False,1,Carrier 79789,Shipper 758,True,True,True,5/15/2017 16:30,5/16/2017 19:00,False,False,False,False,False,False,False,False,Los Angeles,CA ,Los Angeles,CA 
7794,206553801,12/12/2017 9:07,12/12/2017 9:07,12/18/2017 13:32,12/19/2017 9:00,12/20/2017 2:55,803.14,1125.0,-321.86,329.2,DRV,,,False,0,Carrier 552905,Shipper 758,True,True,True,12/19/2017 11:00,12/20/2017 2:00,False,False,False,False,False,False,False,False,Vernon,CA ,Vernon,CA 
7795,206491609,12/12/2017 9:11,12/12/2017 9:11,12/19/2017 17:24,12/21/2017 9:00,12/21/2017 23:30,803.14,1125.0,-321.86,329.2,DRV,,carrier_capacity,False,0,Carrier 552905,Shipper 758,True,True,True,12/21/2017 9:00,12/21/2017 23:00,False,False,False,False,False,False,False,False,Vernon,CA ,Vernon,CA 
7796,206484625,11/28/2017 10:31,11/28/2017 10:31,12/11/2017 15:20,12/12/2017 9:00,12/14/2017 1:42,803.14,1225.0,-421.86,329.2,DRV,,dat_in,False,0,Carrier 1527372,Shipper 758,True,True,True,12/13/2017 0:00,12/13/2017 23:00,False,False,False,False,False,False,False,False,Vernon,CA ,Vernon,CA 
7797,206584065,12/4/2017 12:33,12/4/2017 12:33,12/13/2017 19:06,12/14/2017 9:00,12/15/2017 23:15,803.14,1325.0,-521.86,329.2,DRV,,,False,0,Carrier 1235804,Shipper 758,False,True,True,12/14/2017 12:00,12/15/2017 22:30,False,False,False,False,False,False,False,False,Vernon,CA ,Vernon,CA 
7798,206513321,6/26/2017 14:57,6/26/2017 14:59,6/27/2017 12:06,6/28/2017 9:00,6/29/2017 12:15,802.71,700.0,102.71,354.9,DRV,,,False,0,Carrier 1695378,Shipper 1052,True,True,True,6/28/2017 17:00,6/29/2017 13:00,False,False,False,False,False,False,False,False,McAllen,TX ,McAllen,TX 
7799,206550473,2/3/2017 15:37,2/3/2017 15:37,2/7/2017 9:37,2/7/2017 9:00,2/8/2017 9:15,802.2,825.0,-22.8,460.5,DRV,3.0,,False,0,Carrier 1365154,Shipper 766,True,True,True,2/7/2017 16:00,2/8/2017 11:00,False,False,False,False,False,False,False,False,Paris,TN ,Paris,TN 
7800,206687585,11/16/2017 8:14,11/16/2017 8:15,11/20/2017 8:18,11/20/2017 7:30,11/21/2017 9:00,802.2,900.0,-97.8,312.2,DRV,,,False,0,Carrier 972012,Shipper 749,True,True,True,11/20/2017 16:00,11/21/2017 16:00,False,False,False,False,False,True,False,False,Christiansburg,VA ,Christiansburg,VA 
7801,206508657,12/14/2017 16:57,12/14/2017 16:57,12/17/2017 8:32,12/17/2017 14:00,12/18/2017 13:32,802.08,1000.0,-197.92,548.6,DRV,,,False,0,Carrier 1319275,Shipper 1249,True,True,True,12/17/2017 14:00,12/18/2017 13:00,False,False,False,False,False,False,False,False,Jacksonville,FL ,Jacksonville,FL 
7802,206508657,12/14/2017 16:57,12/14/2017 16:57,12/17/2017 8:32,12/17/2017 14:00,12/18/2017 13:32,802.08,1000.0,-197.92,548.6,DRV,,,False,0,Carrier 1319275,Shipper 1375,True,True,True,12/17/2017 14:00,12/18/2017 13:00,False,False,False,False,False,False,False,False,Jacksonville,FL ,Jacksonville,FL 
7803,206508657,12/14/2017 16:57,12/14/2017 16:57,12/17/2017 8:32,12/17/2017 14:00,12/18/2017 13:32,802.08,1000.0,-197.92,548.6,DRV,,,False,0,Carrier 1319275,Shipper 1386,True,True,True,12/17/2017 14:00,12/18/2017 13:00,False,False,False,False,False,False,False,False,Jacksonville,FL ,Jacksonville,FL 
7804,206508657,12/14/2017 16:57,12/14/2017 16:57,12/17/2017 8:32,12/17/2017 14:00,12/18/2017 13:32,802.08,1000.0,-197.92,548.6,DRV,,,False,0,Carrier 1319275,Shipper 1248,True,True,True,12/17/2017 14:00,12/18/2017 13:00,False,False,False,False,False,False,False,False,Jacksonville,FL ,Jacksonville,FL 
7805,206508657,12/14/2017 16:57,12/14/2017 16:57,12/17/2017 8:32,12/17/2017 14:00,12/18/2017 13:32,802.08,1000.0,-197.92,548.6,DRV,,,False,0,Carrier 1319275,Shipper 1387,True,True,True,12/17/2017 14:00,12/18/2017 13:00,False,False,False,False,False,False,False,False,Jacksonville,FL ,Jacksonville,FL 
7806,206508657,12/14/2017 16:57,12/14/2017 16:57,12/17/2017 8:32,12/17/2017 14:00,12/18/2017 13:32,802.08,1000.0,-197.92,548.6,DRV,,,False,0,Carrier 1319275,Shipper 1388,True,True,True,12/17/2017 14:00,12/18/2017 13:00,False,False,False,False,False,False,False,False,Jacksonville,FL ,Jacksonville,FL 
7807,206667577,6/6/2017 16:32,6/6/2017 16:32,6/8/2017 10:33,6/8/2017 8:00,6/9/2017 9:00,800.18,850.0,-49.82,376.2,DRV,,,False,2,Carrier 1021474,Shipper 968,True,True,True,6/8/2017 12:00,6/9/2017 14:00,False,False,False,False,False,False,False,False,Newark,NJ ,Newark,NJ 
7808,206620697,6/6/2017 16:20,6/6/2017 16:26,6/7/2017 14:05,6/8/2017 8:00,6/9/2017 13:00,800.18,750.0,50.18,376.2,DRV,,,False,0,Carrier 97236,Shipper 968,True,True,True,6/8/2017 16:00,6/9/2017 14:00,False,False,False,False,False,False,False,False,Newark,NJ ,Newark,NJ 
7809,206516985,10/20/2017 16:42,10/20/2017 16:42,10/25/2017 12:16,10/25/2017 21:00,10/26/2017 19:30,800.08,1000.0,-199.92,311.4,DRV,,,False,0,Carrier 112421,Shipper 1249,True,True,True,10/25/2017 21:00,10/26/2017 13:00,False,False,False,False,False,False,False,False,Los Angeles,CA ,Los Angeles,CA 
7810,206516985,10/20/2017 16:42,10/20/2017 16:42,10/25/2017 12:16,10/25/2017 21:00,10/26/2017 19:30,800.08,1000.0,-199.92,311.4,DRV,,,False,0,Carrier 112421,Shipper 1375,True,True,True,10/25/2017 21:00,10/26/2017 13:00,False,False,False,False,False,False,False,False,Los Angeles,CA ,Los Angeles,CA 
7811,206516985,10/20/2017 16:42,10/20/2017 16:42,10/25/2017 12:16,10/25/2017 21:00,10/26/2017 19:30,800.08,1000.0,-199.92,311.4,DRV,,,False,0,Carrier 112421,Shipper 1386,True,True,True,10/25/2017 21:00,10/26/2017 13:00,False,False,False,False,False,False,False,False,Los Angeles,CA ,Los Angeles,CA 
7812,206516985,10/20/2017 16:42,10/20/2017 16:42,10/25/2017 12:16,10/25/2017 21:00,10/26/2017 19:30,800.08,1000.0,-199.92,311.4,DRV,,,False,0,Carrier 112421,Shipper 1248,True,True,True,10/25/2017 21:00,10/26/2017 13:00,False,False,False,False,False,False,False,False,Los Angeles,CA ,Los Angeles,CA 
7813,206516985,10/20/2017 16:42,10/20/2017 16:42,10/25/2017 12:16,10/25/2017 21:00,10/26/2017 19:30,800.08,1000.0,-199.92,311.4,DRV,,,False,0,Carrier 112421,Shipper 1387,True,True,True,10/25/2017 21:00,10/26/2017 13:00,False,False,False,False,False,False,False,False,Los Angeles,CA ,Los Angeles,CA 
7814,206516985,10/20/2017 16:42,10/20/2017 16:42,10/25/2017 12:16,10/25/2017 21:00,10/26/2017 19:30,800.08,1000.0,-199.92,311.4,DRV,,,False,0,Carrier 112421,Shipper 1388,True,True,True,10/25/2017 21:00,10/26/2017 13:00,False,False,False,False,False,False,False,False,Los Angeles,CA ,Los Angeles,CA 
7815,206577625,6/5/2017 12:26,6/5/2017 12:26,6/8/2017 9:00,6/8/2017 8:00,6/9/2017 7:00,800.0,800.0,0.0,256.3,DRV,,,False,0,Carrier 21819,Shipper 765,False,True,True,6/8/2017 8:00,6/9/2017 14:30,False,False,False,False,False,False,False,False,Franklin,IN ,Franklin,IN 
7816,206577625,6/5/2017 12:26,6/5/2017 12:26,6/8/2017 9:00,6/8/2017 8:00,6/9/2017 7:00,800.0,800.0,0.0,256.3,DRV,,,False,0,Carrier 21819,Shipper 764,False,True,True,6/8/2017 8:00,6/9/2017 14:30,False,False,False,False,False,False,False,False,Franklin,IN ,Franklin,IN 
7817,206627129,4/17/2017 17:23,4/17/2017 17:23,4/18/2017 15:11,4/19/2017 0:00,4/19/2017 10:30,800.0,1000.0,-200.0,402.3,DRV,,,False,0,Carrier 975211,Shipper 1249,True,True,True,4/19/2017 0:00,4/20/2017 9:00,False,False,False,False,False,False,False,False,Houston,TX ,Houston,TX 
7818,206569137,6/14/2017 9:17,6/14/2017 9:17,6/14/2017 16:17,6/15/2017 6:00,6/16/2017 9:57,800.0,800.0,0.0,307.9,DRV,,,False,0,Carrier 1695361,Shipper 1357,True,True,True,6/15/2017 13:00,6/16/2017 10:00,False,False,False,False,False,False,False,False,Indianapolis,IN ,Indianapolis,IN 
7819,206466417,6/14/2017 9:14,6/14/2017 9:15,6/15/2017 10:31,6/15/2017 6:00,6/16/2017 9:00,800.0,750.0,50.0,307.9,DRV,,,False,0,Carrier 1357797,Shipper 1357,True,True,True,6/15/2017 13:00,6/16/2017 9:00,False,False,False,False,False,False,False,False,Indianapolis,IN ,Indianapolis,IN 
7820,206535145,4/26/2017 16:58,4/26/2017 16:58,5/3/2017 17:32,5/4/2017 9:00,5/5/2017 23:50,800.0,990.0,-190.0,460.5,DRV,,,False,0,Carrier 1066338,Shipper 766,True,True,True,5/4/2017 16:30,5/5/2017 14:00,False,False,False,False,False,False,False,False,Paris,TN ,Paris,TN 
7821,206509465,6/27/2017 10:20,6/27/2017 10:20,6/28/2017 15:55,6/30/2017 8:00,6/30/2017 17:05,800.0,750.0,50.0,319.3,DRV,,,False,0,Carrier 1012481,Shipper 590,True,True,True,6/30/2017 14:00,7/3/2017 9:00,False,False,False,False,False,False,False,False,Bridgewater,NJ ,Bridgewater,NJ 
7822,206627129,4/17/2017 17:23,4/17/2017 17:23,4/18/2017 15:11,4/19/2017 0:00,4/19/2017 10:30,800.0,1000.0,-200.0,402.3,DRV,,,False,0,Carrier 975211,Shipper 1375,True,True,True,4/19/2017 0:00,4/20/2017 9:00,False,False,False,False,False,False,False,False,Houston,TX ,Houston,TX 
7823,206627129,4/17/2017 17:23,4/17/2017 17:23,4/18/2017 15:11,4/19/2017 0:00,4/19/2017 10:30,800.0,1000.0,-200.0,402.3,DRV,,,False,0,Carrier 975211,Shipper 1386,True,True,True,4/19/2017 0:00,4/20/2017 9:00,False,False,False,False,False,False,False,False,Houston,TX ,Houston,TX 
7824,206469809,2/28/2017 12:20,2/28/2017 12:21,3/1/2017 18:09,3/1/2017 11:00,3/2/2017 13:00,800.0,925.0,-125.0,340.6,DRV,,,False,0,Carrier 1655917,Shipper 1048,False,True,True,3/1/2017 18:00,3/2/2017 12:00,False,False,False,False,False,False,False,False,Laredo,TX ,Laredo,TX 
7825,206627129,4/17/2017 17:23,4/17/2017 17:23,4/18/2017 15:11,4/19/2017 0:00,4/19/2017 10:30,800.0,1000.0,-200.0,402.3,DRV,,,False,0,Carrier 975211,Shipper 1248,True,True,True,4/19/2017 0:00,4/20/2017 9:00,False,False,False,False,False,False,False,False,Houston,TX ,Houston,TX 
7826,206560305,6/6/2017 14:07,6/6/2017 14:07,6/7/2017 16:21,6/8/2017 8:00,6/9/2017 6:45,800.0,800.0,0.0,256.3,DRV,,,False,0,Carrier 928484,Shipper 765,False,True,True,6/8/2017 8:00,6/9/2017 14:30,False,False,False,False,False,False,False,False,Franklin,IN ,Franklin,IN 
7827,206560305,6/6/2017 14:07,6/6/2017 14:07,6/7/2017 16:21,6/8/2017 8:00,6/9/2017 6:45,800.0,800.0,0.0,256.3,DRV,,,False,0,Carrier 928484,Shipper 764,False,True,True,6/8/2017 8:00,6/9/2017 14:30,False,False,False,False,False,False,False,False,Franklin,IN ,Franklin,IN 
7828,206573481,3/3/2017 14:55,3/3/2017 14:56,3/6/2017 10:57,3/6/2017 9:00,3/7/2017 9:55,800.0,700.0,100.0,340.6,DRV,4.0,,True,0,Carrier 1207457,Shipper 1048,True,True,True,3/6/2017 15:00,3/7/2017 9:00,False,False,False,False,False,False,False,False,Laredo,TX ,Laredo,TX 
7829,206480921,2/15/2017 11:59,2/15/2017 12:00,2/16/2017 12:25,2/16/2017 18:00,2/17/2017 15:17,800.0,750.0,50.0,340.6,DRV,,,True,1,Carrier 1207457,Shipper 1048,True,True,True,2/16/2017 18:00,2/17/2017 12:00,False,False,False,False,False,False,False,False,Laredo,TX ,Laredo,TX 
7830,206627129,4/17/2017 17:23,4/17/2017 17:23,4/18/2017 15:11,4/19/2017 0:00,4/19/2017 10:30,800.0,1000.0,-200.0,402.3,DRV,,,False,0,Carrier 975211,Shipper 1387,True,True,True,4/19/2017 0:00,4/20/2017 9:00,False,False,False,False,False,False,False,False,Houston,TX ,Houston,TX 
7831,206486593,8/10/2017 13:45,8/10/2017 13:45,8/10/2017 15:48,8/11/2017 9:00,8/14/2017 14:00,800.0,700.0,100.0,242.3,DRV,,,False,0,Carrier 669788,Shipper 1184,True,False,False,8/11/2017 18:00,8/14/2017 8:00,False,False,False,False,False,False,False,False,Newark,NJ ,Newark,NJ 
7832,206571753,1/3/2017 14:13,1/3/2017 14:13,1/3/2017 15:13,1/4/2017 8:00,1/5/2017 14:00,800.0,715.0,85.0,441.1,DRV,,,False,0,Carrier 48399,Shipper 1052,True,True,True,1/4/2017 12:00,1/5/2017 16:00,False,False,False,False,False,False,False,False,Philadelphia,PA ,Philadelphia,PA 
7833,206622577,7/19/2017 15:15,7/19/2017 15:15,7/21/2017 10:30,7/24/2017 7:00,7/25/2017 11:00,800.0,800.0,0.0,78.8,DRV,,,False,0,Carrier 97236,Shipper 560,True,True,True,7/24/2017 14:00,7/25/2017 14:30,False,False,False,False,False,False,False,False,Wanaque,NJ ,Wanaque,NJ 
7834,206728097,6/12/2017 15:56,6/12/2017 15:56,6/13/2017 13:37,6/14/2017 6:00,6/14/2017 16:30,800.0,763.0,37.0,307.9,DRV,,,False,0,Carrier 1025614,Shipper 1357,True,True,True,6/14/2017 13:00,6/15/2017 9:00,False,False,False,False,False,False,False,False,Indianapolis,IN ,Indianapolis,IN 
7835,206627129,4/17/2017 17:23,4/17/2017 17:23,4/18/2017 15:11,4/19/2017 0:00,4/19/2017 10:30,800.0,1000.0,-200.0,402.3,DRV,,,False,0,Carrier 975211,Shipper 1388,True,True,True,4/19/2017 0:00,4/20/2017 9:00,False,False,False,False,False,False,False,False,Houston,TX ,Houston,TX 
7836,206622513,1/18/2017 10:40,1/18/2017 10:40,1/18/2017 12:08,1/19/2017 8:00,1/20/2017 11:45,799.97,800.0,-0.03,476.6,DRV,3.0,,False,0,Carrier 978321,Shipper 744,True,True,True,1/19/2017 17:00,1/20/2017 16:00,False,False,False,False,False,False,False,False,Conover,NC ,Conover,NC 
7837,206548033,3/22/2017 10:19,3/22/2017 10:19,3/22/2017 13:27,3/22/2017 9:00,3/23/2017 6:30,798.45,790.0,8.45,440.4,DRV,,,False,0,Carrier 594541,Shipper 744,True,True,True,3/22/2017 15:30,3/24/2017 0:55,False,False,False,False,False,False,False,False,Conover,NC ,Conover,NC 
7838,206579289,3/13/2017 13:28,3/13/2017 13:28,3/15/2017 9:29,3/15/2017 15:00,3/16/2017 9:00,798.23,725.0,73.23,417.2,DRV,4.0,,False,0,Carrier 21821,Shipper 744,True,True,True,3/15/2017 15:00,3/16/2017 9:00,False,False,False,False,False,False,False,False,Montgomery,AL ,Montgomery,AL 
7839,206607097,12/13/2017 16:47,12/13/2017 16:47,12/18/2017 15:21,12/19/2017 15:00,12/20/2017 8:30,797.08,700.0,97.08,221.8,RFR,,dat_out,False,1,Carrier 1247402,Shipper 1249,True,True,True,12/19/2017 15:00,12/20/2017 8:30,False,False,False,False,False,False,False,False,Colonial Heights,VA ,Colonial Heights,VA 
7840,206607097,12/13/2017 16:47,12/13/2017 16:47,12/18/2017 15:21,12/19/2017 15:00,12/20/2017 8:30,797.08,700.0,97.08,221.8,RFR,,dat_out,False,1,Carrier 1247402,Shipper 1375,True,True,True,12/19/2017 15:00,12/20/2017 8:30,False,False,False,False,False,False,False,False,Colonial Heights,VA ,Colonial Heights,VA 
7841,206607097,12/13/2017 16:47,12/13/2017 16:47,12/18/2017 15:21,12/19/2017 15:00,12/20/2017 8:30,797.08,700.0,97.08,221.8,RFR,,dat_out,False,1,Carrier 1247402,Shipper 1386,True,True,True,12/19/2017 15:00,12/20/2017 8:30,False,False,False,False,False,False,False,False,Colonial Heights,VA ,Colonial Heights,VA 
7842,206607097,12/13/2017 16:47,12/13/2017 16:47,12/18/2017 15:21,12/19/2017 15:00,12/20/2017 8:30,797.08,700.0,97.08,221.8,RFR,,dat_out,False,1,Carrier 1247402,Shipper 1248,True,True,True,12/19/2017 15:00,12/20/2017 8:30,False,False,False,False,False,False,False,False,Colonial Heights,VA ,Colonial Heights,VA 
7843,206607097,12/13/2017 16:47,12/13/2017 16:47,12/18/2017 15:21,12/19/2017 15:00,12/20/2017 8:30,797.08,700.0,97.08,221.8,RFR,,dat_out,False,1,Carrier 1247402,Shipper 1387,True,True,True,12/19/2017 15:00,12/20/2017 8:30,False,False,False,False,False,False,False,False,Colonial Heights,VA ,Colonial Heights,VA 
7844,206607097,12/13/2017 16:47,12/13/2017 16:47,12/18/2017 15:21,12/19/2017 15:00,12/20/2017 8:30,797.08,700.0,97.08,221.8,RFR,,dat_out,False,1,Carrier 1247402,Shipper 1388,True,True,True,12/19/2017 15:00,12/20/2017 8:30,False,False,False,False,False,False,False,False,Colonial Heights,VA ,Colonial Heights,VA 
7845,206541065,5/16/2017 9:13,5/16/2017 9:17,5/17/2017 11:06,5/17/2017 8:00,5/18/2017 7:00,797.0,1000.0,-203.0,476.7,DRV,3.0,,False,0,Carrier 479741,Shipper 744,True,True,True,5/17/2017 15:45,5/18/2017 14:30,False,False,False,False,False,False,False,False,Conover,NC ,Conover,NC 
7846,206517929,5/2/2017 12:43,5/2/2017 12:43,5/4/2017 9:02,5/4/2017 8:00,5/4/2017 17:27,797.0,790.0,7.0,476.7,DRV,,,False,0,Carrier 80841,Shipper 744,True,True,True,5/4/2017 15:45,5/5/2017 14:30,False,False,False,False,False,False,False,False,Conover,NC ,Conover,NC 
7847,206605601,4/10/2017 14:42,4/10/2017 14:43,4/12/2017 9:07,4/12/2017 8:00,4/13/2017 8:30,796.85,800.0,-3.15,476.7,DRV,3.0,,False,0,Carrier 80899,Shipper 744,True,True,True,4/12/2017 15:45,4/13/2017 14:30,False,False,False,False,False,False,False,False,Conover,NC ,Conover,NC 
7848,206596657,1/30/2017 11:51,1/30/2017 11:52,2/1/2017 14:28,2/2/2017 9:00,2/3/2017 9:00,796.48,750.0,46.48,460.5,DRV,3.0,,False,0,Carrier 1390969,Shipper 766,True,True,True,2/3/2017 16:30,2/3/2017 14:00,False,False,False,False,False,False,False,False,Paris,TN ,Paris,TN 
7849,206527417,12/13/2017 16:54,12/13/2017 16:54,12/14/2017 10:13,12/15/2017 8:00,12/15/2017 15:45,795.76,750.0,45.76,172.1,DRV,,,False,0,Carrier 1695743,Shipper 1249,True,True,True,12/15/2017 8:00,12/15/2017 16:00,False,False,False,False,False,False,False,False,Jacksonville,FL ,Jacksonville,FL 
7850,206527417,12/13/2017 16:54,12/13/2017 16:54,12/14/2017 10:13,12/15/2017 8:00,12/15/2017 15:45,795.76,750.0,45.76,172.1,DRV,,,False,0,Carrier 1695743,Shipper 1375,True,True,True,12/15/2017 8:00,12/15/2017 16:00,False,False,False,False,False,False,False,False,Jacksonville,FL ,Jacksonville,FL 
7851,206527417,12/13/2017 16:54,12/13/2017 16:54,12/14/2017 10:13,12/15/2017 8:00,12/15/2017 15:45,795.76,750.0,45.76,172.1,DRV,,,False,0,Carrier 1695743,Shipper 1386,True,True,True,12/15/2017 8:00,12/15/2017 16:00,False,False,False,False,False,False,False,False,Jacksonville,FL ,Jacksonville,FL 
7852,206527417,12/13/2017 16:54,12/13/2017 16:54,12/14/2017 10:13,12/15/2017 8:00,12/15/2017 15:45,795.76,750.0,45.76,172.1,DRV,,,False,0,Carrier 1695743,Shipper 1248,True,True,True,12/15/2017 8:00,12/15/2017 16:00,False,False,False,False,False,False,False,False,Jacksonville,FL ,Jacksonville,FL 
7853,206527417,12/13/2017 16:54,12/13/2017 16:54,12/14/2017 10:13,12/15/2017 8:00,12/15/2017 15:45,795.76,750.0,45.76,172.1,DRV,,,False,0,Carrier 1695743,Shipper 1387,True,True,True,12/15/2017 8:00,12/15/2017 16:00,False,False,False,False,False,False,False,False,Jacksonville,FL ,Jacksonville,FL 
7854,206527417,12/13/2017 16:54,12/13/2017 16:54,12/14/2017 10:13,12/15/2017 8:00,12/15/2017 15:45,795.76,750.0,45.76,172.1,DRV,,,False,0,Carrier 1695743,Shipper 1388,True,True,True,12/15/2017 8:00,12/15/2017 16:00,False,False,False,False,False,False,False,False,Jacksonville,FL ,Jacksonville,FL 
7855,206467921,6/20/2017 11:03,6/20/2017 11:10,6/22/2017 16:37,6/23/2017 6:00,6/26/2017 10:00,795.37,775.0,20.37,307.9,DRV,,,False,1,Carrier 1433612,Shipper 1357,True,True,True,6/23/2017 12:30,6/26/2017 9:00,False,False,False,False,False,False,False,False,Indianapolis,IN ,Indianapolis,IN 
7856,206569657,6/12/2017 13:51,6/12/2017 13:51,6/21/2017 12:40,6/22/2017 6:00,6/23/2017 10:00,795.34,750.0,45.34,380.0,DRV,,,False,1,Carrier 1658119,Shipper 1357,True,True,True,6/22/2017 15:00,6/23/2017 9:00,False,False,False,False,False,False,False,False,Lexington,KY ,Lexington,KY 
7857,206590553,2/10/2017 12:01,2/10/2017 12:02,2/13/2017 9:23,2/13/2017 8:00,2/13/2017 22:42,795.0,750.0,45.0,464.3,DRV,,,False,1,Carrier 1017814,Shipper 744,True,True,True,2/13/2017 15:45,2/13/2017 23:55,False,False,False,False,False,False,False,False,Conover,NC ,Conover,NC 
7858,206473585,1/26/2017 11:11,1/26/2017 11:11,1/26/2017 15:59,1/26/2017 8:00,1/27/2017 9:50,795.0,700.0,95.0,464.3,DRV,,,False,1,Carrier 1565635,Shipper 744,True,True,True,1/26/2017 17:00,1/27/2017 23:00,False,False,False,False,False,False,False,False,Conover,NC ,Conover,NC 
7859,206522417,4/20/2017 11:49,4/20/2017 11:49,4/24/2017 10:22,4/24/2017 8:00,4/25/2017 7:40,793.29,830.0,-36.71,274.9,DRV,,,False,0,Carrier 1403410,Shipper 623,True,True,True,4/24/2017 15:00,4/25/2017 6:00,False,False,False,False,False,False,False,False,Reading,PA ,Reading,PA 
7860,206542937,5/3/2017 16:33,5/3/2017 16:33,5/8/2017 13:52,5/8/2017 15:00,5/9/2017 12:30,792.83,1100.0,-307.17,380.8,DRV,,,False,0,Carrier 53723,Shipper 1249,True,False,True,5/8/2017 15:00,5/9/2017 8:00,False,False,False,False,False,False,False,False,Jacksonville,FL ,Jacksonville,FL 
7861,206542937,5/3/2017 16:33,5/3/2017 16:33,5/8/2017 13:52,5/8/2017 15:00,5/9/2017 12:30,792.83,1100.0,-307.17,380.8,DRV,,,False,0,Carrier 53723,Shipper 1375,True,False,True,5/8/2017 15:00,5/9/2017 8:00,False,False,False,False,False,False,False,False,Jacksonville,FL ,Jacksonville,FL 
7862,206542937,5/3/2017 16:33,5/3/2017 16:33,5/8/2017 13:52,5/8/2017 15:00,5/9/2017 12:30,792.83,1100.0,-307.17,380.8,DRV,,,False,0,Carrier 53723,Shipper 1386,True,False,True,5/8/2017 15:00,5/9/2017 8:00,False,False,False,False,False,False,False,False,Jacksonville,FL ,Jacksonville,FL 
7863,206542937,5/3/2017 16:33,5/3/2017 16:33,5/8/2017 13:52,5/8/2017 15:00,5/9/2017 12:30,792.83,1100.0,-307.17,380.8,DRV,,,False,0,Carrier 53723,Shipper 1248,True,False,True,5/8/2017 15:00,5/9/2017 8:00,False,False,False,False,False,False,False,False,Jacksonville,FL ,Jacksonville,FL 
7864,206542937,5/3/2017 16:33,5/3/2017 16:33,5/8/2017 13:52,5/8/2017 15:00,5/9/2017 12:30,792.83,1100.0,-307.17,380.8,DRV,,,False,0,Carrier 53723,Shipper 1387,True,False,True,5/8/2017 15:00,5/9/2017 8:00,False,False,False,False,False,False,False,False,Jacksonville,FL ,Jacksonville,FL 
7865,206542937,5/3/2017 16:33,5/3/2017 16:33,5/8/2017 13:52,5/8/2017 15:00,5/9/2017 12:30,792.83,1100.0,-307.17,380.8,DRV,,,False,0,Carrier 53723,Shipper 1388,True,False,True,5/8/2017 15:00,5/9/2017 8:00,False,False,False,False,False,False,False,False,Jacksonville,FL ,Jacksonville,FL 
7866,206421913,9/18/2017 10:53,9/18/2017 10:53,9/22/2017 14:02,9/27/2017 9:00,9/28/2017 0:30,791.98,925.0,-133.02,329.2,DRV,,,False,0,Carrier 552905,Shipper 758,True,True,True,9/27/2017 9:00,9/27/2017 22:30,False,False,False,False,False,False,False,False,Vernon,CA ,Vernon,CA 
7867,206481465,9/25/2017 13:55,9/25/2017 13:55,10/3/2017 13:35,10/4/2017 10:00,10/5/2017 1:55,791.98,875.0,-83.02,329.2,DRV,,,False,0,Carrier 1215422,Shipper 758,True,True,True,10/4/2017 12:00,10/4/2017 22:30,False,False,False,False,False,False,False,False,Vernon,CA ,Vernon,CA 
7868,206542977,9/19/2017 11:24,9/19/2017 11:25,9/20/2017 13:40,9/21/2017 15:00,9/21/2017 16:20,791.67,750.0,41.67,169.8,DRV,,,False,0,Carrier 428828,Shipper 751,True,True,True,9/21/2017 15:00,9/22/2017 16:00,False,False,False,False,False,False,False,False,Waterloo,WI ,Waterloo,WI 
7869,206538265,5/30/2017 15:44,5/30/2017 15:44,6/7/2017 9:06,6/7/2017 7:30,6/8/2017 10:55,791.52,800.0,-8.48,626.2,DRV,,,False,1,Carrier 74294,Shipper 1357,True,True,True,6/7/2017 13:00,6/8/2017 10:00,False,False,False,False,False,False,False,False,Lakewood Township,NJ ,Lakewood Township,NJ 
7870,206433529,4/20/2017 15:23,4/20/2017 15:25,4/24/2017 8:39,4/24/2017 15:30,4/25/2017 16:45,790.0,800.0,-10.0,576.6,DRV,,,False,0,Carrier 1004886,Shipper 1184,True,True,True,4/24/2017 15:30,4/25/2017 16:00,False,False,False,False,False,False,False,False,Kutztown,PA ,Kutztown,PA 
7871,206522569,4/18/2017 12:24,4/18/2017 12:24,4/19/2017 11:15,4/20/2017 17:45,4/21/2017 8:30,790.0,750.0,40.0,227.5,DRV,4.0,,False,0,Carrier 680195,Shipper 1184,True,True,True,4/20/2017 17:45,4/21/2017 11:00,False,False,False,False,False,False,False,False,Kutztown,PA ,Kutztown,PA 
7872,206631585,12/18/2017 16:44,12/18/2017 16:44,12/20/2017 10:40,12/20/2017 15:00,12/22/2017 8:45,789.08,1200.0,-410.92,456.0,RFR,,dat_out,False,0,Carrier 1694001,Shipper 1249,False,True,False,12/20/2017 15:00,12/22/2017 7:45,False,False,False,False,False,False,False,False,Jacksonville,FL ,Jacksonville,FL 
7873,206631585,12/18/2017 16:44,12/18/2017 16:44,12/20/2017 10:40,12/20/2017 15:00,12/22/2017 8:45,789.08,1200.0,-410.92,456.0,RFR,,dat_out,False,0,Carrier 1694001,Shipper 1375,False,True,False,12/20/2017 15:00,12/22/2017 7:45,False,False,False,False,False,False,False,False,Jacksonville,FL ,Jacksonville,FL 
7874,206631585,12/18/2017 16:44,12/18/2017 16:44,12/20/2017 10:40,12/20/2017 15:00,12/22/2017 8:45,789.08,1200.0,-410.92,456.0,RFR,,dat_out,False,0,Carrier 1694001,Shipper 1386,False,True,False,12/20/2017 15:00,12/22/2017 7:45,False,False,False,False,False,False,False,False,Jacksonville,FL ,Jacksonville,FL 
7875,206631585,12/18/2017 16:44,12/18/2017 16:44,12/20/2017 10:40,12/20/2017 15:00,12/22/2017 8:45,789.08,1200.0,-410.92,456.0,RFR,,dat_out,False,0,Carrier 1694001,Shipper 1248,False,True,False,12/20/2017 15:00,12/22/2017 7:45,False,False,False,False,False,False,False,False,Jacksonville,FL ,Jacksonville,FL 
7876,206631585,12/18/2017 16:44,12/18/2017 16:44,12/20/2017 10:40,12/20/2017 15:00,12/22/2017 8:45,789.08,1200.0,-410.92,456.0,RFR,,dat_out,False,0,Carrier 1694001,Shipper 1387,False,True,False,12/20/2017 15:00,12/22/2017 7:45,False,False,False,False,False,False,False,False,Jacksonville,FL ,Jacksonville,FL 
7877,206631585,12/18/2017 16:44,12/18/2017 16:44,12/20/2017 10:40,12/20/2017 15:00,12/22/2017 8:45,789.08,1200.0,-410.92,456.0,RFR,,dat_out,False,0,Carrier 1694001,Shipper 1388,False,True,False,12/20/2017 15:00,12/22/2017 7:45,False,False,False,False,False,False,False,False,Jacksonville,FL ,Jacksonville,FL 
7878,206555953,10/12/2017 10:11,10/12/2017 10:11,10/17/2017 12:33,10/19/2017 9:00,10/20/2017 2:00,789.03,925.0,-135.97,329.2,DRV,,,False,0,Carrier 552905,Shipper 758,True,True,True,10/19/2017 9:00,10/20/2017 0:00,False,False,False,False,False,False,False,False,Vernon,CA ,Vernon,CA 
7879,206548793,3/20/2017 13:54,3/20/2017 13:54,3/20/2017 18:19,3/21/2017 9:00,3/22/2017 7:35,788.85,750.0,38.85,476.7,DRV,,,False,0,Carrier 1232674,Shipper 744,True,True,True,3/21/2017 15:30,3/22/2017 14:30,False,False,False,False,False,False,False,False,Conover,NC ,Conover,NC 
7880,206535377,3/7/2017 9:30,3/7/2017 9:40,3/8/2017 9:33,3/8/2017 8:00,3/9/2017 11:40,788.76,750.0,38.76,440.4,DRV,,,False,0,Carrier 1105304,Shipper 744,True,True,True,3/8/2017 15:45,3/9/2017 10:00,False,False,False,False,False,False,False,False,Conover,NC ,Conover,NC 
7881,206478145,6/22/2017 13:57,6/22/2017 13:57,6/23/2017 12:23,6/23/2017 9:00,6/26/2017 11:00,788.61,700.0,88.61,162.5,DRV,,,False,0,Carrier 79411,Shipper 762,True,True,True,6/23/2017 14:00,6/26/2017 12:00,False,False,False,False,False,False,False,False,Pocomoke City,MD ,Pocomoke City,MD 
7882,206488945,5/19/2017 13:37,5/19/2017 13:37,5/25/2017 17:28,5/26/2017 23:00,5/28/2017 1:20,788.5,1024.0,-235.5,526.0,DRV,,,False,1,Carrier 503149,Shipper 758,True,True,True,5/26/2017 23:00,5/27/2017 23:30,False,False,False,False,False,False,False,False,Henderson,NV ,Henderson,NV 
7883,206496729,3/27/2017 11:51,3/27/2017 11:51,3/30/2017 12:23,3/30/2017 12:00,3/31/2017 19:00,788.3,1200.0,-411.7,120.9,DRV,3.0,,False,1,Carrier 1337148,Shipper 758,False,True,True,3/30/2017 12:00,3/30/2017 22:45,False,False,False,False,False,False,False,False,Shippensburg,PA ,Shippensburg,PA 
7884,206424921,3/23/2017 14:49,3/23/2017 14:49,3/24/2017 9:48,3/24/2017 12:00,3/24/2017 20:30,788.3,700.0,88.3,120.9,DRV,,,False,1,Carrier 951595,Shipper 758,True,True,True,3/24/2017 12:00,3/24/2017 21:00,False,False,False,False,False,False,False,False,Shippensburg,PA ,Shippensburg,PA 
7885,206508641,11/8/2017 17:59,11/8/2017 17:59,11/27/2017 11:59,11/27/2017 10:00,11/28/2017 19:58,787.94,1200.0,-412.06,284.1,DRV,,,False,0,Carrier 1639060,Shipper 758,True,False,False,11/27/2017 15:00,11/28/2017 18:30,False,False,False,False,False,False,False,False,Kent,WA ,Kent,WA 
7886,206608633,12/29/2017 10:42,12/29/2017 10:42,1/10/2018 14:16,1/10/2018 10:00,1/11/2018 23:00,787.94,1100.0,-312.06,284.1,DRV,,dat_in,False,0,Carrier 45305,Shipper 758,True,True,True,1/10/2018 21:00,1/11/2018 21:45,False,False,False,False,False,False,False,False,Kent,WA ,Kent,WA 
7887,206523833,11/16/2017 11:59,11/16/2017 11:59,11/17/2017 10:10,11/22/2017 19:00,11/22/2017 23:00,787.87,531.0,256.87,9.6,DRV,,,False,0,Carrier 1558859,Shipper 758,True,True,True,11/22/2017 19:00,11/22/2017 23:00,False,False,False,False,False,False,False,False,Lathrop,CA ,Lathrop,CA 
7888,206535313,1/10/2017 13:56,1/10/2017 13:56,1/12/2017 8:29,1/12/2017 8:00,1/12/2017 23:00,787.35,750.0,37.35,440.4,DRV,3.0,,False,2,Carrier 1005125,Shipper 744,True,True,True,1/12/2017 17:00,1/13/2017 10:00,False,False,False,False,False,False,False,False,Conover,NC ,Conover,NC 
7889,206569641,3/22/2017 19:31,3/22/2017 19:31,3/23/2017 18:45,3/24/2017 0:00,3/24/2017 10:00,786.78,1500.0,-713.22,342.4,DRV,,,False,0,Carrier 645471,Shipper 1249,True,False,True,3/24/2017 0:00,3/24/2017 14:00,False,False,False,False,False,False,False,False,Granite City,IL ,Granite City,IL 
7890,206569641,3/22/2017 19:31,3/22/2017 19:31,3/23/2017 18:45,3/24/2017 0:00,3/24/2017 10:00,786.78,1500.0,-713.22,342.4,DRV,,,False,0,Carrier 645471,Shipper 1375,True,False,True,3/24/2017 0:00,3/24/2017 14:00,False,False,False,False,False,False,False,False,Granite City,IL ,Granite City,IL 
7891,206569641,3/22/2017 19:31,3/22/2017 19:31,3/23/2017 18:45,3/24/2017 0:00,3/24/2017 10:00,786.78,1500.0,-713.22,342.4,DRV,,,False,0,Carrier 645471,Shipper 1386,True,False,True,3/24/2017 0:00,3/24/2017 14:00,False,False,False,False,False,False,False,False,Granite City,IL ,Granite City,IL 
7892,206569641,3/22/2017 19:31,3/22/2017 19:31,3/23/2017 18:45,3/24/2017 0:00,3/24/2017 10:00,786.78,1500.0,-713.22,342.4,DRV,,,False,0,Carrier 645471,Shipper 1248,True,False,True,3/24/2017 0:00,3/24/2017 14:00,False,False,False,False,False,False,False,False,Granite City,IL ,Granite City,IL 
7893,206569641,3/22/2017 19:31,3/22/2017 19:31,3/23/2017 18:45,3/24/2017 0:00,3/24/2017 10:00,786.78,1500.0,-713.22,342.4,DRV,,,False,0,Carrier 645471,Shipper 1387,True,False,True,3/24/2017 0:00,3/24/2017 14:00,False,False,False,False,False,False,False,False,Granite City,IL ,Granite City,IL 
7894,206569641,3/22/2017 19:31,3/22/2017 19:31,3/23/2017 18:45,3/24/2017 0:00,3/24/2017 10:00,786.78,1500.0,-713.22,342.4,DRV,,,False,0,Carrier 645471,Shipper 1388,True,False,True,3/24/2017 0:00,3/24/2017 14:00,False,False,False,False,False,False,False,False,Granite City,IL ,Granite City,IL 
7895,206600841,8/23/2017 16:57,8/23/2017 16:57,9/1/2017 11:32,9/7/2017 9:00,9/7/2017 23:00,786.41,925.0,-138.59,329.2,DRV,,,False,0,Carrier 552905,Shipper 758,True,True,True,9/7/2017 9:00,9/7/2017 22:30,False,False,False,False,False,False,False,False,Vernon,CA ,Vernon,CA 
7896,206484417,8/23/2017 15:53,8/23/2017 15:54,9/5/2017 14:03,9/6/2017 10:00,9/7/2017 0:30,786.41,925.0,-138.59,329.2,DRV,,,False,1,Carrier 552905,Shipper 758,True,True,True,9/6/2017 15:00,9/6/2017 22:30,False,False,False,False,False,False,False,False,Vernon,CA ,Vernon,CA 
7897,206430185,3/13/2017 10:22,3/13/2017 10:22,3/22/2017 10:14,3/21/2017 9:00,3/23/2017 2:00,786.26,900.0,-113.74,329.2,DRV,,,False,0,Carrier 1059812,Shipper 758,True,True,True,3/22/2017 0:00,3/22/2017 23:00,False,False,False,False,False,False,False,False,Vernon,CA ,Vernon,CA 
7898,206501497,8/7/2017 13:43,8/7/2017 13:43,8/14/2017 13:52,8/16/2017 9:00,8/17/2017 2:30,785.88,933.0,-147.12,329.2,DRV,,,False,0,Carrier 552905,Shipper 758,True,True,True,8/16/2017 9:00,8/16/2017 22:30,False,False,False,False,False,False,False,False,Vernon,CA ,Vernon,CA 
7899,206521633,1/24/2017 13:00,1/24/2017 13:01,1/25/2017 17:44,1/25/2017 18:00,1/28/2017 16:00,785.83,800.0,-14.17,340.6,DRV,,,False,0,Carrier 1048470,Shipper 1048,True,True,True,1/25/2017 21:00,1/28/2017 14:00,False,False,False,False,False,False,False,False,Laredo,TX ,Laredo,TX 
7900,206515881,12/8/2017 15:00,12/8/2017 15:01,12/14/2017 11:35,12/14/2017 10:00,12/15/2017 20:35,785.68,1000.0,-214.32,297.2,DRV,,,False,0,Carrier 303317,Shipper 758,True,True,True,12/14/2017 15:00,12/15/2017 18:00,False,False,False,False,False,False,False,False,Kent,WA ,Kent,WA 
7901,206481417,12/8/2017 15:15,12/8/2017 15:15,12/11/2017 14:48,12/11/2017 14:00,12/12/2017 0:41,785.68,1400.0,-614.32,287.8,DRV,,carrier_capacity,False,1,Carrier 1373640,Shipper 758,True,True,True,12/11/2017 18:00,12/12/2017 20:00,False,False,False,False,False,False,False,False,Kent,WA ,Kent,WA 
7902,206649033,11/20/2017 9:28,11/20/2017 9:34,12/6/2017 13:20,12/7/2017 9:00,12/8/2017 15:40,785.0,550.0,235.0,114.1,DRV,,,False,1,Carrier 1640414,Shipper 762,True,True,True,12/7/2017 13:05,12/8/2017 15:30,False,False,False,False,False,True,False,False,Cowarts,AL ,Cowarts,AL 
7903,206577601,1/6/2017 18:05,1/6/2017 18:05,1/9/2017 15:43,1/10/2017 19:00,1/11/2017 3:00,785.0,660.0,125.0,140.0,RFR,3.0,,False,0,Carrier 82271,Shipper 758,,,,1/10/2017 19:00,1/10/2017 23:45,False,False,False,False,False,False,False,False,Milwaukie,OR ,Milwaukie,OR 
7904,206547241,6/1/2017 12:09,6/1/2017 12:09,6/6/2017 11:13,6/6/2017 6:00,6/7/2017 9:00,782.95,825.0,-42.05,380.0,DRV,,,False,0,Carrier 1159765,Shipper 1357,True,True,True,6/6/2017 15:00,6/7/2017 9:00,False,False,False,False,False,False,False,False,Lexington,KY ,Lexington,KY 
7905,206424161,6/1/2017 12:18,6/1/2017 12:18,6/14/2017 15:49,6/15/2017 6:00,6/16/2017 8:00,782.95,700.0,82.95,380.0,DRV,,,False,1,Carrier 1198013,Shipper 1357,True,True,True,6/15/2017 15:00,6/16/2017 10:00,False,False,False,False,False,False,False,False,Lexington,KY ,Lexington,KY 
7906,206427817,6/1/2017 12:17,6/1/2017 12:17,6/28/2017 9:38,6/28/2017 12:00,6/29/2017 10:00,782.95,1050.0,-267.05,380.0,DRV,,,False,2,Carrier 106770,Shipper 1357,False,True,True,6/28/2017 12:00,6/29/2017 10:00,False,False,False,False,False,False,False,False,Lexington,KY ,Lexington,KY 
7907,206473993,8/22/2017 14:17,8/22/2017 14:17,8/25/2017 14:25,8/30/2017 9:00,8/31/2017 2:00,780.83,925.0,-144.17,329.2,DRV,,,False,0,Carrier 552905,Shipper 758,True,True,True,8/30/2017 15:00,8/30/2017 22:30,False,False,False,False,False,False,False,False,Vernon,CA ,Vernon,CA 
7908,206476065,4/3/2017 9:41,4/3/2017 9:41,4/4/2017 11:32,4/4/2017 6:00,4/5/2017 8:45,780.0,900.0,-120.0,301.9,RFR,4.0,,False,0,Carrier 1300149,Shipper 1192,True,True,True,4/4/2017 13:00,4/5/2017 10:00,False,False,False,False,False,False,False,False,Congers,NY ,Congers,NY 
7909,206476065,4/3/2017 9:41,4/3/2017 9:41,4/4/2017 11:32,4/4/2017 6:00,4/5/2017 8:45,780.0,900.0,-120.0,301.9,RFR,4.0,,False,0,Carrier 1300149,Shipper 1207,True,True,True,4/4/2017 13:00,4/5/2017 10:00,False,False,False,False,False,False,False,False,Congers,NY ,Congers,NY 
7910,206506337,4/25/2017 9:41,4/25/2017 9:41,4/26/2017 8:31,4/26/2017 9:30,4/27/2017 12:00,780.0,800.0,-20.0,157.0,DRV,2.0,,False,0,Carrier 13841,Shipper 1184,False,False,False,4/26/2017 9:30,4/27/2017 8:00,False,False,False,False,False,False,False,False,Kutztown,PA ,Kutztown,PA 
7911,206572065,7/27/2017 13:46,7/27/2017 13:46,7/31/2017 8:52,7/31/2017 8:00,8/1/2017 9:00,780.0,750.0,30.0,245.9,DRV,,,False,0,Carrier 31074,Shipper 590,True,True,True,7/31/2017 15:00,8/1/2017 14:00,False,False,False,False,False,False,False,False,Bridgewater,NJ ,Bridgewater,NJ 
7912,206497545,8/17/2017 16:38,8/17/2017 16:38,8/18/2017 9:09,8/18/2017 6:00,8/21/2017 10:00,779.37,650.0,129.37,257.2,DRV,,,False,0,Carrier 71315,Shipper 1249,True,True,True,8/18/2017 16:00,8/21/2017 15:00,False,False,False,False,False,False,False,False,South Windsor,CT ,South Windsor,CT 
7913,206622393,8/17/2017 16:41,8/17/2017 16:41,8/18/2017 13:24,8/18/2017 6:00,8/21/2017 11:40,779.37,775.0,4.37,257.2,DRV,,,False,0,Carrier 826139,Shipper 1249,True,True,True,8/18/2017 17:00,8/21/2017 15:00,False,False,False,False,False,False,False,False,South Windsor,CT ,South Windsor,CT 
7914,206497545,8/17/2017 16:38,8/17/2017 16:38,8/18/2017 9:09,8/18/2017 6:00,8/21/2017 10:00,779.37,650.0,129.37,257.2,DRV,,,False,0,Carrier 71315,Shipper 1375,True,True,True,8/18/2017 16:00,8/21/2017 15:00,False,False,False,False,False,False,False,False,South Windsor,CT ,South Windsor,CT 
7915,206622393,8/17/2017 16:41,8/17/2017 16:41,8/18/2017 13:24,8/18/2017 6:00,8/21/2017 11:40,779.37,775.0,4.37,257.2,DRV,,,False,0,Carrier 826139,Shipper 1375,True,True,True,8/18/2017 17:00,8/21/2017 15:00,False,False,False,False,False,False,False,False,South Windsor,CT ,South Windsor,CT 
7916,206497545,8/17/2017 16:38,8/17/2017 16:38,8/18/2017 9:09,8/18/2017 6:00,8/21/2017 10:00,779.37,650.0,129.37,257.2,DRV,,,False,0,Carrier 71315,Shipper 1386,True,True,True,8/18/2017 16:00,8/21/2017 15:00,False,False,False,False,False,False,False,False,South Windsor,CT ,South Windsor,CT 
7917,206622393,8/17/2017 16:41,8/17/2017 16:41,8/18/2017 13:24,8/18/2017 6:00,8/21/2017 11:40,779.37,775.0,4.37,257.2,DRV,,,False,0,Carrier 826139,Shipper 1386,True,True,True,8/18/2017 17:00,8/21/2017 15:00,False,False,False,False,False,False,False,False,South Windsor,CT ,South Windsor,CT 
7918,206497545,8/17/2017 16:38,8/17/2017 16:38,8/18/2017 9:09,8/18/2017 6:00,8/21/2017 10:00,779.37,650.0,129.37,257.2,DRV,,,False,0,Carrier 71315,Shipper 1248,True,True,True,8/18/2017 16:00,8/21/2017 15:00,False,False,False,False,False,False,False,False,South Windsor,CT ,South Windsor,CT 
7919,206622393,8/17/2017 16:41,8/17/2017 16:41,8/18/2017 13:24,8/18/2017 6:00,8/21/2017 11:40,779.37,775.0,4.37,257.2,DRV,,,False,0,Carrier 826139,Shipper 1248,True,True,True,8/18/2017 17:00,8/21/2017 15:00,False,False,False,False,False,False,False,False,South Windsor,CT ,South Windsor,CT 
7920,206497545,8/17/2017 16:38,8/17/2017 16:38,8/18/2017 9:09,8/18/2017 6:00,8/21/2017 10:00,779.37,650.0,129.37,257.2,DRV,,,False,0,Carrier 71315,Shipper 1387,True,True,True,8/18/2017 16:00,8/21/2017 15:00,False,False,False,False,False,False,False,False,South Windsor,CT ,South Windsor,CT 
7921,206622393,8/17/2017 16:41,8/17/2017 16:41,8/18/2017 13:24,8/18/2017 6:00,8/21/2017 11:40,779.37,775.0,4.37,257.2,DRV,,,False,0,Carrier 826139,Shipper 1387,True,True,True,8/18/2017 17:00,8/21/2017 15:00,False,False,False,False,False,False,False,False,South Windsor,CT ,South Windsor,CT 
7922,206497545,8/17/2017 16:38,8/17/2017 16:38,8/18/2017 9:09,8/18/2017 6:00,8/21/2017 10:00,779.37,650.0,129.37,257.2,DRV,,,False,0,Carrier 71315,Shipper 1388,True,True,True,8/18/2017 16:00,8/21/2017 15:00,False,False,False,False,False,False,False,False,South Windsor,CT ,South Windsor,CT 
7923,206622393,8/17/2017 16:41,8/17/2017 16:41,8/18/2017 13:24,8/18/2017 6:00,8/21/2017 11:40,779.37,775.0,4.37,257.2,DRV,,,False,0,Carrier 826139,Shipper 1388,True,True,True,8/18/2017 17:00,8/21/2017 15:00,False,False,False,False,False,False,False,False,South Windsor,CT ,South Windsor,CT 
7924,206747841,6/30/2017 14:00,6/30/2017 14:00,7/11/2017 12:00,7/11/2017 9:00,7/12/2017 10:59,779.14,800.0,-20.86,354.9,DRV,,,False,1,Carrier 9610,Shipper 1052,True,True,True,7/11/2017 17:00,7/12/2017 13:00,False,False,False,False,False,False,False,False,McAllen,TX ,McAllen,TX 
7925,206424257,6/30/2017 13:55,6/30/2017 13:58,7/10/2017 10:42,7/10/2017 9:00,7/11/2017 9:00,779.14,775.0,4.14,354.9,DRV,,,False,0,Carrier 807783,Shipper 1052,True,True,True,7/10/2017 17:00,7/11/2017 13:00,False,False,False,False,False,False,False,False,McAllen,TX ,McAllen,TX 
7926,206667585,6/30/2017 14:04,6/30/2017 14:04,7/7/2017 10:23,7/10/2017 9:00,7/11/2017 11:50,779.14,725.0,54.14,354.9,DRV,,,False,0,Carrier 7796,Shipper 1052,True,True,True,7/10/2017 17:00,7/11/2017 15:00,False,False,False,False,False,False,False,False,McAllen,TX ,McAllen,TX 
7927,206529313,10/4/2017 12:01,10/4/2017 12:01,10/9/2017 14:48,10/12/2017 12:00,10/13/2017 10:50,778.5,700.0,78.5,232.0,DRV,,,False,0,Carrier 1464833,Shipper 1357,True,True,True,10/12/2017 12:00,10/13/2017 9:00,False,False,False,False,False,True,False,False,Atlanta,GA ,Atlanta,GA 
7928,206643865,9/6/2017 16:19,9/6/2017 16:20,9/11/2017 13:19,9/11/2017 18:00,9/12/2017 22:35,777.89,1100.0,-322.11,311.5,DRV,,,False,0,Carrier 644327,Shipper 758,True,True,True,9/11/2017 18:00,9/12/2017 20:30,False,False,False,False,False,False,False,False,Kent,WA ,Kent,WA 
7929,206551465,8/7/2017 14:12,8/7/2017 14:12,8/21/2017 9:39,8/24/2017 9:00,8/25/2017 0:00,777.88,925.0,-147.12,329.2,DRV,,,False,0,Carrier 552905,Shipper 758,True,True,True,8/24/2017 13:00,8/24/2017 23:00,False,False,False,False,False,False,False,False,Vernon,CA ,Vernon,CA 
7930,206567001,8/7/2017 14:01,8/7/2017 14:01,8/21/2017 9:42,8/24/2017 9:00,8/24/2017 23:00,777.88,925.0,-147.12,329.2,DRV,,,False,0,Carrier 1176466,Shipper 758,True,True,True,8/24/2017 13:00,8/24/2017 22:30,False,False,False,False,False,False,False,False,Vernon,CA ,Vernon,CA 
7931,206601169,8/7/2017 14:07,8/7/2017 14:07,8/21/2017 9:38,8/22/2017 9:00,8/23/2017 1:00,777.88,925.0,-147.12,329.2,DRV,,,False,0,Carrier 552905,Shipper 758,True,True,True,8/22/2017 12:00,8/22/2017 22:30,False,False,False,False,False,False,False,False,Vernon,CA ,Vernon,CA 
7932,206423065,5/31/2017 15:51,5/31/2017 15:51,6/5/2017 13:55,6/5/2017 15:00,6/6/2017 14:30,777.48,1200.0,-422.52,193.8,RFR,,,False,0,Carrier 114280,Shipper 1249,False,True,False,6/5/2017 15:00,6/6/2017 16:00,False,False,False,False,False,False,False,False,Newark,NJ ,Newark,NJ 
7933,206423065,5/31/2017 15:51,5/31/2017 15:51,6/5/2017 13:55,6/5/2017 15:00,6/6/2017 14:30,777.48,1200.0,-422.52,193.8,RFR,,,False,0,Carrier 114280,Shipper 1375,False,True,False,6/5/2017 15:00,6/6/2017 16:00,False,False,False,False,False,False,False,False,Newark,NJ ,Newark,NJ 
7934,206423065,5/31/2017 15:51,5/31/2017 15:51,6/5/2017 13:55,6/5/2017 15:00,6/6/2017 14:30,777.48,1200.0,-422.52,193.8,RFR,,,False,0,Carrier 114280,Shipper 1386,False,True,False,6/5/2017 15:00,6/6/2017 16:00,False,False,False,False,False,False,False,False,Newark,NJ ,Newark,NJ 
7935,206423065,5/31/2017 15:51,5/31/2017 15:51,6/5/2017 13:55,6/5/2017 15:00,6/6/2017 14:30,777.48,1200.0,-422.52,193.8,RFR,,,False,0,Carrier 114280,Shipper 1248,False,True,False,6/5/2017 15:00,6/6/2017 16:00,False,False,False,False,False,False,False,False,Newark,NJ ,Newark,NJ 
7936,206423065,5/31/2017 15:51,5/31/2017 15:51,6/5/2017 13:55,6/5/2017 15:00,6/6/2017 14:30,777.48,1200.0,-422.52,193.8,RFR,,,False,0,Carrier 114280,Shipper 1387,False,True,False,6/5/2017 15:00,6/6/2017 16:00,False,False,False,False,False,False,False,False,Newark,NJ ,Newark,NJ 
7937,206423065,5/31/2017 15:51,5/31/2017 15:51,6/5/2017 13:55,6/5/2017 15:00,6/6/2017 14:30,777.48,1200.0,-422.52,193.8,RFR,,,False,0,Carrier 114280,Shipper 1388,False,True,False,6/5/2017 15:00,6/6/2017 16:00,False,False,False,False,False,False,False,False,Newark,NJ ,Newark,NJ 
7938,206499225,10/4/2017 11:55,10/4/2017 11:55,10/6/2017 16:00,10/10/2017 12:00,10/11/2017 11:30,777.45,700.0,77.45,232.0,DRV,,,False,0,Carrier 1464833,Shipper 1357,True,True,True,10/10/2017 12:00,10/11/2017 10:00,False,False,False,False,False,True,False,False,Atlanta,GA ,Atlanta,GA 
7939,206712009,4/27/2017 9:09,4/27/2017 9:09,5/8/2017 12:08,5/9/2017 9:00,5/10/2017 2:55,776.88,924.0,-147.12,329.2,DRV,3.0,,False,0,Carrier 552905,Shipper 758,True,True,True,5/9/2017 15:00,5/10/2017 1:00,False,False,False,False,False,False,False,False,Vernon,CA ,Vernon,CA 
7940,206658313,5/3/2017 10:29,5/3/2017 10:29,5/15/2017 15:48,5/17/2017 9:00,5/18/2017 2:00,776.88,924.0,-147.12,329.2,DRV,,,False,0,Carrier 552905,Shipper 758,True,True,True,5/17/2017 9:00,5/18/2017 0:00,False,False,False,False,False,False,False,False,Vernon,CA ,Vernon,CA 
7941,206539713,4/19/2017 16:57,4/19/2017 16:58,5/1/2017 11:29,5/3/2017 9:00,5/5/2017 4:00,776.88,924.0,-147.12,329.2,DRV,3.0,,False,0,Carrier 552905,Shipper 758,True,True,True,5/3/2017 15:00,5/5/2017 1:30,False,False,False,False,False,False,False,False,Vernon,CA ,Vernon,CA 
7942,206601145,4/11/2017 18:03,4/11/2017 18:03,4/21/2017 12:28,4/25/2017 9:00,4/26/2017 1:30,776.88,924.0,-147.12,329.2,DRV,4.0,,False,0,Carrier 552905,Shipper 758,True,True,True,4/25/2017 12:00,4/25/2017 21:00,False,False,False,False,False,False,False,False,Vernon,CA ,Vernon,CA 
7943,206501081,4/12/2017 9:46,4/12/2017 9:46,4/21/2017 12:29,4/26/2017 9:00,4/26/2017 16:30,776.88,924.0,-147.12,329.2,DRV,,,False,0,Carrier 552905,Shipper 758,True,True,True,4/26/2017 12:00,4/29/2017 0:30,False,False,False,False,False,False,False,False,Vernon,CA ,Vernon,CA 
7944,206491025,4/12/2017 9:49,4/12/2017 9:49,4/21/2017 12:30,4/27/2017 9:00,4/28/2017 2:00,776.88,924.0,-147.12,329.2,DRV,3.0,,False,0,Carrier 552905,Shipper 758,True,True,True,4/27/2017 12:00,4/27/2017 21:00,False,False,False,False,False,False,False,False,Vernon,CA ,Vernon,CA 
7945,206630881,10/25/2017 12:41,10/25/2017 12:42,10/30/2017 12:50,10/30/2017 10:00,10/31/2017 20:00,776.1,875.0,-98.9,299.0,DRV,,,False,0,Carrier 1240629,Shipper 758,True,True,True,10/30/2017 15:00,10/31/2017 17:00,False,False,False,False,False,False,False,False,Kent,WA ,Kent,WA 
7946,206587809,9/7/2017 10:08,9/7/2017 10:09,9/18/2017 9:52,9/18/2017 17:30,9/19/2017 21:15,776.1,950.0,-173.9,284.1,DRV,,,False,1,Carrier 644327,Shipper 758,True,True,True,9/18/2017 17:30,9/19/2017 19:00,False,False,False,False,False,False,False,False,Kent,WA ,Kent,WA 
7947,206596313,9/18/2017 13:59,9/18/2017 14:00,9/27/2017 7:31,9/28/2017 10:00,9/29/2017 22:30,776.1,900.0,-123.9,284.1,DRV,,,False,0,Carrier 1453255,Shipper 758,True,True,True,9/28/2017 15:00,9/29/2017 17:00,False,False,False,False,False,False,False,False,Kent,WA ,Kent,WA 
7948,206521801,11/13/2017 18:19,11/13/2017 18:19,11/15/2017 12:18,11/21/2017 17:00,11/23/2017 2:00,775.88,575.0,200.88,61.7,DRV,,,False,0,Carrier 955586,Shipper 758,False,True,True,11/21/2017 17:00,11/23/2017 0:15,False,False,False,False,False,False,False,False,Sacramento,CA ,Sacramento,CA 
7949,206559993,11/13/2017 14:24,11/13/2017 14:24,11/15/2017 12:10,11/16/2017 17:00,11/17/2017 5:00,775.88,575.0,200.88,61.7,DRV,,,False,0,Carrier 955586,Shipper 758,True,True,True,11/16/2017 17:00,11/17/2017 1:45,False,False,False,False,False,False,False,False,Sacramento,CA ,Sacramento,CA 
7950,206712033,8/1/2017 17:04,8/1/2017 17:04,8/7/2017 12:56,8/9/2017 9:00,8/10/2017 0:30,775.26,925.0,-149.74,329.2,DRV,,,False,0,Carrier 552905,Shipper 758,True,True,True,8/9/2017 9:00,8/9/2017 21:30,False,False,False,False,False,False,False,False,Vernon,CA ,Vernon,CA 
7951,206521769,6/13/2017 16:37,6/13/2017 16:37,6/27/2017 10:11,6/27/2017 9:00,6/28/2017 0:55,775.26,1100.0,-324.74,329.2,DRV,,,False,0,Carrier 1385826,Shipper 758,True,True,True,6/27/2017 15:00,6/27/2017 23:30,False,False,False,False,False,False,False,False,Vernon,CA ,Vernon,CA 
7952,206431569,5/8/2017 12:37,5/8/2017 12:37,5/8/2017 17:15,5/9/2017 8:00,5/10/2017 9:30,775.0,850.0,-75.0,476.6,DRV,,,False,0,Carrier 109400,Shipper 744,True,True,True,5/9/2017 15:45,5/11/2017 0:00,False,False,False,False,False,False,False,False,Conover,NC ,Conover,NC 
7953,206747785,1/23/2017 12:20,1/23/2017 12:20,1/26/2017 12:21,1/30/2017 12:30,1/31/2017 9:00,775.0,525.0,250.0,140.0,DRV,3.0,,False,0,Carrier 341997,Shipper 758,True,True,True,1/30/2017 12:30,1/31/2017 6:00,False,False,False,False,False,False,False,False,Grapevine,TX ,Grapevine,TX 
7954,206602809,5/26/2017 15:56,5/26/2017 15:57,5/30/2017 14:44,5/31/2017 8:00,6/1/2017 11:30,775.0,900.0,-125.0,476.6,DRV,,,False,0,Carrier 34822,Shipper 744,True,True,True,5/31/2017 15:45,6/1/2017 16:00,False,False,False,False,False,False,False,False,Conover,NC ,Conover,NC 
7955,206559001,6/12/2017 14:39,6/12/2017 14:39,6/12/2017 15:50,6/13/2017 18:00,6/14/2017 10:07,775.0,650.0,125.0,294.3,DRV,,,False,0,Carrier 832217,Shipper 866,True,True,True,6/13/2017 18:00,6/14/2017 10:00,False,False,False,False,False,False,False,False,Livingston,CA ,Livingston,CA 
7956,206576873,5/24/2017 14:27,5/24/2017 14:27,6/8/2017 12:07,6/8/2017 10:00,6/9/2017 4:00,774.26,1224.0,-449.74,329.2,DRV,,,False,0,Carrier 1695337,Shipper 758,False,True,True,6/8/2017 13:00,6/9/2017 2:00,False,False,False,False,False,False,False,False,Vernon,CA ,Vernon,CA 
7957,206600321,5/10/2017 17:08,5/10/2017 17:08,5/19/2017 12:46,5/23/2017 9:00,5/24/2017 1:30,774.26,924.0,-149.74,329.2,DRV,,,False,0,Carrier 552905,Shipper 758,True,True,True,5/23/2017 9:00,5/24/2017 0:30,False,False,False,False,False,False,False,False,Vernon,CA ,Vernon,CA 
7958,206500289,4/27/2017 9:04,4/27/2017 9:05,5/8/2017 12:09,5/10/2017 9:00,5/11/2017 2:00,774.26,924.0,-149.74,329.2,DRV,,,False,0,Carrier 552905,Shipper 758,True,True,True,5/10/2017 15:00,5/11/2017 1:00,False,False,False,False,False,False,False,False,Vernon,CA ,Vernon,CA 
7959,206552753,3/24/2017 8:43,3/24/2017 8:44,4/3/2017 17:39,4/4/2017 9:00,4/4/2017 22:30,774.26,924.0,-149.74,329.2,DRV,,,False,0,Carrier 552905,Shipper 758,True,True,True,4/4/2017 13:00,4/4/2017 22:30,False,False,False,False,False,False,False,False,Vernon,CA ,Vernon,CA 
7960,206491033,5/31/2017 16:23,5/31/2017 16:23,6/12/2017 9:29,6/13/2017 9:00,6/14/2017 1:00,774.26,924.0,-149.74,329.2,DRV,,,False,0,Carrier 552905,Shipper 758,True,True,True,6/13/2017 9:00,6/13/2017 23:00,False,False,False,False,False,False,False,False,Vernon,CA ,Vernon,CA 
7961,206599409,4/20/2017 12:22,4/20/2017 12:23,4/24/2017 9:04,4/24/2017 9:00,4/25/2017 10:00,774.11,800.0,-25.89,403.1,DRV,3.0,,False,0,Carrier 960719,Shipper 758,True,True,True,4/24/2017 16:00,4/25/2017 17:00,False,False,False,False,False,False,False,False,Roanoke,TX ,Roanoke,TX 
7962,206722161,3/1/2017 12:14,3/1/2017 12:14,3/2/2017 8:20,3/2/2017 15:00,3/3/2017 10:45,773.63,720.0,53.63,417.2,DRV,4.0,,False,0,Carrier 67241,Shipper 744,True,True,True,3/2/2017 15:00,3/3/2017 15:00,False,False,False,False,False,False,False,False,Montgomery,AL ,Montgomery,AL 
7963,206518081,8/21/2017 11:09,8/21/2017 11:10,8/24/2017 14:34,8/24/2017 7:00,8/25/2017 10:00,773.59,750.0,23.59,135.4,DRV,,,False,1,Carrier 1480060,Shipper 1078,True,True,True,8/24/2017 17:00,8/25/2017 12:00,False,False,False,False,False,False,False,False,York,PA ,York,PA 
7964,206492809,10/10/2017 11:26,10/10/2017 11:26,10/19/2017 16:39,10/23/2017 17:30,10/24/2017 18:45,773.56,800.0,-26.44,284.1,DRV,,,False,0,Carrier 18801,Shipper 758,True,True,True,10/23/2017 17:30,10/24/2017 17:00,False,False,False,False,False,False,False,False,Kent,WA ,Kent,WA 
7965,206626697,5/24/2017 15:24,5/24/2017 15:24,6/6/2017 13:17,6/7/2017 9:00,6/8/2017 1:00,773.26,1024.0,-250.74,329.2,DRV,,,False,0,Carrier 503149,Shipper 758,False,True,True,6/7/2017 12:00,6/8/2017 1:00,False,False,False,False,False,False,False,False,Vernon,CA ,Vernon,CA 
7966,206532105,11/16/2017 17:17,11/16/2017 17:17,11/17/2017 10:10,11/21/2017 10:00,11/22/2017 3:00,773.06,515.0,258.06,20.0,DRV,,,False,0,Carrier 1558859,Shipper 758,True,True,True,11/21/2017 18:00,11/21/2017 23:00,False,False,False,False,False,False,False,False,Stockton,CA ,Stockton,CA 
7967,206546961,11/16/2017 11:03,11/16/2017 11:03,11/17/2017 10:10,11/22/2017 10:00,12/7/2017 3:00,773.06,225.0,548.06,20.0,DRV,,,False,0,Carrier 1558859,Shipper 758,True,True,True,11/22/2017 18:00,12/6/2017 23:30,False,False,False,False,False,False,False,False,Stockton,CA ,Stockton,CA 
7968,206652617,7/10/2017 13:48,7/10/2017 13:48,7/19/2017 8:46,7/19/2017 9:30,7/20/2017 3:30,772.3,1125.0,-352.7,329.2,DRV,,,False,0,Carrier 55501,Shipper 758,True,True,True,7/19/2017 9:30,7/20/2017 0:30,False,False,False,False,False,False,False,False,Vernon,CA ,Vernon,CA 
7969,206477065,7/25/2017 14:33,7/25/2017 14:33,8/1/2017 11:30,8/3/2017 9:00,8/3/2017 23:30,772.3,925.0,-152.7,329.2,DRV,,,False,0,Carrier 1176466,Shipper 758,True,True,True,8/3/2017 10:00,8/3/2017 22:30,False,False,False,False,False,False,False,False,Vernon,CA ,Vernon,CA 
7970,206424185,7/13/2017 16:52,7/13/2017 16:52,7/21/2017 16:37,7/25/2017 9:00,7/26/2017 1:00,772.3,925.0,-152.7,329.2,DRV,,,False,0,Carrier 552905,Shipper 758,True,True,True,7/25/2017 9:00,7/25/2017 22:30,False,False,False,False,False,False,False,False,Vernon,CA ,Vernon,CA 
7971,206438049,7/3/2017 13:17,7/3/2017 13:17,7/11/2017 20:51,7/12/2017 9:00,7/12/2017 23:30,772.3,1000.0,-227.7,329.2,DRV,,,False,1,Carrier 1516072,Shipper 758,True,True,True,7/13/2017 0:00,7/12/2017 22:30,False,False,False,False,False,False,False,False,Vernon,CA ,Vernon,CA 
7972,206601113,2/23/2017 13:36,2/23/2017 13:36,2/23/2017 14:56,1/14/2017 3:00,1/14/2017 20:00,772.0,550.0,222.0,0.0,RFR,,,False,0,Carrier 1064563,Shipper 758,True,True,True,1/15/2017 2:00,1/15/2017 2:00,False,False,False,False,False,False,False,False,Portland,OR ,Portland,OR 
7973,206518809,6/20/2017 11:41,6/20/2017 11:41,6/23/2017 10:46,6/26/2017 19:00,6/27/2017 14:35,771.41,750.0,21.41,284.1,RFR,,,False,0,Carrier 1041647,Shipper 758,True,True,True,6/26/2017 19:00,6/27/2017 10:00,False,False,False,False,False,False,False,False,Kent,WA ,Kent,WA 
7974,206471993,1/13/2017 14:28,1/13/2017 14:29,1/17/2017 9:33,1/17/2017 8:00,1/18/2017 9:00,771.02,800.0,-28.98,540.5,DRV,,,False,1,Carrier 1352695,Shipper 1052,True,True,True,1/17/2017 15:00,1/18/2017 18:00,False,False,False,False,False,False,False,False,Philadelphia,PA ,Philadelphia,PA 
7975,206544929,6/20/2017 16:33,6/20/2017 16:33,6/21/2017 11:35,6/22/2017 8:00,6/22/2017 23:30,770.0,850.0,-80.0,440.4,DRV,,,False,0,Carrier 1004886,Shipper 744,True,True,True,6/22/2017 15:45,6/24/2017 0:00,False,False,False,False,False,False,False,False,Conover,NC ,Conover,NC 
7976,206460505,5/17/2017 11:33,5/17/2017 11:33,5/18/2017 13:10,5/18/2017 17:00,5/19/2017 11:15,769.65,800.0,-30.35,342.6,DRV,,,False,0,Carrier 1693504,Shipper 1048,True,True,True,5/18/2017 19:00,5/19/2017 9:00,False,False,False,False,False,False,False,False,Laredo,TX ,Laredo,TX 
7977,206489849,4/25/2017 17:28,4/25/2017 17:28,4/27/2017 12:21,4/27/2017 17:00,4/28/2017 9:21,768.59,650.0,118.59,370.6,DRV,,,False,1,Carrier 1695235,Shipper 1249,True,True,True,4/27/2017 17:00,4/28/2017 14:30,False,False,False,False,False,False,False,False,Jacksonville,FL ,Jacksonville,FL 
7978,206489849,4/25/2017 17:28,4/25/2017 17:28,4/27/2017 12:21,4/27/2017 17:00,4/28/2017 9:21,768.59,650.0,118.59,370.6,DRV,,,False,1,Carrier 1695235,Shipper 1375,True,True,True,4/27/2017 17:00,4/28/2017 14:30,False,False,False,False,False,False,False,False,Jacksonville,FL ,Jacksonville,FL 
7979,206489849,4/25/2017 17:28,4/25/2017 17:28,4/27/2017 12:21,4/27/2017 17:00,4/28/2017 9:21,768.59,650.0,118.59,370.6,DRV,,,False,1,Carrier 1695235,Shipper 1386,True,True,True,4/27/2017 17:00,4/28/2017 14:30,False,False,False,False,False,False,False,False,Jacksonville,FL ,Jacksonville,FL 
7980,206489849,4/25/2017 17:28,4/25/2017 17:28,4/27/2017 12:21,4/27/2017 17:00,4/28/2017 9:21,768.59,650.0,118.59,370.6,DRV,,,False,1,Carrier 1695235,Shipper 1248,True,True,True,4/27/2017 17:00,4/28/2017 14:30,False,False,False,False,False,False,False,False,Jacksonville,FL ,Jacksonville,FL 
7981,206489849,4/25/2017 17:28,4/25/2017 17:28,4/27/2017 12:21,4/27/2017 17:00,4/28/2017 9:21,768.59,650.0,118.59,370.6,DRV,,,False,1,Carrier 1695235,Shipper 1387,True,True,True,4/27/2017 17:00,4/28/2017 14:30,False,False,False,False,False,False,False,False,Jacksonville,FL ,Jacksonville,FL 
7982,206489849,4/25/2017 17:28,4/25/2017 17:28,4/27/2017 12:21,4/27/2017 17:00,4/28/2017 9:21,768.59,650.0,118.59,370.6,DRV,,,False,1,Carrier 1695235,Shipper 1388,True,True,True,4/27/2017 17:00,4/28/2017 14:30,False,False,False,False,False,False,False,False,Jacksonville,FL ,Jacksonville,FL 
7983,206567345,8/1/2017 11:24,8/1/2017 11:24,8/1/2017 16:32,8/2/2017 13:30,8/3/2017 9:00,768.26,950.0,-181.74,127.6,DRV,,,False,0,Carrier 15344,Shipper 1249,True,True,True,8/2/2017 13:30,8/3/2017 7:30,False,False,False,False,False,False,False,False,Carlisle,PA ,Carlisle,PA 
7984,206567345,8/1/2017 11:24,8/1/2017 11:24,8/1/2017 16:32,8/2/2017 13:30,8/3/2017 9:00,768.26,950.0,-181.74,127.6,DRV,,,False,0,Carrier 15344,Shipper 1375,True,True,True,8/2/2017 13:30,8/3/2017 7:30,False,False,False,False,False,False,False,False,Carlisle,PA ,Carlisle,PA 
7985,206567345,8/1/2017 11:24,8/1/2017 11:24,8/1/2017 16:32,8/2/2017 13:30,8/3/2017 9:00,768.26,950.0,-181.74,127.6,DRV,,,False,0,Carrier 15344,Shipper 1386,True,True,True,8/2/2017 13:30,8/3/2017 7:30,False,False,False,False,False,False,False,False,Carlisle,PA ,Carlisle,PA 
7986,206567345,8/1/2017 11:24,8/1/2017 11:24,8/1/2017 16:32,8/2/2017 13:30,8/3/2017 9:00,768.26,950.0,-181.74,127.6,DRV,,,False,0,Carrier 15344,Shipper 1248,True,True,True,8/2/2017 13:30,8/3/2017 7:30,False,False,False,False,False,False,False,False,Carlisle,PA ,Carlisle,PA 
7987,206567345,8/1/2017 11:24,8/1/2017 11:24,8/1/2017 16:32,8/2/2017 13:30,8/3/2017 9:00,768.26,950.0,-181.74,127.6,DRV,,,False,0,Carrier 15344,Shipper 1387,True,True,True,8/2/2017 13:30,8/3/2017 7:30,False,False,False,False,False,False,False,False,Carlisle,PA ,Carlisle,PA 
7988,206567345,8/1/2017 11:24,8/1/2017 11:24,8/1/2017 16:32,8/2/2017 13:30,8/3/2017 9:00,768.26,950.0,-181.74,127.6,DRV,,,False,0,Carrier 15344,Shipper 1388,True,True,True,8/2/2017 13:30,8/3/2017 7:30,False,False,False,False,False,False,False,False,Carlisle,PA ,Carlisle,PA 
7989,206693865,4/10/2017 17:26,4/10/2017 17:27,4/13/2017 10:51,4/13/2017 13:00,4/14/2017 15:30,767.38,800.0,-32.62,283.2,DRV,4.0,,False,0,Carrier 1024511,Shipper 1249,True,True,True,4/13/2017 13:00,4/14/2017 16:00,False,False,False,False,False,False,False,False,Colonial Heights,VA ,Colonial Heights,VA 
7990,206693865,4/10/2017 17:26,4/10/2017 17:27,4/13/2017 10:51,4/13/2017 13:00,4/14/2017 15:30,767.38,800.0,-32.62,283.2,DRV,4.0,,False,0,Carrier 1024511,Shipper 1375,True,True,True,4/13/2017 13:00,4/14/2017 16:00,False,False,False,False,False,False,False,False,Colonial Heights,VA ,Colonial Heights,VA 
7991,206693865,4/10/2017 17:26,4/10/2017 17:27,4/13/2017 10:51,4/13/2017 13:00,4/14/2017 15:30,767.38,800.0,-32.62,283.2,DRV,4.0,,False,0,Carrier 1024511,Shipper 1386,True,True,True,4/13/2017 13:00,4/14/2017 16:00,False,False,False,False,False,False,False,False,Colonial Heights,VA ,Colonial Heights,VA 
7992,206693865,4/10/2017 17:26,4/10/2017 17:27,4/13/2017 10:51,4/13/2017 13:00,4/14/2017 15:30,767.38,800.0,-32.62,283.2,DRV,4.0,,False,0,Carrier 1024511,Shipper 1248,True,True,True,4/13/2017 13:00,4/14/2017 16:00,False,False,False,False,False,False,False,False,Colonial Heights,VA ,Colonial Heights,VA 
7993,206693865,4/10/2017 17:26,4/10/2017 17:27,4/13/2017 10:51,4/13/2017 13:00,4/14/2017 15:30,767.38,800.0,-32.62,283.2,DRV,4.0,,False,0,Carrier 1024511,Shipper 1387,True,True,True,4/13/2017 13:00,4/14/2017 16:00,False,False,False,False,False,False,False,False,Colonial Heights,VA ,Colonial Heights,VA 
7994,206693865,4/10/2017 17:26,4/10/2017 17:27,4/13/2017 10:51,4/13/2017 13:00,4/14/2017 15:30,767.38,800.0,-32.62,283.2,DRV,4.0,,False,0,Carrier 1024511,Shipper 1388,True,True,True,4/13/2017 13:00,4/14/2017 16:00,False,False,False,False,False,False,False,False,Colonial Heights,VA ,Colonial Heights,VA 
7995,206625633,10/4/2017 13:52,10/4/2017 13:52,10/12/2017 8:58,10/12/2017 10:00,10/13/2017 2:00,766.98,1125.0,-358.02,329.2,DRV,,,False,0,Carrier 1265786,Shipper 758,False,True,True,10/12/2017 10:00,10/13/2017 0:30,False,False,False,False,False,False,False,False,Vernon,CA ,Vernon,CA 
7996,206490521,8/21/2017 11:28,8/21/2017 11:29,8/25/2017 15:06,8/31/2017 17:30,9/1/2017 19:15,766.51,750.0,16.51,284.1,DRV,,,False,0,Carrier 31074,Shipper 758,True,True,True,8/31/2017 17:30,9/1/2017 17:00,False,False,False,False,False,False,False,False,Kent,WA ,Kent,WA 
7997,206531801,11/8/2017 14:25,11/8/2017 14:25,11/10/2017 19:43,11/14/2017 13:30,11/14/2017 19:30,765.93,691.0,74.93,29.6,DRV,,,False,0,Carrier 408796,Shipper 758,True,True,True,11/14/2017 13:30,11/16/2017 18:00,False,False,False,False,False,False,False,False,Stockton,CA ,Stockton,CA 
7998,206652593,4/10/2017 16:52,4/10/2017 16:52,4/11/2017 14:38,4/11/2017 14:00,4/12/2017 10:15,765.82,1100.0,-334.18,293.0,RFR,4.0,,False,0,Carrier 60807,Shipper 1249,True,True,True,4/11/2017 18:00,4/12/2017 10:00,False,False,False,False,False,False,False,False,Cartersville,GA ,Cartersville,GA 
7999,206652593,4/10/2017 16:52,4/10/2017 16:52,4/11/2017 14:38,4/11/2017 14:00,4/12/2017 10:15,765.82,1100.0,-334.18,293.0,RFR,4.0,,False,0,Carrier 60807,Shipper 1375,True,True,True,4/11/2017 18:00,4/12/2017 10:00,False,False,False,False,False,False,False,False,Cartersville,GA ,Cartersville,GA 
8000,206652593,4/10/2017 16:52,4/10/2017 16:52,4/11/2017 14:38,4/11/2017 14:00,4/12/2017 10:15,765.82,1100.0,-334.18,293.0,RFR,4.0,,False,0,Carrier 60807,Shipper 1386,True,True,True,4/11/2017 18:00,4/12/2017 10:00,False,False,False,False,False,False,False,False,Cartersville,GA ,Cartersville,GA 
8001,206652593,4/10/2017 16:52,4/10/2017 16:52,4/11/2017 14:38,4/11/2017 14:00,4/12/2017 10:15,765.82,1100.0,-334.18,293.0,RFR,4.0,,False,0,Carrier 60807,Shipper 1248,True,True,True,4/11/2017 18:00,4/12/2017 10:00,False,False,False,False,False,False,False,False,Cartersville,GA ,Cartersville,GA 
8002,206652593,4/10/2017 16:52,4/10/2017 16:52,4/11/2017 14:38,4/11/2017 14:00,4/12/2017 10:15,765.82,1100.0,-334.18,293.0,RFR,4.0,,False,0,Carrier 60807,Shipper 1387,True,True,True,4/11/2017 18:00,4/12/2017 10:00,False,False,False,False,False,False,False,False,Cartersville,GA ,Cartersville,GA 
8003,206652593,4/10/2017 16:52,4/10/2017 16:52,4/11/2017 14:38,4/11/2017 14:00,4/12/2017 10:15,765.82,1100.0,-334.18,293.0,RFR,4.0,,False,0,Carrier 60807,Shipper 1388,True,True,True,4/11/2017 18:00,4/12/2017 10:00,False,False,False,False,False,False,False,False,Cartersville,GA ,Cartersville,GA 
8004,206437961,6/19/2017 16:29,6/19/2017 16:29,6/22/2017 16:07,6/22/2017 7:30,6/23/2017 15:30,765.2,800.0,-34.8,312.2,DRV,,,False,1,Carrier 1383026,Shipper 749,True,True,True,6/22/2017 16:00,6/23/2017 15:00,False,False,False,False,False,False,False,False,Christiansburg,VA ,Christiansburg,VA 
8005,206645153,4/5/2017 10:34,4/5/2017 10:35,4/11/2017 9:55,4/11/2017 17:00,4/12/2017 21:00,765.16,900.0,-134.84,568.2,DRV,4.0,,False,1,Carrier 644327,Shipper 758,True,True,True,4/11/2017 17:00,4/12/2017 21:00,False,False,False,False,False,False,False,False,Kent,WA ,Kent,WA 
8006,206512689,2/28/2017 17:12,2/28/2017 17:12,3/6/2017 14:55,3/6/2017 17:00,3/8/2017 20:30,765.16,900.0,-134.84,311.5,DRV,,,False,0,Carrier 1693588,Shipper 758,True,True,True,3/6/2017 17:00,3/8/2017 18:00,False,False,False,False,False,False,False,False,Kent,WA ,Kent,WA 
8007,206545017,11/16/2017 10:50,11/16/2017 10:50,11/17/2017 10:10,11/21/2017 10:00,11/24/2017 23:00,765.12,615.0,150.12,232.3,DRV,,,False,0,Carrier 1558859,Shipper 758,True,True,True,11/21/2017 21:00,11/24/2017 23:00,False,False,False,False,False,False,False,False,Taft,CA ,Taft,CA 
8008,206649009,10/27/2017 14:52,10/27/2017 14:52,10/30/2017 8:06,10/30/2017 15:00,10/31/2017 10:30,765.0,700.0,65.0,151.9,DRV,,,False,0,Carrier 306517,Shipper 1184,False,True,True,10/30/2017 15:00,10/31/2017 8:00,False,False,False,False,False,False,False,False,Linden,NJ ,Linden,NJ 
8009,206440353,10/13/2017 15:45,10/13/2017 15:45,10/24/2017 10:45,10/24/2017 14:00,10/25/2017 9:00,765.0,700.0,65.0,151.9,DRV,,,False,0,Carrier 974751,Shipper 1184,True,True,True,10/24/2017 14:00,10/25/2017 8:00,False,False,False,False,False,False,False,False,Linden,NJ ,Linden,NJ 
8010,206472977,5/17/2017 13:17,5/17/2017 13:17,5/17/2017 14:00,5/17/2017 16:00,5/18/2017 11:28,764.94,960.0,-195.06,86.1,DRV,,,False,0,Carrier 1468132,Shipper 1249,True,True,True,5/17/2017 16:00,5/18/2017 13:30,False,False,False,False,False,False,False,False,Newark,NJ ,Newark,NJ 
8011,206472977,5/17/2017 13:17,5/17/2017 13:17,5/17/2017 14:00,5/17/2017 16:00,5/18/2017 11:28,764.94,960.0,-195.06,86.1,DRV,,,False,0,Carrier 1468132,Shipper 1375,True,True,True,5/17/2017 16:00,5/18/2017 13:30,False,False,False,False,False,False,False,False,Newark,NJ ,Newark,NJ 
8012,206472977,5/17/2017 13:17,5/17/2017 13:17,5/17/2017 14:00,5/17/2017 16:00,5/18/2017 11:28,764.94,960.0,-195.06,86.1,DRV,,,False,0,Carrier 1468132,Shipper 1386,True,True,True,5/17/2017 16:00,5/18/2017 13:30,False,False,False,False,False,False,False,False,Newark,NJ ,Newark,NJ 
8013,206472977,5/17/2017 13:17,5/17/2017 13:17,5/17/2017 14:00,5/17/2017 16:00,5/18/2017 11:28,764.94,960.0,-195.06,86.1,DRV,,,False,0,Carrier 1468132,Shipper 1248,True,True,True,5/17/2017 16:00,5/18/2017 13:30,False,False,False,False,False,False,False,False,Newark,NJ ,Newark,NJ 
8014,206472977,5/17/2017 13:17,5/17/2017 13:17,5/17/2017 14:00,5/17/2017 16:00,5/18/2017 11:28,764.94,960.0,-195.06,86.1,DRV,,,False,0,Carrier 1468132,Shipper 1387,True,True,True,5/17/2017 16:00,5/18/2017 13:30,False,False,False,False,False,False,False,False,Newark,NJ ,Newark,NJ 
8015,206472977,5/17/2017 13:17,5/17/2017 13:17,5/17/2017 14:00,5/17/2017 16:00,5/18/2017 11:28,764.94,960.0,-195.06,86.1,DRV,,,False,0,Carrier 1468132,Shipper 1388,True,True,True,5/17/2017 16:00,5/18/2017 13:30,False,False,False,False,False,False,False,False,Newark,NJ ,Newark,NJ 
8016,206432121,3/27/2017 17:05,3/27/2017 17:05,3/28/2017 18:41,3/29/2017 0:00,3/29/2017 13:30,764.8,1300.0,-535.2,361.4,DRV,,,False,1,Carrier 893486,Shipper 1249,True,True,True,3/29/2017 0:00,3/29/2017 16:00,False,False,False,False,False,False,False,False,Houston,TX ,Houston,TX 
8017,206432121,3/27/2017 17:05,3/27/2017 17:05,3/28/2017 18:41,3/29/2017 0:00,3/29/2017 13:30,764.8,1300.0,-535.2,361.4,DRV,,,False,1,Carrier 893486,Shipper 1375,True,True,True,3/29/2017 0:00,3/29/2017 16:00,False,False,False,False,False,False,False,False,Houston,TX ,Houston,TX 
8018,206432121,3/27/2017 17:05,3/27/2017 17:05,3/28/2017 18:41,3/29/2017 0:00,3/29/2017 13:30,764.8,1300.0,-535.2,361.4,DRV,,,False,1,Carrier 893486,Shipper 1386,True,True,True,3/29/2017 0:00,3/29/2017 16:00,False,False,False,False,False,False,False,False,Houston,TX ,Houston,TX 
8019,206432121,3/27/2017 17:05,3/27/2017 17:05,3/28/2017 18:41,3/29/2017 0:00,3/29/2017 13:30,764.8,1300.0,-535.2,361.4,DRV,,,False,1,Carrier 893486,Shipper 1248,True,True,True,3/29/2017 0:00,3/29/2017 16:00,False,False,False,False,False,False,False,False,Houston,TX ,Houston,TX 
8020,206432121,3/27/2017 17:05,3/27/2017 17:05,3/28/2017 18:41,3/29/2017 0:00,3/29/2017 13:30,764.8,1300.0,-535.2,361.4,DRV,,,False,1,Carrier 893486,Shipper 1387,True,True,True,3/29/2017 0:00,3/29/2017 16:00,False,False,False,False,False,False,False,False,Houston,TX ,Houston,TX 
8021,206432121,3/27/2017 17:05,3/27/2017 17:05,3/28/2017 18:41,3/29/2017 0:00,3/29/2017 13:30,764.8,1300.0,-535.2,361.4,DRV,,,False,1,Carrier 893486,Shipper 1388,True,True,True,3/29/2017 0:00,3/29/2017 16:00,False,False,False,False,False,False,False,False,Houston,TX ,Houston,TX 
8022,206479137,5/22/2017 16:26,5/22/2017 16:27,5/24/2017 9:40,5/24/2017 9:00,5/25/2017 10:45,764.21,800.0,-35.79,361.3,DRV,,,False,0,Carrier 361652,Shipper 766,True,True,True,5/24/2017 16:30,5/25/2017 16:00,False,False,False,False,False,False,False,False,Paris,TN ,Paris,TN 
8023,206542249,3/6/2017 11:02,3/6/2017 11:02,3/16/2017 11:30,3/16/2017 17:30,3/17/2017 2:30,763.97,900.0,-136.03,284.1,DRV,4.0,,False,0,Carrier 1538652,Shipper 758,True,True,True,3/16/2017 17:30,3/17/2017 22:00,False,False,False,False,False,False,False,False,Kent,WA ,Kent,WA 
8024,206502809,4/25/2017 10:33,4/25/2017 10:33,5/4/2017 10:40,5/4/2017 17:30,5/5/2017 18:50,763.97,1000.0,-236.03,284.1,DRV,,,False,0,Carrier 62196,Shipper 758,True,True,True,5/4/2017 17:30,5/5/2017 17:00,False,False,False,False,False,False,False,False,Kent,WA ,Kent,WA 
8025,206466729,3/29/2017 9:04,3/29/2017 9:05,4/10/2017 10:51,4/10/2017 17:30,4/11/2017 19:15,763.97,1000.0,-236.03,284.1,DRV,,,False,1,Carrier 1539525,Shipper 758,True,True,True,4/10/2017 17:30,4/11/2017 17:30,False,False,False,False,False,False,False,False,Kent,WA ,Kent,WA 
8026,206463049,3/7/2017 18:51,3/7/2017 18:57,3/13/2017 16:04,3/13/2017 17:00,3/14/2017 21:50,763.97,950.0,-186.03,299.0,DRV,3.0,,False,0,Carrier 142096,Shipper 758,False,True,True,3/13/2017 17:00,3/14/2017 22:00,False,False,False,False,False,False,False,False,Kent,WA ,Kent,WA 
8027,206707209,5/15/2017 10:07,5/15/2017 10:09,5/16/2017 15:40,5/16/2017 10:00,5/17/2017 14:20,763.59,800.0,-36.41,342.6,DRV,3.0,,False,0,Carrier 1291786,Shipper 1048,False,True,True,5/16/2017 18:00,5/17/2017 12:00,False,False,False,False,False,False,False,False,Laredo,TX ,Laredo,TX 
8028,206665049,2/13/2017 10:59,2/13/2017 11:00,2/13/2017 12:38,2/13/2017 12:00,2/14/2017 11:00,763.56,750.0,13.56,518.3,DRV,,,False,0,Carrier 25475,Shipper 757,True,True,True,2/13/2017 16:00,2/14/2017 10:00,False,False,False,False,False,False,False,False,Martinsburg,WV ,Martinsburg,WV 
8029,206509241,2/14/2017 13:34,2/14/2017 13:34,2/15/2017 10:44,2/15/2017 9:00,2/16/2017 9:30,763.35,700.0,63.35,440.4,DRV,,,False,0,Carrier 54491,Shipper 744,True,True,True,2/15/2017 15:30,2/17/2017 22:00,False,False,False,False,False,False,False,False,Conover,NC ,Conover,NC 
8030,206577265,3/29/2017 11:46,3/29/2017 11:46,4/3/2017 16:34,4/3/2017 17:00,4/5/2017 0:00,762.79,1100.0,-337.21,568.2,DRV,,,False,0,Carrier 1333664,Shipper 758,False,True,True,4/3/2017 17:00,4/4/2017 21:00,False,False,False,False,False,False,False,False,Kent,WA ,Kent,WA 
8031,206477049,3/20/2017 16:43,3/20/2017 16:51,3/22/2017 12:43,3/23/2017 17:30,3/24/2017 18:45,762.79,850.0,-87.21,284.1,DRV,,,False,0,Carrier 62196,Shipper 758,True,True,True,3/23/2017 17:30,3/24/2017 17:00,False,False,False,False,False,False,False,False,Kent,WA ,Kent,WA 
8032,206633521,3/15/2017 8:57,3/15/2017 8:58,3/20/2017 16:36,3/20/2017 17:00,3/21/2017 23:30,762.79,950.0,-187.21,284.1,DRV,4.0,,False,1,Carrier 1634011,Shipper 758,False,True,True,3/20/2017 17:00,3/21/2017 22:00,False,False,False,False,False,False,False,False,Kent,WA ,Kent,WA 
8033,206658345,6/6/2017 15:20,6/6/2017 15:21,6/14/2017 15:52,6/15/2017 17:30,6/16/2017 23:20,761.71,900.0,-138.29,284.1,DRV,,,False,1,Carrier 1072986,Shipper 758,True,True,True,6/15/2017 17:30,6/16/2017 21:00,False,False,False,False,False,False,False,False,Kent,WA ,Kent,WA 
8034,206600329,5/15/2017 9:41,5/15/2017 9:41,5/23/2017 13:09,5/23/2017 17:30,5/24/2017 19:45,761.71,1000.0,-238.29,284.1,DRV,3.0,,False,0,Carrier 1695276,Shipper 758,True,True,True,5/23/2017 17:30,5/24/2017 18:00,False,False,False,False,False,False,False,False,Kent,WA ,Kent,WA 
8035,206619409,7/20/2017 12:50,7/20/2017 12:50,8/1/2017 11:12,8/1/2017 17:30,8/2/2017 19:10,761.71,950.0,-188.29,284.1,DRV,,,False,0,Carrier 678706,Shipper 758,True,True,True,8/1/2017 17:30,8/2/2017 17:00,False,False,False,False,False,False,False,False,Kent,WA ,Kent,WA 
8036,206572041,5/22/2017 9:55,5/22/2017 9:55,6/1/2017 12:22,6/1/2017 17:30,6/2/2017 19:20,761.71,1000.0,-238.29,284.1,DRV,,,False,0,Carrier 9419,Shipper 758,True,True,True,6/1/2017 17:30,6/2/2017 17:00,False,False,False,False,False,False,False,False,Kent,WA ,Kent,WA 
8037,206598505,3/27/2017 17:55,3/27/2017 17:55,3/29/2017 14:32,3/29/2017 13:00,3/30/2017 10:00,760.32,1200.0,-439.68,282.1,DRV,,,False,0,Carrier 114413,Shipper 1249,True,True,True,3/29/2017 15:30,3/30/2017 17:00,False,False,False,False,False,False,False,False,St. Louis,MO ,St. Louis,MO 
8038,206598505,3/27/2017 17:55,3/27/2017 17:55,3/29/2017 14:32,3/29/2017 13:00,3/30/2017 10:00,760.32,1200.0,-439.68,282.1,DRV,,,False,0,Carrier 114413,Shipper 1375,True,True,True,3/29/2017 15:30,3/30/2017 17:00,False,False,False,False,False,False,False,False,St. Louis,MO ,St. Louis,MO 
8039,206611465,3/27/2017 17:53,3/27/2017 17:53,3/29/2017 18:54,3/29/2017 12:00,3/30/2017 11:00,760.32,1300.0,-539.68,282.1,DRV,,,False,1,Carrier 72458,Shipper 1249,True,True,True,3/29/2017 21:00,3/30/2017 17:00,False,False,False,False,False,False,False,False,St. Louis,MO ,St. Louis,MO 
8040,206598505,3/27/2017 17:55,3/27/2017 17:55,3/29/2017 14:32,3/29/2017 13:00,3/30/2017 10:00,760.32,1200.0,-439.68,282.1,DRV,,,False,0,Carrier 114413,Shipper 1386,True,True,True,3/29/2017 15:30,3/30/2017 17:00,False,False,False,False,False,False,False,False,St. Louis,MO ,St. Louis,MO 
8041,206611465,3/27/2017 17:53,3/27/2017 17:53,3/29/2017 18:54,3/29/2017 12:00,3/30/2017 11:00,760.32,1300.0,-539.68,282.1,DRV,,,False,1,Carrier 72458,Shipper 1375,True,True,True,3/29/2017 21:00,3/30/2017 17:00,False,False,False,False,False,False,False,False,St. Louis,MO ,St. Louis,MO 
8042,206598505,3/27/2017 17:55,3/27/2017 17:55,3/29/2017 14:32,3/29/2017 13:00,3/30/2017 10:00,760.32,1200.0,-439.68,282.1,DRV,,,False,0,Carrier 114413,Shipper 1248,True,True,True,3/29/2017 15:30,3/30/2017 17:00,False,False,False,False,False,False,False,False,St. Louis,MO ,St. Louis,MO 
8043,206611465,3/27/2017 17:53,3/27/2017 17:53,3/29/2017 18:54,3/29/2017 12:00,3/30/2017 11:00,760.32,1300.0,-539.68,282.1,DRV,,,False,1,Carrier 72458,Shipper 1386,True,True,True,3/29/2017 21:00,3/30/2017 17:00,False,False,False,False,False,False,False,False,St. Louis,MO ,St. Louis,MO 
8044,206598505,3/27/2017 17:55,3/27/2017 17:55,3/29/2017 14:32,3/29/2017 13:00,3/30/2017 10:00,760.32,1200.0,-439.68,282.1,DRV,,,False,0,Carrier 114413,Shipper 1387,True,True,True,3/29/2017 15:30,3/30/2017 17:00,False,False,False,False,False,False,False,False,St. Louis,MO ,St. Louis,MO 
8045,206611465,3/27/2017 17:53,3/27/2017 17:53,3/29/2017 18:54,3/29/2017 12:00,3/30/2017 11:00,760.32,1300.0,-539.68,282.1,DRV,,,False,1,Carrier 72458,Shipper 1248,True,True,True,3/29/2017 21:00,3/30/2017 17:00,False,False,False,False,False,False,False,False,St. Louis,MO ,St. Louis,MO 
8046,206598505,3/27/2017 17:55,3/27/2017 17:55,3/29/2017 14:32,3/29/2017 13:00,3/30/2017 10:00,760.32,1200.0,-439.68,282.1,DRV,,,False,0,Carrier 114413,Shipper 1388,True,True,True,3/29/2017 15:30,3/30/2017 17:00,False,False,False,False,False,False,False,False,St. Louis,MO ,St. Louis,MO 
8047,206611465,3/27/2017 17:53,3/27/2017 17:53,3/29/2017 18:54,3/29/2017 12:00,3/30/2017 11:00,760.32,1300.0,-539.68,282.1,DRV,,,False,1,Carrier 72458,Shipper 1387,True,True,True,3/29/2017 21:00,3/30/2017 17:00,False,False,False,False,False,False,False,False,St. Louis,MO ,St. Louis,MO 
8048,206611465,3/27/2017 17:53,3/27/2017 17:53,3/29/2017 18:54,3/29/2017 12:00,3/30/2017 11:00,760.32,1300.0,-539.68,282.1,DRV,,,False,1,Carrier 72458,Shipper 1388,True,True,True,3/29/2017 21:00,3/30/2017 17:00,False,False,False,False,False,False,False,False,St. Louis,MO ,St. Louis,MO 
8049,206636617,12/12/2017 17:01,12/12/2017 17:01,1/25/2018 11:59,12/13/2017 18:00,12/14/2017 19:30,759.84,750.0,9.84,203.4,DRV,,dat_out,False,2,Carrier 1399434,Shipper 1249,True,True,True,12/13/2017 18:00,12/14/2017 14:00,False,False,False,False,False,False,False,False,Jacksonville,FL ,Jacksonville,FL 
8050,206636617,12/12/2017 17:01,12/12/2017 17:01,1/25/2018 11:59,12/13/2017 18:00,12/14/2017 19:30,759.84,750.0,9.84,203.4,DRV,,dat_out,False,2,Carrier 1399434,Shipper 1375,True,True,True,12/13/2017 18:00,12/14/2017 14:00,False,False,False,False,False,False,False,False,Jacksonville,FL ,Jacksonville,FL 
8051,206636617,12/12/2017 17:01,12/12/2017 17:01,1/25/2018 11:59,12/13/2017 18:00,12/14/2017 19:30,759.84,750.0,9.84,203.4,DRV,,dat_out,False,2,Carrier 1399434,Shipper 1386,True,True,True,12/13/2017 18:00,12/14/2017 14:00,False,False,False,False,False,False,False,False,Jacksonville,FL ,Jacksonville,FL 
8052,206636617,12/12/2017 17:01,12/12/2017 17:01,1/25/2018 11:59,12/13/2017 18:00,12/14/2017 19:30,759.84,750.0,9.84,203.4,DRV,,dat_out,False,2,Carrier 1399434,Shipper 1248,True,True,True,12/13/2017 18:00,12/14/2017 14:00,False,False,False,False,False,False,False,False,Jacksonville,FL ,Jacksonville,FL 
8053,206636617,12/12/2017 17:01,12/12/2017 17:01,1/25/2018 11:59,12/13/2017 18:00,12/14/2017 19:30,759.84,750.0,9.84,203.4,DRV,,dat_out,False,2,Carrier 1399434,Shipper 1387,True,True,True,12/13/2017 18:00,12/14/2017 14:00,False,False,False,False,False,False,False,False,Jacksonville,FL ,Jacksonville,FL 
8054,206636617,12/12/2017 17:01,12/12/2017 17:01,1/25/2018 11:59,12/13/2017 18:00,12/14/2017 19:30,759.84,750.0,9.84,203.4,DRV,,dat_out,False,2,Carrier 1399434,Shipper 1388,True,True,True,12/13/2017 18:00,12/14/2017 14:00,False,False,False,False,False,False,False,False,Jacksonville,FL ,Jacksonville,FL 
8055,206578889,4/17/2017 17:02,4/17/2017 17:02,4/19/2017 12:41,4/19/2017 4:00,4/20/2017 12:33,759.81,900.0,-140.19,344.0,RFR,,,False,0,Carrier 956499,Shipper 1249,True,True,True,4/19/2017 19:00,4/20/2017 17:30,False,False,False,False,False,False,False,False,Aurora,CO ,Aurora,CO 
8056,206578889,4/17/2017 17:02,4/17/2017 17:02,4/19/2017 12:41,4/19/2017 4:00,4/20/2017 12:33,759.81,900.0,-140.19,344.0,RFR,,,False,0,Carrier 956499,Shipper 1375,True,True,True,4/19/2017 19:00,4/20/2017 17:30,False,False,False,False,False,False,False,False,Aurora,CO ,Aurora,CO 
8057,206578889,4/17/2017 17:02,4/17/2017 17:02,4/19/2017 12:41,4/19/2017 4:00,4/20/2017 12:33,759.81,900.0,-140.19,344.0,RFR,,,False,0,Carrier 956499,Shipper 1386,True,True,True,4/19/2017 19:00,4/20/2017 17:30,False,False,False,False,False,False,False,False,Aurora,CO ,Aurora,CO 
8058,206578889,4/17/2017 17:02,4/17/2017 17:02,4/19/2017 12:41,4/19/2017 4:00,4/20/2017 12:33,759.81,900.0,-140.19,344.0,RFR,,,False,0,Carrier 956499,Shipper 1248,True,True,True,4/19/2017 19:00,4/20/2017 17:30,False,False,False,False,False,False,False,False,Aurora,CO ,Aurora,CO 
8059,206578889,4/17/2017 17:02,4/17/2017 17:02,4/19/2017 12:41,4/19/2017 4:00,4/20/2017 12:33,759.81,900.0,-140.19,344.0,RFR,,,False,0,Carrier 956499,Shipper 1387,True,True,True,4/19/2017 19:00,4/20/2017 17:30,False,False,False,False,False,False,False,False,Aurora,CO ,Aurora,CO 
8060,206578889,4/17/2017 17:02,4/17/2017 17:02,4/19/2017 12:41,4/19/2017 4:00,4/20/2017 12:33,759.81,900.0,-140.19,344.0,RFR,,,False,0,Carrier 956499,Shipper 1388,True,True,True,4/19/2017 19:00,4/20/2017 17:30,False,False,False,False,False,False,False,False,Aurora,CO ,Aurora,CO 
8061,206546481,10/3/2017 10:10,10/3/2017 10:11,10/5/2017 9:10,10/6/2017 8:00,10/9/2017 12:20,759.78,700.0,59.78,135.7,DRV,,,False,0,Carrier 1057935,Shipper 1078,True,True,True,10/6/2017 10:00,10/9/2017 14:30,False,False,False,False,False,True,False,False,Hackettstown,NJ ,Hackettstown,NJ 
8062,206472993,7/3/2017 12:39,7/3/2017 12:39,7/13/2017 10:03,7/13/2017 11:00,7/14/2017 20:30,759.18,950.0,-190.82,284.1,DRV,,,False,0,Carrier 644327,Shipper 758,True,True,True,7/13/2017 15:00,7/14/2017 17:30,False,False,False,False,False,False,False,False,Kent,WA ,Kent,WA 
8063,206565593,11/8/2017 11:45,11/8/2017 11:45,11/10/2017 13:00,11/13/2017 10:00,11/14/2017 4:55,757.92,510.0,247.92,20.0,DRV,,,False,0,Carrier 408796,Shipper 758,True,True,True,11/13/2017 18:30,11/14/2017 0:30,False,False,False,False,False,False,False,False,Stockton,CA ,Stockton,CA 
8064,206548433,6/12/2017 13:19,6/12/2017 13:19,6/13/2017 12:36,6/18/2017 16:00,6/20/2017 11:30,756.84,750.0,6.84,364.9,DRV,,,True,0,Carrier 154651,Shipper 1249,True,True,True,6/18/2017 16:00,6/20/2017 14:30,False,False,False,False,False,False,False,False,Newark,NJ ,Newark,NJ 
8065,206548433,6/12/2017 13:19,6/12/2017 13:19,6/13/2017 12:36,6/18/2017 16:00,6/20/2017 11:30,756.84,750.0,6.84,364.9,DRV,,,True,0,Carrier 154651,Shipper 1375,True,True,True,6/18/2017 16:00,6/20/2017 14:30,False,False,False,False,False,False,False,False,Newark,NJ ,Newark,NJ 
8066,206548433,6/12/2017 13:19,6/12/2017 13:19,6/13/2017 12:36,6/18/2017 16:00,6/20/2017 11:30,756.84,750.0,6.84,364.9,DRV,,,True,0,Carrier 154651,Shipper 1386,True,True,True,6/18/2017 16:00,6/20/2017 14:30,False,False,False,False,False,False,False,False,Newark,NJ ,Newark,NJ 
8067,206548433,6/12/2017 13:19,6/12/2017 13:19,6/13/2017 12:36,6/18/2017 16:00,6/20/2017 11:30,756.84,750.0,6.84,364.9,DRV,,,True,0,Carrier 154651,Shipper 1248,True,True,True,6/18/2017 16:00,6/20/2017 14:30,False,False,False,False,False,False,False,False,Newark,NJ ,Newark,NJ 
8068,206548433,6/12/2017 13:19,6/12/2017 13:19,6/13/2017 12:36,6/18/2017 16:00,6/20/2017 11:30,756.84,750.0,6.84,364.9,DRV,,,True,0,Carrier 154651,Shipper 1387,True,True,True,6/18/2017 16:00,6/20/2017 14:30,False,False,False,False,False,False,False,False,Newark,NJ ,Newark,NJ 
8069,206548433,6/12/2017 13:19,6/12/2017 13:19,6/13/2017 12:36,6/18/2017 16:00,6/20/2017 11:30,756.84,750.0,6.84,364.9,DRV,,,True,0,Carrier 154651,Shipper 1388,True,True,True,6/18/2017 16:00,6/20/2017 14:30,False,False,False,False,False,False,False,False,Newark,NJ ,Newark,NJ 
8070,206484289,8/1/2017 9:10,8/1/2017 9:10,8/4/2017 15:18,8/7/2017 19:00,8/8/2017 12:50,754.76,776.0,-21.24,284.1,RFR,,,False,1,Carrier 998030,Shipper 758,True,True,True,8/7/2017 19:00,8/8/2017 9:00,False,False,False,False,False,False,False,False,Kent,WA ,Kent,WA 
8071,206597737,6/20/2017 12:54,6/20/2017 12:55,6/23/2017 11:23,6/26/2017 17:00,6/27/2017 13:55,754.68,750.0,4.68,252.3,RFR,,,False,0,Carrier 1652859,Shipper 758,True,True,True,6/26/2017 17:00,6/27/2017 8:00,False,False,False,False,False,False,False,False,Arlington,TX ,Arlington,TX 
8072,206425945,10/11/2017 16:27,10/11/2017 16:27,10/12/2017 11:23,10/12/2017 13:00,10/13/2017 9:00,754.58,850.0,-95.42,201.3,DRV,,,False,0,Carrier 25379,Shipper 1644,True,True,True,10/12/2017 13:00,10/13/2017 7:30,False,False,False,False,False,False,False,False,Decatur,IN ,Decatur,IN 
8073,206537769,10/26/2017 10:41,10/26/2017 10:41,11/1/2017 12:44,11/1/2017 16:00,11/1/2017 22:00,754.0,600.0,154.0,37.4,RFR,,,False,1,Carrier 368229,Shipper 585,True,True,True,11/1/2017 16:00,11/1/2017 20:15,False,False,False,False,False,False,False,False,Compton,CA ,Compton,CA 
8074,206774113,9/19/2017 10:28,9/19/2017 10:28,9/20/2017 14:17,9/21/2017 8:00,9/22/2017 12:00,752.56,725.0,27.56,171.5,DRV,,,False,0,Carrier 1214406,Shipper 1078,True,True,True,9/21/2017 14:00,9/22/2017 14:30,False,False,False,False,False,False,False,False,Long Branch,NJ ,Long Branch,NJ 
8075,206523177,7/13/2017 13:36,7/13/2017 13:36,7/18/2017 13:26,7/19/2017 17:00,7/20/2017 11:00,752.37,693.0,59.37,252.3,RFR,,,False,0,Carrier 690843,Shipper 758,True,True,True,7/19/2017 17:00,7/20/2017 8:00,False,False,False,False,False,False,False,False,Arlington,TX ,Arlington,TX 
8076,206485505,12/18/2017 18:29,12/18/2017 18:29,12/21/2017 16:58,12/27/2017 19:00,12/28/2017 11:40,752.21,700.0,52.21,146.0,DRV,,,False,0,Carrier 46636,Shipper 1249,True,True,True,12/27/2017 19:00,12/28/2017 11:00,False,False,False,False,False,False,False,False,Los Angeles,CA ,Los Angeles,CA 
8077,206485505,12/18/2017 18:29,12/18/2017 18:29,12/21/2017 16:58,12/27/2017 19:00,12/28/2017 11:40,752.21,700.0,52.21,146.0,DRV,,,False,0,Carrier 46636,Shipper 1375,True,True,True,12/27/2017 19:00,12/28/2017 11:00,False,False,False,False,False,False,False,False,Los Angeles,CA ,Los Angeles,CA 
8078,206485505,12/18/2017 18:29,12/18/2017 18:29,12/21/2017 16:58,12/27/2017 19:00,12/28/2017 11:40,752.21,700.0,52.21,146.0,DRV,,,False,0,Carrier 46636,Shipper 1386,True,True,True,12/27/2017 19:00,12/28/2017 11:00,False,False,False,False,False,False,False,False,Los Angeles,CA ,Los Angeles,CA 
8079,206485505,12/18/2017 18:29,12/18/2017 18:29,12/21/2017 16:58,12/27/2017 19:00,12/28/2017 11:40,752.21,700.0,52.21,146.0,DRV,,,False,0,Carrier 46636,Shipper 1248,True,True,True,12/27/2017 19:00,12/28/2017 11:00,False,False,False,False,False,False,False,False,Los Angeles,CA ,Los Angeles,CA 
8080,206485505,12/18/2017 18:29,12/18/2017 18:29,12/21/2017 16:58,12/27/2017 19:00,12/28/2017 11:40,752.21,700.0,52.21,146.0,DRV,,,False,0,Carrier 46636,Shipper 1387,True,True,True,12/27/2017 19:00,12/28/2017 11:00,False,False,False,False,False,False,False,False,Los Angeles,CA ,Los Angeles,CA 
8081,206485505,12/18/2017 18:29,12/18/2017 18:29,12/21/2017 16:58,12/27/2017 19:00,12/28/2017 11:40,752.21,700.0,52.21,146.0,DRV,,,False,0,Carrier 46636,Shipper 1388,True,True,True,12/27/2017 19:00,12/28/2017 11:00,False,False,False,False,False,False,False,False,Los Angeles,CA ,Los Angeles,CA 
8082,206425417,3/17/2017 14:30,3/17/2017 14:30,3/21/2017 9:47,3/21/2017 8:00,3/22/2017 12:30,751.81,650.0,101.81,373.8,DRV,4.0,,False,1,Carrier 1044756,Shipper 623,True,True,True,3/21/2017 12:00,3/22/2017 8:00,False,False,False,False,False,False,False,False,Sinking Spring,PA ,Sinking Spring,PA 
8083,206507129,9/28/2017 16:49,9/28/2017 16:51,10/3/2017 13:55,10/4/2017 8:00,10/4/2017 13:37,751.8,500.0,251.8,59.7,DRV,,,False,0,Carrier 37131,Shipper 1175,True,True,True,10/4/2017 12:00,10/4/2017 15:00,False,False,False,False,False,False,False,False,Narvon,PA ,Narvon,PA 
8084,206427121,12/12/2017 17:27,12/12/2017 17:27,12/14/2017 9:34,12/14/2017 14:00,12/15/2017 11:10,750.64,1000.0,-249.36,209.9,DRV,,,False,1,Carrier 1352546,Shipper 1249,False,True,False,12/14/2017 14:00,12/15/2017 11:00,False,False,False,False,False,False,False,False,Jacksonville,FL ,Jacksonville,FL 
8085,206427121,12/12/2017 17:27,12/12/2017 17:27,12/14/2017 9:34,12/14/2017 14:00,12/15/2017 11:10,750.64,1000.0,-249.36,209.9,DRV,,,False,1,Carrier 1352546,Shipper 1375,False,True,False,12/14/2017 14:00,12/15/2017 11:00,False,False,False,False,False,False,False,False,Jacksonville,FL ,Jacksonville,FL 
8086,206427121,12/12/2017 17:27,12/12/2017 17:27,12/14/2017 9:34,12/14/2017 14:00,12/15/2017 11:10,750.64,1000.0,-249.36,209.9,DRV,,,False,1,Carrier 1352546,Shipper 1386,False,True,False,12/14/2017 14:00,12/15/2017 11:00,False,False,False,False,False,False,False,False,Jacksonville,FL ,Jacksonville,FL 
8087,206427121,12/12/2017 17:27,12/12/2017 17:27,12/14/2017 9:34,12/14/2017 14:00,12/15/2017 11:10,750.64,1000.0,-249.36,209.9,DRV,,,False,1,Carrier 1352546,Shipper 1248,False,True,False,12/14/2017 14:00,12/15/2017 11:00,False,False,False,False,False,False,False,False,Jacksonville,FL ,Jacksonville,FL 
8088,206427121,12/12/2017 17:27,12/12/2017 17:27,12/14/2017 9:34,12/14/2017 14:00,12/15/2017 11:10,750.64,1000.0,-249.36,209.9,DRV,,,False,1,Carrier 1352546,Shipper 1387,False,True,False,12/14/2017 14:00,12/15/2017 11:00,False,False,False,False,False,False,False,False,Jacksonville,FL ,Jacksonville,FL 
8089,206427121,12/12/2017 17:27,12/12/2017 17:27,12/14/2017 9:34,12/14/2017 14:00,12/15/2017 11:10,750.64,1000.0,-249.36,209.9,DRV,,,False,1,Carrier 1352546,Shipper 1388,False,True,False,12/14/2017 14:00,12/15/2017 11:00,False,False,False,False,False,False,False,False,Jacksonville,FL ,Jacksonville,FL 
8090,206440297,5/19/2017 13:28,5/19/2017 13:28,6/1/2017 17:32,6/2/2017 9:00,6/3/2017 6:00,750.26,1300.0,-549.74,329.2,DRV,,,False,0,Carrier 479062,Shipper 758,True,True,True,6/2/2017 15:00,6/3/2017 1:45,False,False,False,False,False,False,False,False,Vernon,CA ,Vernon,CA 
8091,206712761,4/7/2017 17:25,4/7/2017 17:26,4/17/2017 15:32,4/18/2017 9:00,4/19/2017 2:55,750.2,1044.0,-293.8,329.2,DRV,3.0,,False,0,Carrier 552905,Shipper 758,True,True,True,4/18/2017 15:00,4/19/2017 1:30,False,False,False,False,False,False,False,False,Vernon,CA ,Vernon,CA 
8092,206667209,11/20/2017 14:33,11/20/2017 14:33,11/29/2017 11:46,11/29/2017 10:00,11/30/2017 5:00,750.12,1060.0,-309.88,232.3,DRV,,,False,0,Carrier 408796,Shipper 758,False,True,True,11/29/2017 16:00,11/30/2017 1:30,False,False,False,False,False,False,False,False,Taft,CA ,Taft,CA 
8093,206522177,11/28/2017 8:59,11/28/2017 8:59,11/29/2017 9:56,12/5/2017 11:00,12/8/2017 2:30,750.12,610.0,140.12,232.3,DRV,,,False,0,Carrier 1558859,Shipper 758,False,True,True,12/5/2017 17:00,12/7/2017 23:30,False,False,False,False,False,False,False,False,Taft,CA ,Taft,CA 
8094,206478625,12/1/2017 10:36,12/1/2017 10:36,12/7/2017 17:12,12/8/2017 10:00,12/8/2017 23:50,750.12,760.0,-9.88,232.3,DRV,,dat_in,False,0,Carrier 24508,Shipper 758,True,True,True,12/8/2017 17:00,12/8/2017 23:00,False,False,False,False,False,False,False,False,Taft,CA ,Taft,CA 
8095,206606473,11/27/2017 12:42,11/27/2017 12:42,12/1/2017 10:53,12/1/2017 10:00,12/2/2017 0:30,750.12,760.0,-9.88,232.3,DRV,,dat_in,False,1,Carrier 1624707,Shipper 758,False,True,True,12/1/2017 15:00,12/2/2017 1:30,False,False,False,False,False,False,False,False,Taft,CA ,Taft,CA 
8096,206628873,3/3/2017 14:57,3/3/2017 14:57,3/6/2017 12:25,3/6/2017 10:00,3/7/2017 10:25,750.0,700.0,50.0,342.6,DRV,,,False,0,Carrier 1693504,Shipper 1048,False,True,True,3/6/2017 16:00,3/7/2017 10:00,False,False,False,False,False,False,False,False,Laredo,TX ,Laredo,TX 
8097,206575625,3/7/2017 14:22,3/7/2017 14:22,3/8/2017 16:11,3/9/2017 13:00,3/10/2017 12:25,750.0,700.0,50.0,342.6,DRV,,,False,0,Carrier 1693504,Shipper 1048,True,False,False,3/9/2017 16:00,3/10/2017 10:00,False,False,False,False,False,False,False,False,Laredo,TX ,Laredo,TX 
8098,206630841,1/12/2017 13:11,1/12/2017 13:11,1/12/2017 14:08,1/13/2017 8:30,1/16/2017 12:30,750.0,700.0,50.0,254.1,DRV,2.0,,False,0,Carrier 1444498,Shipper 1184,True,False,False,1/13/2017 17:00,1/16/2017 10:00,False,False,False,False,False,False,False,False,Edison,NJ ,Edison,NJ 
8099,206424761,2/10/2017 16:01,2/10/2017 16:01,2/14/2017 10:21,2/14/2017 15:00,2/15/2017 12:55,750.0,825.0,-75.0,325.7,DRV,2.0,,False,0,Carrier 1075872,Shipper 1184,True,True,True,2/14/2017 15:00,2/15/2017 10:00,False,False,False,False,False,False,False,False,Zion,IL ,Zion,IL 
8100,206643009,3/8/2017 11:19,3/8/2017 11:19,3/8/2017 13:52,3/9/2017 13:00,3/10/2017 12:00,750.0,700.0,50.0,342.6,DRV,,,False,0,Carrier 1695146,Shipper 1048,True,True,True,3/9/2017 16:00,3/10/2017 9:00,False,False,False,False,False,False,False,False,Laredo,TX ,Laredo,TX 
8101,206520521,3/10/2017 11:13,3/10/2017 11:14,3/13/2017 19:25,3/13/2017 15:00,3/14/2017 13:00,750.0,800.0,-50.0,342.6,DRV,,,False,1,Carrier 1068610,Shipper 1048,True,True,True,3/13/2017 23:00,3/14/2017 9:00,False,False,False,False,False,False,False,False,Laredo,TX ,Laredo,TX 
8102,206747809,3/7/2017 20:56,3/7/2017 20:56,3/8/2017 12:23,3/8/2017 13:00,3/9/2017 13:00,750.0,475.0,275.0,342.6,DRV,,,False,0,Carrier 1695146,Shipper 1048,True,False,False,3/8/2017 16:00,3/9/2017 10:00,False,False,False,False,False,False,False,False,Laredo,TX ,Laredo,TX 
8103,206432873,1/11/2017 10:54,1/11/2017 10:54,1/11/2017 15:14,1/12/2017 7:00,1/13/2017 9:55,750.0,750.0,0.0,356.8,DRV,4.0,,False,0,Carrier 1049222,Shipper 744,True,True,True,1/12/2017 16:00,1/13/2017 17:00,False,False,False,False,False,False,False,False,Fort Payne,AL ,Fort Payne,AL 
8104,206438265,1/24/2017 14:12,1/24/2017 14:12,1/24/2017 18:16,1/25/2017 8:00,1/26/2017 8:20,750.0,725.0,25.0,356.8,DRV,,,False,0,Carrier 953240,Shipper 744,,,,1/25/2017 16:00,1/26/2017 17:00,False,False,False,False,False,False,False,False,Fort Payne,AL ,Fort Payne,AL 
8105,206694033,2/2/2017 12:52,2/2/2017 12:54,2/3/2017 14:32,2/3/2017 8:00,2/6/2017 5:51,750.0,700.0,50.0,440.4,DRV,,,False,0,Carrier 57045,Shipper 744,True,True,True,2/3/2017 17:00,2/6/2017 10:00,False,False,False,False,False,False,False,False,Conover,NC ,Conover,NC 
8106,206474657,1/11/2017 10:57,1/11/2017 10:57,1/11/2017 15:49,1/11/2017 7:00,1/12/2017 12:30,750.0,750.0,0.0,356.8,DRV,,,False,0,Carrier 1406065,Shipper 744,False,True,True,1/11/2017 16:00,1/12/2017 17:00,False,False,False,False,False,False,False,False,Fort Payne,AL ,Fort Payne,AL 
8107,206726985,8/8/2017 12:12,8/8/2017 12:12,8/10/2017 14:31,8/10/2017 9:00,8/11/2017 14:15,750.0,750.0,0.0,418.7,DRV,,,False,1,Carrier 1695069,Shipper 585,True,False,False,8/10/2017 17:00,8/11/2017 11:00,False,False,False,False,False,False,False,False,Brooklyn Park,MN ,Brooklyn Park,MN 
8108,206427001,8/8/2017 12:06,8/8/2017 12:06,8/9/2017 8:48,8/10/2017 9:00,8/11/2017 15:00,750.0,725.0,25.0,418.7,DRV,,,False,0,Carrier 1005988,Shipper 585,True,True,True,8/10/2017 22:00,8/11/2017 13:00,False,False,False,False,False,False,False,False,Brooklyn Park,MN ,Brooklyn Park,MN 
8109,206633537,3/27/2017 18:06,3/27/2017 18:06,3/30/2017 15:13,3/30/2017 21:00,3/31/2017 17:35,749.32,650.0,99.32,282.1,DRV,4.0,,False,0,Carrier 101147,Shipper 1249,True,True,True,3/30/2017 21:00,3/31/2017 17:00,False,False,False,False,False,False,False,False,St. Louis,MO ,St. Louis,MO 
8110,206633537,3/27/2017 18:06,3/27/2017 18:06,3/30/2017 15:13,3/30/2017 21:00,3/31/2017 17:35,749.32,650.0,99.32,282.1,DRV,4.0,,False,0,Carrier 101147,Shipper 1375,True,True,True,3/30/2017 21:00,3/31/2017 17:00,False,False,False,False,False,False,False,False,St. Louis,MO ,St. Louis,MO 
8111,206486313,3/27/2017 18:00,3/27/2017 18:00,3/29/2017 14:27,3/29/2017 16:00,3/30/2017 11:00,749.32,1250.0,-500.68,282.1,DRV,,,False,0,Carrier 1047029,Shipper 1249,True,True,True,3/29/2017 19:00,3/30/2017 17:00,False,False,False,False,False,False,False,False,St. Louis,MO ,St. Louis,MO 
8112,206486313,3/27/2017 18:00,3/27/2017 18:00,3/29/2017 14:27,3/29/2017 16:00,3/30/2017 11:00,749.32,1250.0,-500.68,282.1,DRV,,,False,0,Carrier 1047029,Shipper 1375,True,True,True,3/29/2017 19:00,3/30/2017 17:00,False,False,False,False,False,False,False,False,St. Louis,MO ,St. Louis,MO 
8113,206633537,3/27/2017 18:06,3/27/2017 18:06,3/30/2017 15:13,3/30/2017 21:00,3/31/2017 17:35,749.32,650.0,99.32,282.1,DRV,4.0,,False,0,Carrier 101147,Shipper 1386,True,True,True,3/30/2017 21:00,3/31/2017 17:00,False,False,False,False,False,False,False,False,St. Louis,MO ,St. Louis,MO 
8114,206633537,3/27/2017 18:06,3/27/2017 18:06,3/30/2017 15:13,3/30/2017 21:00,3/31/2017 17:35,749.32,650.0,99.32,282.1,DRV,4.0,,False,0,Carrier 101147,Shipper 1248,True,True,True,3/30/2017 21:00,3/31/2017 17:00,False,False,False,False,False,False,False,False,St. Louis,MO ,St. Louis,MO 
8115,206486313,3/27/2017 18:00,3/27/2017 18:00,3/29/2017 14:27,3/29/2017 16:00,3/30/2017 11:00,749.32,1250.0,-500.68,282.1,DRV,,,False,0,Carrier 1047029,Shipper 1386,True,True,True,3/29/2017 19:00,3/30/2017 17:00,False,False,False,False,False,False,False,False,St. Louis,MO ,St. Louis,MO 
8116,206633537,3/27/2017 18:06,3/27/2017 18:06,3/30/2017 15:13,3/30/2017 21:00,3/31/2017 17:35,749.32,650.0,99.32,282.1,DRV,4.0,,False,0,Carrier 101147,Shipper 1387,True,True,True,3/30/2017 21:00,3/31/2017 17:00,False,False,False,False,False,False,False,False,St. Louis,MO ,St. Louis,MO 
8117,206486313,3/27/2017 18:00,3/27/2017 18:00,3/29/2017 14:27,3/29/2017 16:00,3/30/2017 11:00,749.32,1250.0,-500.68,282.1,DRV,,,False,0,Carrier 1047029,Shipper 1248,True,True,True,3/29/2017 19:00,3/30/2017 17:00,False,False,False,False,False,False,False,False,St. Louis,MO ,St. Louis,MO 
8118,206486313,3/27/2017 18:00,3/27/2017 18:00,3/29/2017 14:27,3/29/2017 16:00,3/30/2017 11:00,749.32,1250.0,-500.68,282.1,DRV,,,False,0,Carrier 1047029,Shipper 1387,True,True,True,3/29/2017 19:00,3/30/2017 17:00,False,False,False,False,False,False,False,False,St. Louis,MO ,St. Louis,MO 
8119,206633537,3/27/2017 18:06,3/27/2017 18:06,3/30/2017 15:13,3/30/2017 21:00,3/31/2017 17:35,749.32,650.0,99.32,282.1,DRV,4.0,,False,0,Carrier 101147,Shipper 1388,True,True,True,3/30/2017 21:00,3/31/2017 17:00,False,False,False,False,False,False,False,False,St. Louis,MO ,St. Louis,MO 
8120,206486313,3/27/2017 18:00,3/27/2017 18:00,3/29/2017 14:27,3/29/2017 16:00,3/30/2017 11:00,749.32,1250.0,-500.68,282.1,DRV,,,False,0,Carrier 1047029,Shipper 1388,True,True,True,3/29/2017 19:00,3/30/2017 17:00,False,False,False,False,False,False,False,False,St. Louis,MO ,St. Louis,MO 
8121,206503673,1/27/2017 13:12,1/27/2017 13:12,1/30/2017 11:17,1/30/2017 8:00,1/31/2017 3:00,749.2,700.0,49.2,376.2,DRV,1.0,,False,1,Carrier 332736,Shipper 968,,,,1/30/2017 15:00,1/31/2017 23:55,False,False,False,False,False,False,False,False,Newark,NJ ,Newark,NJ 
8122,206657769,12/18/2017 18:00,12/18/2017 18:00,12/20/2017 10:39,12/20/2017 21:00,12/21/2017 7:00,749.04,1000.0,-250.96,157.9,DRV,,,False,0,Carrier 1695803,Shipper 1249,True,True,True,12/20/2017 21:00,12/21/2017 14:00,False,False,False,False,False,False,False,False,Cartersville,GA ,Cartersville,GA 
8123,206657769,12/18/2017 18:00,12/18/2017 18:00,12/20/2017 10:39,12/20/2017 21:00,12/21/2017 7:00,749.04,1000.0,-250.96,157.9,DRV,,,False,0,Carrier 1695803,Shipper 1375,True,True,True,12/20/2017 21:00,12/21/2017 14:00,False,False,False,False,False,False,False,False,Cartersville,GA ,Cartersville,GA 
8124,206657769,12/18/2017 18:00,12/18/2017 18:00,12/20/2017 10:39,12/20/2017 21:00,12/21/2017 7:00,749.04,1000.0,-250.96,157.9,DRV,,,False,0,Carrier 1695803,Shipper 1386,True,True,True,12/20/2017 21:00,12/21/2017 14:00,False,False,False,False,False,False,False,False,Cartersville,GA ,Cartersville,GA 
8125,206657769,12/18/2017 18:00,12/18/2017 18:00,12/20/2017 10:39,12/20/2017 21:00,12/21/2017 7:00,749.04,1000.0,-250.96,157.9,DRV,,,False,0,Carrier 1695803,Shipper 1248,True,True,True,12/20/2017 21:00,12/21/2017 14:00,False,False,False,False,False,False,False,False,Cartersville,GA ,Cartersville,GA 
8126,206657769,12/18/2017 18:00,12/18/2017 18:00,12/20/2017 10:39,12/20/2017 21:00,12/21/2017 7:00,749.04,1000.0,-250.96,157.9,DRV,,,False,0,Carrier 1695803,Shipper 1387,True,True,True,12/20/2017 21:00,12/21/2017 14:00,False,False,False,False,False,False,False,False,Cartersville,GA ,Cartersville,GA 
8127,206657769,12/18/2017 18:00,12/18/2017 18:00,12/20/2017 10:39,12/20/2017 21:00,12/21/2017 7:00,749.04,1000.0,-250.96,157.9,DRV,,,False,0,Carrier 1695803,Shipper 1388,True,True,True,12/20/2017 21:00,12/21/2017 14:00,False,False,False,False,False,False,False,False,Cartersville,GA ,Cartersville,GA 
8128,206428105,9/26/2017 9:24,9/26/2017 9:41,9/26/2017 13:56,9/28/2017 9:00,9/28/2017 15:45,748.68,700.0,48.68,135.7,DRV,,,False,0,Carrier 97236,Shipper 1078,True,True,True,9/28/2017 9:00,9/28/2017 14:30,False,False,False,False,False,False,False,False,Hackettstown,NJ ,Hackettstown,NJ 
8129,206576065,2/8/2017 11:37,2/8/2017 11:37,2/15/2017 11:29,2/16/2017 7:00,2/17/2017 15:20,748.67,715.0,33.67,327.4,DRV,,,False,0,Carrier 1426045,Shipper 943,True,True,True,2/16/2017 16:00,2/17/2017 12:00,False,False,False,False,False,False,False,False,Clifton,NJ ,Clifton,NJ 
8130,206542425,12/15/2017 17:13,12/15/2017 17:13,12/19/2017 17:26,12/21/2017 10:00,12/22/2017 4:05,748.23,810.0,-61.77,232.3,DRV,,carrier_capacity,False,0,Carrier 641522,Shipper 758,True,True,True,12/21/2017 21:00,12/22/2017 1:30,False,False,False,False,False,False,False,False,Taft,CA ,Taft,CA 
8131,206463065,4/7/2017 17:44,4/7/2017 17:45,4/11/2017 9:28,4/12/2017 8:00,4/13/2017 9:30,748.0,700.0,48.0,249.9,DRV,4.0,,False,0,Carrier 97236,Shipper 1184,True,True,True,4/12/2017 13:30,4/13/2017 11:30,False,False,False,False,False,False,False,False,Hillside,NJ ,Hillside,NJ 
8132,206541377,11/20/2017 13:04,11/20/2017 13:04,12/5/2017 7:47,12/5/2017 19:00,12/6/2017 9:00,747.26,1000.0,-252.74,284.1,RFR,,,False,0,Carrier 1240629,Shipper 758,False,True,True,12/5/2017 19:00,12/6/2017 9:00,False,False,False,False,False,False,False,False,Kent,WA ,Kent,WA 
8133,206512889,11/22/2017 9:15,11/22/2017 9:16,11/27/2017 10:37,11/27/2017 19:00,11/28/2017 12:30,747.26,1000.0,-252.74,284.1,RFR,,,False,0,Carrier 1041647,Shipper 758,True,True,True,11/27/2017 19:00,11/28/2017 9:00,False,False,False,False,False,False,False,False,Kent,WA ,Kent,WA 
8134,206504801,11/8/2017 17:49,11/8/2017 17:49,11/14/2017 7:14,11/14/2017 19:00,11/15/2017 11:00,747.26,1000.0,-252.74,284.1,RFR,,,False,0,Carrier 1240629,Shipper 758,True,True,True,11/14/2017 19:00,11/15/2017 10:30,False,False,False,False,False,False,False,False,Kent,WA ,Kent,WA 
8135,206460537,11/29/2017 9:03,11/29/2017 9:03,12/5/2017 7:47,12/5/2017 19:30,12/6/2017 15:00,747.26,1000.0,-252.74,284.1,RFR,,,False,0,Carrier 1240629,Shipper 758,True,True,True,12/5/2017 19:30,12/6/2017 13:00,False,False,False,False,False,False,False,False,Kent,WA ,Kent,WA 
8136,206521097,4/10/2017 17:25,4/10/2017 17:25,4/12/2017 10:54,4/12/2017 15:00,4/13/2017 9:30,746.74,1050.0,-303.26,365.9,DRV,4.0,,False,0,Carrier 1240426,Shipper 1249,True,True,True,4/12/2017 15:00,4/13/2017 15:00,False,False,False,False,False,False,False,False,Houston,TX ,Houston,TX 
8137,206521097,4/10/2017 17:25,4/10/2017 17:25,4/12/2017 10:54,4/12/2017 15:00,4/13/2017 9:30,746.74,1050.0,-303.26,365.9,DRV,4.0,,False,0,Carrier 1240426,Shipper 1375,True,True,True,4/12/2017 15:00,4/13/2017 15:00,False,False,False,False,False,False,False,False,Houston,TX ,Houston,TX 
8138,206521097,4/10/2017 17:25,4/10/2017 17:25,4/12/2017 10:54,4/12/2017 15:00,4/13/2017 9:30,746.74,1050.0,-303.26,365.9,DRV,4.0,,False,0,Carrier 1240426,Shipper 1386,True,True,True,4/12/2017 15:00,4/13/2017 15:00,False,False,False,False,False,False,False,False,Houston,TX ,Houston,TX 
8139,206521097,4/10/2017 17:25,4/10/2017 17:25,4/12/2017 10:54,4/12/2017 15:00,4/13/2017 9:30,746.74,1050.0,-303.26,365.9,DRV,4.0,,False,0,Carrier 1240426,Shipper 1248,True,True,True,4/12/2017 15:00,4/13/2017 15:00,False,False,False,False,False,False,False,False,Houston,TX ,Houston,TX 
8140,206521097,4/10/2017 17:25,4/10/2017 17:25,4/12/2017 10:54,4/12/2017 15:00,4/13/2017 9:30,746.74,1050.0,-303.26,365.9,DRV,4.0,,False,0,Carrier 1240426,Shipper 1387,True,True,True,4/12/2017 15:00,4/13/2017 15:00,False,False,False,False,False,False,False,False,Houston,TX ,Houston,TX 
8141,206521097,4/10/2017 17:25,4/10/2017 17:25,4/12/2017 10:54,4/12/2017 15:00,4/13/2017 9:30,746.74,1050.0,-303.26,365.9,DRV,4.0,,False,0,Carrier 1240426,Shipper 1388,True,True,True,4/12/2017 15:00,4/13/2017 15:00,False,False,False,False,False,False,False,False,Houston,TX ,Houston,TX 
8142,206481641,1/31/2017 13:55,1/31/2017 13:55,1/31/2017 18:24,2/1/2017 12:30,2/2/2017 14:15,745.18,700.0,45.18,663.6,DRV,,,False,0,Carrier 1371093,Shipper 1303,True,True,True,2/1/2017 12:30,2/2/2017 14:30,False,False,False,False,False,False,False,False,Jacksonville,FL ,Jacksonville,FL 
8143,206484073,12/13/2017 9:13,12/13/2017 9:13,12/15/2017 13:30,12/18/2017 19:00,12/19/2017 13:00,745.04,940.0,-194.96,284.1,RFR,,carrier_capacity,False,0,Carrier 1041647,Shipper 758,True,True,True,12/18/2017 19:00,12/19/2017 9:00,False,False,False,False,False,False,False,False,Kent,WA ,Kent,WA 
8144,206434281,12/13/2017 9:15,12/13/2017 9:15,12/18/2017 18:57,12/19/2017 19:00,12/20/2017 13:36,745.04,1200.0,-454.96,284.1,RFR,,dat_in,False,0,Carrier 1358580,Shipper 758,True,True,True,12/19/2017 19:00,12/20/2017 10:30,False,False,False,False,False,False,False,False,Kent,WA ,Kent,WA 
8145,206653161,11/1/2017 10:56,11/1/2017 10:56,11/7/2017 12:09,11/7/2017 19:00,11/8/2017 16:20,745.04,950.0,-204.96,284.1,RFR,,,False,0,Carrier 464981,Shipper 758,True,True,True,11/7/2017 19:00,11/8/2017 10:00,False,False,False,False,False,False,False,False,Kent,WA ,Kent,WA 
8146,206754297,12/5/2017 17:35,12/5/2017 17:35,12/12/2017 10:20,12/12/2017 19:00,12/13/2017 13:55,745.04,1000.0,-254.96,284.1,RFR,,,False,0,Carrier 1356147,Shipper 758,True,True,True,12/12/2017 19:00,12/13/2017 8:00,False,False,False,False,False,False,False,False,Kent,WA ,Kent,WA 
8147,206651537,5/17/2017 11:11,5/17/2017 11:12,5/18/2017 14:35,5/18/2017 17:00,5/19/2017 10:00,742.88,800.0,-57.12,340.6,DRV,3.0,,False,0,Carrier 1291786,Shipper 1048,True,True,True,5/18/2017 19:00,5/19/2017 9:00,False,False,False,False,False,False,False,False,Laredo,TX ,Laredo,TX 
8148,206424825,12/18/2017 17:39,12/18/2017 17:39,12/20/2017 9:14,12/20/2017 14:00,12/21/2017 9:00,742.69,1000.0,-257.31,225.4,DRV,,dat_in,False,0,Carrier 71756,Shipper 1249,True,True,True,12/20/2017 14:00,12/21/2017 15:00,False,False,False,False,False,False,False,False,Cartersville,GA ,Cartersville,GA 
8149,206424825,12/18/2017 17:39,12/18/2017 17:39,12/20/2017 9:14,12/20/2017 14:00,12/21/2017 9:00,742.69,1000.0,-257.31,225.4,DRV,,dat_in,False,0,Carrier 71756,Shipper 1375,True,True,True,12/20/2017 14:00,12/21/2017 15:00,False,False,False,False,False,False,False,False,Cartersville,GA ,Cartersville,GA 
8150,206424825,12/18/2017 17:39,12/18/2017 17:39,12/20/2017 9:14,12/20/2017 14:00,12/21/2017 9:00,742.69,1000.0,-257.31,225.4,DRV,,dat_in,False,0,Carrier 71756,Shipper 1386,True,True,True,12/20/2017 14:00,12/21/2017 15:00,False,False,False,False,False,False,False,False,Cartersville,GA ,Cartersville,GA 
8151,206424825,12/18/2017 17:39,12/18/2017 17:39,12/20/2017 9:14,12/20/2017 14:00,12/21/2017 9:00,742.69,1000.0,-257.31,225.4,DRV,,dat_in,False,0,Carrier 71756,Shipper 1248,True,True,True,12/20/2017 14:00,12/21/2017 15:00,False,False,False,False,False,False,False,False,Cartersville,GA ,Cartersville,GA 
8152,206424825,12/18/2017 17:39,12/18/2017 17:39,12/20/2017 9:14,12/20/2017 14:00,12/21/2017 9:00,742.69,1000.0,-257.31,225.4,DRV,,dat_in,False,0,Carrier 71756,Shipper 1387,True,True,True,12/20/2017 14:00,12/21/2017 15:00,False,False,False,False,False,False,False,False,Cartersville,GA ,Cartersville,GA 
8153,206424825,12/18/2017 17:39,12/18/2017 17:39,12/20/2017 9:14,12/20/2017 14:00,12/21/2017 9:00,742.69,1000.0,-257.31,225.4,DRV,,dat_in,False,0,Carrier 71756,Shipper 1388,True,True,True,12/20/2017 14:00,12/21/2017 15:00,False,False,False,False,False,False,False,False,Cartersville,GA ,Cartersville,GA 
8154,206432601,12/18/2017 17:51,12/18/2017 17:51,12/20/2017 8:50,12/20/2017 13:00,12/21/2017 13:15,741.92,800.0,-58.08,206.0,DRV,,,False,0,Carrier 1695765,Shipper 1249,True,False,True,12/20/2017 13:00,12/20/2017 15:00,False,False,False,False,False,False,False,False,Jacksonville,FL ,Jacksonville,FL 
8155,206432601,12/18/2017 17:51,12/18/2017 17:51,12/20/2017 8:50,12/20/2017 13:00,12/21/2017 13:15,741.92,800.0,-58.08,206.0,DRV,,,False,0,Carrier 1695765,Shipper 1375,True,False,True,12/20/2017 13:00,12/20/2017 15:00,False,False,False,False,False,False,False,False,Jacksonville,FL ,Jacksonville,FL 
8156,206432601,12/18/2017 17:51,12/18/2017 17:51,12/20/2017 8:50,12/20/2017 13:00,12/21/2017 13:15,741.92,800.0,-58.08,206.0,DRV,,,False,0,Carrier 1695765,Shipper 1386,True,False,True,12/20/2017 13:00,12/20/2017 15:00,False,False,False,False,False,False,False,False,Jacksonville,FL ,Jacksonville,FL 
8157,206432601,12/18/2017 17:51,12/18/2017 17:51,12/20/2017 8:50,12/20/2017 13:00,12/21/2017 13:15,741.92,800.0,-58.08,206.0,DRV,,,False,0,Carrier 1695765,Shipper 1248,True,False,True,12/20/2017 13:00,12/20/2017 15:00,False,False,False,False,False,False,False,False,Jacksonville,FL ,Jacksonville,FL 
8158,206432601,12/18/2017 17:51,12/18/2017 17:51,12/20/2017 8:50,12/20/2017 13:00,12/21/2017 13:15,741.92,800.0,-58.08,206.0,DRV,,,False,0,Carrier 1695765,Shipper 1387,True,False,True,12/20/2017 13:00,12/20/2017 15:00,False,False,False,False,False,False,False,False,Jacksonville,FL ,Jacksonville,FL 
8159,206432601,12/18/2017 17:51,12/18/2017 17:51,12/20/2017 8:50,12/20/2017 13:00,12/21/2017 13:15,741.92,800.0,-58.08,206.0,DRV,,,False,0,Carrier 1695765,Shipper 1388,True,False,True,12/20/2017 13:00,12/20/2017 15:00,False,False,False,False,False,False,False,False,Jacksonville,FL ,Jacksonville,FL 
8160,206501713,8/1/2017 17:49,8/1/2017 17:49,8/7/2017 9:19,8/7/2017 14:00,8/10/2017 11:30,741.0,900.0,-159.0,428.1,DRV,,,False,0,Carrier 1694200,Shipper 1249,True,True,True,8/7/2017 14:00,8/8/2017 10:30,False,False,False,False,False,False,False,False,La Porte,TX ,La Porte,TX 
8161,206501713,8/1/2017 17:49,8/1/2017 17:49,8/7/2017 9:19,8/7/2017 14:00,8/10/2017 11:30,741.0,900.0,-159.0,428.1,DRV,,,False,0,Carrier 1694200,Shipper 1375,True,True,True,8/7/2017 14:00,8/8/2017 10:30,False,False,False,False,False,False,False,False,La Porte,TX ,La Porte,TX 
8162,206501713,8/1/2017 17:49,8/1/2017 17:49,8/7/2017 9:19,8/7/2017 14:00,8/10/2017 11:30,741.0,900.0,-159.0,428.1,DRV,,,False,0,Carrier 1694200,Shipper 1386,True,True,True,8/7/2017 14:00,8/8/2017 10:30,False,False,False,False,False,False,False,False,La Porte,TX ,La Porte,TX 
8163,206501713,8/1/2017 17:49,8/1/2017 17:49,8/7/2017 9:19,8/7/2017 14:00,8/10/2017 11:30,741.0,900.0,-159.0,428.1,DRV,,,False,0,Carrier 1694200,Shipper 1248,True,True,True,8/7/2017 14:00,8/8/2017 10:30,False,False,False,False,False,False,False,False,La Porte,TX ,La Porte,TX 
8164,206501713,8/1/2017 17:49,8/1/2017 17:49,8/7/2017 9:19,8/7/2017 14:00,8/10/2017 11:30,741.0,900.0,-159.0,428.1,DRV,,,False,0,Carrier 1694200,Shipper 1387,True,True,True,8/7/2017 14:00,8/8/2017 10:30,False,False,False,False,False,False,False,False,La Porte,TX ,La Porte,TX 
8165,206501713,8/1/2017 17:49,8/1/2017 17:49,8/7/2017 9:19,8/7/2017 14:00,8/10/2017 11:30,741.0,900.0,-159.0,428.1,DRV,,,False,0,Carrier 1694200,Shipper 1388,True,True,True,8/7/2017 14:00,8/8/2017 10:30,False,False,False,False,False,False,False,False,La Porte,TX ,La Porte,TX 
8166,206524025,12/18/2017 17:49,12/18/2017 17:49,12/26/2017 9:37,12/27/2017 13:00,12/28/2017 10:05,740.84,800.0,-59.16,387.7,RFR,,,False,0,Carrier 1219386,Shipper 1249,True,True,True,12/27/2017 13:00,12/28/2017 9:00,False,False,False,False,False,False,False,False,Jacksonville,FL ,Jacksonville,FL 
8167,206524025,12/18/2017 17:49,12/18/2017 17:49,12/26/2017 9:37,12/27/2017 13:00,12/28/2017 10:05,740.84,800.0,-59.16,387.7,RFR,,,False,0,Carrier 1219386,Shipper 1375,True,True,True,12/27/2017 13:00,12/28/2017 9:00,False,False,False,False,False,False,False,False,Jacksonville,FL ,Jacksonville,FL 
8168,206524025,12/18/2017 17:49,12/18/2017 17:49,12/26/2017 9:37,12/27/2017 13:00,12/28/2017 10:05,740.84,800.0,-59.16,387.7,RFR,,,False,0,Carrier 1219386,Shipper 1386,True,True,True,12/27/2017 13:00,12/28/2017 9:00,False,False,False,False,False,False,False,False,Jacksonville,FL ,Jacksonville,FL 
8169,206524025,12/18/2017 17:49,12/18/2017 17:49,12/26/2017 9:37,12/27/2017 13:00,12/28/2017 10:05,740.84,800.0,-59.16,387.7,RFR,,,False,0,Carrier 1219386,Shipper 1248,True,True,True,12/27/2017 13:00,12/28/2017 9:00,False,False,False,False,False,False,False,False,Jacksonville,FL ,Jacksonville,FL 
8170,206524025,12/18/2017 17:49,12/18/2017 17:49,12/26/2017 9:37,12/27/2017 13:00,12/28/2017 10:05,740.84,800.0,-59.16,387.7,RFR,,,False,0,Carrier 1219386,Shipper 1387,True,True,True,12/27/2017 13:00,12/28/2017 9:00,False,False,False,False,False,False,False,False,Jacksonville,FL ,Jacksonville,FL 
8171,206524025,12/18/2017 17:49,12/18/2017 17:49,12/26/2017 9:37,12/27/2017 13:00,12/28/2017 10:05,740.84,800.0,-59.16,387.7,RFR,,,False,0,Carrier 1219386,Shipper 1388,True,True,True,12/27/2017 13:00,12/28/2017 9:00,False,False,False,False,False,False,False,False,Jacksonville,FL ,Jacksonville,FL 
8172,206552777,4/25/2017 17:39,4/25/2017 17:39,4/27/2017 9:04,4/27/2017 13:00,4/28/2017 14:00,740.74,650.0,90.74,380.8,DRV,,,False,0,Carrier 941668,Shipper 1249,True,True,True,4/27/2017 13:00,4/28/2017 10:00,False,False,False,False,False,False,False,False,Jacksonville,FL ,Jacksonville,FL 
8173,206552777,4/25/2017 17:39,4/25/2017 17:39,4/27/2017 9:04,4/27/2017 13:00,4/28/2017 14:00,740.74,650.0,90.74,380.8,DRV,,,False,0,Carrier 941668,Shipper 1375,True,True,True,4/27/2017 13:00,4/28/2017 10:00,False,False,False,False,False,False,False,False,Jacksonville,FL ,Jacksonville,FL 
8174,206552777,4/25/2017 17:39,4/25/2017 17:39,4/27/2017 9:04,4/27/2017 13:00,4/28/2017 14:00,740.74,650.0,90.74,380.8,DRV,,,False,0,Carrier 941668,Shipper 1386,True,True,True,4/27/2017 13:00,4/28/2017 10:00,False,False,False,False,False,False,False,False,Jacksonville,FL ,Jacksonville,FL 
8175,206521649,4/25/2017 17:37,4/25/2017 17:38,4/27/2017 9:26,4/27/2017 15:00,4/28/2017 14:23,740.74,550.0,190.74,380.8,DRV,0.0,,False,0,Carrier 38929,Shipper 1249,True,True,True,4/27/2017 15:00,4/28/2017 11:00,False,False,False,False,False,False,False,False,Jacksonville,FL ,Jacksonville,FL 
8176,206552777,4/25/2017 17:39,4/25/2017 17:39,4/27/2017 9:04,4/27/2017 13:00,4/28/2017 14:00,740.74,650.0,90.74,380.8,DRV,,,False,0,Carrier 941668,Shipper 1248,True,True,True,4/27/2017 13:00,4/28/2017 10:00,False,False,False,False,False,False,False,False,Jacksonville,FL ,Jacksonville,FL 
8177,206552777,4/25/2017 17:39,4/25/2017 17:39,4/27/2017 9:04,4/27/2017 13:00,4/28/2017 14:00,740.74,650.0,90.74,380.8,DRV,,,False,0,Carrier 941668,Shipper 1387,True,True,True,4/27/2017 13:00,4/28/2017 10:00,False,False,False,False,False,False,False,False,Jacksonville,FL ,Jacksonville,FL 
8178,206521649,4/25/2017 17:37,4/25/2017 17:38,4/27/2017 9:26,4/27/2017 15:00,4/28/2017 14:23,740.74,550.0,190.74,380.8,DRV,0.0,,False,0,Carrier 38929,Shipper 1375,True,True,True,4/27/2017 15:00,4/28/2017 11:00,False,False,False,False,False,False,False,False,Jacksonville,FL ,Jacksonville,FL 
8179,206552777,4/25/2017 17:39,4/25/2017 17:39,4/27/2017 9:04,4/27/2017 13:00,4/28/2017 14:00,740.74,650.0,90.74,380.8,DRV,,,False,0,Carrier 941668,Shipper 1388,True,True,True,4/27/2017 13:00,4/28/2017 10:00,False,False,False,False,False,False,False,False,Jacksonville,FL ,Jacksonville,FL 
8180,206521649,4/25/2017 17:37,4/25/2017 17:38,4/27/2017 9:26,4/27/2017 15:00,4/28/2017 14:23,740.74,550.0,190.74,380.8,DRV,0.0,,False,0,Carrier 38929,Shipper 1386,True,True,True,4/27/2017 15:00,4/28/2017 11:00,False,False,False,False,False,False,False,False,Jacksonville,FL ,Jacksonville,FL 
8181,206521649,4/25/2017 17:37,4/25/2017 17:38,4/27/2017 9:26,4/27/2017 15:00,4/28/2017 14:23,740.74,550.0,190.74,380.8,DRV,0.0,,False,0,Carrier 38929,Shipper 1248,True,True,True,4/27/2017 15:00,4/28/2017 11:00,False,False,False,False,False,False,False,False,Jacksonville,FL ,Jacksonville,FL 
8182,206521649,4/25/2017 17:37,4/25/2017 17:38,4/27/2017 9:26,4/27/2017 15:00,4/28/2017 14:23,740.74,550.0,190.74,380.8,DRV,0.0,,False,0,Carrier 38929,Shipper 1387,True,True,True,4/27/2017 15:00,4/28/2017 11:00,False,False,False,False,False,False,False,False,Jacksonville,FL ,Jacksonville,FL 
8183,206521649,4/25/2017 17:37,4/25/2017 17:38,4/27/2017 9:26,4/27/2017 15:00,4/28/2017 14:23,740.74,550.0,190.74,380.8,DRV,0.0,,False,0,Carrier 38929,Shipper 1388,True,True,True,4/27/2017 15:00,4/28/2017 11:00,False,False,False,False,False,False,False,False,Jacksonville,FL ,Jacksonville,FL 
8184,206591505,9/29/2017 9:43,9/29/2017 9:43,9/29/2017 11:36,10/5/2017 10:00,10/7/2017 1:00,740.21,610.0,130.21,232.3,DRV,,,False,0,Carrier 1558859,Shipper 758,True,True,True,10/5/2017 21:00,10/6/2017 22:30,False,False,False,False,False,False,False,False,Taft,CA ,Taft,CA 
8185,206667617,11/9/2017 11:10,11/9/2017 11:10,11/10/2017 12:58,11/13/2017 10:00,11/14/2017 1:00,739.06,491.0,248.06,20.0,DRV,,,False,0,Carrier 408796,Shipper 758,True,True,True,11/13/2017 18:30,11/13/2017 21:30,False,False,False,False,False,False,False,False,Stockton,CA ,Stockton,CA 
8186,206433545,7/24/2017 16:52,7/24/2017 16:52,7/24/2017 17:49,7/25/2017 4:00,7/26/2017 12:30,737.72,840.0,-102.28,118.5,DRV,,,False,0,Carrier 4997,Shipper 1249,True,True,True,7/25/2017 4:00,7/26/2017 10:30,False,False,False,False,False,False,False,False,Newark,NJ ,Newark,NJ 
8187,206433545,7/24/2017 16:52,7/24/2017 16:52,7/24/2017 17:49,7/25/2017 4:00,7/26/2017 12:30,737.72,840.0,-102.28,118.5,DRV,,,False,0,Carrier 4997,Shipper 1375,True,True,True,7/25/2017 4:00,7/26/2017 10:30,False,False,False,False,False,False,False,False,Newark,NJ ,Newark,NJ 
8188,206433545,7/24/2017 16:52,7/24/2017 16:52,7/24/2017 17:49,7/25/2017 4:00,7/26/2017 12:30,737.72,840.0,-102.28,118.5,DRV,,,False,0,Carrier 4997,Shipper 1386,True,True,True,7/25/2017 4:00,7/26/2017 10:30,False,False,False,False,False,False,False,False,Newark,NJ ,Newark,NJ 
8189,206433545,7/24/2017 16:52,7/24/2017 16:52,7/24/2017 17:49,7/25/2017 4:00,7/26/2017 12:30,737.72,840.0,-102.28,118.5,DRV,,,False,0,Carrier 4997,Shipper 1248,True,True,True,7/25/2017 4:00,7/26/2017 10:30,False,False,False,False,False,False,False,False,Newark,NJ ,Newark,NJ 
8190,206433545,7/24/2017 16:52,7/24/2017 16:52,7/24/2017 17:49,7/25/2017 4:00,7/26/2017 12:30,737.72,840.0,-102.28,118.5,DRV,,,False,0,Carrier 4997,Shipper 1387,True,True,True,7/25/2017 4:00,7/26/2017 10:30,False,False,False,False,False,False,False,False,Newark,NJ ,Newark,NJ 
8191,206433545,7/24/2017 16:52,7/24/2017 16:52,7/24/2017 17:49,7/25/2017 4:00,7/26/2017 12:30,737.72,840.0,-102.28,118.5,DRV,,,False,0,Carrier 4997,Shipper 1388,True,True,True,7/25/2017 4:00,7/26/2017 10:30,False,False,False,False,False,False,False,False,Newark,NJ ,Newark,NJ 
8192,206546249,9/6/2017 8:57,9/6/2017 8:57,9/12/2017 11:24,9/12/2017 19:30,9/13/2017 9:00,735.58,750.0,-14.42,284.1,RFR,,,False,0,Carrier 1041647,Shipper 758,True,True,True,9/12/2017 19:30,9/13/2017 8:00,False,False,False,False,False,False,False,False,Kent,WA ,Kent,WA 
8193,206627185,9/13/2017 8:46,9/13/2017 8:46,9/19/2017 15:13,9/19/2017 19:00,9/20/2017 9:50,735.58,1000.0,-264.42,284.1,RFR,,,False,0,Carrier 1240629,Shipper 758,False,True,True,9/19/2017 19:00,9/20/2017 8:00,False,False,False,False,False,False,False,False,Kent,WA ,Kent,WA 
8194,206551201,10/3/2017 17:29,10/3/2017 17:29,10/5/2017 12:06,10/5/2017 19:00,10/6/2017 12:45,735.58,1050.0,-314.42,284.1,RFR,,,False,1,Carrier 1457232,Shipper 758,True,True,True,10/5/2017 19:00,10/6/2017 10:00,False,False,False,False,False,False,False,False,Kent,WA ,Kent,WA 
8195,206441105,9/27/2017 10:56,9/27/2017 10:56,10/3/2017 12:00,10/3/2017 19:00,10/4/2017 14:00,735.58,1100.0,-364.42,284.1,RFR,,,False,0,Carrier 38761,Shipper 758,True,True,True,10/3/2017 19:00,10/4/2017 10:00,False,False,False,False,False,False,False,False,Kent,WA ,Kent,WA 
8196,206665313,10/25/2017 9:06,10/25/2017 9:06,10/30/2017 16:15,10/30/2017 18:00,10/31/2017 11:25,735.58,900.0,-164.42,284.1,RFR,,,False,1,Carrier 721815,Shipper 758,True,True,True,10/30/2017 18:00,10/31/2017 8:15,False,False,False,False,False,False,False,False,Kent,WA ,Kent,WA 
8197,206585225,8/17/2017 13:33,8/17/2017 13:33,8/18/2017 12:32,8/21/2017 8:30,8/22/2017 17:30,735.0,735.0,0.0,695.4,DRV,,,False,0,Carrier 964206,Shipper 923,False,False,False,8/21/2017 12:00,8/22/2017 9:30,False,False,False,False,False,False,False,False,Medley,FL ,Medley,FL 
8198,206424513,1/20/2017 15:22,1/20/2017 15:22,1/20/2017 16:33,1/13/2017 3:00,1/14/2017 1:00,735.0,390.4,344.6,140.0,RFR,,,False,0,Carrier 1331325,Shipper 758,True,True,True,1/15/2017 2:00,1/15/2017 2:00,False,False,False,False,False,False,False,False,Portland,OR ,Portland,OR 
8199,206542297,9/20/2017 10:14,9/20/2017 10:14,9/20/2017 10:38,9/21/2017 8:00,9/21/2017 14:50,734.0,534.0,200.0,27.7,RFR,,,False,0,Carrier 1012575,Shipper 585,True,True,True,9/21/2017 8:00,9/21/2017 13:00,False,False,False,False,False,False,False,False,Wilson,NC ,Wilson,NC 
8200,206446705,12/14/2017 16:49,12/14/2017 16:49,12/15/2017 17:53,12/18/2017 10:00,12/20/2017 9:40,733.48,1100.0,-366.52,402.7,DRV,,,False,0,Carrier 616661,Shipper 1249,True,True,True,12/18/2017 14:00,12/20/2017 13:00,False,False,False,False,False,False,False,False,Fort Collins,CO ,Fort Collins,CO 
8201,206446705,12/14/2017 16:49,12/14/2017 16:49,12/15/2017 17:53,12/18/2017 10:00,12/20/2017 9:40,733.48,1100.0,-366.52,402.7,DRV,,,False,0,Carrier 616661,Shipper 1375,True,True,True,12/18/2017 14:00,12/20/2017 13:00,False,False,False,False,False,False,False,False,Fort Collins,CO ,Fort Collins,CO 
8202,206446705,12/14/2017 16:49,12/14/2017 16:49,12/15/2017 17:53,12/18/2017 10:00,12/20/2017 9:40,733.48,1100.0,-366.52,402.7,DRV,,,False,0,Carrier 616661,Shipper 1386,True,True,True,12/18/2017 14:00,12/20/2017 13:00,False,False,False,False,False,False,False,False,Fort Collins,CO ,Fort Collins,CO 
8203,206446705,12/14/2017 16:49,12/14/2017 16:49,12/15/2017 17:53,12/18/2017 10:00,12/20/2017 9:40,733.48,1100.0,-366.52,402.7,DRV,,,False,0,Carrier 616661,Shipper 1248,True,True,True,12/18/2017 14:00,12/20/2017 13:00,False,False,False,False,False,False,False,False,Fort Collins,CO ,Fort Collins,CO 
8204,206446705,12/14/2017 16:49,12/14/2017 16:49,12/15/2017 17:53,12/18/2017 10:00,12/20/2017 9:40,733.48,1100.0,-366.52,402.7,DRV,,,False,0,Carrier 616661,Shipper 1387,True,True,True,12/18/2017 14:00,12/20/2017 13:00,False,False,False,False,False,False,False,False,Fort Collins,CO ,Fort Collins,CO 
8205,206446705,12/14/2017 16:49,12/14/2017 16:49,12/15/2017 17:53,12/18/2017 10:00,12/20/2017 9:40,733.48,1100.0,-366.52,402.7,DRV,,,False,0,Carrier 616661,Shipper 1388,True,True,True,12/18/2017 14:00,12/20/2017 13:00,False,False,False,False,False,False,False,False,Fort Collins,CO ,Fort Collins,CO 
8206,206495201,2/14/2017 15:35,2/14/2017 15:35,2/15/2017 15:33,2/16/2017 14:00,2/17/2017 10:00,733.15,750.0,-16.85,506.5,DRV,3.0,,False,1,Carrier 66974,Shipper 1052,True,True,True,2/16/2017 14:00,2/17/2017 16:00,False,False,False,False,False,False,False,False,Braithwaite,LA ,Braithwaite,LA 
8207,206423985,2/14/2017 15:40,2/14/2017 15:40,2/16/2017 10:23,2/16/2017 15:00,2/17/2017 11:00,733.15,750.0,-16.85,506.5,DRV,3.0,,False,1,Carrier 852500,Shipper 1052,True,True,True,2/16/2017 15:00,2/17/2017 16:00,False,False,False,False,False,False,False,False,Braithwaite,LA ,Braithwaite,LA 
8208,206747873,10/18/2017 8:46,10/18/2017 8:46,10/23/2017 11:03,10/25/2017 19:00,10/26/2017 14:00,733.08,800.0,-66.92,284.1,RFR,,,False,0,Carrier 1041647,Shipper 758,True,True,True,10/25/2017 19:00,10/26/2017 8:45,False,False,False,False,False,False,False,False,Kent,WA ,Kent,WA 
8209,206554953,10/11/2017 9:33,10/11/2017 9:33,10/16/2017 14:28,10/17/2017 19:00,10/18/2017 12:24,733.08,900.0,-166.92,284.1,RFR,,,False,0,Carrier 31263,Shipper 758,True,True,True,10/17/2017 19:00,10/18/2017 10:00,False,False,False,False,False,False,False,False,Kent,WA ,Kent,WA 
8210,206513697,10/4/2017 13:07,10/4/2017 13:07,10/9/2017 13:04,10/10/2017 19:00,10/11/2017 10:30,733.08,750.0,-16.92,284.1,RFR,,,False,0,Carrier 1438707,Shipper 758,True,True,True,10/10/2017 19:00,10/11/2017 9:00,False,False,False,False,False,False,False,False,Kent,WA ,Kent,WA 
8211,206472249,4/6/2017 15:21,4/6/2017 15:21,4/21/2017 10:55,4/21/2017 10:00,4/24/2017 15:40,731.46,725.0,6.46,168.7,DRV,3.0,,False,0,Carrier 1647614,Shipper 1249,False,True,False,4/21/2017 10:00,4/24/2017 15:00,False,False,False,False,False,False,False,False,Cranbury Township,NJ ,Cranbury Township,NJ 
8212,206472249,4/6/2017 15:21,4/6/2017 15:21,4/21/2017 10:55,4/21/2017 10:00,4/24/2017 15:40,731.46,725.0,6.46,168.7,DRV,3.0,,False,0,Carrier 1647614,Shipper 1375,False,True,False,4/21/2017 10:00,4/24/2017 15:00,False,False,False,False,False,False,False,False,Cranbury Township,NJ ,Cranbury Township,NJ 
8213,206472249,4/6/2017 15:21,4/6/2017 15:21,4/21/2017 10:55,4/21/2017 10:00,4/24/2017 15:40,731.46,725.0,6.46,168.7,DRV,3.0,,False,0,Carrier 1647614,Shipper 1386,False,True,False,4/21/2017 10:00,4/24/2017 15:00,False,False,False,False,False,False,False,False,Cranbury Township,NJ ,Cranbury Township,NJ 
8214,206472249,4/6/2017 15:21,4/6/2017 15:21,4/21/2017 10:55,4/21/2017 10:00,4/24/2017 15:40,731.46,725.0,6.46,168.7,DRV,3.0,,False,0,Carrier 1647614,Shipper 1248,False,True,False,4/21/2017 10:00,4/24/2017 15:00,False,False,False,False,False,False,False,False,Cranbury Township,NJ ,Cranbury Township,NJ 
8215,206472249,4/6/2017 15:21,4/6/2017 15:21,4/21/2017 10:55,4/21/2017 10:00,4/24/2017 15:40,731.46,725.0,6.46,168.7,DRV,3.0,,False,0,Carrier 1647614,Shipper 1387,False,True,False,4/21/2017 10:00,4/24/2017 15:00,False,False,False,False,False,False,False,False,Cranbury Township,NJ ,Cranbury Township,NJ 
8216,206472249,4/6/2017 15:21,4/6/2017 15:21,4/21/2017 10:55,4/21/2017 10:00,4/24/2017 15:40,731.46,725.0,6.46,168.7,DRV,3.0,,False,0,Carrier 1647614,Shipper 1388,False,True,False,4/21/2017 10:00,4/24/2017 15:00,False,False,False,False,False,False,False,False,Cranbury Township,NJ ,Cranbury Township,NJ 
8217,206552745,3/10/2017 9:24,3/10/2017 9:24,3/15/2017 11:57,3/14/2017 14:00,3/15/2017 13:00,729.82,675.0,54.82,353.6,DRV,5.0,,False,1,Carrier 1695151,Shipper 1052,True,True,True,3/14/2017 15:30,3/15/2017 13:30,False,False,False,False,False,False,False,False,1,LA ,1,LA 
8218,206656569,2/13/2017 13:04,2/13/2017 13:55,2/15/2017 8:52,2/15/2017 14:00,2/16/2017 10:30,728.09,725.0,3.09,506.5,DRV,4.0,,False,0,Carrier 1693573,Shipper 1052,True,True,True,2/15/2017 14:00,2/16/2017 15:30,False,False,False,False,False,False,False,False,Braithwaite,LA ,Braithwaite,LA 
8219,206665545,11/28/2017 11:47,11/28/2017 12:01,11/29/2017 8:19,12/1/2017 8:00,12/1/2017 12:22,726.9,550.0,176.9,59.7,DRV,,,False,0,Carrier 1150261,Shipper 1175,True,True,True,12/1/2017 11:00,12/1/2017 15:00,False,False,False,False,False,True,False,False,Narvon,PA ,Narvon,PA 
8220,206433833,9/26/2017 13:00,9/26/2017 13:00,9/26/2017 15:02,9/27/2017 9:00,9/27/2017 13:31,726.56,490.0,236.56,42.8,DRV,,,False,0,Carrier 1288244,Shipper 1644,True,True,True,9/27/2017 9:00,9/27/2017 13:00,False,False,False,False,False,False,False,False,Romulus,MI ,Romulus,MI 
8221,206513193,6/2/2017 11:16,6/2/2017 11:16,6/5/2017 10:48,6/6/2017 16:00,6/7/2017 10:00,726.15,725.0,1.15,232.5,DRV,,,False,0,Carrier 98964,Shipper 1249,True,True,True,6/6/2017 16:00,6/7/2017 8:00,False,False,False,False,False,False,False,False,Williamsburg,VA ,Williamsburg,VA 
8222,206513193,6/2/2017 11:16,6/2/2017 11:16,6/5/2017 10:48,6/6/2017 16:00,6/7/2017 10:00,726.15,725.0,1.15,232.5,DRV,,,False,0,Carrier 98964,Shipper 1375,True,True,True,6/6/2017 16:00,6/7/2017 8:00,False,False,False,False,False,False,False,False,Williamsburg,VA ,Williamsburg,VA 
8223,206513193,6/2/2017 11:16,6/2/2017 11:16,6/5/2017 10:48,6/6/2017 16:00,6/7/2017 10:00,726.15,725.0,1.15,232.5,DRV,,,False,0,Carrier 98964,Shipper 1386,True,True,True,6/6/2017 16:00,6/7/2017 8:00,False,False,False,False,False,False,False,False,Williamsburg,VA ,Williamsburg,VA 
8224,206513193,6/2/2017 11:16,6/2/2017 11:16,6/5/2017 10:48,6/6/2017 16:00,6/7/2017 10:00,726.15,725.0,1.15,232.5,DRV,,,False,0,Carrier 98964,Shipper 1248,True,True,True,6/6/2017 16:00,6/7/2017 8:00,False,False,False,False,False,False,False,False,Williamsburg,VA ,Williamsburg,VA 
8225,206513193,6/2/2017 11:16,6/2/2017 11:16,6/5/2017 10:48,6/6/2017 16:00,6/7/2017 10:00,726.15,725.0,1.15,232.5,DRV,,,False,0,Carrier 98964,Shipper 1387,True,True,True,6/6/2017 16:00,6/7/2017 8:00,False,False,False,False,False,False,False,False,Williamsburg,VA ,Williamsburg,VA 
8226,206513193,6/2/2017 11:16,6/2/2017 11:16,6/5/2017 10:48,6/6/2017 16:00,6/7/2017 10:00,726.15,725.0,1.15,232.5,DRV,,,False,0,Carrier 98964,Shipper 1388,True,True,True,6/6/2017 16:00,6/7/2017 8:00,False,False,False,False,False,False,False,False,Williamsburg,VA ,Williamsburg,VA 
8227,206548137,8/22/2017 8:27,8/22/2017 8:27,8/28/2017 10:32,8/28/2017 19:00,8/29/2017 11:25,726.13,750.0,-23.87,284.1,RFR,,,False,0,Carrier 1041647,Shipper 758,True,True,True,8/28/2017 19:00,8/29/2017 8:00,False,False,False,False,False,False,False,False,Kent,WA ,Kent,WA 
8228,206585337,12/12/2017 16:46,12/12/2017 16:46,12/13/2017 11:26,12/14/2017 15:00,12/15/2017 11:00,725.76,700.0,25.76,172.1,DRV,,,False,0,Carrier 613999,Shipper 1249,True,True,True,12/14/2017 15:00,12/15/2017 16:00,False,False,False,False,False,False,False,False,Jacksonville,FL ,Jacksonville,FL 
8229,206607113,12/14/2017 17:46,12/14/2017 17:46,12/15/2017 12:05,12/15/2017 13:00,12/16/2017 7:50,725.76,800.0,-74.24,172.1,DRV,,,False,0,Carrier 159867,Shipper 1249,True,True,True,12/15/2017 13:00,12/16/2017 12:00,False,False,False,False,False,False,False,False,Jacksonville,FL ,Jacksonville,FL 
8230,206585337,12/12/2017 16:46,12/12/2017 16:46,12/13/2017 11:26,12/14/2017 15:00,12/15/2017 11:00,725.76,700.0,25.76,172.1,DRV,,,False,0,Carrier 613999,Shipper 1375,True,True,True,12/14/2017 15:00,12/15/2017 16:00,False,False,False,False,False,False,False,False,Jacksonville,FL ,Jacksonville,FL 
8231,206469009,12/12/2017 16:57,12/12/2017 16:57,12/13/2017 12:44,12/14/2017 8:00,12/14/2017 15:25,725.76,700.0,25.76,172.1,DRV,,,False,0,Carrier 1695765,Shipper 1249,True,True,True,12/14/2017 8:00,12/14/2017 16:00,False,False,False,False,False,False,False,False,Jacksonville,FL ,Jacksonville,FL 
8232,206607113,12/14/2017 17:46,12/14/2017 17:46,12/15/2017 12:05,12/15/2017 13:00,12/16/2017 7:50,725.76,800.0,-74.24,172.1,DRV,,,False,0,Carrier 159867,Shipper 1375,True,True,True,12/15/2017 13:00,12/16/2017 12:00,False,False,False,False,False,False,False,False,Jacksonville,FL ,Jacksonville,FL 
8233,206469009,12/12/2017 16:57,12/12/2017 16:57,12/13/2017 12:44,12/14/2017 8:00,12/14/2017 15:25,725.76,700.0,25.76,172.1,DRV,,,False,0,Carrier 1695765,Shipper 1375,True,True,True,12/14/2017 8:00,12/14/2017 16:00,False,False,False,False,False,False,False,False,Jacksonville,FL ,Jacksonville,FL 
8234,206585337,12/12/2017 16:46,12/12/2017 16:46,12/13/2017 11:26,12/14/2017 15:00,12/15/2017 11:00,725.76,700.0,25.76,172.1,DRV,,,False,0,Carrier 613999,Shipper 1386,True,True,True,12/14/2017 15:00,12/15/2017 16:00,False,False,False,False,False,False,False,False,Jacksonville,FL ,Jacksonville,FL 
8235,206607113,12/14/2017 17:46,12/14/2017 17:46,12/15/2017 12:05,12/15/2017 13:00,12/16/2017 7:50,725.76,800.0,-74.24,172.1,DRV,,,False,0,Carrier 159867,Shipper 1386,True,True,True,12/15/2017 13:00,12/16/2017 12:00,False,False,False,False,False,False,False,False,Jacksonville,FL ,Jacksonville,FL 
8236,206585337,12/12/2017 16:46,12/12/2017 16:46,12/13/2017 11:26,12/14/2017 15:00,12/15/2017 11:00,725.76,700.0,25.76,172.1,DRV,,,False,0,Carrier 613999,Shipper 1248,True,True,True,12/14/2017 15:00,12/15/2017 16:00,False,False,False,False,False,False,False,False,Jacksonville,FL ,Jacksonville,FL 
8237,206469009,12/12/2017 16:57,12/12/2017 16:57,12/13/2017 12:44,12/14/2017 8:00,12/14/2017 15:25,725.76,700.0,25.76,172.1,DRV,,,False,0,Carrier 1695765,Shipper 1386,True,True,True,12/14/2017 8:00,12/14/2017 16:00,False,False,False,False,False,False,False,False,Jacksonville,FL ,Jacksonville,FL 
8238,206607113,12/14/2017 17:46,12/14/2017 17:46,12/15/2017 12:05,12/15/2017 13:00,12/16/2017 7:50,725.76,800.0,-74.24,172.1,DRV,,,False,0,Carrier 159867,Shipper 1248,True,True,True,12/15/2017 13:00,12/16/2017 12:00,False,False,False,False,False,False,False,False,Jacksonville,FL ,Jacksonville,FL 
8239,206585337,12/12/2017 16:46,12/12/2017 16:46,12/13/2017 11:26,12/14/2017 15:00,12/15/2017 11:00,725.76,700.0,25.76,172.1,DRV,,,False,0,Carrier 613999,Shipper 1387,True,True,True,12/14/2017 15:00,12/15/2017 16:00,False,False,False,False,False,False,False,False,Jacksonville,FL ,Jacksonville,FL 
8240,206469009,12/12/2017 16:57,12/12/2017 16:57,12/13/2017 12:44,12/14/2017 8:00,12/14/2017 15:25,725.76,700.0,25.76,172.1,DRV,,,False,0,Carrier 1695765,Shipper 1248,True,True,True,12/14/2017 8:00,12/14/2017 16:00,False,False,False,False,False,False,False,False,Jacksonville,FL ,Jacksonville,FL 
8241,206607113,12/14/2017 17:46,12/14/2017 17:46,12/15/2017 12:05,12/15/2017 13:00,12/16/2017 7:50,725.76,800.0,-74.24,172.1,DRV,,,False,0,Carrier 159867,Shipper 1387,True,True,True,12/15/2017 13:00,12/16/2017 12:00,False,False,False,False,False,False,False,False,Jacksonville,FL ,Jacksonville,FL 
8242,206469009,12/12/2017 16:57,12/12/2017 16:57,12/13/2017 12:44,12/14/2017 8:00,12/14/2017 15:25,725.76,700.0,25.76,172.1,DRV,,,False,0,Carrier 1695765,Shipper 1387,True,True,True,12/14/2017 8:00,12/14/2017 16:00,False,False,False,False,False,False,False,False,Jacksonville,FL ,Jacksonville,FL 
8243,206585337,12/12/2017 16:46,12/12/2017 16:46,12/13/2017 11:26,12/14/2017 15:00,12/15/2017 11:00,725.76,700.0,25.76,172.1,DRV,,,False,0,Carrier 613999,Shipper 1388,True,True,True,12/14/2017 15:00,12/15/2017 16:00,False,False,False,False,False,False,False,False,Jacksonville,FL ,Jacksonville,FL 
8244,206607113,12/14/2017 17:46,12/14/2017 17:46,12/15/2017 12:05,12/15/2017 13:00,12/16/2017 7:50,725.76,800.0,-74.24,172.1,DRV,,,False,0,Carrier 159867,Shipper 1388,True,True,True,12/15/2017 13:00,12/16/2017 12:00,False,False,False,False,False,False,False,False,Jacksonville,FL ,Jacksonville,FL 
8245,206469009,12/12/2017 16:57,12/12/2017 16:57,12/13/2017 12:44,12/14/2017 8:00,12/14/2017 15:25,725.76,700.0,25.76,172.1,DRV,,,False,0,Carrier 1695765,Shipper 1388,True,True,True,12/14/2017 8:00,12/14/2017 16:00,False,False,False,False,False,False,False,False,Jacksonville,FL ,Jacksonville,FL 
8246,206567321,12/13/2017 17:30,12/13/2017 17:30,12/13/2017 17:45,12/14/2017 7:00,12/15/2017 6:30,725.32,850.0,-124.68,133.8,DRV,,,False,0,Carrier 1695743,Shipper 1249,True,True,True,12/14/2017 7:00,12/15/2017 4:00,False,False,False,False,False,False,False,False,Jacksonville,FL ,Jacksonville,FL 
8247,206567321,12/13/2017 17:30,12/13/2017 17:30,12/13/2017 17:45,12/14/2017 7:00,12/15/2017 6:30,725.32,850.0,-124.68,133.8,DRV,,,False,0,Carrier 1695743,Shipper 1375,True,True,True,12/14/2017 7:00,12/15/2017 4:00,False,False,False,False,False,False,False,False,Jacksonville,FL ,Jacksonville,FL 
8248,206567321,12/13/2017 17:30,12/13/2017 17:30,12/13/2017 17:45,12/14/2017 7:00,12/15/2017 6:30,725.32,850.0,-124.68,133.8,DRV,,,False,0,Carrier 1695743,Shipper 1386,True,True,True,12/14/2017 7:00,12/15/2017 4:00,False,False,False,False,False,False,False,False,Jacksonville,FL ,Jacksonville,FL 
8249,206567321,12/13/2017 17:30,12/13/2017 17:30,12/13/2017 17:45,12/14/2017 7:00,12/15/2017 6:30,725.32,850.0,-124.68,133.8,DRV,,,False,0,Carrier 1695743,Shipper 1248,True,True,True,12/14/2017 7:00,12/15/2017 4:00,False,False,False,False,False,False,False,False,Jacksonville,FL ,Jacksonville,FL 
8250,206567321,12/13/2017 17:30,12/13/2017 17:30,12/13/2017 17:45,12/14/2017 7:00,12/15/2017 6:30,725.32,850.0,-124.68,133.8,DRV,,,False,0,Carrier 1695743,Shipper 1387,True,True,True,12/14/2017 7:00,12/15/2017 4:00,False,False,False,False,False,False,False,False,Jacksonville,FL ,Jacksonville,FL 
8251,206567321,12/13/2017 17:30,12/13/2017 17:30,12/13/2017 17:45,12/14/2017 7:00,12/15/2017 6:30,725.32,850.0,-124.68,133.8,DRV,,,False,0,Carrier 1695743,Shipper 1388,True,True,True,12/14/2017 7:00,12/15/2017 4:00,False,False,False,False,False,False,False,False,Jacksonville,FL ,Jacksonville,FL 
8252,206500481,10/10/2017 18:19,10/10/2017 18:19,10/11/2017 14:56,10/12/2017 8:00,10/13/2017 11:00,725.0,650.0,75.0,148.0,DRV,,,False,0,Carrier 1084218,Shipper 968,True,True,True,10/12/2017 12:00,10/13/2017 16:30,False,False,False,False,False,True,False,False,Lancaster,PA ,Lancaster,PA 
8253,206579857,12/27/2017 18:03,12/27/2017 18:03,12/28/2017 12:39,12/28/2017 12:00,12/29/2017 14:00,725.0,750.0,-25.0,82.9,RFR,,,False,0,Carrier 1247580,Shipper 758,True,True,True,12/28/2017 22:00,12/29/2017 14:00,False,False,False,False,False,False,False,False,Los Angeles,CA ,Los Angeles,CA 
8254,206622537,5/16/2017 9:20,5/16/2017 9:21,5/16/2017 11:51,5/16/2017 8:00,5/17/2017 10:44,725.0,750.0,-25.0,440.4,DRV,,,False,0,Carrier 1412944,Shipper 744,True,True,True,5/16/2017 15:45,5/17/2017 13:00,False,False,False,False,False,False,False,False,Conover,NC ,Conover,NC 
8255,206440329,7/31/2017 14:30,7/31/2017 14:30,8/1/2017 8:28,8/1/2017 8:00,8/2/2017 12:00,725.0,750.0,-25.0,319.3,DRV,,,False,0,Carrier 97236,Shipper 590,True,True,True,8/1/2017 15:00,8/2/2017 13:00,False,False,False,False,False,False,False,False,Bridgewater,NJ ,Bridgewater,NJ 
8256,206434585,6/2/2017 10:42,6/2/2017 10:42,6/12/2017 13:58,6/12/2017 13:00,6/13/2017 13:00,724.63,1150.0,-425.37,335.6,DRV,,,False,2,Carrier 1015820,Shipper 1249,True,True,True,6/12/2017 13:00,6/13/2017 9:00,False,False,False,False,False,False,False,False,Newark,NJ ,Newark,NJ 
8257,206434585,6/2/2017 10:42,6/2/2017 10:42,6/12/2017 13:58,6/12/2017 13:00,6/13/2017 13:00,724.63,1150.0,-425.37,335.6,DRV,,,False,2,Carrier 1015820,Shipper 1375,True,True,True,6/12/2017 13:00,6/13/2017 9:00,False,False,False,False,False,False,False,False,Newark,NJ ,Newark,NJ 
8258,206434585,6/2/2017 10:42,6/2/2017 10:42,6/12/2017 13:58,6/12/2017 13:00,6/13/2017 13:00,724.63,1150.0,-425.37,335.6,DRV,,,False,2,Carrier 1015820,Shipper 1386,True,True,True,6/12/2017 13:00,6/13/2017 9:00,False,False,False,False,False,False,False,False,Newark,NJ ,Newark,NJ 
8259,206434585,6/2/2017 10:42,6/2/2017 10:42,6/12/2017 13:58,6/12/2017 13:00,6/13/2017 13:00,724.63,1150.0,-425.37,335.6,DRV,,,False,2,Carrier 1015820,Shipper 1248,True,True,True,6/12/2017 13:00,6/13/2017 9:00,False,False,False,False,False,False,False,False,Newark,NJ ,Newark,NJ 
8260,206434585,6/2/2017 10:42,6/2/2017 10:42,6/12/2017 13:58,6/12/2017 13:00,6/13/2017 13:00,724.63,1150.0,-425.37,335.6,DRV,,,False,2,Carrier 1015820,Shipper 1387,True,True,True,6/12/2017 13:00,6/13/2017 9:00,False,False,False,False,False,False,False,False,Newark,NJ ,Newark,NJ 
8261,206434585,6/2/2017 10:42,6/2/2017 10:42,6/12/2017 13:58,6/12/2017 13:00,6/13/2017 13:00,724.63,1150.0,-425.37,335.6,DRV,,,False,2,Carrier 1015820,Shipper 1388,True,True,True,6/12/2017 13:00,6/13/2017 9:00,False,False,False,False,False,False,False,False,Newark,NJ ,Newark,NJ 
8262,206530281,10/24/2017 16:45,10/24/2017 16:45,10/25/2017 16:00,10/27/2017 6:00,10/30/2017 14:55,724.35,720.0,4.35,156.2,DRV,,,False,0,Carrier 1214406,Shipper 968,True,True,True,10/27/2017 15:00,10/30/2017 16:30,False,False,False,False,False,True,False,False,Columbia,PA ,Columbia,PA 
8263,206483249,7/7/2017 15:35,7/7/2017 15:35,7/10/2017 10:17,7/10/2017 9:00,7/11/2017 11:05,724.0,800.0,-76.0,134.2,DRV,,,False,0,Carrier 1006883,Shipper 705,True,True,True,7/10/2017 19:00,7/11/2017 12:00,False,False,False,False,False,False,False,False,Pennsauken Township,NJ ,Pennsauken Township,NJ 
8264,206645225,8/15/2017 9:54,8/15/2017 9:54,8/15/2017 14:07,8/21/2017 19:00,8/22/2017 12:55,723.63,750.0,-26.37,284.1,RFR,,,False,0,Carrier 1041647,Shipper 758,False,True,True,8/21/2017 19:00,8/22/2017 9:00,False,False,False,False,False,False,False,False,Kent,WA ,Kent,WA 
8265,206704345,5/1/2017 15:27,5/1/2017 15:27,5/8/2017 11:39,5/8/2017 18:00,5/9/2017 13:00,723.63,750.0,-26.37,284.1,RFR,4.0,,False,1,Carrier 1041647,Shipper 758,True,True,True,5/8/2017 18:00,5/9/2017 9:00,False,False,False,False,False,False,False,False,Kent,WA ,Kent,WA 
8266,206548041,4/3/2017 18:36,4/3/2017 18:36,4/5/2017 13:01,4/10/2017 17:00,4/11/2017 10:50,723.63,750.0,-26.37,284.1,RFR,4.0,,False,0,Carrier 1041647,Shipper 758,True,True,True,4/10/2017 17:00,4/11/2017 9:00,False,False,False,False,False,False,False,False,Kent,WA ,Kent,WA 
8267,206546689,4/25/2017 9:06,4/25/2017 9:06,4/26/2017 14:15,5/1/2017 19:00,5/2/2017 9:45,723.63,750.0,-26.37,284.1,RFR,3.0,,False,0,Carrier 1041647,Shipper 758,True,True,True,5/1/2017 19:00,5/2/2017 9:00,False,False,False,False,False,False,False,False,Kent,WA ,Kent,WA 
8268,206592729,4/18/2017 11:54,4/18/2017 11:54,4/20/2017 13:14,4/24/2017 19:00,4/25/2017 13:00,723.63,750.0,-26.37,284.1,RFR,4.0,,False,0,Carrier 1041647,Shipper 758,True,True,True,4/24/2017 19:00,4/25/2017 8:00,False,False,False,False,False,False,False,False,Kent,WA ,Kent,WA 
8269,206645177,4/12/2017 12:42,4/12/2017 12:42,4/14/2017 15:59,4/17/2017 17:00,4/18/2017 12:00,723.63,750.0,-26.37,284.1,DRV,4.0,,False,0,Carrier 1041647,Shipper 758,True,True,True,4/17/2017 17:00,4/18/2017 9:00,False,False,False,False,False,False,False,False,Kent,WA ,Kent,WA 
8270,206422681,3/7/2017 11:21,3/7/2017 11:21,3/13/2017 14:49,3/13/2017 18:00,3/14/2017 15:55,723.63,725.0,-1.37,284.1,RFR,,,False,1,Carrier 1020389,Shipper 758,True,True,True,3/13/2017 18:00,3/14/2017 12:00,False,False,False,False,False,False,False,False,Kent,WA ,Kent,WA 
8271,206474209,8/8/2017 11:15,8/8/2017 11:15,8/8/2017 14:57,8/14/2017 19:00,8/15/2017 12:20,723.63,750.0,-26.37,284.1,RFR,,,False,0,Carrier 998030,Shipper 758,True,True,True,8/14/2017 19:00,8/15/2017 9:00,False,False,False,False,False,False,False,False,Kent,WA ,Kent,WA 
8272,206567497,11/8/2017 17:31,11/8/2017 17:31,11/10/2017 13:12,11/15/2017 10:00,11/16/2017 3:00,723.06,475.0,248.06,20.0,DRV,,,False,0,Carrier 408796,Shipper 758,True,True,True,11/15/2017 18:30,11/15/2017 22:30,False,False,False,False,False,False,False,False,Stockton,CA ,Stockton,CA 
8273,206466425,11/8/2017 17:41,11/8/2017 17:41,11/10/2017 13:58,11/15/2017 10:00,11/16/2017 1:40,723.06,475.0,248.06,20.0,DRV,,,False,0,Carrier 408796,Shipper 758,True,True,True,11/15/2017 18:30,11/15/2017 23:30,False,False,False,False,False,False,False,False,Stockton,CA ,Stockton,CA 
8274,206754273,11/15/2017 15:25,11/15/2017 15:25,11/16/2017 11:33,11/21/2017 10:00,11/22/2017 0:45,723.06,495.0,228.06,20.0,DRV,,,False,0,Carrier 73340,Shipper 758,True,True,True,11/21/2017 18:00,11/21/2017 21:00,False,False,False,False,False,False,False,False,Stockton,CA ,Stockton,CA 
8275,206598609,11/15/2017 15:28,11/15/2017 15:29,11/16/2017 11:32,11/22/2017 10:00,11/22/2017 22:10,723.06,475.0,248.06,20.0,DRV,,,False,0,Carrier 73340,Shipper 758,True,True,True,11/22/2017 18:00,11/22/2017 23:00,False,False,False,False,False,False,False,False,Stockton,CA ,Stockton,CA 
8276,206501129,6/28/2017 16:10,6/28/2017 16:10,6/30/2017 13:25,7/5/2017 13:00,7/7/2017 7:25,723.0,750.0,-27.0,684.7,DRV,,,False,0,Carrier 49199,Shipper 1184,True,True,True,7/5/2017 13:00,7/7/2017 7:00,False,False,False,False,False,False,False,False,Miami,FL ,Miami,FL 
8277,206702089,6/15/2017 16:18,6/15/2017 16:19,6/16/2017 10:03,6/19/2017 19:00,6/20/2017 12:00,721.41,750.0,-28.59,284.1,RFR,,,False,0,Carrier 1041647,Shipper 758,True,True,True,6/19/2017 19:00,6/20/2017 9:00,False,False,False,False,False,False,False,False,Kent,WA ,Kent,WA 
8278,206688585,3/28/2017 13:45,3/28/2017 13:45,4/3/2017 9:51,4/3/2017 19:00,4/4/2017 15:00,721.41,750.0,-28.59,284.1,RFR,3.0,,False,0,Carrier 690828,Shipper 758,True,True,True,4/3/2017 19:00,4/4/2017 10:00,False,False,False,False,False,False,False,False,Kent,WA ,Kent,WA 
8279,206592761,5/31/2017 13:10,5/31/2017 13:10,6/1/2017 13:29,6/1/2017 19:00,6/2/2017 12:04,721.41,900.0,-178.59,284.1,RFR,,,False,0,Carrier 55909,Shipper 758,True,False,False,6/1/2017 19:00,6/2/2017 10:00,False,False,False,False,False,False,False,False,Kent,WA ,Kent,WA 
8280,206523929,7/25/2017 9:06,7/25/2017 9:06,7/31/2017 11:14,7/31/2017 19:00,8/1/2017 12:55,721.41,775.0,-53.59,284.1,RFR,,,False,0,Carrier 1041647,Shipper 758,True,True,True,7/31/2017 19:00,8/1/2017 9:00,False,False,False,False,False,False,False,False,Kent,WA ,Kent,WA 
8281,206534961,5/9/2017 8:48,5/9/2017 8:50,5/10/2017 15:57,5/15/2017 19:00,5/16/2017 13:25,721.41,750.0,-28.59,284.1,RFR,3.0,,False,0,Carrier 1041647,Shipper 758,True,True,True,5/15/2017 19:00,5/16/2017 10:00,False,False,False,False,False,False,False,False,Kent,WA ,Kent,WA 
8282,206512353,3/28/2017 13:42,3/28/2017 13:42,4/3/2017 13:50,4/4/2017 19:00,4/5/2017 13:15,721.41,750.0,-28.59,284.1,RFR,,,False,0,Carrier 1041647,Shipper 758,True,True,True,4/4/2017 19:00,4/5/2017 10:00,False,False,False,False,False,False,False,False,Kent,WA ,Kent,WA 
8283,206429681,3/22/2017 13:16,3/22/2017 13:16,3/27/2017 10:05,3/27/2017 19:00,3/28/2017 13:10,721.41,750.0,-28.59,284.1,RFR,4.0,,False,0,Carrier 690828,Shipper 758,True,True,True,3/27/2017 19:00,3/28/2017 11:00,False,False,False,False,False,False,False,False,Kent,WA ,Kent,WA 
8284,206740329,6/15/2017 16:22,6/15/2017 16:22,6/20/2017 14:54,6/21/2017 19:00,6/22/2017 11:40,721.41,725.0,-3.59,284.1,RFR,,,False,0,Carrier 33490,Shipper 758,True,True,True,6/21/2017 19:00,6/22/2017 10:00,False,False,False,False,False,False,False,False,Kent,WA ,Kent,WA 
8285,206775009,4/20/2017 9:02,4/20/2017 9:02,4/24/2017 12:46,4/24/2017 8:00,4/25/2017 9:00,721.0,800.0,-79.0,188.8,DRV,,,False,1,Carrier 690733,Shipper 590,True,True,True,4/24/2017 15:00,4/25/2017 15:30,False,False,False,False,False,False,False,False,Bridgewater,NJ ,Bridgewater,NJ 
8286,206464937,8/3/2017 12:07,8/3/2017 12:07,8/4/2017 12:14,8/7/2017 8:00,8/8/2017 9:00,719.68,800.0,-80.32,376.2,DRV,,,False,0,Carrier 332736,Shipper 968,True,True,True,8/7/2017 16:30,8/8/2017 14:00,False,False,False,False,False,False,False,False,Newark,NJ ,Newark,NJ 
8287,206648321,11/10/2017 11:07,11/10/2017 11:11,11/13/2017 9:38,11/15/2017 7:00,11/16/2017 10:45,719.15,720.0,-0.85,148.0,DRV,,,False,0,Carrier 1214406,Shipper 968,True,True,True,11/15/2017 15:30,11/16/2017 16:30,False,False,False,False,False,True,False,False,Lancaster,PA ,Lancaster,PA 
8288,206489353,7/3/2017 8:50,7/3/2017 8:50,7/5/2017 12:33,7/5/2017 19:00,7/6/2017 12:05,718.9,745.0,-26.1,284.1,RFR,,,False,0,Carrier 1087552,Shipper 758,True,True,True,7/5/2017 19:00,7/6/2017 10:00,False,False,False,False,False,False,False,False,Kent,WA ,Kent,WA 
8289,206428577,7/11/2017 10:55,7/11/2017 10:55,7/14/2017 11:27,7/17/2017 19:00,7/18/2017 12:45,718.9,750.0,-31.1,284.1,RFR,,,False,0,Carrier 1041647,Shipper 758,True,True,True,7/17/2017 19:00,7/18/2017 10:00,False,False,False,False,False,False,False,False,Kent,WA ,Kent,WA 
8290,206440681,10/24/2017 16:50,10/24/2017 16:50,10/26/2017 10:46,10/26/2017 11:00,10/27/2017 10:00,718.9,700.0,18.9,142.4,DRV,,,False,1,Carrier 994590,Shipper 1249,True,True,True,10/26/2017 14:00,10/27/2017 11:00,False,False,False,False,False,False,False,False,Cartersville,GA ,Cartersville,GA 
8291,206440681,10/24/2017 16:50,10/24/2017 16:50,10/26/2017 10:46,10/26/2017 11:00,10/27/2017 10:00,718.9,700.0,18.9,142.4,DRV,,,False,1,Carrier 994590,Shipper 1375,True,True,True,10/26/2017 14:00,10/27/2017 11:00,False,False,False,False,False,False,False,False,Cartersville,GA ,Cartersville,GA 
8292,206440681,10/24/2017 16:50,10/24/2017 16:50,10/26/2017 10:46,10/26/2017 11:00,10/27/2017 10:00,718.9,700.0,18.9,142.4,DRV,,,False,1,Carrier 994590,Shipper 1386,True,True,True,10/26/2017 14:00,10/27/2017 11:00,False,False,False,False,False,False,False,False,Cartersville,GA ,Cartersville,GA 
8293,206440681,10/24/2017 16:50,10/24/2017 16:50,10/26/2017 10:46,10/26/2017 11:00,10/27/2017 10:00,718.9,700.0,18.9,142.4,DRV,,,False,1,Carrier 994590,Shipper 1248,True,True,True,10/26/2017 14:00,10/27/2017 11:00,False,False,False,False,False,False,False,False,Cartersville,GA ,Cartersville,GA 
8294,206440681,10/24/2017 16:50,10/24/2017 16:50,10/26/2017 10:46,10/26/2017 11:00,10/27/2017 10:00,718.9,700.0,18.9,142.4,DRV,,,False,1,Carrier 994590,Shipper 1387,True,True,True,10/26/2017 14:00,10/27/2017 11:00,False,False,False,False,False,False,False,False,Cartersville,GA ,Cartersville,GA 
8295,206440681,10/24/2017 16:50,10/24/2017 16:50,10/26/2017 10:46,10/26/2017 11:00,10/27/2017 10:00,718.9,700.0,18.9,142.4,DRV,,,False,1,Carrier 994590,Shipper 1388,True,True,True,10/26/2017 14:00,10/27/2017 11:00,False,False,False,False,False,False,False,False,Cartersville,GA ,Cartersville,GA 
8296,206709129,11/8/2017 11:53,11/8/2017 11:53,11/13/2017 9:28,11/13/2017 22:30,11/14/2017 11:30,717.99,450.0,267.99,28.6,DRV,,,False,0,Carrier 73340,Shipper 758,False,True,True,11/13/2017 22:30,11/14/2017 8:00,False,False,False,False,False,False,False,False,Modesto,CA ,Modesto,CA 
8297,206433353,8/2/2017 10:33,8/2/2017 10:33,8/3/2017 14:58,8/7/2017 13:00,8/8/2017 15:30,717.52,600.0,117.52,637.0,DRV,,,False,0,Carrier 1054213,Shipper 841,True,False,False,8/7/2017 16:00,8/8/2017 11:00,False,False,False,False,False,False,False,False,Tampa,FL ,Tampa,FL 
8298,206564649,5/3/2017 16:38,5/3/2017 16:39,5/5/2017 14:33,5/5/2017 22:00,5/6/2017 9:40,717.45,900.0,-182.55,158.5,DRV,,,False,1,Carrier 507487,Shipper 1249,True,True,True,5/5/2017 22:00,5/6/2017 9:00,False,False,False,False,False,False,False,False,Cartersville,GA ,Cartersville,GA 
8299,206564649,5/3/2017 16:38,5/3/2017 16:39,5/5/2017 14:33,5/5/2017 22:00,5/6/2017 9:40,717.45,900.0,-182.55,158.5,DRV,,,False,1,Carrier 507487,Shipper 1375,True,True,True,5/5/2017 22:00,5/6/2017 9:00,False,False,False,False,False,False,False,False,Cartersville,GA ,Cartersville,GA 
8300,206564649,5/3/2017 16:38,5/3/2017 16:39,5/5/2017 14:33,5/5/2017 22:00,5/6/2017 9:40,717.45,900.0,-182.55,158.5,DRV,,,False,1,Carrier 507487,Shipper 1386,True,True,True,5/5/2017 22:00,5/6/2017 9:00,False,False,False,False,False,False,False,False,Cartersville,GA ,Cartersville,GA 
8301,206564649,5/3/2017 16:38,5/3/2017 16:39,5/5/2017 14:33,5/5/2017 22:00,5/6/2017 9:40,717.45,900.0,-182.55,158.5,DRV,,,False,1,Carrier 507487,Shipper 1248,True,True,True,5/5/2017 22:00,5/6/2017 9:00,False,False,False,False,False,False,False,False,Cartersville,GA ,Cartersville,GA 
8302,206564649,5/3/2017 16:38,5/3/2017 16:39,5/5/2017 14:33,5/5/2017 22:00,5/6/2017 9:40,717.45,900.0,-182.55,158.5,DRV,,,False,1,Carrier 507487,Shipper 1387,True,True,True,5/5/2017 22:00,5/6/2017 9:00,False,False,False,False,False,False,False,False,Cartersville,GA ,Cartersville,GA 
8303,206564649,5/3/2017 16:38,5/3/2017 16:39,5/5/2017 14:33,5/5/2017 22:00,5/6/2017 9:40,717.45,900.0,-182.55,158.5,DRV,,,False,1,Carrier 507487,Shipper 1388,True,True,True,5/5/2017 22:00,5/6/2017 9:00,False,False,False,False,False,False,False,False,Cartersville,GA ,Cartersville,GA 
8304,206605865,5/9/2017 16:25,5/9/2017 16:25,5/11/2017 8:32,5/11/2017 10:00,5/12/2017 13:45,717.31,800.0,-82.69,330.9,RFR,,,False,1,Carrier 1308877,Shipper 1249,True,True,True,5/11/2017 10:00,5/12/2017 17:00,False,False,False,False,False,False,False,False,Aurora,CO ,Aurora,CO 
8305,206605865,5/9/2017 16:25,5/9/2017 16:25,5/11/2017 8:32,5/11/2017 10:00,5/12/2017 13:45,717.31,800.0,-82.69,330.9,RFR,,,False,1,Carrier 1308877,Shipper 1375,True,True,True,5/11/2017 10:00,5/12/2017 17:00,False,False,False,False,False,False,False,False,Aurora,CO ,Aurora,CO 
8306,206605865,5/9/2017 16:25,5/9/2017 16:25,5/11/2017 8:32,5/11/2017 10:00,5/12/2017 13:45,717.31,800.0,-82.69,330.9,RFR,,,False,1,Carrier 1308877,Shipper 1386,True,True,True,5/11/2017 10:00,5/12/2017 17:00,False,False,False,False,False,False,False,False,Aurora,CO ,Aurora,CO 
8307,206605865,5/9/2017 16:25,5/9/2017 16:25,5/11/2017 8:32,5/11/2017 10:00,5/12/2017 13:45,717.31,800.0,-82.69,330.9,RFR,,,False,1,Carrier 1308877,Shipper 1248,True,True,True,5/11/2017 10:00,5/12/2017 17:00,False,False,False,False,False,False,False,False,Aurora,CO ,Aurora,CO 
8308,206605865,5/9/2017 16:25,5/9/2017 16:25,5/11/2017 8:32,5/11/2017 10:00,5/12/2017 13:45,717.31,800.0,-82.69,330.9,RFR,,,False,1,Carrier 1308877,Shipper 1387,True,True,True,5/11/2017 10:00,5/12/2017 17:00,False,False,False,False,False,False,False,False,Aurora,CO ,Aurora,CO 
8309,206605865,5/9/2017 16:25,5/9/2017 16:25,5/11/2017 8:32,5/11/2017 10:00,5/12/2017 13:45,717.31,800.0,-82.69,330.9,RFR,,,False,1,Carrier 1308877,Shipper 1388,True,True,True,5/11/2017 10:00,5/12/2017 17:00,False,False,False,False,False,False,False,False,Aurora,CO ,Aurora,CO 
8310,206537817,4/4/2017 12:45,4/4/2017 12:46,4/5/2017 14:09,4/5/2017 16:00,4/6/2017 12:00,717.0,800.0,-83.0,320.4,DRV,4.0,,False,1,Carrier 11147,Shipper 810,True,True,True,4/6/2017 16:00,4/6/2017 10:00,False,False,False,False,False,False,False,False,Edison,NJ ,Edison,NJ 
8311,206489481,4/4/2017 12:42,4/4/2017 12:42,4/5/2017 9:09,4/5/2017 14:00,4/6/2017 10:00,717.0,750.0,-33.0,320.4,DRV,3.0,,False,0,Carrier 332736,Shipper 810,True,True,True,4/5/2017 14:00,4/5/2017 23:55,False,False,False,False,False,False,False,False,Edison,NJ ,Edison,NJ 
8312,206460793,4/4/2017 12:45,4/4/2017 12:45,4/5/2017 10:12,4/5/2017 15:00,4/6/2017 9:30,717.0,750.0,-33.0,320.4,DRV,4.0,,False,0,Carrier 27246,Shipper 810,True,True,True,4/5/2017 15:00,4/6/2017 9:00,False,False,False,False,False,False,False,False,Edison,NJ ,Edison,NJ 
8313,206487209,12/19/2017 8:46,12/19/2017 8:46,12/21/2017 10:44,12/21/2017 14:00,12/22/2017 7:36,716.12,1200.0,-483.88,263.3,DRV,,,False,1,Carrier 1357758,Shipper 1249,True,True,True,12/21/2017 14:00,12/22/2017 11:00,False,False,False,False,False,False,False,False,Cartersville,GA ,Cartersville,GA 
8314,206487209,12/19/2017 8:46,12/19/2017 8:46,12/21/2017 10:44,12/21/2017 14:00,12/22/2017 7:36,716.12,1200.0,-483.88,263.3,DRV,,,False,1,Carrier 1357758,Shipper 1375,True,True,True,12/21/2017 14:00,12/22/2017 11:00,False,False,False,False,False,False,False,False,Cartersville,GA ,Cartersville,GA 
8315,206487209,12/19/2017 8:46,12/19/2017 8:46,12/21/2017 10:44,12/21/2017 14:00,12/22/2017 7:36,716.12,1200.0,-483.88,263.3,DRV,,,False,1,Carrier 1357758,Shipper 1386,True,True,True,12/21/2017 14:00,12/22/2017 11:00,False,False,False,False,False,False,False,False,Cartersville,GA ,Cartersville,GA 
8316,206487209,12/19/2017 8:46,12/19/2017 8:46,12/21/2017 10:44,12/21/2017 14:00,12/22/2017 7:36,716.12,1200.0,-483.88,263.3,DRV,,,False,1,Carrier 1357758,Shipper 1248,True,True,True,12/21/2017 14:00,12/22/2017 11:00,False,False,False,False,False,False,False,False,Cartersville,GA ,Cartersville,GA 
8317,206487209,12/19/2017 8:46,12/19/2017 8:46,12/21/2017 10:44,12/21/2017 14:00,12/22/2017 7:36,716.12,1200.0,-483.88,263.3,DRV,,,False,1,Carrier 1357758,Shipper 1387,True,True,True,12/21/2017 14:00,12/22/2017 11:00,False,False,False,False,False,False,False,False,Cartersville,GA ,Cartersville,GA 
8318,206487209,12/19/2017 8:46,12/19/2017 8:46,12/21/2017 10:44,12/21/2017 14:00,12/22/2017 7:36,716.12,1200.0,-483.88,263.3,DRV,,,False,1,Carrier 1357758,Shipper 1388,True,True,True,12/21/2017 14:00,12/22/2017 11:00,False,False,False,False,False,False,False,False,Cartersville,GA ,Cartersville,GA 
8319,206426785,11/17/2017 9:56,11/17/2017 9:56,11/20/2017 14:16,11/28/2017 17:00,11/29/2017 3:30,715.12,575.0,140.12,232.3,DRV,,,False,0,Carrier 1558859,Shipper 758,True,True,True,11/28/2017 17:00,11/29/2017 1:00,False,False,False,False,False,False,False,False,Taft,CA ,Taft,CA 
8320,206543929,12/1/2017 10:38,12/1/2017 10:38,12/7/2017 13:54,12/7/2017 10:00,12/8/2017 23:45,715.12,825.0,-109.88,232.3,DRV,,,False,0,Carrier 1532679,Shipper 758,True,True,True,12/7/2017 21:00,12/8/2017 22:30,False,False,False,False,False,False,False,False,Taft,CA ,Taft,CA 
8321,206607089,11/21/2017 10:10,11/21/2017 10:10,11/30/2017 12:07,11/30/2017 10:00,12/1/2017 1:30,715.12,1025.0,-309.88,232.3,DRV,,,False,1,Carrier 955586,Shipper 758,True,True,True,11/30/2017 15:00,12/1/2017 1:00,False,False,False,False,False,False,False,False,Taft,CA ,Taft,CA 
8322,206428913,2/21/2017 12:34,2/21/2017 12:34,2/27/2017 14:55,2/28/2017 7:00,3/1/2017 10:30,715.0,665.0,50.0,327.4,DRV,,,False,0,Carrier 1239696,Shipper 943,True,True,True,2/28/2017 16:00,3/1/2017 8:00,False,False,False,False,False,False,False,False,Clifton,NJ ,Clifton,NJ 
8323,206494425,3/27/2017 10:20,3/27/2017 10:20,3/27/2017 13:01,3/27/2017 9:00,3/28/2017 22:00,714.73,725.0,-10.27,197.9,DRV,,,False,0,Carrier 1401911,Shipper 1356,True,True,True,3/27/2017 15:30,3/28/2017 11:00,False,False,False,False,False,False,False,False,Pompano Beach,FL ,Pompano Beach,FL 
8324,206435745,6/15/2017 11:20,6/15/2017 11:20,6/20/2017 15:01,6/23/2017 10:00,6/24/2017 5:30,714.17,736.0,-21.83,234.1,DRV,,,False,0,Carrier 1558859,Shipper 758,True,True,True,6/23/2017 17:00,6/23/2017 23:30,False,False,False,False,False,False,False,False,Taft,CA ,Taft,CA 
8325,206550481,4/7/2017 13:33,4/7/2017 13:33,4/11/2017 12:28,4/12/2017 7:30,4/13/2017 20:00,714.08,700.0,14.08,637.0,DRV,,,False,1,Carrier 1472021,Shipper 841,True,True,True,4/12/2017 15:00,4/14/2017 8:30,False,False,False,False,False,False,False,False,Tampa,FL ,Tampa,FL 
8326,206641505,6/12/2017 10:02,6/12/2017 10:02,6/12/2017 16:03,6/16/2017 12:00,6/17/2017 3:00,713.84,752.33,-38.49,234.1,DRV,,,False,0,Carrier 1558859,Shipper 758,True,True,True,6/16/2017 17:00,6/16/2017 23:30,False,False,False,False,False,False,False,False,Taft,CA ,Taft,CA 
8327,206589073,12/22/2017 16:46,12/22/2017 16:46,12/26/2017 13:07,12/28/2017 10:00,12/30/2017 2:00,713.23,575.0,138.23,232.3,DRV,,,False,0,Carrier 1558859,Shipper 758,True,True,True,12/28/2017 21:00,12/29/2017 23:00,False,False,False,False,False,False,False,False,Taft,CA ,Taft,CA 
8328,206734145,11/10/2017 14:16,11/10/2017 14:16,11/14/2017 10:38,11/14/2017 10:00,11/15/2017 3:25,713.23,858.33,-145.1,232.3,DRV,,,False,0,Carrier 1014395,Shipper 758,True,True,True,11/14/2017 16:00,11/14/2017 22:30,False,False,False,False,False,False,False,False,Taft,CA ,Taft,CA 
8329,206524033,12/27/2017 9:12,12/27/2017 9:12,1/8/2018 13:40,1/8/2018 18:30,1/9/2018 20:00,712.94,1100.0,-387.06,284.1,DRV,,carrier_capacity,False,0,Carrier 644327,Shipper 758,True,True,True,1/8/2018 18:30,1/9/2018 19:45,False,False,False,False,False,False,False,False,Kent,WA ,Kent,WA 
8330,206708889,12/27/2017 9:09,12/27/2017 9:09,1/8/2018 10:11,1/8/2018 13:30,1/8/2018 23:38,712.94,1100.0,-387.06,284.1,DRV,,,False,1,Carrier 968757,Shipper 758,True,True,True,1/8/2018 13:30,1/8/2018 23:00,False,False,False,False,False,False,False,False,Kent,WA ,Kent,WA 
8331,206481913,12/27/2017 9:13,12/27/2017 9:13,1/5/2018 12:30,1/5/2018 16:30,1/5/2018 23:45,712.94,1800.0,-1087.06,284.1,DRV,,dat_in,False,1,Carrier 36348,Shipper 758,True,True,True,1/5/2018 16:30,1/6/2018 1:00,False,False,False,False,False,False,False,False,Kent,WA ,Kent,WA 
8332,206438537,11/9/2017 11:44,11/9/2017 11:44,11/14/2017 14:48,11/14/2017 14:30,11/16/2017 12:00,712.94,2800.0,-2087.06,284.1,DRV,,,False,0,Carrier 24079,Shipper 758,False,True,True,11/14/2017 14:30,11/16/2017 17:00,False,False,False,False,False,False,False,False,Kent,WA ,Kent,WA 
8333,206490321,11/10/2017 17:43,11/10/2017 17:43,11/21/2017 11:49,11/21/2017 18:30,11/22/2017 19:30,712.94,1100.0,-387.06,284.1,DRV,,,False,0,Carrier 1695689,Shipper 758,True,True,True,11/21/2017 18:30,11/22/2017 17:30,False,False,False,False,False,False,False,False,Kent,WA ,Kent,WA 
8334,206559937,7/24/2017 14:17,7/24/2017 14:17,7/31/2017 17:02,7/31/2017 17:00,8/1/2017 15:00,712.37,750.0,-37.63,173.3,DRV,,,False,0,Carrier 1325031,Shipper 1249,True,True,True,7/31/2017 20:00,8/1/2017 13:00,False,False,False,False,False,False,False,False,Fort Collins,CO ,Fort Collins,CO 
8335,206559937,7/24/2017 14:17,7/24/2017 14:17,7/31/2017 17:02,7/31/2017 17:00,8/1/2017 15:00,712.37,750.0,-37.63,173.3,DRV,,,False,0,Carrier 1325031,Shipper 1375,True,True,True,7/31/2017 20:00,8/1/2017 13:00,False,False,False,False,False,False,False,False,Fort Collins,CO ,Fort Collins,CO 
8336,206559937,7/24/2017 14:17,7/24/2017 14:17,7/31/2017 17:02,7/31/2017 17:00,8/1/2017 15:00,712.37,750.0,-37.63,173.3,DRV,,,False,0,Carrier 1325031,Shipper 1386,True,True,True,7/31/2017 20:00,8/1/2017 13:00,False,False,False,False,False,False,False,False,Fort Collins,CO ,Fort Collins,CO 
8337,206559937,7/24/2017 14:17,7/24/2017 14:17,7/31/2017 17:02,7/31/2017 17:00,8/1/2017 15:00,712.37,750.0,-37.63,173.3,DRV,,,False,0,Carrier 1325031,Shipper 1248,True,True,True,7/31/2017 20:00,8/1/2017 13:00,False,False,False,False,False,False,False,False,Fort Collins,CO ,Fort Collins,CO 
8338,206559937,7/24/2017 14:17,7/24/2017 14:17,7/31/2017 17:02,7/31/2017 17:00,8/1/2017 15:00,712.37,750.0,-37.63,173.3,DRV,,,False,0,Carrier 1325031,Shipper 1387,True,True,True,7/31/2017 20:00,8/1/2017 13:00,False,False,False,False,False,False,False,False,Fort Collins,CO ,Fort Collins,CO 
8339,206559937,7/24/2017 14:17,7/24/2017 14:17,7/31/2017 17:02,7/31/2017 17:00,8/1/2017 15:00,712.37,750.0,-37.63,173.3,DRV,,,False,0,Carrier 1325031,Shipper 1388,True,True,True,7/31/2017 20:00,8/1/2017 13:00,False,False,False,False,False,False,False,False,Fort Collins,CO ,Fort Collins,CO 
8340,206740377,12/14/2017 16:29,12/14/2017 16:30,12/15/2017 7:52,12/17/2017 15:00,12/18/2017 14:00,711.08,700.0,11.08,458.6,DRV,,,False,0,Carrier 1693483,Shipper 1249,True,True,True,12/17/2017 15:00,12/18/2017 14:00,False,False,False,False,False,False,False,False,Jacksonville,FL ,Jacksonville,FL 
8341,206740377,12/14/2017 16:29,12/14/2017 16:30,12/15/2017 7:52,12/17/2017 15:00,12/18/2017 14:00,711.08,700.0,11.08,458.6,DRV,,,False,0,Carrier 1693483,Shipper 1375,True,True,True,12/17/2017 15:00,12/18/2017 14:00,False,False,False,False,False,False,False,False,Jacksonville,FL ,Jacksonville,FL 
8342,206740377,12/14/2017 16:29,12/14/2017 16:30,12/15/2017 7:52,12/17/2017 15:00,12/18/2017 14:00,711.08,700.0,11.08,458.6,DRV,,,False,0,Carrier 1693483,Shipper 1386,True,True,True,12/17/2017 15:00,12/18/2017 14:00,False,False,False,False,False,False,False,False,Jacksonville,FL ,Jacksonville,FL 
8343,206740377,12/14/2017 16:29,12/14/2017 16:30,12/15/2017 7:52,12/17/2017 15:00,12/18/2017 14:00,711.08,700.0,11.08,458.6,DRV,,,False,0,Carrier 1693483,Shipper 1248,True,True,True,12/17/2017 15:00,12/18/2017 14:00,False,False,False,False,False,False,False,False,Jacksonville,FL ,Jacksonville,FL 
8344,206740377,12/14/2017 16:29,12/14/2017 16:30,12/15/2017 7:52,12/17/2017 15:00,12/18/2017 14:00,711.08,700.0,11.08,458.6,DRV,,,False,0,Carrier 1693483,Shipper 1387,True,True,True,12/17/2017 15:00,12/18/2017 14:00,False,False,False,False,False,False,False,False,Jacksonville,FL ,Jacksonville,FL 
8345,206740377,12/14/2017 16:29,12/14/2017 16:30,12/15/2017 7:52,12/17/2017 15:00,12/18/2017 14:00,711.08,700.0,11.08,458.6,DRV,,,False,0,Carrier 1693483,Shipper 1388,True,True,True,12/17/2017 15:00,12/18/2017 14:00,False,False,False,False,False,False,False,False,Jacksonville,FL ,Jacksonville,FL 
8346,206589809,10/25/2017 8:30,10/25/2017 8:30,11/6/2017 9:29,11/6/2017 10:00,11/7/2017 19:35,710.68,900.0,-189.32,284.1,DRV,,,False,0,Carrier 644327,Shipper 758,True,True,True,11/6/2017 21:00,11/7/2017 17:00,False,False,False,False,False,False,False,False,Kent,WA ,Kent,WA 
8347,206485025,9/12/2017 10:25,9/12/2017 10:34,9/18/2017 7:53,9/18/2017 9:00,9/19/2017 9:20,710.68,700.0,10.68,135.7,DRV,,,False,1,Carrier 797109,Shipper 1078,True,True,True,9/18/2017 11:00,9/19/2017 7:00,False,False,False,False,False,False,False,False,Hackettstown,NJ ,Hackettstown,NJ 
8348,206421889,6/9/2017 9:55,6/9/2017 9:55,6/9/2017 15:41,6/13/2017 14:00,6/14/2017 8:00,710.35,700.0,10.35,244.9,DRV,,,False,0,Carrier 1200987,Shipper 765,True,True,True,6/13/2017 14:00,6/14/2017 14:30,False,False,False,False,False,False,False,False,Franklin,IN ,Franklin,IN 
8349,206421889,6/9/2017 9:55,6/9/2017 9:55,6/9/2017 15:41,6/13/2017 14:00,6/14/2017 8:00,710.35,700.0,10.35,244.9,DRV,,,False,0,Carrier 1200987,Shipper 764,True,True,True,6/13/2017 14:00,6/14/2017 14:30,False,False,False,False,False,False,False,False,Franklin,IN ,Franklin,IN 
8350,206440897,5/30/2017 11:54,5/30/2017 11:54,6/2/2017 16:23,6/3/2017 17:00,6/5/2017 11:30,710.16,1000.0,-289.84,349.9,DRV,,,False,0,Carrier 1567920,Shipper 1249,True,True,True,6/3/2017 17:00,6/5/2017 9:00,False,False,False,False,False,False,False,False,Fort Collins,CO ,Fort Collins,CO 
8351,206440897,5/30/2017 11:54,5/30/2017 11:54,6/2/2017 16:23,6/3/2017 17:00,6/5/2017 11:30,710.16,1000.0,-289.84,349.9,DRV,,,False,0,Carrier 1567920,Shipper 1375,True,True,True,6/3/2017 17:00,6/5/2017 9:00,False,False,False,False,False,False,False,False,Fort Collins,CO ,Fort Collins,CO 
8352,206440897,5/30/2017 11:54,5/30/2017 11:54,6/2/2017 16:23,6/3/2017 17:00,6/5/2017 11:30,710.16,1000.0,-289.84,349.9,DRV,,,False,0,Carrier 1567920,Shipper 1386,True,True,True,6/3/2017 17:00,6/5/2017 9:00,False,False,False,False,False,False,False,False,Fort Collins,CO ,Fort Collins,CO 
8353,206440897,5/30/2017 11:54,5/30/2017 11:54,6/2/2017 16:23,6/3/2017 17:00,6/5/2017 11:30,710.16,1000.0,-289.84,349.9,DRV,,,False,0,Carrier 1567920,Shipper 1248,True,True,True,6/3/2017 17:00,6/5/2017 9:00,False,False,False,False,False,False,False,False,Fort Collins,CO ,Fort Collins,CO 
8354,206440897,5/30/2017 11:54,5/30/2017 11:54,6/2/2017 16:23,6/3/2017 17:00,6/5/2017 11:30,710.16,1000.0,-289.84,349.9,DRV,,,False,0,Carrier 1567920,Shipper 1387,True,True,True,6/3/2017 17:00,6/5/2017 9:00,False,False,False,False,False,False,False,False,Fort Collins,CO ,Fort Collins,CO 
8355,206440897,5/30/2017 11:54,5/30/2017 11:54,6/2/2017 16:23,6/3/2017 17:00,6/5/2017 11:30,710.16,1000.0,-289.84,349.9,DRV,,,False,0,Carrier 1567920,Shipper 1388,True,True,True,6/3/2017 17:00,6/5/2017 9:00,False,False,False,False,False,False,False,False,Fort Collins,CO ,Fort Collins,CO 
8356,206643609,8/18/2017 14:12,8/18/2017 14:12,8/21/2017 11:10,8/25/2017 10:00,8/26/2017 4:00,710.06,723.0,-12.94,232.3,DRV,,,False,0,Carrier 1558859,Shipper 758,True,True,True,8/25/2017 17:00,8/26/2017 1:30,False,False,False,False,False,False,False,False,Taft,CA ,Taft,CA 
8357,206640857,11/8/2017 14:16,11/8/2017 14:16,11/14/2017 11:38,11/14/2017 20:30,11/15/2017 5:25,709.93,550.0,159.93,20.0,DRV,,,False,1,Carrier 1558859,Shipper 758,True,True,True,11/14/2017 20:30,11/15/2017 1:30,False,False,False,False,False,False,False,False,Stockton,CA ,Stockton,CA 
8358,206425465,7/11/2017 15:05,7/11/2017 15:05,7/19/2017 8:42,7/19/2017 12:00,7/19/2017 22:00,709.18,1000.0,-290.82,284.1,DRV,,,False,1,Carrier 1215458,Shipper 758,True,True,True,7/19/2017 12:00,7/19/2017 20:00,False,False,False,False,False,False,False,False,Kent,WA ,Kent,WA 
8359,206554585,9/18/2017 16:09,9/18/2017 16:09,9/28/2017 8:31,10/1/2017 17:00,10/2/2017 9:30,708.69,700.0,8.69,130.8,DRV,,,False,0,Carrier 611154,Shipper 758,True,True,True,10/1/2017 17:00,10/2/2017 1:30,False,False,False,False,False,False,False,False,Hawkins,TX ,Hawkins,TX 
8360,206586665,4/26/2017 17:26,4/26/2017 17:26,5/2/2017 17:50,5/2/2017 23:00,5/3/2017 11:00,707.88,800.0,-92.12,209.4,RFR,3.0,,False,1,Carrier 1695244,Shipper 1249,True,True,True,5/2/2017 23:00,5/3/2017 10:00,False,False,False,False,False,False,False,False,Colonial Heights,VA ,Colonial Heights,VA 
8361,206586665,4/26/2017 17:26,4/26/2017 17:26,5/2/2017 17:50,5/2/2017 23:00,5/3/2017 11:00,707.88,800.0,-92.12,209.4,RFR,3.0,,False,1,Carrier 1695244,Shipper 1375,True,True,True,5/2/2017 23:00,5/3/2017 10:00,False,False,False,False,False,False,False,False,Colonial Heights,VA ,Colonial Heights,VA 
8362,206586665,4/26/2017 17:26,4/26/2017 17:26,5/2/2017 17:50,5/2/2017 23:00,5/3/2017 11:00,707.88,800.0,-92.12,209.4,RFR,3.0,,False,1,Carrier 1695244,Shipper 1386,True,True,True,5/2/2017 23:00,5/3/2017 10:00,False,False,False,False,False,False,False,False,Colonial Heights,VA ,Colonial Heights,VA 
8363,206586665,4/26/2017 17:26,4/26/2017 17:26,5/2/2017 17:50,5/2/2017 23:00,5/3/2017 11:00,707.88,800.0,-92.12,209.4,RFR,3.0,,False,1,Carrier 1695244,Shipper 1248,True,True,True,5/2/2017 23:00,5/3/2017 10:00,False,False,False,False,False,False,False,False,Colonial Heights,VA ,Colonial Heights,VA 
8364,206586665,4/26/2017 17:26,4/26/2017 17:26,5/2/2017 17:50,5/2/2017 23:00,5/3/2017 11:00,707.88,800.0,-92.12,209.4,RFR,3.0,,False,1,Carrier 1695244,Shipper 1387,True,True,True,5/2/2017 23:00,5/3/2017 10:00,False,False,False,False,False,False,False,False,Colonial Heights,VA ,Colonial Heights,VA 
8365,206586665,4/26/2017 17:26,4/26/2017 17:26,5/2/2017 17:50,5/2/2017 23:00,5/3/2017 11:00,707.88,800.0,-92.12,209.4,RFR,3.0,,False,1,Carrier 1695244,Shipper 1388,True,True,True,5/2/2017 23:00,5/3/2017 10:00,False,False,False,False,False,False,False,False,Colonial Heights,VA ,Colonial Heights,VA 
8366,206503737,11/13/2017 17:15,11/13/2017 17:15,11/14/2017 16:26,11/15/2017 17:00,11/16/2017 1:30,707.22,450.0,257.22,130.8,DRV,,,False,0,Carrier 1695364,Shipper 758,True,True,True,11/15/2017 17:00,11/16/2017 1:30,False,False,False,False,False,False,False,False,Hawkins,TX ,Hawkins,TX 
8367,206727697,3/31/2017 16:37,3/31/2017 16:37,4/4/2017 12:51,4/4/2017 23:00,4/5/2017 10:00,704.88,700.0,4.88,172.8,DRV,4.0,,False,0,Carrier 1694888,Shipper 1249,True,True,True,4/4/2017 23:00,4/5/2017 12:00,False,False,False,False,False,False,False,False,Colonial Heights,VA ,Colonial Heights,VA 
8368,206727697,3/31/2017 16:37,3/31/2017 16:37,4/4/2017 12:51,4/4/2017 23:00,4/5/2017 10:00,704.88,700.0,4.88,172.8,DRV,4.0,,False,0,Carrier 1694888,Shipper 1375,True,True,True,4/4/2017 23:00,4/5/2017 12:00,False,False,False,False,False,False,False,False,Colonial Heights,VA ,Colonial Heights,VA 
8369,206727697,3/31/2017 16:37,3/31/2017 16:37,4/4/2017 12:51,4/4/2017 23:00,4/5/2017 10:00,704.88,700.0,4.88,172.8,DRV,4.0,,False,0,Carrier 1694888,Shipper 1386,True,True,True,4/4/2017 23:00,4/5/2017 12:00,False,False,False,False,False,False,False,False,Colonial Heights,VA ,Colonial Heights,VA 
8370,206727697,3/31/2017 16:37,3/31/2017 16:37,4/4/2017 12:51,4/4/2017 23:00,4/5/2017 10:00,704.88,700.0,4.88,172.8,DRV,4.0,,False,0,Carrier 1694888,Shipper 1248,True,True,True,4/4/2017 23:00,4/5/2017 12:00,False,False,False,False,False,False,False,False,Colonial Heights,VA ,Colonial Heights,VA 
8371,206727697,3/31/2017 16:37,3/31/2017 16:37,4/4/2017 12:51,4/4/2017 23:00,4/5/2017 10:00,704.88,700.0,4.88,172.8,DRV,4.0,,False,0,Carrier 1694888,Shipper 1387,True,True,True,4/4/2017 23:00,4/5/2017 12:00,False,False,False,False,False,False,False,False,Colonial Heights,VA ,Colonial Heights,VA 
8372,206727697,3/31/2017 16:37,3/31/2017 16:37,4/4/2017 12:51,4/4/2017 23:00,4/5/2017 10:00,704.88,700.0,4.88,172.8,DRV,4.0,,False,0,Carrier 1694888,Shipper 1388,True,True,True,4/4/2017 23:00,4/5/2017 12:00,False,False,False,False,False,False,False,False,Colonial Heights,VA ,Colonial Heights,VA 
8373,206515889,12/18/2017 17:24,12/18/2017 17:24,12/19/2017 8:47,12/19/2017 12:00,12/20/2017 11:40,704.48,725.0,-20.52,202.3,DRV,,,False,0,Carrier 1070138,Shipper 1249,True,True,True,12/19/2017 12:00,12/20/2017 14:30,False,False,False,False,False,False,False,False,Cartersville,GA ,Cartersville,GA 
8374,206515889,12/18/2017 17:24,12/18/2017 17:24,12/19/2017 8:47,12/19/2017 12:00,12/20/2017 11:40,704.48,725.0,-20.52,202.3,DRV,,,False,0,Carrier 1070138,Shipper 1375,True,True,True,12/19/2017 12:00,12/20/2017 14:30,False,False,False,False,False,False,False,False,Cartersville,GA ,Cartersville,GA 
8375,206515889,12/18/2017 17:24,12/18/2017 17:24,12/19/2017 8:47,12/19/2017 12:00,12/20/2017 11:40,704.48,725.0,-20.52,202.3,DRV,,,False,0,Carrier 1070138,Shipper 1386,True,True,True,12/19/2017 12:00,12/20/2017 14:30,False,False,False,False,False,False,False,False,Cartersville,GA ,Cartersville,GA 
8376,206515889,12/18/2017 17:24,12/18/2017 17:24,12/19/2017 8:47,12/19/2017 12:00,12/20/2017 11:40,704.48,725.0,-20.52,202.3,DRV,,,False,0,Carrier 1070138,Shipper 1248,True,True,True,12/19/2017 12:00,12/20/2017 14:30,False,False,False,False,False,False,False,False,Cartersville,GA ,Cartersville,GA 
8377,206515889,12/18/2017 17:24,12/18/2017 17:24,12/19/2017 8:47,12/19/2017 12:00,12/20/2017 11:40,704.48,725.0,-20.52,202.3,DRV,,,False,0,Carrier 1070138,Shipper 1387,True,True,True,12/19/2017 12:00,12/20/2017 14:30,False,False,False,False,False,False,False,False,Cartersville,GA ,Cartersville,GA 
8378,206515889,12/18/2017 17:24,12/18/2017 17:24,12/19/2017 8:47,12/19/2017 12:00,12/20/2017 11:40,704.48,725.0,-20.52,202.3,DRV,,,False,0,Carrier 1070138,Shipper 1388,True,True,True,12/19/2017 12:00,12/20/2017 14:30,False,False,False,False,False,False,False,False,Cartersville,GA ,Cartersville,GA 
8379,206438297,3/2/2017 14:57,3/2/2017 14:57,3/6/2017 12:36,3/8/2017 19:00,3/9/2017 10:30,704.27,600.0,104.27,130.8,DRV,3.0,,False,0,Carrier 611154,Shipper 758,True,True,True,3/8/2017 19:00,3/9/2017 8:00,False,False,False,False,False,False,False,False,Hawkins,TX ,Hawkins,TX 
8380,206424537,3/31/2017 10:27,3/31/2017 11:10,4/3/2017 10:09,4/3/2017 8:00,4/4/2017 14:55,704.26,650.0,54.26,283.1,DRV,4.0,,False,0,Carrier 90912,Shipper 901,True,True,True,4/3/2017 16:00,4/4/2017 16:00,False,False,False,False,False,False,False,False,Chicago,IL ,Chicago,IL 
8381,206689849,8/22/2017 16:45,8/22/2017 16:45,8/24/2017 8:48,8/24/2017 7:00,8/25/2017 9:13,703.89,650.0,53.89,82.3,DRV,,,False,0,Carrier 4094,Shipper 1249,True,True,True,8/24/2017 12:00,8/25/2017 14:00,False,False,False,False,False,False,False,False,Baldwinsville,NY ,Baldwinsville,NY 
8382,206486801,8/22/2017 16:48,8/22/2017 16:48,8/24/2017 9:30,8/25/2017 7:00,8/25/2017 10:35,703.89,650.0,53.89,82.3,DRV,,,False,0,Carrier 88698,Shipper 1249,True,True,True,8/25/2017 9:00,8/25/2017 14:00,False,False,False,False,False,False,False,False,Baldwinsville,NY ,Baldwinsville,NY 
8383,206689849,8/22/2017 16:45,8/22/2017 16:45,8/24/2017 8:48,8/24/2017 7:00,8/25/2017 9:13,703.89,650.0,53.89,82.3,DRV,,,False,0,Carrier 4094,Shipper 1375,True,True,True,8/24/2017 12:00,8/25/2017 14:00,False,False,False,False,False,False,False,False,Baldwinsville,NY ,Baldwinsville,NY 
8384,206486801,8/22/2017 16:48,8/22/2017 16:48,8/24/2017 9:30,8/25/2017 7:00,8/25/2017 10:35,703.89,650.0,53.89,82.3,DRV,,,False,0,Carrier 88698,Shipper 1375,True,True,True,8/25/2017 9:00,8/25/2017 14:00,False,False,False,False,False,False,False,False,Baldwinsville,NY ,Baldwinsville,NY 
8385,206689849,8/22/2017 16:45,8/22/2017 16:45,8/24/2017 8:48,8/24/2017 7:00,8/25/2017 9:13,703.89,650.0,53.89,82.3,DRV,,,False,0,Carrier 4094,Shipper 1386,True,True,True,8/24/2017 12:00,8/25/2017 14:00,False,False,False,False,False,False,False,False,Baldwinsville,NY ,Baldwinsville,NY 
8386,206486801,8/22/2017 16:48,8/22/2017 16:48,8/24/2017 9:30,8/25/2017 7:00,8/25/2017 10:35,703.89,650.0,53.89,82.3,DRV,,,False,0,Carrier 88698,Shipper 1386,True,True,True,8/25/2017 9:00,8/25/2017 14:00,False,False,False,False,False,False,False,False,Baldwinsville,NY ,Baldwinsville,NY 
8387,206689849,8/22/2017 16:45,8/22/2017 16:45,8/24/2017 8:48,8/24/2017 7:00,8/25/2017 9:13,703.89,650.0,53.89,82.3,DRV,,,False,0,Carrier 4094,Shipper 1248,True,True,True,8/24/2017 12:00,8/25/2017 14:00,False,False,False,False,False,False,False,False,Baldwinsville,NY ,Baldwinsville,NY 
8388,206486801,8/22/2017 16:48,8/22/2017 16:48,8/24/2017 9:30,8/25/2017 7:00,8/25/2017 10:35,703.89,650.0,53.89,82.3,DRV,,,False,0,Carrier 88698,Shipper 1248,True,True,True,8/25/2017 9:00,8/25/2017 14:00,False,False,False,False,False,False,False,False,Baldwinsville,NY ,Baldwinsville,NY 
8389,206689849,8/22/2017 16:45,8/22/2017 16:45,8/24/2017 8:48,8/24/2017 7:00,8/25/2017 9:13,703.89,650.0,53.89,82.3,DRV,,,False,0,Carrier 4094,Shipper 1387,True,True,True,8/24/2017 12:00,8/25/2017 14:00,False,False,False,False,False,False,False,False,Baldwinsville,NY ,Baldwinsville,NY 
8390,206486801,8/22/2017 16:48,8/22/2017 16:48,8/24/2017 9:30,8/25/2017 7:00,8/25/2017 10:35,703.89,650.0,53.89,82.3,DRV,,,False,0,Carrier 88698,Shipper 1387,True,True,True,8/25/2017 9:00,8/25/2017 14:00,False,False,False,False,False,False,False,False,Baldwinsville,NY ,Baldwinsville,NY 
8391,206689849,8/22/2017 16:45,8/22/2017 16:45,8/24/2017 8:48,8/24/2017 7:00,8/25/2017 9:13,703.89,650.0,53.89,82.3,DRV,,,False,0,Carrier 4094,Shipper 1388,True,True,True,8/24/2017 12:00,8/25/2017 14:00,False,False,False,False,False,False,False,False,Baldwinsville,NY ,Baldwinsville,NY 
8392,206486801,8/22/2017 16:48,8/22/2017 16:48,8/24/2017 9:30,8/25/2017 7:00,8/25/2017 10:35,703.89,650.0,53.89,82.3,DRV,,,False,0,Carrier 88698,Shipper 1388,True,True,True,8/25/2017 9:00,8/25/2017 14:00,False,False,False,False,False,False,False,False,Baldwinsville,NY ,Baldwinsville,NY 
8393,206426913,6/6/2017 10:34,6/6/2017 10:34,6/7/2017 17:42,6/8/2017 9:00,6/9/2017 10:30,703.32,650.0,53.32,207.0,DRV,,,False,0,Carrier 1419154,Shipper 971,True,True,True,6/8/2017 16:30,6/9/2017 12:00,False,False,False,False,False,False,False,False,Morris,IL ,Morris,IL 
8394,206473465,10/4/2017 13:45,10/4/2017 13:45,10/5/2017 11:04,10/11/2017 10:00,10/12/2017 0:00,703.08,575.0,128.08,232.3,DRV,,,False,0,Carrier 1558859,Shipper 758,False,True,True,10/11/2017 13:00,10/11/2017 22:30,False,False,False,False,False,False,False,False,Taft,CA ,Taft,CA 
8395,206555449,7/17/2017 12:50,7/17/2017 12:50,7/19/2017 15:06,7/19/2017 15:30,7/20/2017 11:15,701.23,600.0,101.23,239.8,DRV,,,False,1,Carrier 14295,Shipper 758,False,True,True,7/19/2017 15:30,7/20/2017 8:30,False,False,False,False,False,False,False,False,Dallas,TX ,Dallas,TX 
8396,206473009,9/5/2017 9:03,9/5/2017 9:03,9/28/2017 11:02,9/29/2017 11:00,9/30/2017 0:00,701.1,950.0,-248.9,284.1,DRV,,,False,0,Carrier 644327,Shipper 758,True,True,True,9/29/2017 11:00,9/29/2017 21:30,False,False,False,False,False,False,False,False,Kent,WA ,Kent,WA 
8397,206620473,9/21/2017 16:44,9/21/2017 16:44,10/3/2017 17:09,10/4/2017 10:00,10/5/2017 18:20,701.1,750.0,-48.9,284.1,DRV,,,False,2,Carrier 31074,Shipper 758,True,True,True,10/4/2017 21:00,10/5/2017 19:00,False,False,False,False,False,False,False,False,Kent,WA ,Kent,WA 
8398,206461393,9/1/2017 8:55,9/1/2017 8:56,10/5/2017 13:50,10/10/2017 18:00,10/11/2017 19:15,701.1,900.0,-198.9,284.1,DRV,,,False,0,Carrier 31074,Shipper 758,True,True,True,10/10/2017 18:00,10/11/2017 17:00,False,False,False,False,False,False,False,False,Kent,WA ,Kent,WA 
8399,206694225,5/24/2017 13:34,5/24/2017 14:13,5/25/2017 15:28,5/25/2017 11:00,5/26/2017 13:20,700.22,1100.0,-399.78,184.8,DRV,,,False,0,Carrier 110438,Shipper 757,False,False,False,5/25/2017 15:00,5/25/2017 19:00,False,False,False,False,False,False,False,False,Brooks,OR ,Brooks,OR 
8400,206690265,1/25/2017 9:55,1/25/2017 9:55,1/26/2017 19:02,1/26/2017 17:00,1/27/2017 15:25,700.0,800.0,-100.0,340.6,DRV,,,False,1,Carrier 1011392,Shipper 1048,False,True,True,1/26/2017 17:00,1/27/2017 13:00,False,False,False,False,False,False,False,False,Laredo,TX ,Laredo,TX 
8401,206504649,1/18/2017 12:11,1/18/2017 12:11,1/19/2017 12:45,1/19/2017 19:00,1/20/2017 9:00,700.0,700.0,0.0,340.6,DRV,,,False,0,Carrier 1027404,Shipper 1048,True,True,True,1/19/2017 19:00,1/20/2017 9:00,False,False,False,False,False,False,False,False,Laredo,TX ,Laredo,TX 
8402,206551017,1/23/2017 12:35,1/23/2017 12:35,1/26/2017 15:11,1/26/2017 18:00,1/27/2017 14:30,700.0,800.0,-100.0,340.6,DRV,,,False,0,Carrier 68490,Shipper 1048,False,True,True,1/26/2017 18:00,1/27/2017 14:00,False,False,False,False,False,False,False,False,Laredo,TX ,Laredo,TX 
8403,206495193,1/23/2017 12:32,1/23/2017 12:34,1/26/2017 12:11,1/26/2017 16:00,1/27/2017 12:46,700.0,750.0,-50.0,340.6,DRV,,,False,0,Carrier 1565966,Shipper 1048,True,True,True,1/26/2017 16:00,1/27/2017 9:00,False,False,False,False,False,False,False,False,Laredo,TX ,Laredo,TX 
8404,206756889,1/18/2017 12:12,1/18/2017 12:12,1/19/2017 12:19,1/19/2017 18:00,1/20/2017 14:05,700.0,700.0,0.0,340.6,DRV,,,False,0,Carrier 7364,Shipper 1048,True,False,False,1/19/2017 18:00,1/20/2017 10:00,False,False,False,False,False,False,False,False,Laredo,TX ,Laredo,TX 
8405,206651225,1/11/2017 17:21,1/11/2017 17:22,1/16/2017 9:34,1/16/2017 17:00,1/17/2017 16:35,700.0,780.0,-80.0,340.6,DRV,3.0,,False,1,Carrier 1693508,Shipper 1048,True,True,True,1/16/2017 17:00,1/17/2017 12:00,False,False,False,False,False,False,False,False,Laredo,TX ,Laredo,TX 
8406,206599161,1/26/2017 14:08,1/26/2017 14:08,1/30/2017 11:03,1/30/2017 18:00,1/31/2017 11:30,700.0,700.0,0.0,340.6,DRV,,,False,0,Carrier 1693552,Shipper 1048,True,True,True,1/30/2017 18:00,1/31/2017 10:00,False,False,False,False,False,False,False,False,Laredo,TX ,Laredo,TX 
8407,206756897,1/26/2017 12:56,1/26/2017 12:56,1/27/2017 13:22,1/27/2017 16:00,1/30/2017 11:50,700.0,800.0,-100.0,340.6,DRV,,,False,1,Carrier 1150133,Shipper 1048,True,True,True,1/27/2017 16:00,1/30/2017 10:00,False,False,False,False,False,False,False,False,Laredo,TX ,Laredo,TX 
8408,206536537,1/20/2017 14:52,1/20/2017 14:52,1/24/2017 11:58,1/24/2017 15:00,1/25/2017 17:20,700.0,650.0,50.0,340.6,DRV,,,False,0,Carrier 621541,Shipper 1048,True,True,True,1/24/2017 15:00,1/25/2017 14:00,False,False,False,False,False,False,False,False,Laredo,TX ,Laredo,TX 
8409,206539225,1/16/2017 13:52,1/16/2017 13:52,1/18/2017 11:13,1/18/2017 14:00,1/19/2017 14:45,700.0,950.0,-250.0,340.6,DRV,,,False,0,Carrier 367437,Shipper 1048,True,True,True,1/18/2017 14:00,1/19/2017 10:00,False,False,False,False,False,False,False,False,Laredo,TX ,Laredo,TX 
8410,206494241,1/10/2017 10:31,1/10/2017 10:31,1/11/2017 11:12,1/12/2017 11:00,1/13/2017 9:55,700.0,675.0,25.0,340.6,DRV,3.0,,False,0,Carrier 92971,Shipper 1048,True,True,True,1/12/2017 18:00,1/13/2017 9:00,False,False,False,False,False,False,False,False,Laredo,TX ,Laredo,TX 
8411,206577665,9/11/2017 12:34,9/11/2017 12:34,9/11/2017 12:37,9/11/2017 19:00,9/12/2017 12:00,700.0,500.0,200.0,303.3,DRV,,,False,0,Carrier 982281,Shipper 866,True,True,True,9/11/2017 19:00,9/12/2017 10:00,False,False,False,False,False,False,False,False,Crows Landing,CA ,Crows Landing,CA 
8412,206487153,1/16/2017 13:52,1/16/2017 13:52,1/18/2017 11:59,1/18/2017 15:00,1/19/2017 13:30,700.0,700.0,0.0,340.6,DRV,4.0,,False,0,Carrier 1290956,Shipper 1048,True,True,True,1/18/2017 15:00,1/19/2017 14:00,False,False,False,False,False,False,False,False,Laredo,TX ,Laredo,TX 
8413,206488481,1/30/2017 10:50,1/30/2017 10:56,1/31/2017 17:19,1/31/2017 17:00,2/1/2017 14:45,700.0,850.0,-150.0,340.6,DRV,2.0,,False,0,Carrier 28707,Shipper 1048,True,True,True,1/31/2017 21:00,2/1/2017 13:00,False,False,False,False,False,False,False,False,Laredo,TX ,Laredo,TX 
8414,206581353,3/27/2017 8:57,3/27/2017 8:57,3/27/2017 9:16,3/27/2017 9:00,3/27/2017 16:00,700.0,550.0,150.0,179.1,DRV,3.0,,False,0,Carrier 1282457,Shipper 590,True,True,True,3/27/2017 12:00,3/27/2017 16:00,False,False,False,False,False,False,False,False,Bridgewater,NJ ,Bridgewater,NJ 
8415,206591497,9/18/2017 14:48,9/18/2017 14:48,9/19/2017 11:34,9/19/2017 18:00,9/20/2017 11:15,700.0,650.0,50.0,294.3,DRV,,,False,0,Carrier 1050870,Shipper 866,True,True,True,9/19/2017 18:00,9/20/2017 10:00,False,False,False,False,False,False,False,False,Livingston,CA ,Livingston,CA 
8416,206523945,8/25/2017 17:06,8/25/2017 17:06,8/25/2017 17:19,8/28/2017 15:00,8/29/2017 11:30,700.0,600.0,100.0,303.3,DRV,,,False,0,Carrier 87075,Shipper 866,False,True,True,8/28/2017 16:00,8/29/2017 10:00,False,False,False,False,False,False,False,False,Crows Landing,CA ,Crows Landing,CA 
8417,206504561,10/5/2017 7:15,10/5/2017 7:15,10/5/2017 12:10,10/5/2017 19:00,10/6/2017 11:40,700.0,700.0,0.0,294.3,DRV,,,False,0,Carrier 1050870,Shipper 866,True,True,True,10/5/2017 19:00,10/6/2017 11:00,False,False,False,False,False,False,False,False,Livingston,CA ,Livingston,CA 
8418,206422329,1/23/2017 12:29,1/23/2017 12:29,1/25/2017 17:11,1/25/2017 18:00,1/26/2017 10:30,700.0,800.0,-100.0,340.6,DRV,,,False,0,Carrier 9610,Shipper 1048,True,True,True,1/25/2017 21:00,1/26/2017 13:00,False,False,False,False,False,False,False,False,Laredo,TX ,Laredo,TX 
8419,206634929,4/5/2017 17:50,4/5/2017 17:51,4/7/2017 12:10,4/10/2017 6:30,4/11/2017 9:00,700.0,700.0,0.0,265.3,DRV,4.0,,False,0,Carrier 1420138,Shipper 560,True,True,True,4/10/2017 11:30,4/11/2017 15:00,False,False,False,False,False,False,False,False,Wanaque,NJ ,Wanaque,NJ 
8420,206494193,1/10/2017 10:03,1/10/2017 10:04,1/10/2017 18:31,1/11/2017 11:00,1/12/2017 9:50,700.0,650.0,50.0,340.6,DRV,5.0,,False,0,Carrier 859067,Shipper 1048,False,True,True,1/11/2017 15:00,1/12/2017 9:00,False,False,False,False,False,False,False,False,Laredo,TX ,Laredo,TX 
8421,206441097,9/25/2017 11:34,9/25/2017 11:34,9/25/2017 16:36,9/25/2017 19:00,9/26/2017 16:30,700.0,900.0,-200.0,303.3,DRV,,,False,0,Carrier 1565635,Shipper 866,True,True,True,9/25/2017 19:00,9/26/2017 12:00,False,False,False,False,False,False,False,False,Crows Landing,CA ,Crows Landing,CA 
8422,206497977,6/5/2017 14:35,6/5/2017 14:35,6/5/2017 14:53,6/5/2017 17:00,6/6/2017 11:00,700.0,500.0,200.0,30.2,DRV,,,False,0,Carrier 1517735,Shipper 585,True,True,True,6/5/2017 17:00,6/6/2017 10:00,False,False,False,False,False,False,False,False,McDonough,GA ,McDonough,GA 
8423,206464961,10/23/2017 12:23,10/23/2017 12:23,10/23/2017 16:03,10/23/2017 17:00,10/24/2017 12:00,700.0,750.0,-50.0,303.3,DRV,,,False,0,Carrier 22386,Shipper 866,True,True,True,10/23/2017 19:00,10/24/2017 12:00,False,False,False,False,False,False,False,False,Crows Landing,CA ,Crows Landing,CA 
8424,206510753,8/15/2017 11:00,8/15/2017 11:00,8/16/2017 16:26,8/17/2017 8:00,8/18/2017 13:15,700.0,650.0,50.0,587.8,DRV,,,False,0,Carrier 71933,Shipper 585,True,True,True,8/17/2017 16:00,8/18/2017 13:00,False,False,False,False,False,False,False,False,Plant City,FL ,Plant City,FL 
8425,206509601,12/18/2017 17:02,12/18/2017 17:02,12/20/2017 12:16,12/20/2017 16:00,12/21/2017 10:00,698.44,1040.0,-341.56,323.0,RFR,,,False,1,Carrier 1288132,Shipper 1249,True,True,True,12/20/2017 16:00,12/21/2017 9:45,False,False,False,False,False,False,False,False,Jacksonville,FL ,Jacksonville,FL 
8426,206509601,12/18/2017 17:02,12/18/2017 17:02,12/20/2017 12:16,12/20/2017 16:00,12/21/2017 10:00,698.44,1040.0,-341.56,323.0,RFR,,,False,1,Carrier 1288132,Shipper 1375,True,True,True,12/20/2017 16:00,12/21/2017 9:45,False,False,False,False,False,False,False,False,Jacksonville,FL ,Jacksonville,FL 
8427,206509601,12/18/2017 17:02,12/18/2017 17:02,12/20/2017 12:16,12/20/2017 16:00,12/21/2017 10:00,698.44,1040.0,-341.56,323.0,RFR,,,False,1,Carrier 1288132,Shipper 1386,True,True,True,12/20/2017 16:00,12/21/2017 9:45,False,False,False,False,False,False,False,False,Jacksonville,FL ,Jacksonville,FL 
8428,206509601,12/18/2017 17:02,12/18/2017 17:02,12/20/2017 12:16,12/20/2017 16:00,12/21/2017 10:00,698.44,1040.0,-341.56,323.0,RFR,,,False,1,Carrier 1288132,Shipper 1248,True,True,True,12/20/2017 16:00,12/21/2017 9:45,False,False,False,False,False,False,False,False,Jacksonville,FL ,Jacksonville,FL 
8429,206509601,12/18/2017 17:02,12/18/2017 17:02,12/20/2017 12:16,12/20/2017 16:00,12/21/2017 10:00,698.44,1040.0,-341.56,323.0,RFR,,,False,1,Carrier 1288132,Shipper 1387,True,True,True,12/20/2017 16:00,12/21/2017 9:45,False,False,False,False,False,False,False,False,Jacksonville,FL ,Jacksonville,FL 
8430,206509601,12/18/2017 17:02,12/18/2017 17:02,12/20/2017 12:16,12/20/2017 16:00,12/21/2017 10:00,698.44,1040.0,-341.56,323.0,RFR,,,False,1,Carrier 1288132,Shipper 1388,True,True,True,12/20/2017 16:00,12/21/2017 9:45,False,False,False,False,False,False,False,False,Jacksonville,FL ,Jacksonville,FL 
8431,206709241,11/10/2017 14:18,11/10/2017 14:19,11/13/2017 9:01,11/14/2017 9:00,11/15/2017 11:15,697.05,700.0,-2.95,135.7,DRV,,,False,0,Carrier 1214406,Shipper 1078,True,True,True,11/14/2017 12:00,11/15/2017 14:30,False,False,False,False,False,True,False,False,Hackettstown,NJ ,Hackettstown,NJ 
8432,206658025,9/1/2017 8:43,9/1/2017 8:43,9/7/2017 15:02,9/7/2017 10:00,9/8/2017 19:10,696.3,1000.0,-303.7,284.1,DRV,,,False,0,Carrier 1695494,Shipper 758,True,True,True,9/7/2017 21:00,9/8/2017 18:30,False,False,False,False,False,False,False,False,Kent,WA ,Kent,WA 
8433,206446665,11/16/2017 17:21,11/16/2017 17:21,11/20/2017 16:16,11/20/2017 18:00,11/21/2017 13:30,695.88,610.0,85.88,65.2,DRV,,,False,1,Carrier 408796,Shipper 758,True,True,True,11/20/2017 18:00,11/21/2017 9:00,False,False,False,False,False,False,False,False,Richmond,CA ,Richmond,CA 
8434,206608513,11/9/2017 10:04,11/9/2017 10:04,11/13/2017 12:57,11/14/2017 19:00,11/15/2017 11:30,695.88,510.0,185.88,65.2,DRV,,,False,0,Carrier 955586,Shipper 758,True,True,True,11/14/2017 19:00,11/15/2017 8:00,False,False,False,False,False,False,False,False,Richmond,CA ,Richmond,CA 
8435,206426713,8/15/2017 15:55,8/15/2017 15:55,8/16/2017 15:15,8/18/2017 13:00,8/21/2017 16:30,695.09,650.0,45.09,637.0,DRV,,,False,0,Carrier 1005125,Shipper 841,True,False,False,8/18/2017 15:00,8/21/2017 10:00,False,False,False,False,False,False,False,False,Tampa,FL ,Tampa,FL 
8436,206658385,9/29/2017 15:39,9/29/2017 15:39,10/5/2017 8:43,10/5/2017 6:00,10/6/2017 9:00,695.0,890.0,-195.0,168.8,DRV,,,False,0,Carrier 18406,Shipper 1184,True,True,True,10/5/2017 14:00,10/6/2017 7:00,False,False,False,False,False,False,False,False,Warrenton,VA ,Warrenton,VA 
8437,206424225,9/29/2017 15:21,9/29/2017 15:21,10/4/2017 11:06,10/4/2017 6:00,10/5/2017 8:00,695.0,890.0,-195.0,168.8,DRV,,,False,1,Carrier 18406,Shipper 1184,True,True,True,10/4/2017 14:00,10/5/2017 8:00,False,False,False,False,False,False,False,False,Warrenton,VA ,Warrenton,VA 
8438,206479129,4/13/2017 14:07,4/13/2017 14:07,4/18/2017 19:14,4/20/2017 19:00,4/21/2017 8:00,695.0,400.0,295.0,130.8,DRV,4.0,,False,1,Carrier 611154,Shipper 758,True,True,True,4/20/2017 19:00,4/21/2017 8:00,False,False,False,False,False,False,False,False,Hawkins,TX ,Hawkins,TX 
8439,206430433,3/9/2017 12:16,3/9/2017 12:17,3/9/2017 14:36,3/10/2017 11:00,3/13/2017 11:20,694.73,700.0,-5.27,351.5,DRV,2.0,,False,0,Carrier 1695146,Shipper 1052,True,False,False,3/10/2017 14:00,3/6/2017 8:00,False,False,False,False,False,False,False,False,Laredo,TX ,Laredo,TX 
8440,206568321,12/18/2017 16:48,12/18/2017 16:48,12/20/2017 8:24,12/20/2017 10:00,12/21/2017 9:00,694.0,2600.0,-1906.0,403.4,RFR,,dat_in,False,0,Carrier 166414,Shipper 1249,True,True,True,12/21/2017 0:00,12/21/2017 13:00,False,False,False,False,False,False,False,False,Aurora,CO ,Aurora,CO 
8441,206568321,12/18/2017 16:48,12/18/2017 16:48,12/20/2017 8:24,12/20/2017 10:00,12/21/2017 9:00,694.0,2600.0,-1906.0,403.4,RFR,,dat_in,False,0,Carrier 166414,Shipper 1375,True,True,True,12/21/2017 0:00,12/21/2017 13:00,False,False,False,False,False,False,False,False,Aurora,CO ,Aurora,CO 
8442,206568321,12/18/2017 16:48,12/18/2017 16:48,12/20/2017 8:24,12/20/2017 10:00,12/21/2017 9:00,694.0,2600.0,-1906.0,403.4,RFR,,dat_in,False,0,Carrier 166414,Shipper 1386,True,True,True,12/21/2017 0:00,12/21/2017 13:00,False,False,False,False,False,False,False,False,Aurora,CO ,Aurora,CO 
8443,206568321,12/18/2017 16:48,12/18/2017 16:48,12/20/2017 8:24,12/20/2017 10:00,12/21/2017 9:00,694.0,2600.0,-1906.0,403.4,RFR,,dat_in,False,0,Carrier 166414,Shipper 1248,True,True,True,12/21/2017 0:00,12/21/2017 13:00,False,False,False,False,False,False,False,False,Aurora,CO ,Aurora,CO 
8444,206568321,12/18/2017 16:48,12/18/2017 16:48,12/20/2017 8:24,12/20/2017 10:00,12/21/2017 9:00,694.0,2600.0,-1906.0,403.4,RFR,,dat_in,False,0,Carrier 166414,Shipper 1387,True,True,True,12/21/2017 0:00,12/21/2017 13:00,False,False,False,False,False,False,False,False,Aurora,CO ,Aurora,CO 
8445,206568321,12/18/2017 16:48,12/18/2017 16:48,12/20/2017 8:24,12/20/2017 10:00,12/21/2017 9:00,694.0,2600.0,-1906.0,403.4,RFR,,dat_in,False,0,Carrier 166414,Shipper 1388,True,True,True,12/21/2017 0:00,12/21/2017 13:00,False,False,False,False,False,False,False,False,Aurora,CO ,Aurora,CO 
8446,206601097,1/6/2017 14:52,1/6/2017 14:52,1/9/2017 9:38,1/10/2017 8:00,1/11/2017 8:30,692.74,600.0,92.74,584.1,DRV,,,False,0,Carrier 34822,Shipper 762,,,,1/10/2017 15:00,1/11/2017 12:00,False,False,False,False,False,False,False,False,Lakeland,FL ,Lakeland,FL 
8447,206485921,1/6/2017 14:56,1/6/2017 14:56,1/11/2017 10:33,1/12/2017 8:00,1/13/2017 10:00,692.74,600.0,92.74,584.1,DRV,3.0,,False,0,Carrier 997964,Shipper 762,True,True,True,1/12/2017 15:00,1/13/2017 11:00,False,False,False,False,False,False,False,False,Lakeland,FL ,Lakeland,FL 
8448,206522561,4/10/2017 17:08,4/10/2017 17:09,4/12/2017 16:32,4/12/2017 22:00,4/14/2017 10:30,691.78,800.0,-108.22,286.1,DRV,4.0,,False,0,Carrier 1695182,Shipper 1249,True,True,True,4/12/2017 22:00,4/14/2017 9:00,False,False,False,False,False,False,False,False,Cartersville,GA ,Cartersville,GA 
8449,206522561,4/10/2017 17:08,4/10/2017 17:09,4/12/2017 16:32,4/12/2017 22:00,4/14/2017 10:30,691.78,800.0,-108.22,286.1,DRV,4.0,,False,0,Carrier 1695182,Shipper 1375,True,True,True,4/12/2017 22:00,4/14/2017 9:00,False,False,False,False,False,False,False,False,Cartersville,GA ,Cartersville,GA 
8450,206522561,4/10/2017 17:08,4/10/2017 17:09,4/12/2017 16:32,4/12/2017 22:00,4/14/2017 10:30,691.78,800.0,-108.22,286.1,DRV,4.0,,False,0,Carrier 1695182,Shipper 1386,True,True,True,4/12/2017 22:00,4/14/2017 9:00,False,False,False,False,False,False,False,False,Cartersville,GA ,Cartersville,GA 
8451,206522561,4/10/2017 17:08,4/10/2017 17:09,4/12/2017 16:32,4/12/2017 22:00,4/14/2017 10:30,691.78,800.0,-108.22,286.1,DRV,4.0,,False,0,Carrier 1695182,Shipper 1248,True,True,True,4/12/2017 22:00,4/14/2017 9:00,False,False,False,False,False,False,False,False,Cartersville,GA ,Cartersville,GA 
8452,206522561,4/10/2017 17:08,4/10/2017 17:09,4/12/2017 16:32,4/12/2017 22:00,4/14/2017 10:30,691.78,800.0,-108.22,286.1,DRV,4.0,,False,0,Carrier 1695182,Shipper 1387,True,True,True,4/12/2017 22:00,4/14/2017 9:00,False,False,False,False,False,False,False,False,Cartersville,GA ,Cartersville,GA 
8453,206522561,4/10/2017 17:08,4/10/2017 17:09,4/12/2017 16:32,4/12/2017 22:00,4/14/2017 10:30,691.78,800.0,-108.22,286.1,DRV,4.0,,False,0,Carrier 1695182,Shipper 1388,True,True,True,4/12/2017 22:00,4/14/2017 9:00,False,False,False,False,False,False,False,False,Cartersville,GA ,Cartersville,GA 
8454,206605801,1/31/2017 15:30,1/31/2017 15:30,2/2/2017 16:30,2/3/2017 8:00,2/3/2017 20:30,691.46,750.0,-58.54,420.7,DRV,,,False,1,Carrier 1192813,Shipper 1052,,,,2/3/2017 8:00,2/3/2017 23:00,False,False,False,False,False,False,False,False,Philadelphia,PA ,Philadelphia,PA 
8455,206640793,1/6/2017 12:15,1/6/2017 12:15,1/6/2017 19:06,1/9/2017 12:00,1/9/2017 17:45,691.12,360.0,331.12,140.0,DRV,3.0,,False,0,Carrier 718215,Shipper 758,False,True,True,1/9/2017 12:00,1/9/2017 14:30,False,False,False,False,False,False,False,False,Kent,WA ,Kent,WA 
8456,206726937,5/10/2017 9:42,5/10/2017 9:43,5/10/2017 12:10,5/11/2017 7:00,5/12/2017 8:15,690.0,600.0,90.0,328.8,DRV,,,False,1,Carrier 31074,Shipper 560,True,True,True,5/11/2017 14:00,5/12/2017 16:00,False,False,False,False,False,False,False,False,Wanaque,NJ ,Wanaque,NJ 
8457,206518025,2/6/2017 13:14,2/6/2017 13:16,2/7/2017 14:28,2/8/2017 8:30,2/9/2017 10:15,689.38,650.0,39.38,211.9,DRV,4.0,,False,0,Carrier 983407,Shipper 840,True,True,True,2/8/2017 15:30,2/9/2017 15:30,False,False,False,False,False,False,False,False,Normal,IL ,Normal,IL 
8458,206640953,4/26/2017 15:00,4/26/2017 15:01,5/1/2017 8:57,5/1/2017 11:00,5/3/2017 18:30,688.97,750.0,-61.03,284.1,DRV,2.0,,False,0,Carrier 1215303,Shipper 758,True,True,True,5/1/2017 15:00,5/3/2017 19:00,False,False,False,False,False,False,False,False,Kent,WA ,Kent,WA 
8459,206473401,5/2/2017 18:28,5/2/2017 18:28,5/3/2017 12:23,5/3/2017 16:30,5/4/2017 19:15,688.97,900.0,-211.03,284.1,DRV,,,False,0,Carrier 644327,Shipper 758,True,True,True,5/3/2017 16:30,5/4/2017 17:00,False,False,False,False,False,False,False,False,Kent,WA ,Kent,WA 
8460,206605833,2/28/2017 12:14,2/28/2017 12:14,3/9/2017 17:09,3/9/2017 19:30,3/11/2017 1:30,688.97,850.0,-161.03,284.1,DRV,,,False,0,Carrier 1695147,Shipper 758,True,True,True,3/9/2017 18:30,3/10/2017 22:00,False,False,False,False,False,False,False,False,Kent,WA ,Kent,WA 
8461,206657633,4/10/2017 17:30,4/10/2017 17:30,4/13/2017 12:05,4/13/2017 16:00,4/14/2017 13:04,688.05,925.0,-236.95,402.2,RFR,,,False,1,Carrier 1361575,Shipper 1249,True,True,True,4/13/2017 16:00,4/14/2017 17:00,False,False,False,False,False,False,False,False,Fort Collins,CO ,Fort Collins,CO 
8462,206657633,4/10/2017 17:30,4/10/2017 17:30,4/13/2017 12:05,4/13/2017 16:00,4/14/2017 13:04,688.05,925.0,-236.95,402.2,RFR,,,False,1,Carrier 1361575,Shipper 1375,True,True,True,4/13/2017 16:00,4/14/2017 17:00,False,False,False,False,False,False,False,False,Fort Collins,CO ,Fort Collins,CO 
8463,206657633,4/10/2017 17:30,4/10/2017 17:30,4/13/2017 12:05,4/13/2017 16:00,4/14/2017 13:04,688.05,925.0,-236.95,402.2,RFR,,,False,1,Carrier 1361575,Shipper 1386,True,True,True,4/13/2017 16:00,4/14/2017 17:00,False,False,False,False,False,False,False,False,Fort Collins,CO ,Fort Collins,CO 
8464,206657633,4/10/2017 17:30,4/10/2017 17:30,4/13/2017 12:05,4/13/2017 16:00,4/14/2017 13:04,688.05,925.0,-236.95,402.2,RFR,,,False,1,Carrier 1361575,Shipper 1248,True,True,True,4/13/2017 16:00,4/14/2017 17:00,False,False,False,False,False,False,False,False,Fort Collins,CO ,Fort Collins,CO 
8465,206657633,4/10/2017 17:30,4/10/2017 17:30,4/13/2017 12:05,4/13/2017 16:00,4/14/2017 13:04,688.05,925.0,-236.95,402.2,RFR,,,False,1,Carrier 1361575,Shipper 1387,True,True,True,4/13/2017 16:00,4/14/2017 17:00,False,False,False,False,False,False,False,False,Fort Collins,CO ,Fort Collins,CO 
8466,206657633,4/10/2017 17:30,4/10/2017 17:30,4/13/2017 12:05,4/13/2017 16:00,4/14/2017 13:04,688.05,925.0,-236.95,402.2,RFR,,,False,1,Carrier 1361575,Shipper 1388,True,True,True,4/13/2017 16:00,4/14/2017 17:00,False,False,False,False,False,False,False,False,Fort Collins,CO ,Fort Collins,CO 
8467,206748585,3/30/2017 15:22,3/30/2017 15:22,4/3/2017 11:58,4/3/2017 10:00,4/4/2017 19:35,686.71,800.0,-113.29,284.1,DRV,,,False,0,Carrier 644327,Shipper 758,True,True,True,4/3/2017 21:00,4/4/2017 20:30,False,False,False,False,False,False,False,False,Kent,WA ,Kent,WA 
8468,206485385,5/31/2017 18:16,5/31/2017 18:17,6/1/2017 12:27,6/1/2017 10:00,6/2/2017 20:10,686.71,1100.0,-413.29,284.1,DRV,,,False,0,Carrier 1507176,Shipper 758,True,True,True,6/1/2017 18:00,6/2/2017 17:30,False,False,False,False,False,False,False,False,Kent,WA ,Kent,WA 
8469,206484569,5/30/2017 19:18,5/30/2017 19:18,6/7/2017 14:18,6/12/2017 11:00,6/13/2017 18:15,686.71,1100.0,-413.29,284.1,DRV,,,False,0,Carrier 1507176,Shipper 758,True,True,True,6/12/2017 19:30,6/13/2017 17:00,False,False,False,False,False,False,False,False,Kent,WA ,Kent,WA 
8470,206559921,5/15/2017 17:10,5/15/2017 17:10,5/30/2017 8:59,5/30/2017 11:00,5/31/2017 20:10,686.71,775.0,-88.29,284.1,DRV,,,False,0,Carrier 1694789,Shipper 758,True,True,True,5/30/2017 21:00,5/31/2017 17:00,False,False,False,False,False,False,False,False,Kent,WA ,Kent,WA 
8471,206432161,9/6/2017 11:44,9/6/2017 11:44,9/14/2017 11:33,9/17/2017 17:00,9/18/2017 1:30,685.0,500.0,185.0,130.8,DRV,,,False,1,Carrier 1556250,Shipper 758,True,True,True,9/17/2017 17:00,9/18/2017 1:30,False,False,False,False,False,False,False,False,Hawkins,TX ,Hawkins,TX 
8472,206474889,7/25/2017 10:35,7/25/2017 10:35,7/31/2017 16:19,7/31/2017 22:00,8/1/2017 11:30,684.79,868.0,-183.21,125.2,DRV,,,False,0,Carrier 1686454,Shipper 1249,True,True,True,7/31/2017 22:00,8/1/2017 11:00,False,False,False,False,False,False,False,False,Fort Collins,CO ,Fort Collins,CO 
8473,206474889,7/25/2017 10:35,7/25/2017 10:35,7/31/2017 16:19,7/31/2017 22:00,8/1/2017 11:30,684.79,868.0,-183.21,125.2,DRV,,,False,0,Carrier 1686454,Shipper 1375,True,True,True,7/31/2017 22:00,8/1/2017 11:00,False,False,False,False,False,False,False,False,Fort Collins,CO ,Fort Collins,CO 
8474,206474889,7/25/2017 10:35,7/25/2017 10:35,7/31/2017 16:19,7/31/2017 22:00,8/1/2017 11:30,684.79,868.0,-183.21,125.2,DRV,,,False,0,Carrier 1686454,Shipper 1386,True,True,True,7/31/2017 22:00,8/1/2017 11:00,False,False,False,False,False,False,False,False,Fort Collins,CO ,Fort Collins,CO 
8475,206474889,7/25/2017 10:35,7/25/2017 10:35,7/31/2017 16:19,7/31/2017 22:00,8/1/2017 11:30,684.79,868.0,-183.21,125.2,DRV,,,False,0,Carrier 1686454,Shipper 1248,True,True,True,7/31/2017 22:00,8/1/2017 11:00,False,False,False,False,False,False,False,False,Fort Collins,CO ,Fort Collins,CO 
8476,206474889,7/25/2017 10:35,7/25/2017 10:35,7/31/2017 16:19,7/31/2017 22:00,8/1/2017 11:30,684.79,868.0,-183.21,125.2,DRV,,,False,0,Carrier 1686454,Shipper 1387,True,True,True,7/31/2017 22:00,8/1/2017 11:00,False,False,False,False,False,False,False,False,Fort Collins,CO ,Fort Collins,CO 
8477,206474889,7/25/2017 10:35,7/25/2017 10:35,7/31/2017 16:19,7/31/2017 22:00,8/1/2017 11:30,684.79,868.0,-183.21,125.2,DRV,,,False,0,Carrier 1686454,Shipper 1388,True,True,True,7/31/2017 22:00,8/1/2017 11:00,False,False,False,False,False,False,False,False,Fort Collins,CO ,Fort Collins,CO 
8478,206740337,6/22/2017 13:59,6/22/2017 13:59,6/26/2017 9:26,6/26/2017 10:30,6/26/2017 15:50,684.61,600.0,84.61,162.5,DRV,,,False,0,Carrier 374310,Shipper 762,True,True,True,6/26/2017 12:00,6/26/2017 16:00,False,False,False,False,False,False,False,False,Pocomoke City,MD ,Pocomoke City,MD 
8479,206523913,6/26/2017 11:34,6/26/2017 11:34,7/5/2017 12:07,7/5/2017 17:30,7/6/2017 18:20,684.18,1000.0,-315.82,284.1,DRV,,,False,1,Carrier 1233002,Shipper 758,True,True,True,7/5/2017 17:30,7/6/2017 17:00,False,False,False,False,False,False,False,False,Kent,WA ,Kent,WA 
8480,206424521,2/10/2017 11:53,2/10/2017 11:55,2/14/2017 12:17,2/14/2017 7:30,2/15/2017 9:40,683.94,750.0,-66.06,300.5,DRV,,,False,0,Carrier 1027332,Shipper 840,True,True,True,2/14/2017 15:00,2/15/2017 8:00,False,False,False,False,False,False,False,False,Normal,IL ,Normal,IL 
8481,206477489,2/28/2017 12:54,2/28/2017 12:55,3/2/2017 10:31,3/2/2017 16:00,3/3/2017 11:15,683.69,675.0,8.69,342.6,DRV,,,False,0,Carrier 1693504,Shipper 1048,True,True,True,3/2/2017 21:00,3/3/2017 9:00,False,False,False,False,False,False,False,False,Laredo,TX ,Laredo,TX 
8482,206640817,7/20/2017 14:23,7/20/2017 14:23,7/26/2017 17:16,7/28/2017 10:00,7/29/2017 2:50,683.55,665.0,18.55,232.3,DRV,,,False,0,Carrier 1558859,Shipper 758,True,True,True,7/28/2017 18:00,7/28/2017 23:30,False,False,False,False,False,False,False,False,Taft,CA ,Taft,CA 
8483,206756953,10/30/2017 11:55,10/30/2017 11:55,10/31/2017 9:46,11/1/2017 9:00,11/2/2017 12:00,683.35,700.0,-16.65,135.7,DRV,,,False,0,Carrier 1214406,Shipper 1078,True,True,True,11/1/2017 14:00,11/2/2017 14:30,False,False,False,False,False,True,False,False,Hackettstown,NJ ,Hackettstown,NJ 
8484,206523993,11/15/2017 15:17,11/15/2017 15:17,11/15/2017 16:37,11/20/2017 9:50,11/20/2017 16:00,682.99,475.0,207.99,28.6,DRV,,,False,0,Carrier 1558859,Shipper 758,True,True,True,11/20/2017 9:50,11/20/2017 14:00,False,False,False,False,False,False,False,False,Modesto,CA ,Modesto,CA 
8485,206487177,11/8/2017 15:00,11/8/2017 15:00,11/10/2017 13:02,11/14/2017 10:00,11/14/2017 21:30,682.99,475.0,207.99,20.0,DRV,,,False,0,Carrier 408796,Shipper 758,True,True,True,11/14/2017 18:30,11/14/2017 23:00,False,False,False,False,False,False,False,False,Stockton,CA ,Stockton,CA 
8486,206491121,11/8/2017 11:59,11/8/2017 11:59,11/14/2017 9:57,11/13/2017 22:20,11/14/2017 10:30,682.99,625.0,57.99,28.6,DRV,,,False,1,Carrier 1558758,Shipper 758,True,True,True,11/13/2017 22:20,11/14/2017 8:00,False,False,False,False,False,False,False,False,Modesto,CA ,Modesto,CA 
8487,206549209,3/8/2017 10:06,3/8/2017 10:46,3/8/2017 16:23,3/9/2017 9:00,3/10/2017 9:15,680.83,600.0,80.83,171.1,DRV,,,False,0,Carrier 1214406,Shipper 968,True,True,True,3/9/2017 10:00,3/10/2017 8:00,False,False,False,False,False,False,False,False,York,PA ,York,PA 
8488,206648937,4/24/2017 16:54,4/24/2017 16:54,4/25/2017 18:12,4/25/2017 23:00,4/26/2017 17:00,680.28,1200.0,-519.72,241.3,DRV,,,False,0,Carrier 1452001,Shipper 1249,True,True,True,4/25/2017 23:00,4/26/2017 11:00,False,False,False,False,False,False,False,False,Houston,TX ,Houston,TX 
8489,206648937,4/24/2017 16:54,4/24/2017 16:54,4/25/2017 18:12,4/25/2017 23:00,4/26/2017 17:00,680.28,1200.0,-519.72,241.3,DRV,,,False,0,Carrier 1452001,Shipper 1375,True,True,True,4/25/2017 23:00,4/26/2017 11:00,False,False,False,False,False,False,False,False,Houston,TX ,Houston,TX 
8490,206648937,4/24/2017 16:54,4/24/2017 16:54,4/25/2017 18:12,4/25/2017 23:00,4/26/2017 17:00,680.28,1200.0,-519.72,241.3,DRV,,,False,0,Carrier 1452001,Shipper 1386,True,True,True,4/25/2017 23:00,4/26/2017 11:00,False,False,False,False,False,False,False,False,Houston,TX ,Houston,TX 
8491,206648937,4/24/2017 16:54,4/24/2017 16:54,4/25/2017 18:12,4/25/2017 23:00,4/26/2017 17:00,680.28,1200.0,-519.72,241.3,DRV,,,False,0,Carrier 1452001,Shipper 1248,True,True,True,4/25/2017 23:00,4/26/2017 11:00,False,False,False,False,False,False,False,False,Houston,TX ,Houston,TX 
8492,206648937,4/24/2017 16:54,4/24/2017 16:54,4/25/2017 18:12,4/25/2017 23:00,4/26/2017 17:00,680.28,1200.0,-519.72,241.3,DRV,,,False,0,Carrier 1452001,Shipper 1387,True,True,True,4/25/2017 23:00,4/26/2017 11:00,False,False,False,False,False,False,False,False,Houston,TX ,Houston,TX 
8493,206648937,4/24/2017 16:54,4/24/2017 16:54,4/25/2017 18:12,4/25/2017 23:00,4/26/2017 17:00,680.28,1200.0,-519.72,241.3,DRV,,,False,0,Carrier 1452001,Shipper 1388,True,True,True,4/25/2017 23:00,4/26/2017 11:00,False,False,False,False,False,False,False,False,Houston,TX ,Houston,TX 
8494,206500497,11/7/2017 13:25,11/7/2017 13:25,11/8/2017 15:34,11/9/2017 14:00,11/10/2017 10:00,680.0,650.0,30.0,128.3,DRV,,,False,0,Carrier 1693505,Shipper 1184,True,False,False,11/9/2017 14:00,11/10/2017 8:30,False,False,False,False,False,False,False,False,Linden,NJ ,Linden,NJ 
8495,206544889,2/20/2017 16:37,2/20/2017 16:37,2/24/2017 7:46,2/26/2017 15:00,2/27/2017 12:00,679.27,591.0,88.27,0.0,DRV,,,False,0,Carrier 1693537,Shipper 758,True,True,True,2/26/2017 15:00,2/27/2017 9:00,False,False,False,False,False,False,False,False,Hawkins,TX ,Hawkins,TX 
8496,206513689,8/10/2017 17:17,8/10/2017 17:17,8/15/2017 12:50,8/16/2017 20:00,8/17/2017 11:55,678.04,619.0,59.04,24.5,RFR,,,False,0,Carrier 1236708,Shipper 758,True,False,False,8/16/2017 20:00,8/17/2017 9:30,False,False,False,False,False,False,False,False,Ontario,CA ,Ontario,CA 
8497,206703985,6/26/2017 17:08,6/26/2017 17:09,6/27/2017 10:42,6/28/2017 7:00,6/28/2017 16:00,677.31,600.0,77.31,135.4,DRV,,,False,0,Carrier 1057935,Shipper 1078,True,True,True,6/28/2017 11:00,6/28/2017 16:00,False,False,False,False,False,False,False,False,York,PA ,York,PA 
8498,206563113,6/2/2017 10:36,6/2/2017 10:36,6/5/2017 16:59,6/6/2017 8:00,6/7/2017 6:00,677.1,700.0,-22.9,187.9,DRV,,,False,0,Carrier 1471981,Shipper 1249,True,True,True,6/6/2017 11:00,6/7/2017 12:00,False,False,False,False,False,False,False,False,Williamsburg,VA ,Williamsburg,VA 
8499,206563113,6/2/2017 10:36,6/2/2017 10:36,6/5/2017 16:59,6/6/2017 8:00,6/7/2017 6:00,677.1,700.0,-22.9,187.9,DRV,,,False,0,Carrier 1471981,Shipper 1375,True,True,True,6/6/2017 11:00,6/7/2017 12:00,False,False,False,False,False,False,False,False,Williamsburg,VA ,Williamsburg,VA 
8500,206563113,6/2/2017 10:36,6/2/2017 10:36,6/5/2017 16:59,6/6/2017 8:00,6/7/2017 6:00,677.1,700.0,-22.9,187.9,DRV,,,False,0,Carrier 1471981,Shipper 1386,True,True,True,6/6/2017 11:00,6/7/2017 12:00,False,False,False,False,False,False,False,False,Williamsburg,VA ,Williamsburg,VA 
8501,206563113,6/2/2017 10:36,6/2/2017 10:36,6/5/2017 16:59,6/6/2017 8:00,6/7/2017 6:00,677.1,700.0,-22.9,187.9,DRV,,,False,0,Carrier 1471981,Shipper 1248,True,True,True,6/6/2017 11:00,6/7/2017 12:00,False,False,False,False,False,False,False,False,Williamsburg,VA ,Williamsburg,VA 
8502,206563113,6/2/2017 10:36,6/2/2017 10:36,6/5/2017 16:59,6/6/2017 8:00,6/7/2017 6:00,677.1,700.0,-22.9,187.9,DRV,,,False,0,Carrier 1471981,Shipper 1387,True,True,True,6/6/2017 11:00,6/7/2017 12:00,False,False,False,False,False,False,False,False,Williamsburg,VA ,Williamsburg,VA 
8503,206563113,6/2/2017 10:36,6/2/2017 10:36,6/5/2017 16:59,6/6/2017 8:00,6/7/2017 6:00,677.1,700.0,-22.9,187.9,DRV,,,False,0,Carrier 1471981,Shipper 1388,True,True,True,6/6/2017 11:00,6/7/2017 12:00,False,False,False,False,False,False,False,False,Williamsburg,VA ,Williamsburg,VA 
8504,206759433,8/18/2017 15:17,8/18/2017 15:57,8/23/2017 11:28,8/24/2017 10:00,8/24/2017 12:02,675.0,550.0,125.0,106.6,DRV,,,False,0,Carrier 60917,Shipper 762,True,True,True,8/24/2017 12:00,8/24/2017 16:00,False,False,False,False,False,False,False,False,Dothan,AL ,Dothan,AL 
8505,206589377,7/5/2017 17:20,7/5/2017 17:20,7/12/2017 11:17,7/12/2017 9:00,7/13/2017 9:00,675.0,700.0,-25.0,313.3,DRV,,,False,0,Carrier 9610,Shipper 1033,True,True,True,7/12/2017 15:00,7/13/2017 9:00,False,False,False,False,False,False,False,False,Pasadena,TX ,Pasadena,TX 
8506,206492801,9/20/2017 11:12,9/20/2017 11:12,9/20/2017 11:19,9/20/2017 9:00,9/21/2017 10:00,675.0,550.0,125.0,241.3,DRV,,,False,0,Carrier 1079133,Shipper 923,True,True,True,9/20/2017 14:00,9/21/2017 9:00,False,False,False,False,False,False,False,False,Medley,FL ,Medley,FL 
8507,206553649,1/24/2017 11:21,1/24/2017 11:21,1/25/2017 11:48,1/25/2017 8:00,1/26/2017 10:55,675.0,650.0,25.0,303.0,DRV,,,False,0,Carrier 953240,Shipper 744,True,True,True,1/25/2017 17:00,1/26/2017 16:30,False,False,False,False,False,False,False,False,Conover,NC ,Conover,NC 
8508,206561457,7/18/2017 16:15,7/18/2017 16:16,7/27/2017 13:16,7/27/2017 8:00,7/28/2017 7:00,675.0,850.0,-175.0,320.1,DRV,,,False,1,Carrier 1695347,Shipper 810,True,True,True,7/27/2017 16:00,7/28/2017 16:00,False,False,False,False,False,False,False,False,Bristol,PA ,Bristol,PA 
8509,206515689,7/5/2017 9:44,7/5/2017 9:45,7/5/2017 13:15,7/6/2017 9:00,7/6/2017 16:00,675.0,490.0,185.0,114.1,DRV,,,False,0,Carrier 31074,Shipper 762,,,,7/6/2017 12:00,7/6/2017 16:00,False,False,False,False,False,False,False,False,Cowarts,AL ,Cowarts,AL 
8510,206514425,10/3/2017 15:05,10/3/2017 15:31,10/11/2017 8:57,10/12/2017 9:00,10/12/2017 15:00,675.0,575.0,100.0,114.1,DRV,,,False,0,Carrier 31074,Shipper 762,False,True,True,10/12/2017 12:00,10/12/2017 16:00,False,False,False,False,False,True,False,False,Cowarts,AL ,Cowarts,AL 
8511,206600761,3/14/2017 14:53,3/14/2017 14:54,3/14/2017 17:35,3/15/2017 14:00,3/16/2017 11:00,674.61,575.0,99.61,563.3,DRV,3.0,,False,0,Carrier 57804,Shipper 773,True,True,True,3/15/2017 14:00,3/16/2017 16:00,False,False,False,False,False,False,False,False,Orlando,FL ,Orlando,FL 
8512,206596713,5/30/2017 12:43,5/30/2017 12:44,6/5/2017 11:09,6/5/2017 12:00,6/6/2017 16:30,672.66,870.0,-197.34,349.9,DRV,,,False,0,Carrier 1018566,Shipper 1249,False,True,False,6/5/2017 18:00,6/6/2017 15:00,False,False,False,False,False,False,False,False,Fort Collins,CO ,Fort Collins,CO 
8513,206596713,5/30/2017 12:43,5/30/2017 12:44,6/5/2017 11:09,6/5/2017 12:00,6/6/2017 16:30,672.66,870.0,-197.34,349.9,DRV,,,False,0,Carrier 1018566,Shipper 1375,False,True,False,6/5/2017 18:00,6/6/2017 15:00,False,False,False,False,False,False,False,False,Fort Collins,CO ,Fort Collins,CO 
8514,206596713,5/30/2017 12:43,5/30/2017 12:44,6/5/2017 11:09,6/5/2017 12:00,6/6/2017 16:30,672.66,870.0,-197.34,349.9,DRV,,,False,0,Carrier 1018566,Shipper 1386,False,True,False,6/5/2017 18:00,6/6/2017 15:00,False,False,False,False,False,False,False,False,Fort Collins,CO ,Fort Collins,CO 
8515,206596713,5/30/2017 12:43,5/30/2017 12:44,6/5/2017 11:09,6/5/2017 12:00,6/6/2017 16:30,672.66,870.0,-197.34,349.9,DRV,,,False,0,Carrier 1018566,Shipper 1248,False,True,False,6/5/2017 18:00,6/6/2017 15:00,False,False,False,False,False,False,False,False,Fort Collins,CO ,Fort Collins,CO 
8516,206596713,5/30/2017 12:43,5/30/2017 12:44,6/5/2017 11:09,6/5/2017 12:00,6/6/2017 16:30,672.66,870.0,-197.34,349.9,DRV,,,False,0,Carrier 1018566,Shipper 1387,False,True,False,6/5/2017 18:00,6/6/2017 15:00,False,False,False,False,False,False,False,False,Fort Collins,CO ,Fort Collins,CO 
8517,206596713,5/30/2017 12:43,5/30/2017 12:44,6/5/2017 11:09,6/5/2017 12:00,6/6/2017 16:30,672.66,870.0,-197.34,349.9,DRV,,,False,0,Carrier 1018566,Shipper 1388,False,True,False,6/5/2017 18:00,6/6/2017 15:00,False,False,False,False,False,False,False,False,Fort Collins,CO ,Fort Collins,CO 
8518,206513369,10/6/2017 11:31,10/6/2017 11:31,10/6/2017 16:31,10/11/2017 9:00,10/12/2017 9:30,672.2,610.0,62.2,24.1,DRV,,,False,0,Carrier 97236,Shipper 1453,True,False,False,10/11/2017 12:00,10/12/2017 7:00,False,False,False,False,False,True,False,False,Bronx,NY ,Bronx,NY 
8519,206594449,5/12/2017 14:30,5/12/2017 14:30,5/19/2017 11:51,5/19/2017 10:00,5/20/2017 5:45,672.17,974.0,-301.83,232.3,DRV,,,False,1,Carrier 1449921,Shipper 758,True,True,True,5/19/2017 15:00,5/19/2017 23:00,False,False,False,False,False,False,False,False,Taft,CA ,Taft,CA 
8520,206576457,12/18/2017 16:57,12/18/2017 16:57,12/19/2017 10:51,12/19/2017 13:00,12/21/2017 7:30,672.08,800.0,-127.92,350.5,RFR,,dat_out,False,0,Carrier 1227091,Shipper 1249,False,True,False,12/19/2017 13:00,12/21/2017 11:00,False,False,False,False,False,False,False,False,Jacksonville,FL ,Jacksonville,FL 
8521,206576457,12/18/2017 16:57,12/18/2017 16:57,12/19/2017 10:51,12/19/2017 13:00,12/21/2017 7:30,672.08,800.0,-127.92,350.5,RFR,,dat_out,False,0,Carrier 1227091,Shipper 1375,False,True,False,12/19/2017 13:00,12/21/2017 11:00,False,False,False,False,False,False,False,False,Jacksonville,FL ,Jacksonville,FL 
8522,206576457,12/18/2017 16:57,12/18/2017 16:57,12/19/2017 10:51,12/19/2017 13:00,12/21/2017 7:30,672.08,800.0,-127.92,350.5,RFR,,dat_out,False,0,Carrier 1227091,Shipper 1386,False,True,False,12/19/2017 13:00,12/21/2017 11:00,False,False,False,False,False,False,False,False,Jacksonville,FL ,Jacksonville,FL 
8523,206576457,12/18/2017 16:57,12/18/2017 16:57,12/19/2017 10:51,12/19/2017 13:00,12/21/2017 7:30,672.08,800.0,-127.92,350.5,RFR,,dat_out,False,0,Carrier 1227091,Shipper 1248,False,True,False,12/19/2017 13:00,12/21/2017 11:00,False,False,False,False,False,False,False,False,Jacksonville,FL ,Jacksonville,FL 
8524,206576457,12/18/2017 16:57,12/18/2017 16:57,12/19/2017 10:51,12/19/2017 13:00,12/21/2017 7:30,672.08,800.0,-127.92,350.5,RFR,,dat_out,False,0,Carrier 1227091,Shipper 1387,False,True,False,12/19/2017 13:00,12/21/2017 11:00,False,False,False,False,False,False,False,False,Jacksonville,FL ,Jacksonville,FL 
8525,206576457,12/18/2017 16:57,12/18/2017 16:57,12/19/2017 10:51,12/19/2017 13:00,12/21/2017 7:30,672.08,800.0,-127.92,350.5,RFR,,dat_out,False,0,Carrier 1227091,Shipper 1388,False,True,False,12/19/2017 13:00,12/21/2017 11:00,False,False,False,False,False,False,False,False,Jacksonville,FL ,Jacksonville,FL 
8526,206514377,10/17/2017 9:36,10/17/2017 9:37,10/19/2017 9:33,10/19/2017 9:00,10/20/2017 9:30,671.4,700.0,-28.6,135.7,DRV,,,False,0,Carrier 97236,Shipper 1078,True,True,True,10/19/2017 14:30,10/20/2017 14:30,False,False,False,False,False,True,False,False,Hackettstown,NJ ,Hackettstown,NJ 
8527,206650577,9/18/2017 15:35,9/18/2017 15:35,9/29/2017 10:09,10/1/2017 17:00,10/2/2017 8:40,671.19,770.0,-98.81,130.8,DRV,,,False,0,Carrier 546141,Shipper 758,True,True,True,10/1/2017 17:00,10/2/2017 1:30,False,False,False,False,False,False,False,False,Hawkins,TX ,Hawkins,TX 
8528,206726929,3/3/2017 12:34,3/3/2017 12:35,3/6/2017 10:47,3/7/2017 9:00,3/7/2017 22:00,670.3,625.0,45.3,319.8,DRV,,,False,0,Carrier 65896,Shipper 1033,True,True,True,3/7/2017 13:00,3/7/2017 21:00,False,False,False,False,False,False,False,False,Kansas City,MO ,Kansas City,MO 
8529,206475937,6/23/2017 13:52,6/23/2017 13:52,6/27/2017 14:12,6/27/2017 7:00,6/28/2017 12:45,669.03,1300.0,-630.97,200.3,DRV,,,False,1,Carrier 1020284,Shipper 1528,True,True,True,6/27/2017 15:30,6/28/2017 11:00,False,False,False,False,False,False,False,False,Candler,NC ,Candler,NC 
8530,206703969,6/5/2017 14:17,6/5/2017 14:17,6/5/2017 15:54,6/7/2017 7:00,6/7/2017 14:00,669.0,600.0,69.0,135.4,DRV,,,False,0,Carrier 1057935,Shipper 1078,True,True,True,6/7/2017 11:00,6/7/2017 16:00,False,False,False,False,False,False,False,False,York,PA ,York,PA 
8531,206507481,3/9/2017 10:14,3/9/2017 10:14,3/10/2017 7:55,3/10/2017 7:00,3/13/2017 11:00,668.67,650.0,18.67,171.1,DRV,1.0,,False,0,Carrier 288241,Shipper 968,True,True,True,3/10/2017 14:00,3/13/2017 8:00,False,False,False,False,False,False,False,False,York,PA ,York,PA 
8532,206535169,6/23/2017 15:26,6/23/2017 15:26,6/26/2017 12:53,6/26/2017 19:00,6/27/2017 13:45,668.04,700.0,-31.96,296.4,DRV,,,False,0,Carrier 1680078,Shipper 1249,True,True,True,6/26/2017 19:00,6/27/2017 11:30,False,False,False,False,False,False,False,False,Williamsburg,VA ,Williamsburg,VA 
8533,206535169,6/23/2017 15:26,6/23/2017 15:26,6/26/2017 12:53,6/26/2017 19:00,6/27/2017 13:45,668.04,700.0,-31.96,296.4,DRV,,,False,0,Carrier 1680078,Shipper 1375,True,True,True,6/26/2017 19:00,6/27/2017 11:30,False,False,False,False,False,False,False,False,Williamsburg,VA ,Williamsburg,VA 
8534,206535169,6/23/2017 15:26,6/23/2017 15:26,6/26/2017 12:53,6/26/2017 19:00,6/27/2017 13:45,668.04,700.0,-31.96,296.4,DRV,,,False,0,Carrier 1680078,Shipper 1386,True,True,True,6/26/2017 19:00,6/27/2017 11:30,False,False,False,False,False,False,False,False,Williamsburg,VA ,Williamsburg,VA 
8535,206535169,6/23/2017 15:26,6/23/2017 15:26,6/26/2017 12:53,6/26/2017 19:00,6/27/2017 13:45,668.04,700.0,-31.96,296.4,DRV,,,False,0,Carrier 1680078,Shipper 1248,True,True,True,6/26/2017 19:00,6/27/2017 11:30,False,False,False,False,False,False,False,False,Williamsburg,VA ,Williamsburg,VA 
8536,206535169,6/23/2017 15:26,6/23/2017 15:26,6/26/2017 12:53,6/26/2017 19:00,6/27/2017 13:45,668.04,700.0,-31.96,296.4,DRV,,,False,0,Carrier 1680078,Shipper 1387,True,True,True,6/26/2017 19:00,6/27/2017 11:30,False,False,False,False,False,False,False,False,Williamsburg,VA ,Williamsburg,VA 
8537,206535169,6/23/2017 15:26,6/23/2017 15:26,6/26/2017 12:53,6/26/2017 19:00,6/27/2017 13:45,668.04,700.0,-31.96,296.4,DRV,,,False,0,Carrier 1680078,Shipper 1388,True,True,True,6/26/2017 19:00,6/27/2017 11:30,False,False,False,False,False,False,False,False,Williamsburg,VA ,Williamsburg,VA 
8538,206463457,1/24/2017 13:37,1/24/2017 13:37,1/25/2017 11:00,1/25/2017 23:30,1/26/2017 9:40,666.42,644.0,22.42,115.6,RFR,,,False,0,Carrier 370869,Shipper 832,True,True,True,1/25/2017 23:30,1/26/2017 9:30,False,False,False,False,False,False,False,False,Westfield,MA ,Westfield,MA 
8539,206564673,12/18/2017 17:25,12/18/2017 17:25,12/19/2017 7:59,12/20/2017 11:00,12/21/2017 9:15,666.32,700.0,-33.68,133.8,DRV,,carrier_capacity,False,0,Carrier 1695743,Shipper 1249,True,True,True,12/20/2017 11:00,12/21/2017 13:00,False,False,False,False,False,False,False,False,Jacksonville,FL ,Jacksonville,FL 
8540,206464713,12/18/2017 17:30,12/18/2017 17:30,12/21/2017 15:32,12/22/2017 6:00,12/22/2017 14:00,666.32,850.0,-183.68,133.8,DRV,,carrier_capacity,False,1,Carrier 1695743,Shipper 1249,True,True,True,12/22/2017 6:00,12/22/2017 13:00,False,False,False,False,False,False,False,False,Jacksonville,FL ,Jacksonville,FL 
8541,206446681,12/18/2017 17:11,12/18/2017 17:11,12/19/2017 8:30,12/19/2017 17:00,12/20/2017 13:58,666.32,870.0,-203.68,133.8,DRV,,dat_in,False,0,Carrier 249023,Shipper 1249,True,True,True,12/19/2017 17:00,12/20/2017 13:00,False,False,False,False,False,False,False,False,Jacksonville,FL ,Jacksonville,FL 
8542,206477089,12/18/2017 17:29,12/18/2017 17:29,12/19/2017 15:49,12/21/2017 11:00,12/22/2017 8:00,666.32,750.0,-83.68,133.8,DRV,,carrier_capacity,False,0,Carrier 1695743,Shipper 1249,True,True,True,12/21/2017 11:00,12/22/2017 12:00,False,False,False,False,False,False,False,False,Jacksonville,FL ,Jacksonville,FL 
8543,206564673,12/18/2017 17:25,12/18/2017 17:25,12/19/2017 7:59,12/20/2017 11:00,12/21/2017 9:15,666.32,700.0,-33.68,133.8,DRV,,carrier_capacity,False,0,Carrier 1695743,Shipper 1375,True,True,True,12/20/2017 11:00,12/21/2017 13:00,False,False,False,False,False,False,False,False,Jacksonville,FL ,Jacksonville,FL 
8544,206464713,12/18/2017 17:30,12/18/2017 17:30,12/21/2017 15:32,12/22/2017 6:00,12/22/2017 14:00,666.32,850.0,-183.68,133.8,DRV,,carrier_capacity,False,1,Carrier 1695743,Shipper 1375,True,True,True,12/22/2017 6:00,12/22/2017 13:00,False,False,False,False,False,False,False,False,Jacksonville,FL ,Jacksonville,FL 
8545,206446681,12/18/2017 17:11,12/18/2017 17:11,12/19/2017 8:30,12/19/2017 17:00,12/20/2017 13:58,666.32,870.0,-203.68,133.8,DRV,,dat_in,False,0,Carrier 249023,Shipper 1375,True,True,True,12/19/2017 17:00,12/20/2017 13:00,False,False,False,False,False,False,False,False,Jacksonville,FL ,Jacksonville,FL 
8546,206477089,12/18/2017 17:29,12/18/2017 17:29,12/19/2017 15:49,12/21/2017 11:00,12/22/2017 8:00,666.32,750.0,-83.68,133.8,DRV,,carrier_capacity,False,0,Carrier 1695743,Shipper 1375,True,True,True,12/21/2017 11:00,12/22/2017 12:00,False,False,False,False,False,False,False,False,Jacksonville,FL ,Jacksonville,FL 
8547,206564673,12/18/2017 17:25,12/18/2017 17:25,12/19/2017 7:59,12/20/2017 11:00,12/21/2017 9:15,666.32,700.0,-33.68,133.8,DRV,,carrier_capacity,False,0,Carrier 1695743,Shipper 1386,True,True,True,12/20/2017 11:00,12/21/2017 13:00,False,False,False,False,False,False,False,False,Jacksonville,FL ,Jacksonville,FL 
8548,206464713,12/18/2017 17:30,12/18/2017 17:30,12/21/2017 15:32,12/22/2017 6:00,12/22/2017 14:00,666.32,850.0,-183.68,133.8,DRV,,carrier_capacity,False,1,Carrier 1695743,Shipper 1386,True,True,True,12/22/2017 6:00,12/22/2017 13:00,False,False,False,False,False,False,False,False,Jacksonville,FL ,Jacksonville,FL 
8549,206446681,12/18/2017 17:11,12/18/2017 17:11,12/19/2017 8:30,12/19/2017 17:00,12/20/2017 13:58,666.32,870.0,-203.68,133.8,DRV,,dat_in,False,0,Carrier 249023,Shipper 1386,True,True,True,12/19/2017 17:00,12/20/2017 13:00,False,False,False,False,False,False,False,False,Jacksonville,FL ,Jacksonville,FL 
8550,206477089,12/18/2017 17:29,12/18/2017 17:29,12/19/2017 15:49,12/21/2017 11:00,12/22/2017 8:00,666.32,750.0,-83.68,133.8,DRV,,carrier_capacity,False,0,Carrier 1695743,Shipper 1386,True,True,True,12/21/2017 11:00,12/22/2017 12:00,False,False,False,False,False,False,False,False,Jacksonville,FL ,Jacksonville,FL 
8551,206564673,12/18/2017 17:25,12/18/2017 17:25,12/19/2017 7:59,12/20/2017 11:00,12/21/2017 9:15,666.32,700.0,-33.68,133.8,DRV,,carrier_capacity,False,0,Carrier 1695743,Shipper 1248,True,True,True,12/20/2017 11:00,12/21/2017 13:00,False,False,False,False,False,False,False,False,Jacksonville,FL ,Jacksonville,FL 
8552,206464713,12/18/2017 17:30,12/18/2017 17:30,12/21/2017 15:32,12/22/2017 6:00,12/22/2017 14:00,666.32,850.0,-183.68,133.8,DRV,,carrier_capacity,False,1,Carrier 1695743,Shipper 1248,True,True,True,12/22/2017 6:00,12/22/2017 13:00,False,False,False,False,False,False,False,False,Jacksonville,FL ,Jacksonville,FL 
8553,206446681,12/18/2017 17:11,12/18/2017 17:11,12/19/2017 8:30,12/19/2017 17:00,12/20/2017 13:58,666.32,870.0,-203.68,133.8,DRV,,dat_in,False,0,Carrier 249023,Shipper 1248,True,True,True,12/19/2017 17:00,12/20/2017 13:00,False,False,False,False,False,False,False,False,Jacksonville,FL ,Jacksonville,FL 
8554,206477089,12/18/2017 17:29,12/18/2017 17:29,12/19/2017 15:49,12/21/2017 11:00,12/22/2017 8:00,666.32,750.0,-83.68,133.8,DRV,,carrier_capacity,False,0,Carrier 1695743,Shipper 1248,True,True,True,12/21/2017 11:00,12/22/2017 12:00,False,False,False,False,False,False,False,False,Jacksonville,FL ,Jacksonville,FL 
8555,206564673,12/18/2017 17:25,12/18/2017 17:25,12/19/2017 7:59,12/20/2017 11:00,12/21/2017 9:15,666.32,700.0,-33.68,133.8,DRV,,carrier_capacity,False,0,Carrier 1695743,Shipper 1387,True,True,True,12/20/2017 11:00,12/21/2017 13:00,False,False,False,False,False,False,False,False,Jacksonville,FL ,Jacksonville,FL 
8556,206464713,12/18/2017 17:30,12/18/2017 17:30,12/21/2017 15:32,12/22/2017 6:00,12/22/2017 14:00,666.32,850.0,-183.68,133.8,DRV,,carrier_capacity,False,1,Carrier 1695743,Shipper 1387,True,True,True,12/22/2017 6:00,12/22/2017 13:00,False,False,False,False,False,False,False,False,Jacksonville,FL ,Jacksonville,FL 
8557,206446681,12/18/2017 17:11,12/18/2017 17:11,12/19/2017 8:30,12/19/2017 17:00,12/20/2017 13:58,666.32,870.0,-203.68,133.8,DRV,,dat_in,False,0,Carrier 249023,Shipper 1387,True,True,True,12/19/2017 17:00,12/20/2017 13:00,False,False,False,False,False,False,False,False,Jacksonville,FL ,Jacksonville,FL 
8558,206477089,12/18/2017 17:29,12/18/2017 17:29,12/19/2017 15:49,12/21/2017 11:00,12/22/2017 8:00,666.32,750.0,-83.68,133.8,DRV,,carrier_capacity,False,0,Carrier 1695743,Shipper 1387,True,True,True,12/21/2017 11:00,12/22/2017 12:00,False,False,False,False,False,False,False,False,Jacksonville,FL ,Jacksonville,FL 
8559,206564673,12/18/2017 17:25,12/18/2017 17:25,12/19/2017 7:59,12/20/2017 11:00,12/21/2017 9:15,666.32,700.0,-33.68,133.8,DRV,,carrier_capacity,False,0,Carrier 1695743,Shipper 1388,True,True,True,12/20/2017 11:00,12/21/2017 13:00,False,False,False,False,False,False,False,False,Jacksonville,FL ,Jacksonville,FL 
8560,206464713,12/18/2017 17:30,12/18/2017 17:30,12/21/2017 15:32,12/22/2017 6:00,12/22/2017 14:00,666.32,850.0,-183.68,133.8,DRV,,carrier_capacity,False,1,Carrier 1695743,Shipper 1388,True,True,True,12/22/2017 6:00,12/22/2017 13:00,False,False,False,False,False,False,False,False,Jacksonville,FL ,Jacksonville,FL 
8561,206446681,12/18/2017 17:11,12/18/2017 17:11,12/19/2017 8:30,12/19/2017 17:00,12/20/2017 13:58,666.32,870.0,-203.68,133.8,DRV,,dat_in,False,0,Carrier 249023,Shipper 1388,True,True,True,12/19/2017 17:00,12/20/2017 13:00,False,False,False,False,False,False,False,False,Jacksonville,FL ,Jacksonville,FL 
8562,206477089,12/18/2017 17:29,12/18/2017 17:29,12/19/2017 15:49,12/21/2017 11:00,12/22/2017 8:00,666.32,750.0,-83.68,133.8,DRV,,carrier_capacity,False,0,Carrier 1695743,Shipper 1388,True,True,True,12/21/2017 11:00,12/22/2017 12:00,False,False,False,False,False,False,False,False,Jacksonville,FL ,Jacksonville,FL 
8563,206619433,11/8/2017 10:38,11/8/2017 10:38,11/10/2017 13:01,11/14/2017 18:30,11/15/2017 5:00,665.93,516.0,149.93,29.6,DRV,,,False,0,Carrier 408796,Shipper 758,True,True,True,11/14/2017 18:30,11/15/2017 0:30,False,False,False,False,False,False,False,False,Stockton,CA ,Stockton,CA 
8564,206431953,5/3/2017 8:31,5/3/2017 8:31,5/3/2017 17:56,5/4/2017 12:00,5/5/2017 9:15,664.35,650.0,14.35,269.1,DRV,3.0,,False,1,Carrier 1331962,Shipper 1357,True,True,True,5/4/2017 14:00,5/5/2017 10:00,False,False,False,False,False,False,False,False,Savannah,GA ,Savannah,GA 
8565,206527409,10/30/2017 16:56,10/30/2017 16:56,11/2/2017 14:10,11/2/2017 17:00,11/5/2017 0:30,663.96,500.0,163.96,37.4,DRV,,,False,0,Carrier 1040375,Shipper 758,True,True,True,11/2/2017 17:00,11/4/2017 23:00,False,False,False,False,False,False,False,False,Jurupa Valley,CA ,Jurupa Valley,CA 
8566,206522593,7/19/2017 15:32,7/19/2017 15:33,7/20/2017 11:37,7/21/2017 7:00,7/24/2017 9:30,661.85,600.0,61.85,135.4,DRV,,,False,0,Carrier 1402429,Shipper 1078,True,True,True,7/21/2017 10:00,7/24/2017 10:00,False,False,False,False,False,False,False,False,York,PA ,York,PA 
8567,206473985,7/28/2017 13:56,7/28/2017 13:56,7/28/2017 18:03,7/31/2017 7:00,7/31/2017 10:45,661.77,650.0,11.77,29.8,DRV,,,False,0,Carrier 1396953,Shipper 1249,True,True,True,7/31/2017 7:00,7/31/2017 12:00,False,False,False,False,False,False,False,False,Baldwinsville,NY ,Baldwinsville,NY 
8568,206473985,7/28/2017 13:56,7/28/2017 13:56,7/28/2017 18:03,7/31/2017 7:00,7/31/2017 10:45,661.77,650.0,11.77,29.8,DRV,,,False,0,Carrier 1396953,Shipper 1375,True,True,True,7/31/2017 7:00,7/31/2017 12:00,False,False,False,False,False,False,False,False,Baldwinsville,NY ,Baldwinsville,NY 
8569,206473985,7/28/2017 13:56,7/28/2017 13:56,7/28/2017 18:03,7/31/2017 7:00,7/31/2017 10:45,661.77,650.0,11.77,29.8,DRV,,,False,0,Carrier 1396953,Shipper 1386,True,True,True,7/31/2017 7:00,7/31/2017 12:00,False,False,False,False,False,False,False,False,Baldwinsville,NY ,Baldwinsville,NY 
8570,206473985,7/28/2017 13:56,7/28/2017 13:56,7/28/2017 18:03,7/31/2017 7:00,7/31/2017 10:45,661.77,650.0,11.77,29.8,DRV,,,False,0,Carrier 1396953,Shipper 1248,True,True,True,7/31/2017 7:00,7/31/2017 12:00,False,False,False,False,False,False,False,False,Baldwinsville,NY ,Baldwinsville,NY 
8571,206473985,7/28/2017 13:56,7/28/2017 13:56,7/28/2017 18:03,7/31/2017 7:00,7/31/2017 10:45,661.77,650.0,11.77,29.8,DRV,,,False,0,Carrier 1396953,Shipper 1387,True,True,True,7/31/2017 7:00,7/31/2017 12:00,False,False,False,False,False,False,False,False,Baldwinsville,NY ,Baldwinsville,NY 
8572,206473985,7/28/2017 13:56,7/28/2017 13:56,7/28/2017 18:03,7/31/2017 7:00,7/31/2017 10:45,661.77,650.0,11.77,29.8,DRV,,,False,0,Carrier 1396953,Shipper 1388,True,True,True,7/31/2017 7:00,7/31/2017 12:00,False,False,False,False,False,False,False,False,Baldwinsville,NY ,Baldwinsville,NY 
8573,206558313,11/9/2017 9:47,11/9/2017 9:47,11/10/2017 16:20,11/13/2017 19:00,11/14/2017 11:15,660.88,475.0,185.88,65.2,DRV,,,False,0,Carrier 955586,Shipper 758,True,True,True,11/13/2017 19:00,11/14/2017 8:00,False,False,False,False,False,False,False,False,Richmond,CA ,Richmond,CA 
8574,206702057,3/16/2017 10:45,3/16/2017 10:45,3/16/2017 13:01,3/17/2017 7:00,3/17/2017 12:00,660.24,575.0,85.24,135.4,DRV,3.0,,False,0,Carrier 2058,Shipper 1078,,,,3/17/2017 12:00,3/17/2017 16:00,False,False,False,False,False,False,False,False,York,PA ,York,PA 
8575,206758233,3/9/2017 16:26,3/9/2017 16:26,3/13/2017 12:13,3/13/2017 9:00,3/14/2017 17:00,660.0,600.0,60.0,303.0,DRV,,,False,1,Carrier 1005235,Shipper 744,True,True,True,3/13/2017 15:30,3/14/2017 23:55,False,False,False,False,False,False,False,False,Conover,NC ,Conover,NC 
8576,206507457,3/2/2017 17:28,3/2/2017 17:29,3/20/2017 11:20,3/22/2017 8:00,3/22/2017 18:30,660.0,600.0,60.0,303.0,DRV,,,False,0,Carrier 1037934,Shipper 744,True,True,True,3/22/2017 15:30,3/23/2017 23:00,False,False,False,False,False,False,False,False,Conover,NC ,Conover,NC 
8577,206657961,3/2/2017 17:25,3/2/2017 17:26,3/13/2017 12:30,3/15/2017 8:00,3/15/2017 19:55,660.0,600.0,60.0,303.0,DRV,3.0,,False,0,Carrier 1037934,Shipper 744,,,,3/15/2017 15:30,3/15/2017 23:55,False,False,False,False,False,False,False,False,Conover,NC ,Conover,NC 
8578,206601769,3/2/2017 17:30,3/2/2017 17:30,3/21/2017 13:06,3/27/2017 8:00,3/27/2017 22:30,660.0,600.0,60.0,303.0,DRV,,,False,0,Carrier 1037934,Shipper 744,True,True,True,3/27/2017 15:30,3/27/2017 23:55,False,False,False,False,False,False,False,False,Conover,NC ,Conover,NC 
8579,206556657,2/28/2017 17:06,2/28/2017 17:06,3/1/2017 14:18,3/2/2017 8:00,3/2/2017 21:00,660.0,600.0,60.0,303.0,DRV,4.0,,False,0,Carrier 1037934,Shipper 744,True,True,True,3/2/2017 15:45,3/3/2017 19:00,False,False,False,False,False,False,False,False,Conover,NC ,Conover,NC 
8580,206556665,3/2/2017 17:22,3/2/2017 17:22,3/6/2017 17:00,3/9/2017 8:00,3/9/2017 17:45,660.0,600.0,60.0,303.0,DRV,,,False,0,Carrier 1037934,Shipper 744,True,False,False,3/9/2017 12:00,3/9/2017 9:00,False,False,False,False,False,False,False,False,Conover,NC ,Conover,NC 
8581,206422673,3/2/2017 17:27,3/2/2017 17:27,3/15/2017 13:12,3/17/2017 9:00,3/17/2017 20:50,660.0,600.0,60.0,303.0,DRV,,,False,0,Carrier 1037934,Shipper 744,True,True,True,3/17/2017 15:30,3/17/2017 23:00,False,False,False,False,False,False,False,False,Conover,NC ,Conover,NC 
8582,206601441,3/2/2017 17:06,3/2/2017 17:06,3/3/2017 10:04,3/6/2017 8:00,3/6/2017 21:30,660.0,600.0,60.0,303.0,DRV,,,False,0,Carrier 1037934,Shipper 744,True,True,True,3/6/2017 15:00,3/6/2017 23:55,False,False,False,False,False,False,False,False,Conover,NC ,Conover,NC 
8583,206466593,3/2/2017 17:23,3/2/2017 17:23,3/9/2017 10:58,3/10/2017 9:00,3/13/2017 11:00,660.0,600.0,60.0,303.0,DRV,,,False,0,Carrier 1037934,Shipper 744,True,True,True,3/10/2017 15:30,3/13/2017 9:00,False,False,False,False,False,False,False,False,Conover,NC ,Conover,NC 
8584,206589449,11/8/2017 10:12,11/8/2017 10:12,11/9/2017 14:26,11/13/2017 18:30,11/14/2017 2:40,659.93,510.0,149.93,29.6,DRV,,,False,0,Carrier 1558859,Shipper 758,True,True,True,11/13/2017 18:30,11/14/2017 0:30,False,False,False,False,False,False,False,False,Stockton,CA ,Stockton,CA 
8585,206536817,11/10/2017 11:44,11/10/2017 11:44,11/10/2017 19:43,11/16/2017 18:30,11/17/2017 3:30,659.93,510.0,149.93,29.6,DRV,,,False,0,Carrier 408796,Shipper 758,True,True,True,11/16/2017 18:30,11/17/2017 0:30,False,False,False,False,False,False,False,False,Stockton,CA ,Stockton,CA 
8586,206569129,5/23/2017 12:08,5/23/2017 12:08,5/24/2017 14:20,5/25/2017 9:00,5/26/2017 7:15,658.65,600.0,58.65,353.2,DRV,,,False,0,Carrier 869468,Shipper 971,True,True,True,5/25/2017 17:30,5/26/2017 6:30,False,False,False,False,False,False,False,False,Dallas,TX ,Dallas,TX 
8587,206505737,12/14/2017 16:43,12/14/2017 16:43,12/19/2017 8:51,12/19/2017 10:00,12/20/2017 11:20,658.08,800.0,-141.92,261.4,DRV,,dat_in,False,2,Carrier 754417,Shipper 1249,True,True,True,12/19/2017 14:00,12/20/2017 15:00,False,False,False,False,False,False,False,False,Fort Collins,CO ,Fort Collins,CO 
8588,206505737,12/14/2017 16:43,12/14/2017 16:43,12/19/2017 8:51,12/19/2017 10:00,12/20/2017 11:20,658.08,800.0,-141.92,261.4,DRV,,dat_in,False,2,Carrier 754417,Shipper 1375,True,True,True,12/19/2017 14:00,12/20/2017 15:00,False,False,False,False,False,False,False,False,Fort Collins,CO ,Fort Collins,CO 
8589,206505737,12/14/2017 16:43,12/14/2017 16:43,12/19/2017 8:51,12/19/2017 10:00,12/20/2017 11:20,658.08,800.0,-141.92,261.4,DRV,,dat_in,False,2,Carrier 754417,Shipper 1386,True,True,True,12/19/2017 14:00,12/20/2017 15:00,False,False,False,False,False,False,False,False,Fort Collins,CO ,Fort Collins,CO 
8590,206505737,12/14/2017 16:43,12/14/2017 16:43,12/19/2017 8:51,12/19/2017 10:00,12/20/2017 11:20,658.08,800.0,-141.92,261.4,DRV,,dat_in,False,2,Carrier 754417,Shipper 1248,True,True,True,12/19/2017 14:00,12/20/2017 15:00,False,False,False,False,False,False,False,False,Fort Collins,CO ,Fort Collins,CO 
8591,206505737,12/14/2017 16:43,12/14/2017 16:43,12/19/2017 8:51,12/19/2017 10:00,12/20/2017 11:20,658.08,800.0,-141.92,261.4,DRV,,dat_in,False,2,Carrier 754417,Shipper 1387,True,True,True,12/19/2017 14:00,12/20/2017 15:00,False,False,False,False,False,False,False,False,Fort Collins,CO ,Fort Collins,CO 
8592,206505737,12/14/2017 16:43,12/14/2017 16:43,12/19/2017 8:51,12/19/2017 10:00,12/20/2017 11:20,658.08,800.0,-141.92,261.4,DRV,,dat_in,False,2,Carrier 754417,Shipper 1388,True,True,True,12/19/2017 14:00,12/20/2017 15:00,False,False,False,False,False,False,False,False,Fort Collins,CO ,Fort Collins,CO 
8593,206501489,6/6/2017 17:54,6/6/2017 17:54,6/9/2017 9:34,6/12/2017 11:00,6/12/2017 17:55,656.38,575.0,81.38,54.0,DRV,,,False,0,Carrier 1079196,Shipper 1249,True,True,True,6/12/2017 11:00,6/12/2017 16:00,False,False,False,False,False,False,False,False,Fairfield,CA ,Fairfield,CA 
8594,206501489,6/6/2017 17:54,6/6/2017 17:54,6/9/2017 9:34,6/12/2017 11:00,6/12/2017 17:55,656.38,575.0,81.38,54.0,DRV,,,False,0,Carrier 1079196,Shipper 1375,True,True,True,6/12/2017 11:00,6/12/2017 16:00,False,False,False,False,False,False,False,False,Fairfield,CA ,Fairfield,CA 
8595,206501489,6/6/2017 17:54,6/6/2017 17:54,6/9/2017 9:34,6/12/2017 11:00,6/12/2017 17:55,656.38,575.0,81.38,54.0,DRV,,,False,0,Carrier 1079196,Shipper 1386,True,True,True,6/12/2017 11:00,6/12/2017 16:00,False,False,False,False,False,False,False,False,Fairfield,CA ,Fairfield,CA 
8596,206501489,6/6/2017 17:54,6/6/2017 17:54,6/9/2017 9:34,6/12/2017 11:00,6/12/2017 17:55,656.38,575.0,81.38,54.0,DRV,,,False,0,Carrier 1079196,Shipper 1248,True,True,True,6/12/2017 11:00,6/12/2017 16:00,False,False,False,False,False,False,False,False,Fairfield,CA ,Fairfield,CA 
8597,206501489,6/6/2017 17:54,6/6/2017 17:54,6/9/2017 9:34,6/12/2017 11:00,6/12/2017 17:55,656.38,575.0,81.38,54.0,DRV,,,False,0,Carrier 1079196,Shipper 1387,True,True,True,6/12/2017 11:00,6/12/2017 16:00,False,False,False,False,False,False,False,False,Fairfield,CA ,Fairfield,CA 
8598,206501489,6/6/2017 17:54,6/6/2017 17:54,6/9/2017 9:34,6/12/2017 11:00,6/12/2017 17:55,656.38,575.0,81.38,54.0,DRV,,,False,0,Carrier 1079196,Shipper 1388,True,True,True,6/12/2017 11:00,6/12/2017 16:00,False,False,False,False,False,False,False,False,Fairfield,CA ,Fairfield,CA 
8599,206512793,4/25/2017 12:01,4/25/2017 12:01,4/25/2017 14:02,4/26/2017 7:00,4/27/2017 9:45,656.3,600.0,56.3,135.4,DRV,4.0,,False,0,Carrier 1694149,Shipper 1078,True,True,True,4/26/2017 14:30,4/27/2017 16:00,False,False,False,False,False,False,False,False,York,PA ,York,PA 
8600,206560321,8/2/2017 8:30,8/2/2017 8:30,8/3/2017 19:20,8/5/2017 14:00,8/5/2017 16:15,654.08,725.0,-70.92,51.3,RFR,,,False,0,Carrier 1215458,Shipper 758,True,True,True,8/5/2017 14:00,8/5/2017 18:00,False,False,False,False,False,False,False,False,Mukilteo,WA ,Mukilteo,WA 
8601,206665249,8/2/2017 8:25,8/2/2017 8:25,8/3/2017 19:20,8/6/2017 14:00,8/6/2017 14:50,654.08,725.0,-70.92,51.3,RFR,,,False,0,Carrier 1215458,Shipper 758,True,True,True,8/6/2017 14:00,8/6/2017 18:00,False,False,False,False,False,False,False,False,Mukilteo,WA ,Mukilteo,WA 
8602,206421985,1/17/2017 7:55,1/17/2017 7:55,1/17/2017 11:14,1/18/2017 8:00,1/18/2017 13:45,653.44,600.0,53.44,156.2,DRV,3.0,,False,0,Carrier 1113714,Shipper 968,,,,1/18/2017 10:00,1/18/2017 16:30,False,False,False,False,False,False,False,False,Columbia,PA ,Columbia,PA 
8603,206606409,5/4/2017 12:57,5/4/2017 12:57,5/4/2017 16:52,5/4/2017 18:00,5/5/2017 10:00,652.8,1400.0,-747.2,361.2,DRV,3.0,,False,0,Carrier 731927,Shipper 1249,True,True,True,5/4/2017 20:00,5/5/2017 14:30,False,False,False,False,False,False,False,False,Cartersville,GA ,Cartersville,GA 
8604,206606409,5/4/2017 12:57,5/4/2017 12:57,5/4/2017 16:52,5/4/2017 18:00,5/5/2017 10:00,652.8,1400.0,-747.2,361.2,DRV,3.0,,False,0,Carrier 731927,Shipper 1375,True,True,True,5/4/2017 20:00,5/5/2017 14:30,False,False,False,False,False,False,False,False,Cartersville,GA ,Cartersville,GA 
8605,206606409,5/4/2017 12:57,5/4/2017 12:57,5/4/2017 16:52,5/4/2017 18:00,5/5/2017 10:00,652.8,1400.0,-747.2,361.2,DRV,3.0,,False,0,Carrier 731927,Shipper 1386,True,True,True,5/4/2017 20:00,5/5/2017 14:30,False,False,False,False,False,False,False,False,Cartersville,GA ,Cartersville,GA 
8606,206606409,5/4/2017 12:57,5/4/2017 12:57,5/4/2017 16:52,5/4/2017 18:00,5/5/2017 10:00,652.8,1400.0,-747.2,361.2,DRV,3.0,,False,0,Carrier 731927,Shipper 1248,True,True,True,5/4/2017 20:00,5/5/2017 14:30,False,False,False,False,False,False,False,False,Cartersville,GA ,Cartersville,GA 
8607,206606409,5/4/2017 12:57,5/4/2017 12:57,5/4/2017 16:52,5/4/2017 18:00,5/5/2017 10:00,652.8,1400.0,-747.2,361.2,DRV,3.0,,False,0,Carrier 731927,Shipper 1387,True,True,True,5/4/2017 20:00,5/5/2017 14:30,False,False,False,False,False,False,False,False,Cartersville,GA ,Cartersville,GA 
8608,206606409,5/4/2017 12:57,5/4/2017 12:57,5/4/2017 16:52,5/4/2017 18:00,5/5/2017 10:00,652.8,1400.0,-747.2,361.2,DRV,3.0,,False,0,Carrier 731927,Shipper 1388,True,True,True,5/4/2017 20:00,5/5/2017 14:30,False,False,False,False,False,False,False,False,Cartersville,GA ,Cartersville,GA 
8609,206467929,8/8/2017 10:31,8/8/2017 10:34,8/9/2017 14:06,8/10/2017 7:00,8/11/2017 8:48,652.37,625.0,27.37,295.9,DRV,,,False,0,Carrier 1610446,Shipper 765,True,False,False,8/10/2017 16:00,8/11/2017 7:30,False,False,False,False,False,False,False,False,Frankfort,KY ,Frankfort,KY 
8610,206467929,8/8/2017 10:31,8/8/2017 10:34,8/9/2017 14:06,8/10/2017 7:00,8/11/2017 8:48,652.37,625.0,27.37,295.9,DRV,,,False,0,Carrier 1610446,Shipper 764,True,False,False,8/10/2017 16:00,8/11/2017 7:30,False,False,False,False,False,False,False,False,Frankfort,KY ,Frankfort,KY 
8611,206481289,4/21/2017 16:19,4/21/2017 16:19,4/24/2017 16:28,4/25/2017 0:00,4/26/2017 10:00,650.91,850.0,-199.09,234.5,DRV,4.0,,False,0,Carrier 1695228,Shipper 1249,True,False,True,4/25/2017 0:00,4/25/2017 14:30,False,False,False,False,False,False,False,False,Houston,TX ,Houston,TX 
8612,206481289,4/21/2017 16:19,4/21/2017 16:19,4/24/2017 16:28,4/25/2017 0:00,4/26/2017 10:00,650.91,850.0,-199.09,234.5,DRV,4.0,,False,0,Carrier 1695228,Shipper 1375,True,False,True,4/25/2017 0:00,4/25/2017 14:30,False,False,False,False,False,False,False,False,Houston,TX ,Houston,TX 
8613,206481289,4/21/2017 16:19,4/21/2017 16:19,4/24/2017 16:28,4/25/2017 0:00,4/26/2017 10:00,650.91,850.0,-199.09,234.5,DRV,4.0,,False,0,Carrier 1695228,Shipper 1386,True,False,True,4/25/2017 0:00,4/25/2017 14:30,False,False,False,False,False,False,False,False,Houston,TX ,Houston,TX 
8614,206481289,4/21/2017 16:19,4/21/2017 16:19,4/24/2017 16:28,4/25/2017 0:00,4/26/2017 10:00,650.91,850.0,-199.09,234.5,DRV,4.0,,False,0,Carrier 1695228,Shipper 1248,True,False,True,4/25/2017 0:00,4/25/2017 14:30,False,False,False,False,False,False,False,False,Houston,TX ,Houston,TX 
8615,206481289,4/21/2017 16:19,4/21/2017 16:19,4/24/2017 16:28,4/25/2017 0:00,4/26/2017 10:00,650.91,850.0,-199.09,234.5,DRV,4.0,,False,0,Carrier 1695228,Shipper 1387,True,False,True,4/25/2017 0:00,4/25/2017 14:30,False,False,False,False,False,False,False,False,Houston,TX ,Houston,TX 
8616,206481289,4/21/2017 16:19,4/21/2017 16:19,4/24/2017 16:28,4/25/2017 0:00,4/26/2017 10:00,650.91,850.0,-199.09,234.5,DRV,4.0,,False,0,Carrier 1695228,Shipper 1388,True,False,True,4/25/2017 0:00,4/25/2017 14:30,False,False,False,False,False,False,False,False,Houston,TX ,Houston,TX 
8617,206467897,5/31/2017 12:09,5/31/2017 12:09,6/6/2017 13:39,6/6/2017 5:00,6/7/2017 9:00,650.7,1250.0,-599.3,243.7,DRV,,,False,0,Carrier 54298,Shipper 1249,False,True,False,6/6/2017 5:00,6/7/2017 15:00,False,False,False,False,False,False,False,False,Columbus,OH ,Columbus,OH 
8618,206467897,5/31/2017 12:09,5/31/2017 12:09,6/6/2017 13:39,6/6/2017 5:00,6/7/2017 9:00,650.7,1250.0,-599.3,243.7,DRV,,,False,0,Carrier 54298,Shipper 1375,False,True,False,6/6/2017 5:00,6/7/2017 15:00,False,False,False,False,False,False,False,False,Columbus,OH ,Columbus,OH 
8619,206467897,5/31/2017 12:09,5/31/2017 12:09,6/6/2017 13:39,6/6/2017 5:00,6/7/2017 9:00,650.7,1250.0,-599.3,243.7,DRV,,,False,0,Carrier 54298,Shipper 1386,False,True,False,6/6/2017 5:00,6/7/2017 15:00,False,False,False,False,False,False,False,False,Columbus,OH ,Columbus,OH 
8620,206467897,5/31/2017 12:09,5/31/2017 12:09,6/6/2017 13:39,6/6/2017 5:00,6/7/2017 9:00,650.7,1250.0,-599.3,243.7,DRV,,,False,0,Carrier 54298,Shipper 1248,False,True,False,6/6/2017 5:00,6/7/2017 15:00,False,False,False,False,False,False,False,False,Columbus,OH ,Columbus,OH 
8621,206467897,5/31/2017 12:09,5/31/2017 12:09,6/6/2017 13:39,6/6/2017 5:00,6/7/2017 9:00,650.7,1250.0,-599.3,243.7,DRV,,,False,0,Carrier 54298,Shipper 1387,False,True,False,6/6/2017 5:00,6/7/2017 15:00,False,False,False,False,False,False,False,False,Columbus,OH ,Columbus,OH 
8622,206467897,5/31/2017 12:09,5/31/2017 12:09,6/6/2017 13:39,6/6/2017 5:00,6/7/2017 9:00,650.7,1250.0,-599.3,243.7,DRV,,,False,0,Carrier 54298,Shipper 1388,False,True,False,6/6/2017 5:00,6/7/2017 15:00,False,False,False,False,False,False,False,False,Columbus,OH ,Columbus,OH 
8623,206569121,4/20/2017 9:33,4/20/2017 9:34,4/24/2017 10:53,4/24/2017 7:00,4/25/2017 10:30,650.0,700.0,-50.0,309.2,DRV,3.0,,False,0,Carrier 1465657,Shipper 560,True,True,True,4/24/2017 14:00,4/25/2017 17:00,False,False,False,False,False,False,False,False,Wanaque,NJ ,Wanaque,NJ 
8624,206473321,8/11/2017 9:28,8/11/2017 9:28,8/15/2017 9:54,8/15/2017 8:00,8/16/2017 15:30,650.0,550.0,100.0,148.0,DRV,,,False,0,Carrier 288241,Shipper 968,False,True,True,8/15/2017 8:00,8/16/2017 16:30,False,False,False,False,False,False,False,False,Lancaster,PA ,Lancaster,PA 
8625,206701801,3/16/2017 14:16,3/16/2017 14:16,3/16/2017 15:10,3/16/2017 18:00,3/17/2017 11:15,650.0,650.0,0.0,404.9,RFR,,,False,1,Carrier 9278,Shipper 866,True,True,True,3/16/2017 18:00,3/17/2017 8:00,False,False,False,False,False,False,False,False,Pescadero,CA ,Pescadero,CA 
8626,206557641,4/20/2017 9:38,4/20/2017 9:38,4/24/2017 14:10,4/25/2017 7:00,4/26/2017 10:30,650.0,675.0,-25.0,309.2,DRV,3.0,,False,0,Carrier 359818,Shipper 560,True,True,True,4/25/2017 14:00,4/26/2017 17:00,False,False,False,False,False,False,False,False,Wanaque,NJ ,Wanaque,NJ 
8627,206666737,4/14/2017 12:59,4/14/2017 12:59,4/14/2017 15:24,4/17/2017 17:00,4/18/2017 11:00,650.0,450.0,200.0,303.3,DRV,3.0,,False,0,Carrier 1058232,Shipper 866,True,True,True,4/17/2017 17:00,4/18/2017 9:00,False,False,False,False,False,False,False,False,Crows Landing,CA ,Crows Landing,CA 
8628,206469841,4/3/2017 12:44,4/3/2017 12:45,4/3/2017 14:59,4/4/2017 19:00,4/5/2017 12:05,650.0,450.0,200.0,303.3,DRV,,,False,0,Carrier 1058232,Shipper 866,True,True,True,4/4/2017 19:00,4/5/2017 10:00,False,False,False,False,False,False,False,False,Crows Landing,CA ,Crows Landing,CA 
8629,206541209,2/21/2017 10:04,2/21/2017 10:04,3/1/2017 16:23,3/6/2017 8:00,3/7/2017 10:30,650.0,475.0,175.0,484.8,DRV,,,False,0,Carrier 1356737,Shipper 585,True,False,False,3/6/2017 16:00,3/7/2017 9:00,False,False,False,False,False,False,False,False,Plant City,FL ,Plant City,FL 
8630,206601809,7/7/2017 17:23,7/7/2017 17:23,7/18/2017 14:33,7/26/2017 15:00,7/27/2017 10:45,650.0,630.0,20.0,487.7,DRV,,,False,0,Carrier 941668,Shipper 585,False,True,True,7/26/2017 15:00,7/27/2017 10:00,False,False,False,False,False,False,False,False,Plant City,FL ,Plant City,FL 
8631,206570817,8/9/2017 14:54,8/9/2017 14:54,8/11/2017 8:04,8/11/2017 15:00,8/14/2017 10:30,650.0,700.0,-50.0,615.4,DRV,,,False,0,Carrier 1416454,Shipper 1184,True,True,True,8/11/2017 15:00,8/14/2017 9:00,False,False,False,False,False,False,False,False,Plant City,FL ,Plant City,FL 
8632,206530521,12/15/2017 10:42,12/15/2017 10:42,12/15/2017 11:48,12/15/2017 10:00,12/15/2017 19:30,650.0,450.0,200.0,17.0,DRV,,dat_out,False,0,Carrier 1102170,Shipper 585,True,True,True,12/15/2017 14:00,12/15/2017 19:00,False,False,False,False,False,False,False,False,La Mirada,CA ,La Mirada,CA 
8633,206704393,7/14/2017 10:31,7/14/2017 10:32,7/18/2017 14:58,7/21/2017 11:00,7/22/2017 1:30,647.71,683.0,-35.29,232.3,DRV,,,False,0,Carrier 1558859,Shipper 758,True,True,True,7/21/2017 19:00,7/21/2017 22:30,False,False,False,False,False,False,False,False,Taft,CA ,Taft,CA 
8634,206598601,10/27/2017 12:20,10/27/2017 12:20,10/31/2017 15:55,10/31/2017 15:00,11/1/2017 8:17,646.8,700.0,-53.2,151.9,DRV,,,False,1,Carrier 854001,Shipper 1184,False,True,True,10/31/2017 15:00,11/1/2017 8:00,False,False,False,False,False,False,False,False,Linden,NJ ,Linden,NJ 
8635,206428049,3/24/2017 16:49,3/24/2017 16:49,3/27/2017 18:55,3/27/2017 23:00,3/28/2017 13:55,645.54,1100.0,-454.46,265.7,DRV,4.0,,False,0,Carrier 150473,Shipper 1249,True,True,True,3/27/2017 23:00,3/28/2017 12:00,False,False,False,False,False,False,False,False,Granite City,IL ,Granite City,IL 
8636,206428049,3/24/2017 16:49,3/24/2017 16:49,3/27/2017 18:55,3/27/2017 23:00,3/28/2017 13:55,645.54,1100.0,-454.46,265.7,DRV,4.0,,False,0,Carrier 150473,Shipper 1375,True,True,True,3/27/2017 23:00,3/28/2017 12:00,False,False,False,False,False,False,False,False,Granite City,IL ,Granite City,IL 
8637,206428049,3/24/2017 16:49,3/24/2017 16:49,3/27/2017 18:55,3/27/2017 23:00,3/28/2017 13:55,645.54,1100.0,-454.46,265.7,DRV,4.0,,False,0,Carrier 150473,Shipper 1386,True,True,True,3/27/2017 23:00,3/28/2017 12:00,False,False,False,False,False,False,False,False,Granite City,IL ,Granite City,IL 
8638,206428049,3/24/2017 16:49,3/24/2017 16:49,3/27/2017 18:55,3/27/2017 23:00,3/28/2017 13:55,645.54,1100.0,-454.46,265.7,DRV,4.0,,False,0,Carrier 150473,Shipper 1248,True,True,True,3/27/2017 23:00,3/28/2017 12:00,False,False,False,False,False,False,False,False,Granite City,IL ,Granite City,IL 
8639,206428049,3/24/2017 16:49,3/24/2017 16:49,3/27/2017 18:55,3/27/2017 23:00,3/28/2017 13:55,645.54,1100.0,-454.46,265.7,DRV,4.0,,False,0,Carrier 150473,Shipper 1387,True,True,True,3/27/2017 23:00,3/28/2017 12:00,False,False,False,False,False,False,False,False,Granite City,IL ,Granite City,IL 
8640,206428049,3/24/2017 16:49,3/24/2017 16:49,3/27/2017 18:55,3/27/2017 23:00,3/28/2017 13:55,645.54,1100.0,-454.46,265.7,DRV,4.0,,False,0,Carrier 150473,Shipper 1388,True,True,True,3/27/2017 23:00,3/28/2017 12:00,False,False,False,False,False,False,False,False,Granite City,IL ,Granite City,IL 
8641,206546953,11/14/2017 13:49,11/14/2017 13:50,11/15/2017 9:58,11/15/2017 12:00,11/16/2017 8:45,645.0,600.0,45.0,94.7,DRV,,,False,1,Carrier 1695664,Shipper 1184,True,True,True,11/15/2017 15:00,11/16/2017 9:00,False,False,False,False,False,False,False,False,Pennsauken Township,NJ ,Pennsauken Township,NJ 
8642,206532097,11/9/2017 12:25,11/9/2017 12:25,11/29/2017 8:30,11/29/2017 8:00,11/30/2017 10:00,645.0,600.0,45.0,94.7,DRV,,,False,1,Carrier 1695664,Shipper 1184,True,True,True,11/29/2017 15:00,11/30/2017 7:00,False,False,False,False,False,False,False,False,Pennsauken Township,NJ ,Pennsauken Township,NJ 
8643,206592097,11/8/2017 13:59,11/8/2017 13:59,11/21/2017 10:17,11/21/2017 8:00,11/22/2017 9:30,645.0,600.0,45.0,94.7,DRV,,,False,0,Carrier 1695664,Shipper 1184,True,True,True,11/21/2017 15:00,11/22/2017 10:00,False,False,False,False,False,False,False,False,Pennsauken Township,NJ ,Pennsauken Township,NJ 
8644,206643217,11/8/2017 13:48,11/8/2017 13:48,11/15/2017 9:58,11/30/2017 8:00,12/1/2017 10:40,645.0,600.0,45.0,94.7,DRV,,,False,0,Carrier 1695664,Shipper 1184,True,False,False,11/30/2017 15:00,12/1/2017 9:00,False,False,False,False,False,False,False,False,Pennsauken Township,NJ ,Pennsauken Township,NJ 
8645,206461897,8/10/2017 13:08,8/10/2017 13:08,8/18/2017 14:25,8/22/2017 17:00,8/23/2017 10:00,644.23,665.0,-20.77,257.5,DRV,,,False,1,Carrier 1695459,Shipper 758,True,True,True,8/22/2017 17:00,8/23/2017 7:00,False,False,False,False,False,False,False,False,Grapevine,TX ,Grapevine,TX 
8646,206533641,6/28/2017 18:13,6/28/2017 18:13,7/6/2017 13:42,7/6/2017 15:00,7/7/2017 4:20,643.88,523.0,120.88,130.8,DRV,,,False,1,Carrier 567581,Shipper 758,False,True,True,7/6/2017 15:00,7/6/2017 23:30,False,False,False,False,False,False,False,False,Hawkins,TX ,Hawkins,TX 
8647,206512361,4/5/2017 11:03,4/5/2017 11:04,4/5/2017 17:18,4/6/2017 8:00,4/7/2017 10:55,643.53,600.0,43.53,373.8,DRV,4.0,,False,0,Carrier 1021797,Shipper 623,True,True,True,4/6/2017 12:00,4/7/2017 9:00,False,False,False,False,False,False,False,False,Reading,PA ,Reading,PA 
8648,206571809,5/30/2017 13:28,5/30/2017 13:28,5/31/2017 14:41,5/31/2017 22:00,6/1/2017 9:15,643.51,800.0,-156.49,339.1,DRV,,,False,0,Carrier 31074,Shipper 1249,True,True,True,5/31/2017 22:00,6/1/2017 15:30,False,False,False,False,False,False,False,False,Williamsburg,VA ,Williamsburg,VA 
8649,206571809,5/30/2017 13:28,5/30/2017 13:28,5/31/2017 14:41,5/31/2017 22:00,6/1/2017 9:15,643.51,800.0,-156.49,339.1,DRV,,,False,0,Carrier 31074,Shipper 1375,True,True,True,5/31/2017 22:00,6/1/2017 15:30,False,False,False,False,False,False,False,False,Williamsburg,VA ,Williamsburg,VA 
8650,206571809,5/30/2017 13:28,5/30/2017 13:28,5/31/2017 14:41,5/31/2017 22:00,6/1/2017 9:15,643.51,800.0,-156.49,339.1,DRV,,,False,0,Carrier 31074,Shipper 1386,True,True,True,5/31/2017 22:00,6/1/2017 15:30,False,False,False,False,False,False,False,False,Williamsburg,VA ,Williamsburg,VA 
8651,206571809,5/30/2017 13:28,5/30/2017 13:28,5/31/2017 14:41,5/31/2017 22:00,6/1/2017 9:15,643.51,800.0,-156.49,339.1,DRV,,,False,0,Carrier 31074,Shipper 1248,True,True,True,5/31/2017 22:00,6/1/2017 15:30,False,False,False,False,False,False,False,False,Williamsburg,VA ,Williamsburg,VA 
8652,206571809,5/30/2017 13:28,5/30/2017 13:28,5/31/2017 14:41,5/31/2017 22:00,6/1/2017 9:15,643.51,800.0,-156.49,339.1,DRV,,,False,0,Carrier 31074,Shipper 1387,True,True,True,5/31/2017 22:00,6/1/2017 15:30,False,False,False,False,False,False,False,False,Williamsburg,VA ,Williamsburg,VA 
8653,206571809,5/30/2017 13:28,5/30/2017 13:28,5/31/2017 14:41,5/31/2017 22:00,6/1/2017 9:15,643.51,800.0,-156.49,339.1,DRV,,,False,0,Carrier 31074,Shipper 1388,True,True,True,5/31/2017 22:00,6/1/2017 15:30,False,False,False,False,False,False,False,False,Williamsburg,VA ,Williamsburg,VA 
8654,206666801,10/31/2017 10:46,10/31/2017 10:46,10/31/2017 13:21,11/3/2017 8:00,11/3/2017 13:26,643.4,550.0,93.4,59.7,DRV,,,False,0,Carrier 1150261,Shipper 1175,True,True,True,11/3/2017 11:00,11/3/2017 15:00,False,False,False,False,False,True,False,False,Narvon,PA ,Narvon,PA 
8655,206776153,12/18/2017 17:52,12/18/2017 17:52,12/19/2017 10:57,12/19/2017 21:00,12/20/2017 10:30,641.44,970.0,-328.56,296.4,RFR,,,False,0,Carrier 1000776,Shipper 1249,True,True,True,12/19/2017 21:00,12/20/2017 16:00,False,False,False,False,False,False,False,False,Jacksonville,FL ,Jacksonville,FL 
8656,206776153,12/18/2017 17:52,12/18/2017 17:52,12/19/2017 10:57,12/19/2017 21:00,12/20/2017 10:30,641.44,970.0,-328.56,296.4,RFR,,,False,0,Carrier 1000776,Shipper 1375,True,True,True,12/19/2017 21:00,12/20/2017 16:00,False,False,False,False,False,False,False,False,Jacksonville,FL ,Jacksonville,FL 
8657,206505385,12/18/2017 16:49,12/18/2017 16:49,12/19/2017 9:31,12/19/2017 12:00,12/20/2017 14:00,641.44,1000.0,-358.56,296.4,RFR,,dat_in,False,0,Carrier 159867,Shipper 1249,True,True,True,12/19/2017 12:00,12/20/2017 15:30,False,False,False,False,False,False,False,False,Jacksonville,FL ,Jacksonville,FL 
8658,206776153,12/18/2017 17:52,12/18/2017 17:52,12/19/2017 10:57,12/19/2017 21:00,12/20/2017 10:30,641.44,970.0,-328.56,296.4,RFR,,,False,0,Carrier 1000776,Shipper 1386,True,True,True,12/19/2017 21:00,12/20/2017 16:00,False,False,False,False,False,False,False,False,Jacksonville,FL ,Jacksonville,FL 
8659,206505385,12/18/2017 16:49,12/18/2017 16:49,12/19/2017 9:31,12/19/2017 12:00,12/20/2017 14:00,641.44,1000.0,-358.56,296.4,RFR,,dat_in,False,0,Carrier 159867,Shipper 1375,True,True,True,12/19/2017 12:00,12/20/2017 15:30,False,False,False,False,False,False,False,False,Jacksonville,FL ,Jacksonville,FL 
8660,206776153,12/18/2017 17:52,12/18/2017 17:52,12/19/2017 10:57,12/19/2017 21:00,12/20/2017 10:30,641.44,970.0,-328.56,296.4,RFR,,,False,0,Carrier 1000776,Shipper 1248,True,True,True,12/19/2017 21:00,12/20/2017 16:00,False,False,False,False,False,False,False,False,Jacksonville,FL ,Jacksonville,FL 
8661,206505385,12/18/2017 16:49,12/18/2017 16:49,12/19/2017 9:31,12/19/2017 12:00,12/20/2017 14:00,641.44,1000.0,-358.56,296.4,RFR,,dat_in,False,0,Carrier 159867,Shipper 1386,True,True,True,12/19/2017 12:00,12/20/2017 15:30,False,False,False,False,False,False,False,False,Jacksonville,FL ,Jacksonville,FL 
8662,206776153,12/18/2017 17:52,12/18/2017 17:52,12/19/2017 10:57,12/19/2017 21:00,12/20/2017 10:30,641.44,970.0,-328.56,296.4,RFR,,,False,0,Carrier 1000776,Shipper 1387,True,True,True,12/19/2017 21:00,12/20/2017 16:00,False,False,False,False,False,False,False,False,Jacksonville,FL ,Jacksonville,FL 
8663,206505385,12/18/2017 16:49,12/18/2017 16:49,12/19/2017 9:31,12/19/2017 12:00,12/20/2017 14:00,641.44,1000.0,-358.56,296.4,RFR,,dat_in,False,0,Carrier 159867,Shipper 1248,True,True,True,12/19/2017 12:00,12/20/2017 15:30,False,False,False,False,False,False,False,False,Jacksonville,FL ,Jacksonville,FL 
8664,206776153,12/18/2017 17:52,12/18/2017 17:52,12/19/2017 10:57,12/19/2017 21:00,12/20/2017 10:30,641.44,970.0,-328.56,296.4,RFR,,,False,0,Carrier 1000776,Shipper 1388,True,True,True,12/19/2017 21:00,12/20/2017 16:00,False,False,False,False,False,False,False,False,Jacksonville,FL ,Jacksonville,FL 
8665,206505385,12/18/2017 16:49,12/18/2017 16:49,12/19/2017 9:31,12/19/2017 12:00,12/20/2017 14:00,641.44,1000.0,-358.56,296.4,RFR,,dat_in,False,0,Carrier 159867,Shipper 1387,True,True,True,12/19/2017 12:00,12/20/2017 15:30,False,False,False,False,False,False,False,False,Jacksonville,FL ,Jacksonville,FL 
8666,206505385,12/18/2017 16:49,12/18/2017 16:49,12/19/2017 9:31,12/19/2017 12:00,12/20/2017 14:00,641.44,1000.0,-358.56,296.4,RFR,,dat_in,False,0,Carrier 159867,Shipper 1388,True,True,True,12/19/2017 12:00,12/20/2017 15:30,False,False,False,False,False,False,False,False,Jacksonville,FL ,Jacksonville,FL 
8667,206431945,4/25/2017 17:45,4/25/2017 17:45,4/26/2017 15:59,4/27/2017 14:00,4/28/2017 13:00,640.03,700.0,-59.97,380.8,DRV,,,False,0,Carrier 48101,Shipper 1249,True,True,True,4/27/2017 14:00,4/28/2017 11:00,False,False,False,False,False,False,False,False,Jacksonville,FL ,Jacksonville,FL 
8668,206431945,4/25/2017 17:45,4/25/2017 17:45,4/26/2017 15:59,4/27/2017 14:00,4/28/2017 13:00,640.03,700.0,-59.97,380.8,DRV,,,False,0,Carrier 48101,Shipper 1375,True,True,True,4/27/2017 14:00,4/28/2017 11:00,False,False,False,False,False,False,False,False,Jacksonville,FL ,Jacksonville,FL 
8669,206431945,4/25/2017 17:45,4/25/2017 17:45,4/26/2017 15:59,4/27/2017 14:00,4/28/2017 13:00,640.03,700.0,-59.97,380.8,DRV,,,False,0,Carrier 48101,Shipper 1386,True,True,True,4/27/2017 14:00,4/28/2017 11:00,False,False,False,False,False,False,False,False,Jacksonville,FL ,Jacksonville,FL 
8670,206431945,4/25/2017 17:45,4/25/2017 17:45,4/26/2017 15:59,4/27/2017 14:00,4/28/2017 13:00,640.03,700.0,-59.97,380.8,DRV,,,False,0,Carrier 48101,Shipper 1248,True,True,True,4/27/2017 14:00,4/28/2017 11:00,False,False,False,False,False,False,False,False,Jacksonville,FL ,Jacksonville,FL 
8671,206431945,4/25/2017 17:45,4/25/2017 17:45,4/26/2017 15:59,4/27/2017 14:00,4/28/2017 13:00,640.03,700.0,-59.97,380.8,DRV,,,False,0,Carrier 48101,Shipper 1387,True,True,True,4/27/2017 14:00,4/28/2017 11:00,False,False,False,False,False,False,False,False,Jacksonville,FL ,Jacksonville,FL 
8672,206431945,4/25/2017 17:45,4/25/2017 17:45,4/26/2017 15:59,4/27/2017 14:00,4/28/2017 13:00,640.03,700.0,-59.97,380.8,DRV,,,False,0,Carrier 48101,Shipper 1388,True,True,True,4/27/2017 14:00,4/28/2017 11:00,False,False,False,False,False,False,False,False,Jacksonville,FL ,Jacksonville,FL 
8673,206546881,2/8/2017 14:06,2/8/2017 14:07,2/9/2017 12:11,2/10/2017 14:00,2/13/2017 14:06,639.74,632.0,7.74,353.6,DRV,,,False,0,Carrier 1207879,Shipper 1052,True,True,True,2/10/2017 15:30,2/13/2017 13:30,False,False,False,False,False,False,False,False,1,LA ,1,LA 
8674,206514057,9/20/2017 13:31,9/20/2017 13:31,9/21/2017 11:45,9/25/2017 7:00,9/26/2017 14:30,639.24,500.0,139.24,187.5,DRV,,,False,0,Carrier 97236,Shipper 968,True,True,True,9/25/2017 15:30,9/26/2017 16:30,False,False,False,False,False,False,False,False,Johnston,RI ,Johnston,RI 
8675,206588697,3/27/2017 17:01,3/27/2017 17:01,3/29/2017 9:28,3/29/2017 20:00,3/30/2017 13:15,638.4,700.0,-61.6,143.4,DRV,,,False,0,Carrier 1039806,Shipper 1249,True,True,True,3/29/2017 20:00,3/30/2017 8:00,False,False,False,False,False,False,False,False,Colonial Heights,VA ,Colonial Heights,VA 
8676,206588697,3/27/2017 17:01,3/27/2017 17:01,3/29/2017 9:28,3/29/2017 20:00,3/30/2017 13:15,638.4,700.0,-61.6,143.4,DRV,,,False,0,Carrier 1039806,Shipper 1375,True,True,True,3/29/2017 20:00,3/30/2017 8:00,False,False,False,False,False,False,False,False,Colonial Heights,VA ,Colonial Heights,VA 
8677,206588697,3/27/2017 17:01,3/27/2017 17:01,3/29/2017 9:28,3/29/2017 20:00,3/30/2017 13:15,638.4,700.0,-61.6,143.4,DRV,,,False,0,Carrier 1039806,Shipper 1386,True,True,True,3/29/2017 20:00,3/30/2017 8:00,False,False,False,False,False,False,False,False,Colonial Heights,VA ,Colonial Heights,VA 
8678,206588697,3/27/2017 17:01,3/27/2017 17:01,3/29/2017 9:28,3/29/2017 20:00,3/30/2017 13:15,638.4,700.0,-61.6,143.4,DRV,,,False,0,Carrier 1039806,Shipper 1248,True,True,True,3/29/2017 20:00,3/30/2017 8:00,False,False,False,False,False,False,False,False,Colonial Heights,VA ,Colonial Heights,VA 
8679,206588697,3/27/2017 17:01,3/27/2017 17:01,3/29/2017 9:28,3/29/2017 20:00,3/30/2017 13:15,638.4,700.0,-61.6,143.4,DRV,,,False,0,Carrier 1039806,Shipper 1387,True,True,True,3/29/2017 20:00,3/30/2017 8:00,False,False,False,False,False,False,False,False,Colonial Heights,VA ,Colonial Heights,VA 
8680,206588697,3/27/2017 17:01,3/27/2017 17:01,3/29/2017 9:28,3/29/2017 20:00,3/30/2017 13:15,638.4,700.0,-61.6,143.4,DRV,,,False,0,Carrier 1039806,Shipper 1388,True,True,True,3/29/2017 20:00,3/30/2017 8:00,False,False,False,False,False,False,False,False,Colonial Heights,VA ,Colonial Heights,VA 
8681,206475929,5/30/2017 11:15,5/30/2017 11:15,5/31/2017 8:42,5/31/2017 8:00,6/1/2017 9:00,636.05,625.0,11.05,156.2,DRV,,,False,0,Carrier 39434,Shipper 968,True,True,True,5/31/2017 14:00,6/1/2017 12:00,False,False,False,False,False,False,False,False,Columbia,PA ,Columbia,PA 
8682,206494857,11/9/2017 16:17,11/9/2017 16:17,11/13/2017 11:35,11/13/2017 12:00,11/14/2017 3:00,635.67,800.0,-164.33,118.2,RFR,,,False,0,Carrier 40296,Shipper 832,False,True,True,11/13/2017 12:00,11/13/2017 20:00,False,False,False,False,False,False,False,False,Taunton,MA ,Taunton,MA 
8683,206664529,6/12/2017 14:12,6/12/2017 14:13,6/12/2017 16:58,6/13/2017 14:00,6/14/2017 11:10,635.61,600.0,35.61,189.2,DRV,,,False,0,Carrier 1215457,Shipper 1357,True,True,True,6/13/2017 14:00,6/14/2017 11:30,False,False,False,False,False,False,False,False,Raleigh,NC ,Raleigh,NC 
8684,206642729,11/9/2017 16:22,11/9/2017 16:22,11/10/2017 10:36,11/10/2017 13:00,11/11/2017 4:00,635.49,625.0,10.49,117.5,RFR,,,False,0,Carrier 1695654,Shipper 832,True,True,True,11/10/2017 13:00,11/10/2017 19:15,False,False,False,False,False,False,False,False,Avon,MA ,Avon,MA 
8685,206597673,2/15/2017 11:57,2/15/2017 11:58,2/15/2017 13:28,2/16/2017 16:00,2/17/2017 14:40,634.0,700.0,-66.0,340.6,DRV,3.0,,False,0,Carrier 187815,Shipper 1048,True,False,False,2/16/2017 16:00,2/17/2017 9:00,False,False,False,False,False,False,False,False,Laredo,TX ,Laredo,TX 
8686,206600793,6/1/2017 15:59,6/1/2017 15:59,6/7/2017 13:12,6/7/2017 1:00,6/8/2017 14:06,632.5,1000.0,-367.5,284.1,DRV,,,False,0,Carrier 1695348,Shipper 1249,True,False,True,6/7/2017 16:00,6/7/2017 14:00,False,False,False,False,False,False,False,False,Newark,NJ ,Newark,NJ 
8687,206600793,6/1/2017 15:59,6/1/2017 15:59,6/7/2017 13:12,6/7/2017 1:00,6/8/2017 14:06,632.5,1000.0,-367.5,284.1,DRV,,,False,0,Carrier 1695348,Shipper 1375,True,False,True,6/7/2017 16:00,6/7/2017 14:00,False,False,False,False,False,False,False,False,Newark,NJ ,Newark,NJ 
8688,206600793,6/1/2017 15:59,6/1/2017 15:59,6/7/2017 13:12,6/7/2017 1:00,6/8/2017 14:06,632.5,1000.0,-367.5,284.1,DRV,,,False,0,Carrier 1695348,Shipper 1386,True,False,True,6/7/2017 16:00,6/7/2017 14:00,False,False,False,False,False,False,False,False,Newark,NJ ,Newark,NJ 
8689,206600793,6/1/2017 15:59,6/1/2017 15:59,6/7/2017 13:12,6/7/2017 1:00,6/8/2017 14:06,632.5,1000.0,-367.5,284.1,DRV,,,False,0,Carrier 1695348,Shipper 1248,True,False,True,6/7/2017 16:00,6/7/2017 14:00,False,False,False,False,False,False,False,False,Newark,NJ ,Newark,NJ 
8690,206600793,6/1/2017 15:59,6/1/2017 15:59,6/7/2017 13:12,6/7/2017 1:00,6/8/2017 14:06,632.5,1000.0,-367.5,284.1,DRV,,,False,0,Carrier 1695348,Shipper 1387,True,False,True,6/7/2017 16:00,6/7/2017 14:00,False,False,False,False,False,False,False,False,Newark,NJ ,Newark,NJ 
8691,206600793,6/1/2017 15:59,6/1/2017 15:59,6/7/2017 13:12,6/7/2017 1:00,6/8/2017 14:06,632.5,1000.0,-367.5,284.1,DRV,,,False,0,Carrier 1695348,Shipper 1388,True,False,True,6/7/2017 16:00,6/7/2017 14:00,False,False,False,False,False,False,False,False,Newark,NJ ,Newark,NJ 
8692,206425473,8/4/2017 11:24,8/4/2017 11:25,8/7/2017 9:01,8/7/2017 11:00,8/8/2017 14:45,632.37,600.0,32.37,432.5,DRV,,,False,0,Carrier 832217,Shipper 973,True,True,True,8/7/2017 19:00,8/8/2017 19:30,False,False,False,False,False,False,False,False,Casa Grande,AZ ,Casa Grande,AZ 
8693,206666793,8/25/2017 17:34,8/25/2017 17:37,8/28/2017 13:58,8/30/2017 8:00,8/30/2017 12:25,630.86,550.0,80.86,59.7,DRV,,,False,0,Carrier 1150261,Shipper 1175,True,True,True,8/30/2017 10:00,8/30/2017 17:00,False,False,False,False,False,False,False,False,Narvon,PA ,Narvon,PA 
8694,206563953,2/24/2017 14:17,2/24/2017 14:17,2/27/2017 16:18,2/28/2017 8:00,2/28/2017 17:15,630.0,625.0,5.0,319.3,DRV,,,False,0,Carrier 1215396,Shipper 590,True,True,True,2/28/2017 15:00,3/1/2017 8:00,False,False,False,False,False,False,False,False,Bridgewater,NJ ,Bridgewater,NJ 
8695,206501417,10/17/2017 16:35,10/17/2017 16:35,10/18/2017 16:19,10/19/2017 8:00,10/19/2017 14:00,630.0,600.0,30.0,31.0,DRV,,,False,0,Carrier 785331,Shipper 968,True,True,True,10/19/2017 11:00,10/19/2017 15:30,False,False,False,False,False,True,False,False,Newark,NJ ,Newark,NJ 
8696,206514097,2/27/2017 10:37,2/27/2017 10:37,2/28/2017 10:09,2/28/2017 8:00,3/1/2017 11:00,630.0,600.0,30.0,319.3,DRV,,,False,0,Carrier 1693585,Shipper 590,True,True,True,2/28/2017 15:00,3/1/2017 9:00,False,False,False,False,False,False,False,False,Bridgewater,NJ ,Bridgewater,NJ 
8697,206618921,9/25/2017 13:54,9/25/2017 13:56,9/28/2017 11:34,9/28/2017 7:00,9/29/2017 12:40,629.17,600.0,29.17,125.2,DRV,,,False,2,Carrier 17452,Shipper 1357,False,True,True,9/28/2017 14:00,9/29/2017 11:00,False,False,False,False,False,False,False,False,Gaston,SC ,Gaston,SC 
8698,206591009,12/11/2017 12:38,12/11/2017 12:43,12/12/2017 13:20,12/14/2017 8:00,12/14/2017 16:30,628.1,500.0,128.1,59.7,DRV,,dat_in,False,0,Carrier 1695664,Shipper 1175,True,True,True,12/14/2017 12:00,12/14/2017 15:00,False,False,False,False,False,True,False,False,Narvon,PA ,Narvon,PA 
8699,206626569,8/21/2017 16:05,8/21/2017 16:11,8/22/2017 12:46,8/24/2017 7:00,8/25/2017 8:00,628.0,580.0,48.0,225.6,DRV,,,False,0,Carrier 97236,Shipper 968,True,True,True,8/24/2017 14:00,8/25/2017 16:30,False,False,False,False,False,False,False,False,Brockton,MA ,Brockton,MA 
8700,206555489,9/15/2017 13:00,9/15/2017 13:01,9/15/2017 15:47,9/19/2017 8:00,9/19/2017 12:50,627.6,500.0,127.6,79.9,DRV,,,False,0,Carrier 1084218,Shipper 1175,True,True,True,9/19/2017 12:00,9/19/2017 16:30,False,False,False,False,False,False,False,False,Philadelphia,PA ,Philadelphia,PA 
8701,206506289,1/18/2017 15:07,1/18/2017 15:07,1/30/2017 16:38,1/31/2017 15:00,2/1/2017 12:15,627.45,425.0,202.45,140.0,DRV,,,False,1,Carrier 567581,Shipper 758,True,True,True,1/31/2017 15:00,2/1/2017 9:00,False,False,False,False,False,False,False,False,Hawkins,TX ,Hawkins,TX 
8702,206500233,1/18/2017 14:57,1/18/2017 14:58,1/31/2017 14:21,1/31/2017 15:00,2/1/2017 10:15,627.45,500.0,127.45,140.0,DRV,,,False,2,Carrier 1204805,Shipper 758,True,True,True,1/31/2017 15:00,2/1/2017 8:00,False,False,False,False,False,False,False,False,Hawkins,TX ,Hawkins,TX 
8703,206529297,8/10/2017 11:20,8/10/2017 11:20,8/14/2017 8:28,8/14/2017 8:00,8/15/2017 10:50,626.63,600.0,26.63,373.8,DRV,,,False,0,Carrier 1514968,Shipper 623,True,True,True,8/14/2017 15:00,8/15/2017 8:00,False,False,False,False,False,False,False,False,Reading,PA ,Reading,PA 
8704,206497073,8/10/2017 11:35,8/10/2017 11:35,8/15/2017 7:49,8/15/2017 8:00,8/16/2017 10:25,626.63,600.0,26.63,373.8,DRV,,,False,0,Carrier 87171,Shipper 623,True,True,True,8/15/2017 15:00,8/16/2017 8:00,False,False,False,False,False,False,False,False,Reading,PA ,Reading,PA 
8705,206587793,8/8/2017 9:31,8/8/2017 9:31,8/8/2017 14:12,8/14/2017 10:00,8/16/2017 3:20,625.06,655.0,-29.94,232.3,DRV,,,False,0,Carrier 1558859,Shipper 758,True,True,True,8/14/2017 21:00,8/15/2017 22:00,False,False,False,False,False,False,False,False,Taft,CA ,Taft,CA 
8706,206628321,7/10/2017 11:16,7/10/2017 11:16,7/10/2017 17:15,7/10/2017 19:30,7/11/2017 12:13,625.0,700.0,-75.0,303.3,DRV,,,False,1,Carrier 75676,Shipper 866,True,True,True,7/10/2017 19:30,7/11/2017 10:00,False,False,False,False,False,False,False,False,Crows Landing,CA ,Crows Landing,CA 
8707,206488473,1/6/2017 18:59,1/6/2017 18:59,1/9/2017 17:54,1/9/2017 17:00,1/10/2017 16:50,625.0,600.0,25.0,140.0,RFR,,,False,0,Carrier 10445,Shipper 758,True,True,True,1/10/2017 1:00,1/10/2017 11:45,False,False,False,False,False,False,False,False,Portland,OR ,Portland,OR 
8708,206693881,6/19/2017 9:52,6/19/2017 9:52,6/19/2017 11:49,6/19/2017 19:00,6/20/2017 17:30,625.0,450.0,175.0,303.3,DRV,,,False,0,Carrier 704679,Shipper 866,True,True,True,6/19/2017 19:00,6/20/2017 10:00,False,False,False,False,False,False,False,False,Crows Landing,CA ,Crows Landing,CA 
8709,206608217,5/1/2017 14:58,5/1/2017 14:58,5/2/2017 17:16,5/3/2017 15:00,5/4/2017 12:00,625.0,450.0,175.0,303.3,DRV,2.0,,False,0,Carrier 1058232,Shipper 866,True,True,True,5/3/2017 19:00,5/4/2017 11:00,False,False,False,False,False,False,False,False,Crows Landing,CA ,Crows Landing,CA 
8710,206546945,9/25/2017 12:51,9/25/2017 12:51,9/25/2017 15:52,9/26/2017 9:00,9/27/2017 13:20,624.99,500.0,124.99,23.9,DRV,,,False,0,Carrier 40749,Shipper 1644,True,True,True,9/26/2017 16:00,9/27/2017 11:30,False,False,False,False,False,False,False,False,Bolingbrook,IL ,Bolingbrook,IL 
8711,206586617,1/18/2017 15:08,1/18/2017 15:08,1/27/2017 14:50,1/29/2017 21:00,1/30/2017 14:30,624.85,400.0,224.85,140.0,DRV,,,False,1,Carrier 495998,Shipper 758,True,True,True,1/29/2017 21:00,1/30/2017 11:45,False,False,False,False,False,False,False,False,Hawkins,TX ,Hawkins,TX 
8712,206464305,5/31/2017 15:37,5/31/2017 15:37,6/5/2017 16:11,6/6/2017 10:00,6/7/2017 11:45,624.0,1000.0,-376.0,164.4,DRV,,,False,0,Carrier 1471981,Shipper 1249,True,True,True,6/6/2017 12:00,6/7/2017 15:00,False,False,False,False,False,False,False,False,Colonial Heights,VA ,Colonial Heights,VA 
8713,206464305,5/31/2017 15:37,5/31/2017 15:37,6/5/2017 16:11,6/6/2017 10:00,6/7/2017 11:45,624.0,1000.0,-376.0,164.4,DRV,,,False,0,Carrier 1471981,Shipper 1375,True,True,True,6/6/2017 12:00,6/7/2017 15:00,False,False,False,False,False,False,False,False,Colonial Heights,VA ,Colonial Heights,VA 
8714,206464305,5/31/2017 15:37,5/31/2017 15:37,6/5/2017 16:11,6/6/2017 10:00,6/7/2017 11:45,624.0,1000.0,-376.0,164.4,DRV,,,False,0,Carrier 1471981,Shipper 1386,True,True,True,6/6/2017 12:00,6/7/2017 15:00,False,False,False,False,False,False,False,False,Colonial Heights,VA ,Colonial Heights,VA 
8715,206464305,5/31/2017 15:37,5/31/2017 15:37,6/5/2017 16:11,6/6/2017 10:00,6/7/2017 11:45,624.0,1000.0,-376.0,164.4,DRV,,,False,0,Carrier 1471981,Shipper 1248,True,True,True,6/6/2017 12:00,6/7/2017 15:00,False,False,False,False,False,False,False,False,Colonial Heights,VA ,Colonial Heights,VA 
8716,206464305,5/31/2017 15:37,5/31/2017 15:37,6/5/2017 16:11,6/6/2017 10:00,6/7/2017 11:45,624.0,1000.0,-376.0,164.4,DRV,,,False,0,Carrier 1471981,Shipper 1387,True,True,True,6/6/2017 12:00,6/7/2017 15:00,False,False,False,False,False,False,False,False,Colonial Heights,VA ,Colonial Heights,VA 
8717,206464305,5/31/2017 15:37,5/31/2017 15:37,6/5/2017 16:11,6/6/2017 10:00,6/7/2017 11:45,624.0,1000.0,-376.0,164.4,DRV,,,False,0,Carrier 1471981,Shipper 1388,True,True,True,6/6/2017 12:00,6/7/2017 15:00,False,False,False,False,False,False,False,False,Colonial Heights,VA ,Colonial Heights,VA 
8718,206422569,4/25/2017 17:49,4/25/2017 17:49,4/26/2017 12:52,4/27/2017 14:00,4/28/2017 7:00,622.93,500.0,122.93,162.3,DRV,3.0,,False,0,Carrier 51064,Shipper 1249,True,True,True,4/27/2017 14:00,4/28/2017 16:00,False,False,False,False,False,False,False,False,Williamsburg,VA ,Williamsburg,VA 
8719,206422569,4/25/2017 17:49,4/25/2017 17:49,4/26/2017 12:52,4/27/2017 14:00,4/28/2017 7:00,622.93,500.0,122.93,162.3,DRV,3.0,,False,0,Carrier 51064,Shipper 1375,True,True,True,4/27/2017 14:00,4/28/2017 16:00,False,False,False,False,False,False,False,False,Williamsburg,VA ,Williamsburg,VA 
8720,206422569,4/25/2017 17:49,4/25/2017 17:49,4/26/2017 12:52,4/27/2017 14:00,4/28/2017 7:00,622.93,500.0,122.93,162.3,DRV,3.0,,False,0,Carrier 51064,Shipper 1386,True,True,True,4/27/2017 14:00,4/28/2017 16:00,False,False,False,False,False,False,False,False,Williamsburg,VA ,Williamsburg,VA 
8721,206422569,4/25/2017 17:49,4/25/2017 17:49,4/26/2017 12:52,4/27/2017 14:00,4/28/2017 7:00,622.93,500.0,122.93,162.3,DRV,3.0,,False,0,Carrier 51064,Shipper 1248,True,True,True,4/27/2017 14:00,4/28/2017 16:00,False,False,False,False,False,False,False,False,Williamsburg,VA ,Williamsburg,VA 
8722,206422569,4/25/2017 17:49,4/25/2017 17:49,4/26/2017 12:52,4/27/2017 14:00,4/28/2017 7:00,622.93,500.0,122.93,162.3,DRV,3.0,,False,0,Carrier 51064,Shipper 1387,True,True,True,4/27/2017 14:00,4/28/2017 16:00,False,False,False,False,False,False,False,False,Williamsburg,VA ,Williamsburg,VA 
8723,206422569,4/25/2017 17:49,4/25/2017 17:49,4/26/2017 12:52,4/27/2017 14:00,4/28/2017 7:00,622.93,500.0,122.93,162.3,DRV,3.0,,False,0,Carrier 51064,Shipper 1388,True,True,True,4/27/2017 14:00,4/28/2017 16:00,False,False,False,False,False,False,False,False,Williamsburg,VA ,Williamsburg,VA 
8724,206464377,3/15/2017 13:22,3/15/2017 13:22,3/20/2017 9:13,3/20/2017 8:00,3/21/2017 13:00,622.57,620.0,2.57,274.6,DRV,3.0,,False,0,Carrier 164058,Shipper 841,True,True,True,3/20/2017 15:00,3/21/2017 10:00,False,False,False,False,False,False,False,False,Midland City,AL ,Midland City,AL 
8725,206623993,6/21/2017 11:37,6/21/2017 11:38,6/22/2017 8:06,6/26/2017 9:00,6/27/2017 17:00,620.97,550.0,70.97,51.6,DRV,,,False,0,Carrier 97236,Shipper 1175,True,False,False,6/26/2017 10:00,6/26/2017 15:00,False,False,False,False,False,False,False,False,Hillsborough Township,NJ ,Hillsborough Township,NJ 
8726,206542961,6/19/2017 10:37,6/19/2017 10:37,6/20/2017 12:30,6/21/2017 14:00,6/22/2017 8:00,620.4,600.0,20.4,283.3,DRV,,,False,0,Carrier 7543,Shipper 1249,True,True,True,6/21/2017 14:00,6/22/2017 15:30,False,False,False,False,False,False,False,False,Granite City,IL ,Granite City,IL 
8727,206542961,6/19/2017 10:37,6/19/2017 10:37,6/20/2017 12:30,6/21/2017 14:00,6/22/2017 8:00,620.4,600.0,20.4,283.3,DRV,,,False,0,Carrier 7543,Shipper 1375,True,True,True,6/21/2017 14:00,6/22/2017 15:30,False,False,False,False,False,False,False,False,Granite City,IL ,Granite City,IL 
8728,206542961,6/19/2017 10:37,6/19/2017 10:37,6/20/2017 12:30,6/21/2017 14:00,6/22/2017 8:00,620.4,600.0,20.4,283.3,DRV,,,False,0,Carrier 7543,Shipper 1386,True,True,True,6/21/2017 14:00,6/22/2017 15:30,False,False,False,False,False,False,False,False,Granite City,IL ,Granite City,IL 
8729,206542961,6/19/2017 10:37,6/19/2017 10:37,6/20/2017 12:30,6/21/2017 14:00,6/22/2017 8:00,620.4,600.0,20.4,283.3,DRV,,,False,0,Carrier 7543,Shipper 1248,True,True,True,6/21/2017 14:00,6/22/2017 15:30,False,False,False,False,False,False,False,False,Granite City,IL ,Granite City,IL 
8730,206542961,6/19/2017 10:37,6/19/2017 10:37,6/20/2017 12:30,6/21/2017 14:00,6/22/2017 8:00,620.4,600.0,20.4,283.3,DRV,,,False,0,Carrier 7543,Shipper 1387,True,True,True,6/21/2017 14:00,6/22/2017 15:30,False,False,False,False,False,False,False,False,Granite City,IL ,Granite City,IL 
8731,206542961,6/19/2017 10:37,6/19/2017 10:37,6/20/2017 12:30,6/21/2017 14:00,6/22/2017 8:00,620.4,600.0,20.4,283.3,DRV,,,False,0,Carrier 7543,Shipper 1388,True,True,True,6/21/2017 14:00,6/22/2017 15:30,False,False,False,False,False,False,False,False,Granite City,IL ,Granite City,IL 
8732,206424209,8/31/2017 17:58,8/31/2017 18:05,9/5/2017 15:59,9/7/2017 8:00,9/7/2017 13:00,617.46,525.0,92.46,59.7,DRV,,,False,0,Carrier 1084218,Shipper 1175,True,True,True,9/7/2017 11:00,9/7/2017 15:00,False,False,False,False,False,False,False,False,Narvon,PA ,Narvon,PA 
8733,206571833,7/5/2017 10:41,7/5/2017 10:42,7/5/2017 12:06,7/10/2017 8:00,7/11/2017 11:45,615.4,540.0,75.4,79.9,DRV,,,False,0,Carrier 97236,Shipper 1175,False,True,True,7/10/2017 12:00,7/11/2017 16:30,False,False,False,False,False,False,False,False,Philadelphia,PA ,Philadelphia,PA 
8734,206653129,7/7/2017 9:15,7/7/2017 9:21,7/10/2017 11:30,7/11/2017 8:00,7/12/2017 10:10,615.13,650.0,-34.87,373.8,DRV,,,False,0,Carrier 1384529,Shipper 623,True,True,True,7/11/2017 15:00,7/12/2017 8:00,False,False,False,False,False,False,False,False,Reading,PA ,Reading,PA 
8735,206704369,6/30/2017 17:21,6/30/2017 17:21,7/3/2017 12:08,7/7/2017 10:00,7/8/2017 4:00,614.38,650.0,-35.62,232.3,DRV,,,False,0,Carrier 1558859,Shipper 758,True,True,True,7/7/2017 16:00,7/8/2017 0:30,False,False,False,False,False,False,False,False,Taft,CA ,Taft,CA 
8736,206554697,10/4/2017 15:14,10/4/2017 15:15,10/5/2017 14:02,10/9/2017 8:00,10/9/2017 15:30,614.3,500.0,114.3,79.9,DRV,,,False,0,Carrier 1084218,Shipper 1175,True,True,True,10/9/2017 12:00,10/9/2017 16:30,False,False,False,False,False,True,False,False,Philadelphia,PA ,Philadelphia,PA 
8737,206506185,10/26/2017 17:07,10/26/2017 17:07,10/30/2017 10:31,10/31/2017 7:00,10/31/2017 16:30,614.1,550.0,64.1,187.5,DRV,,,False,0,Carrier 97236,Shipper 968,True,True,True,10/31/2017 15:30,11/1/2017 16:30,False,False,False,False,False,True,False,False,Johnston,RI ,Johnston,RI 
8738,206569705,8/30/2017 9:26,8/30/2017 9:41,8/30/2017 12:27,8/31/2017 9:00,8/31/2017 19:15,613.98,600.0,13.98,135.7,DRV,,,False,0,Carrier 97236,Shipper 1078,True,True,True,8/31/2017 11:30,8/31/2017 14:30,False,False,False,False,False,False,False,False,Hackettstown,NJ ,Hackettstown,NJ 
8739,206619393,1/13/2017 13:00,1/13/2017 13:00,1/18/2017 14:35,1/18/2017 7:30,1/19/2017 13:00,613.64,700.0,-86.36,339.4,DRV,,,False,1,Carrier 43032,Shipper 749,True,True,True,1/18/2017 16:00,1/19/2017 10:00,False,False,False,False,False,False,False,False,Christiansburg,VA ,Christiansburg,VA 
8740,206582873,12/18/2017 18:08,12/18/2017 18:08,12/26/2017 11:53,12/28/2017 10:00,12/29/2017 9:45,611.88,800.0,-188.12,244.2,DRV,,ts_in,False,2,Carrier 84317,Shipper 1249,True,True,True,12/28/2017 10:00,12/29/2017 9:00,False,False,False,False,False,False,False,False,Jacksonville,FL ,Jacksonville,FL 
8741,206582873,12/18/2017 18:08,12/18/2017 18:08,12/26/2017 11:53,12/28/2017 10:00,12/29/2017 9:45,611.88,800.0,-188.12,244.2,DRV,,ts_in,False,2,Carrier 84317,Shipper 1375,True,True,True,12/28/2017 10:00,12/29/2017 9:00,False,False,False,False,False,False,False,False,Jacksonville,FL ,Jacksonville,FL 
8742,206582873,12/18/2017 18:08,12/18/2017 18:08,12/26/2017 11:53,12/28/2017 10:00,12/29/2017 9:45,611.88,800.0,-188.12,244.2,DRV,,ts_in,False,2,Carrier 84317,Shipper 1386,True,True,True,12/28/2017 10:00,12/29/2017 9:00,False,False,False,False,False,False,False,False,Jacksonville,FL ,Jacksonville,FL 
8743,206582873,12/18/2017 18:08,12/18/2017 18:08,12/26/2017 11:53,12/28/2017 10:00,12/29/2017 9:45,611.88,800.0,-188.12,244.2,DRV,,ts_in,False,2,Carrier 84317,Shipper 1248,True,True,True,12/28/2017 10:00,12/29/2017 9:00,False,False,False,False,False,False,False,False,Jacksonville,FL ,Jacksonville,FL 
8744,206582873,12/18/2017 18:08,12/18/2017 18:08,12/26/2017 11:53,12/28/2017 10:00,12/29/2017 9:45,611.88,800.0,-188.12,244.2,DRV,,ts_in,False,2,Carrier 84317,Shipper 1387,True,True,True,12/28/2017 10:00,12/29/2017 9:00,False,False,False,False,False,False,False,False,Jacksonville,FL ,Jacksonville,FL 
8745,206582873,12/18/2017 18:08,12/18/2017 18:08,12/26/2017 11:53,12/28/2017 10:00,12/29/2017 9:45,611.88,800.0,-188.12,244.2,DRV,,ts_in,False,2,Carrier 84317,Shipper 1388,True,True,True,12/28/2017 10:00,12/29/2017 9:00,False,False,False,False,False,False,False,False,Jacksonville,FL ,Jacksonville,FL 
8746,206550761,2/9/2017 19:07,2/9/2017 19:07,2/13/2017 8:25,2/13/2017 7:00,2/13/2017 17:00,611.71,550.0,61.71,135.4,DRV,,,False,0,Carrier 10452,Shipper 1078,True,True,True,2/13/2017 14:30,2/13/2017 16:00,False,False,False,False,False,False,False,False,York,PA ,York,PA 
8747,206499457,12/12/2017 16:59,12/12/2017 16:59,12/13/2017 10:12,12/13/2017 13:00,12/14/2017 11:30,610.68,600.0,10.68,226.0,DRV,,,False,1,Carrier 161529,Shipper 1249,True,True,True,12/13/2017 13:00,12/14/2017 15:00,False,False,False,False,False,False,False,False,Houston,TX ,Houston,TX 
8748,206499457,12/12/2017 16:59,12/12/2017 16:59,12/13/2017 10:12,12/13/2017 13:00,12/14/2017 11:30,610.68,600.0,10.68,226.0,DRV,,,False,1,Carrier 161529,Shipper 1375,True,True,True,12/13/2017 13:00,12/14/2017 15:00,False,False,False,False,False,False,False,False,Houston,TX ,Houston,TX 
8749,206499457,12/12/2017 16:59,12/12/2017 16:59,12/13/2017 10:12,12/13/2017 13:00,12/14/2017 11:30,610.68,600.0,10.68,226.0,DRV,,,False,1,Carrier 161529,Shipper 1386,True,True,True,12/13/2017 13:00,12/14/2017 15:00,False,False,False,False,False,False,False,False,Houston,TX ,Houston,TX 
8750,206499457,12/12/2017 16:59,12/12/2017 16:59,12/13/2017 10:12,12/13/2017 13:00,12/14/2017 11:30,610.68,600.0,10.68,226.0,DRV,,,False,1,Carrier 161529,Shipper 1248,True,True,True,12/13/2017 13:00,12/14/2017 15:00,False,False,False,False,False,False,False,False,Houston,TX ,Houston,TX 
8751,206499457,12/12/2017 16:59,12/12/2017 16:59,12/13/2017 10:12,12/13/2017 13:00,12/14/2017 11:30,610.68,600.0,10.68,226.0,DRV,,,False,1,Carrier 161529,Shipper 1387,True,True,True,12/13/2017 13:00,12/14/2017 15:00,False,False,False,False,False,False,False,False,Houston,TX ,Houston,TX 
8752,206499457,12/12/2017 16:59,12/12/2017 16:59,12/13/2017 10:12,12/13/2017 13:00,12/14/2017 11:30,610.68,600.0,10.68,226.0,DRV,,,False,1,Carrier 161529,Shipper 1388,True,True,True,12/13/2017 13:00,12/14/2017 15:00,False,False,False,False,False,False,False,False,Houston,TX ,Houston,TX 
8753,206530233,6/28/2017 13:14,6/28/2017 13:14,7/5/2017 9:08,7/6/2017 17:00,7/7/2017 3:46,610.39,545.0,65.39,130.8,DRV,,,False,0,Carrier 1065016,Shipper 758,True,True,True,7/6/2017 17:00,7/7/2017 1:30,False,False,False,False,False,False,False,False,Hawkins,TX ,Hawkins,TX 
8754,206433321,6/28/2017 18:07,6/28/2017 18:07,6/30/2017 12:45,7/3/2017 17:00,7/4/2017 4:00,610.39,720.0,-109.61,130.8,DRV,,,False,0,Carrier 546141,Shipper 758,True,True,True,7/3/2017 17:00,7/4/2017 1:30,False,False,False,False,False,False,False,False,Hawkins,TX ,Hawkins,TX 
8755,206590889,1/24/2017 8:54,1/24/2017 8:54,1/25/2017 8:04,1/25/2017 8:00,1/26/2017 10:43,609.25,560.0,49.25,373.8,DRV,,,True,0,Carrier 154651,Shipper 623,False,True,True,1/25/2017 12:00,1/26/2017 8:00,False,False,False,False,False,False,False,False,Reading,PA ,Reading,PA 
8756,206544865,1/24/2017 9:08,1/24/2017 9:08,1/25/2017 12:27,1/26/2017 8:00,1/27/2017 10:00,609.25,550.0,59.25,373.8,DRV,,,True,0,Carrier 154651,Shipper 623,True,True,True,1/26/2017 12:00,1/27/2017 8:00,False,False,False,False,False,False,False,False,Reading,PA ,Reading,PA 
8757,206555921,9/15/2017 11:28,9/15/2017 11:28,9/22/2017 9:58,9/24/2017 17:00,9/24/2017 22:30,608.79,500.0,108.79,130.8,DRV,,,False,0,Carrier 1693589,Shipper 758,True,True,True,9/24/2017 17:00,9/25/2017 1:30,False,False,False,False,False,False,False,False,Hawkins,TX ,Hawkins,TX 
8758,206578929,9/14/2017 14:25,9/14/2017 14:25,10/2/2017 12:41,10/4/2017 15:00,10/4/2017 22:00,608.69,600.0,8.69,130.8,DRV,,,False,1,Carrier 1556250,Shipper 758,True,True,True,10/4/2017 15:00,10/5/2017 1:30,False,False,False,False,False,False,False,False,Hawkins,TX ,Hawkins,TX 
8759,206628961,9/6/2017 9:13,9/6/2017 9:13,9/13/2017 9:08,9/13/2017 17:00,9/14/2017 1:30,608.69,575.0,33.69,130.8,DRV,,,False,1,Carrier 1556250,Shipper 758,True,True,True,9/13/2017 17:00,9/14/2017 1:30,False,False,False,False,False,False,False,False,Hawkins,TX ,Hawkins,TX 
8760,206549577,9/6/2017 11:39,9/6/2017 11:40,9/15/2017 13:52,9/17/2017 17:00,9/18/2017 1:30,608.69,750.0,-141.31,130.8,DRV,,,False,2,Carrier 546141,Shipper 758,True,True,True,9/17/2017 17:00,9/18/2017 1:30,False,False,False,False,False,False,False,False,Hawkins,TX ,Hawkins,TX 
8761,206491345,9/7/2017 9:11,9/7/2017 9:11,9/12/2017 12:38,9/18/2017 17:00,9/19/2017 4:00,608.69,550.0,58.69,130.8,DRV,,,False,1,Carrier 611154,Shipper 758,True,True,True,9/18/2017 17:00,9/19/2017 1:00,False,False,False,False,False,False,False,False,Hawkins,TX ,Hawkins,TX 
8762,206438329,8/31/2017 15:55,8/31/2017 15:55,9/19/2017 12:16,9/20/2017 17:00,9/20/2017 22:30,608.69,550.0,58.69,130.8,DRV,,,False,3,Carrier 1693589,Shipper 758,True,True,True,9/20/2017 17:00,9/21/2017 1:00,False,False,False,False,False,False,False,False,Hawkins,TX ,Hawkins,TX 
8763,206649809,9/6/2017 12:05,9/6/2017 12:05,9/15/2017 13:10,9/17/2017 17:00,9/18/2017 1:30,608.69,600.0,8.69,130.8,DRV,,,False,1,Carrier 546141,Shipper 758,True,True,True,9/17/2017 17:00,9/18/2017 1:30,False,False,False,False,False,False,False,False,Hawkins,TX ,Hawkins,TX 
8764,206523601,9/14/2017 14:06,9/14/2017 14:07,9/22/2017 11:08,9/24/2017 17:00,9/25/2017 4:15,608.69,600.0,8.69,130.8,DRV,,,False,0,Carrier 546141,Shipper 758,True,True,True,9/24/2017 17:00,9/25/2017 1:30,False,False,False,False,False,False,False,False,Hawkins,TX ,Hawkins,TX 
8765,206476137,9/14/2017 14:15,9/14/2017 14:15,9/23/2017 11:52,9/24/2017 17:00,9/25/2017 1:30,608.69,600.0,8.69,130.8,DRV,,,False,0,Carrier 1056996,Shipper 758,True,True,True,9/24/2017 17:00,9/25/2017 1:30,False,False,False,False,False,False,False,False,Hawkins,TX ,Hawkins,TX 
8766,206507121,9/18/2017 16:40,9/18/2017 16:40,9/26/2017 9:18,9/27/2017 17:00,9/28/2017 7:30,608.69,575.0,33.69,130.8,DRV,,,False,0,Carrier 1695528,Shipper 758,True,True,True,9/27/2017 17:00,9/28/2017 1:30,False,False,False,False,False,False,False,False,Hawkins,TX ,Hawkins,TX 
8767,206534969,5/30/2017 19:15,5/30/2017 19:15,6/2/2017 17:13,6/7/2017 10:00,6/8/2017 4:45,608.67,574.0,34.67,232.3,DRV,,,False,0,Carrier 1558859,Shipper 758,False,True,True,6/7/2017 15:00,6/8/2017 0:30,False,False,False,False,False,False,False,False,Taft,CA ,Taft,CA 
8768,206626705,6/12/2017 12:33,6/12/2017 12:33,6/19/2017 16:45,6/20/2017 18:00,6/21/2017 14:30,608.23,600.0,8.23,257.5,DRV,,,False,0,Carrier 539420,Shipper 758,True,True,True,6/20/2017 18:00,6/21/2017 8:30,False,False,False,False,False,False,False,False,Grapevine,TX ,Grapevine,TX 
8769,206436465,7/26/2017 10:52,7/26/2017 10:52,8/7/2017 10:57,8/8/2017 17:00,8/9/2017 10:40,608.23,600.0,8.23,257.5,DRV,,,False,0,Carrier 769878,Shipper 758,True,True,True,8/8/2017 17:00,8/9/2017 7:00,False,False,False,False,False,False,False,False,Grapevine,TX ,Grapevine,TX 
8770,206740305,2/27/2017 12:32,2/27/2017 12:33,3/3/2017 10:52,3/7/2017 17:00,3/8/2017 8:50,608.23,525.0,83.23,257.5,DRV,,,False,0,Carrier 92971,Shipper 758,True,True,True,3/7/2017 17:00,3/8/2017 6:00,False,False,False,False,False,False,False,False,Grapevine,TX ,Grapevine,TX 
8771,206474689,4/20/2017 13:24,4/20/2017 13:25,5/2/2017 8:24,5/2/2017 17:00,5/3/2017 13:30,608.23,600.0,8.23,257.5,DRV,,,False,0,Carrier 977864,Shipper 758,True,True,True,5/2/2017 17:00,5/3/2017 7:00,False,False,False,False,False,False,False,False,Grapevine,TX ,Grapevine,TX 
8772,206527097,2/16/2017 13:45,2/16/2017 13:45,2/27/2017 11:37,3/1/2017 17:00,3/2/2017 9:00,608.23,525.0,83.23,257.5,DRV,,,False,0,Carrier 92971,Shipper 758,True,True,True,3/1/2017 17:00,3/2/2017 6:00,False,False,False,False,False,False,False,False,Grapevine,TX ,Grapevine,TX 
8773,206558441,4/26/2017 14:51,4/26/2017 14:51,5/8/2017 15:46,5/9/2017 17:00,5/10/2017 10:00,608.23,550.0,58.23,257.5,DRV,3.0,,False,0,Carrier 1604335,Shipper 758,True,True,True,5/9/2017 17:00,5/10/2017 7:00,False,False,False,False,False,False,False,False,Grapevine,TX ,Grapevine,TX 
8774,206569729,12/18/2017 18:05,12/18/2017 18:05,12/21/2017 11:34,12/21/2017 14:00,12/22/2017 9:30,607.76,1050.0,-442.24,282.9,RFR,,,False,1,Carrier 1695814,Shipper 1249,True,True,True,12/21/2017 14:00,12/22/2017 8:00,False,False,False,False,False,False,False,False,Jacksonville,FL ,Jacksonville,FL 
8775,206569729,12/18/2017 18:05,12/18/2017 18:05,12/21/2017 11:34,12/21/2017 14:00,12/22/2017 9:30,607.76,1050.0,-442.24,282.9,RFR,,,False,1,Carrier 1695814,Shipper 1375,True,True,True,12/21/2017 14:00,12/22/2017 8:00,False,False,False,False,False,False,False,False,Jacksonville,FL ,Jacksonville,FL 
8776,206569729,12/18/2017 18:05,12/18/2017 18:05,12/21/2017 11:34,12/21/2017 14:00,12/22/2017 9:30,607.76,1050.0,-442.24,282.9,RFR,,,False,1,Carrier 1695814,Shipper 1386,True,True,True,12/21/2017 14:00,12/22/2017 8:00,False,False,False,False,False,False,False,False,Jacksonville,FL ,Jacksonville,FL 
8777,206569729,12/18/2017 18:05,12/18/2017 18:05,12/21/2017 11:34,12/21/2017 14:00,12/22/2017 9:30,607.76,1050.0,-442.24,282.9,RFR,,,False,1,Carrier 1695814,Shipper 1248,True,True,True,12/21/2017 14:00,12/22/2017 8:00,False,False,False,False,False,False,False,False,Jacksonville,FL ,Jacksonville,FL 
8778,206569729,12/18/2017 18:05,12/18/2017 18:05,12/21/2017 11:34,12/21/2017 14:00,12/22/2017 9:30,607.76,1050.0,-442.24,282.9,RFR,,,False,1,Carrier 1695814,Shipper 1387,True,True,True,12/21/2017 14:00,12/22/2017 8:00,False,False,False,False,False,False,False,False,Jacksonville,FL ,Jacksonville,FL 
8779,206569729,12/18/2017 18:05,12/18/2017 18:05,12/21/2017 11:34,12/21/2017 14:00,12/22/2017 9:30,607.76,1050.0,-442.24,282.9,RFR,,,False,1,Carrier 1695814,Shipper 1388,True,True,True,12/21/2017 14:00,12/22/2017 8:00,False,False,False,False,False,False,False,False,Jacksonville,FL ,Jacksonville,FL 
8780,206508513,7/31/2017 11:07,7/31/2017 11:09,8/1/2017 11:05,8/2/2017 12:00,8/3/2017 13:45,607.71,650.0,-42.29,269.1,DRV,,,False,0,Carrier 1384655,Shipper 1357,True,True,True,8/2/2017 12:00,8/3/2017 11:30,False,False,False,False,False,False,False,False,Savannah,GA ,Savannah,GA 
8781,206689833,6/5/2017 16:38,6/5/2017 16:38,6/12/2017 10:21,6/12/2017 17:00,6/13/2017 10:20,606.72,650.0,-43.28,252.3,RFR,,,False,0,Carrier 82478,Shipper 758,True,True,True,6/12/2017 17:00,6/13/2017 7:00,False,False,False,False,False,False,False,False,Arlington,TX ,Arlington,TX 
8782,206589673,4/10/2017 13:19,4/10/2017 13:19,4/13/2017 15:12,4/13/2017 23:00,4/14/2017 13:50,606.72,700.0,-93.28,252.3,RFR,4.0,,False,0,Carrier 1244302,Shipper 758,True,True,True,4/13/2017 23:00,4/14/2017 8:00,False,False,False,False,False,False,False,False,Arlington,TX ,Arlington,TX 
8783,206519745,4/11/2017 13:56,4/11/2017 13:56,4/17/2017 8:32,4/17/2017 17:00,4/18/2017 9:00,606.72,600.0,6.72,252.3,RFR,4.0,,False,0,Carrier 82478,Shipper 758,True,True,True,4/17/2017 17:00,4/18/2017 6:00,False,False,False,False,False,False,False,False,Arlington,TX ,Arlington,TX 
8784,206502953,5/8/2017 15:55,5/8/2017 15:55,5/11/2017 9:16,5/11/2017 18:00,5/12/2017 14:15,606.72,600.0,6.72,252.3,RFR,3.0,,False,1,Carrier 82478,Shipper 758,True,True,True,5/11/2017 18:00,5/12/2017 7:00,False,False,False,False,False,False,False,False,Arlington,TX ,Arlington,TX 
8785,206542241,2/27/2017 11:28,2/27/2017 11:28,3/1/2017 16:54,3/2/2017 17:00,3/3/2017 9:30,606.72,590.0,16.72,252.3,RFR,3.0,,False,1,Carrier 82478,Shipper 758,True,True,True,3/2/2017 17:00,3/3/2017 7:00,False,False,False,False,False,False,False,False,Arlington,TX ,Arlington,TX 
8786,206504881,5/5/2017 13:12,5/5/2017 13:13,5/11/2017 8:41,5/11/2017 16:00,5/12/2017 11:55,606.72,600.0,6.72,252.3,RFR,3.0,,False,0,Carrier 1240714,Shipper 758,True,True,True,5/11/2017 16:00,5/12/2017 7:00,False,False,False,False,False,False,False,False,Arlington,TX ,Arlington,TX 
8787,206430305,4/18/2017 17:53,4/18/2017 17:53,4/24/2017 11:00,4/25/2017 17:00,4/26/2017 10:30,606.72,600.0,6.72,252.3,RFR,,,False,0,Carrier 82478,Shipper 758,True,True,True,4/25/2017 17:00,4/26/2017 8:00,False,False,False,False,False,False,False,False,Arlington,TX ,Arlington,TX 
8788,206649465,3/10/2017 14:02,3/10/2017 14:02,3/15/2017 15:40,3/16/2017 17:00,3/17/2017 14:36,606.72,535.0,71.72,252.3,RFR,,,False,0,Carrier 1269673,Shipper 758,True,False,False,3/16/2017 17:00,3/17/2017 8:00,False,False,False,False,False,False,False,False,Arlington,TX ,Arlington,TX 
8789,206427705,4/26/2017 9:09,4/26/2017 9:10,5/2/2017 8:41,5/2/2017 17:00,5/3/2017 10:08,606.72,600.0,6.72,252.3,RFR,,,False,0,Carrier 59766,Shipper 758,True,True,True,5/2/2017 17:00,5/3/2017 7:00,False,False,False,False,False,False,False,False,Arlington,TX ,Arlington,TX 
8790,206610865,4/27/2017 18:29,4/27/2017 18:29,5/4/2017 9:30,5/4/2017 17:00,5/5/2017 12:10,606.72,550.0,56.72,252.3,RFR,,,False,0,Carrier 1689722,Shipper 758,True,True,True,5/4/2017 17:00,5/5/2017 7:00,False,False,False,False,False,False,False,False,Arlington,TX ,Arlington,TX 
8791,206574793,3/2/2017 17:18,3/2/2017 17:18,3/8/2017 12:49,3/9/2017 17:00,3/10/2017 10:10,606.72,600.0,6.72,252.3,RFR,3.0,,False,0,Carrier 30958,Shipper 758,True,True,True,3/9/2017 17:00,3/10/2017 6:00,False,False,False,False,False,False,False,False,Arlington,TX ,Arlington,TX 
8792,206542329,8/24/2017 11:52,8/24/2017 11:52,8/25/2017 10:38,8/28/2017 9:00,8/28/2017 19:00,606.32,450.0,156.32,51.6,DRV,,,False,0,Carrier 1084218,Shipper 1175,True,False,False,8/28/2017 10:00,8/28/2017 15:00,False,False,False,False,False,False,False,False,Hillsborough Township,NJ ,Hillsborough Township,NJ 
8793,206427201,5/30/2017 18:32,5/30/2017 18:32,6/5/2017 12:52,6/5/2017 18:00,6/6/2017 13:00,606.29,650.0,-43.71,257.5,DRV,,,False,0,Carrier 1492835,Shipper 758,True,False,False,6/5/2017 18:00,6/6/2017 7:00,False,False,False,False,False,False,False,False,Grapevine,TX ,Grapevine,TX 
8794,206564665,7/12/2017 15:05,7/12/2017 15:05,7/24/2017 15:06,7/25/2017 17:00,7/26/2017 9:00,606.29,600.0,6.29,257.5,DRV,,,False,0,Carrier 11799,Shipper 758,True,True,True,7/25/2017 17:00,7/26/2017 8:00,False,False,False,False,False,False,False,False,Grapevine,TX ,Grapevine,TX 
8795,206434561,1/25/2017 18:49,1/25/2017 18:49,1/26/2017 16:56,1/27/2017 7:30,1/28/2017 13:30,605.4,550.0,55.4,637.0,DRV,,,False,0,Carrier 164058,Shipper 841,True,True,True,1/27/2017 15:00,1/28/2017 12:00,False,False,False,False,False,False,False,False,Tampa,FL ,Tampa,FL 
8796,206499449,7/11/2017 11:02,7/11/2017 11:02,7/11/2017 13:14,7/12/2017 18:00,7/13/2017 0:25,605.0,400.0,205.0,6.8,RFR,,,False,0,Carrier 127275,Shipper 585,True,True,True,7/12/2017 18:00,7/12/2017 23:00,False,False,False,False,False,False,False,False,Modesto,CA ,Modesto,CA 
8797,206539233,5/26/2017 9:51,5/26/2017 9:52,6/1/2017 15:46,6/1/2017 17:00,6/2/2017 11:00,604.68,700.0,-95.32,252.3,RFR,,,False,0,Carrier 1695335,Shipper 758,False,True,True,6/1/2017 17:00,6/2/2017 6:30,False,False,False,False,False,False,False,False,Arlington,TX ,Arlington,TX 
8798,206558025,5/17/2017 8:38,5/17/2017 8:38,5/18/2017 14:06,5/23/2017 17:00,5/24/2017 8:30,604.68,600.0,4.68,252.3,RFR,,,False,0,Carrier 1689722,Shipper 758,True,True,True,5/23/2017 17:00,5/24/2017 7:00,False,False,False,False,False,False,False,False,Arlington,TX ,Arlington,TX 
8799,206625337,5/19/2017 14:17,5/19/2017 14:17,5/25/2017 9:26,5/25/2017 17:00,5/26/2017 12:15,604.68,600.0,4.68,252.3,RFR,,,False,0,Carrier 43200,Shipper 758,True,True,True,5/25/2017 17:00,5/26/2017 7:00,False,False,False,False,False,False,False,False,Arlington,TX ,Arlington,TX 
8800,206645193,5/9/2017 17:34,5/9/2017 17:35,5/17/2017 12:28,5/18/2017 17:00,5/19/2017 2:00,604.27,575.0,29.27,130.8,DRV,,,False,1,Carrier 567581,Shipper 758,True,True,True,5/18/2017 17:00,5/19/2017 1:30,False,False,False,False,False,False,False,False,Hawkins,TX ,Hawkins,TX 
8801,206473353,3/15/2017 13:12,3/15/2017 13:15,3/31/2017 11:33,4/2/2017 20:00,4/3/2017 12:00,604.27,600.0,4.27,130.8,DRV,4.0,,False,1,Carrier 1278326,Shipper 758,True,True,True,4/2/2017 20:00,4/3/2017 10:00,False,False,False,False,False,False,False,False,Hawkins,TX ,Hawkins,TX 
8802,206510729,3/10/2017 12:58,3/10/2017 12:58,3/24/2017 10:55,3/24/2017 15:00,3/27/2017 8:00,604.27,400.0,204.27,130.8,DRV,,,False,3,Carrier 611154,Shipper 758,True,True,True,3/24/2017 15:00,3/27/2017 6:00,False,False,False,False,False,False,False,False,Hawkins,TX ,Hawkins,TX 
8803,206596697,3/15/2017 13:17,3/15/2017 13:17,3/24/2017 11:30,3/26/2017 19:00,3/27/2017 8:22,604.27,575.0,29.27,130.8,DRV,5.0,,False,2,Carrier 1065016,Shipper 758,False,True,True,3/26/2017 19:00,3/27/2017 8:00,False,False,False,False,False,False,False,False,Hawkins,TX ,Hawkins,TX 
8804,206424129,5/3/2017 8:33,5/3/2017 8:33,5/10/2017 14:50,5/15/2017 14:00,5/16/2017 1:00,604.27,550.0,54.27,130.8,DRV,,,False,1,Carrier 1693589,Shipper 758,False,True,True,5/15/2017 14:00,5/16/2017 0:30,False,False,False,False,False,False,False,False,Hawkins,TX ,Hawkins,TX 
8805,206469497,3/10/2017 12:56,3/10/2017 12:57,3/31/2017 13:32,4/2/2017 20:00,4/3/2017 13:00,604.27,750.0,-145.73,130.8,DRV,4.0,,False,1,Carrier 546141,Shipper 758,True,True,True,4/2/2017 20:00,4/3/2017 11:00,False,False,False,False,False,False,False,False,Hawkins,TX ,Hawkins,TX 
8806,206584017,6/12/2017 11:13,6/12/2017 11:13,6/19/2017 16:23,6/20/2017 13:00,6/20/2017 23:45,604.27,650.0,-45.73,130.8,DRV,,,False,1,Carrier 678129,Shipper 758,False,True,True,6/20/2017 13:00,6/20/2017 23:00,False,False,False,False,False,False,False,False,Hawkins,TX ,Hawkins,TX 
8807,206440281,3/15/2017 13:23,3/15/2017 13:23,3/30/2017 13:51,4/2/2017 20:00,4/3/2017 13:00,604.27,450.0,154.27,130.8,DRV,3.0,,False,1,Carrier 1693493,Shipper 758,True,True,True,4/2/2017 20:00,4/3/2017 11:00,False,False,False,False,False,False,False,False,Hawkins,TX ,Hawkins,TX 
8808,206518009,3/7/2017 11:02,3/7/2017 11:03,3/8/2017 16:55,3/9/2017 7:30,3/10/2017 13:45,604.19,600.0,4.19,637.0,DRV,3.0,,False,0,Carrier 1425562,Shipper 841,True,True,True,3/9/2017 15:00,3/10/2017 12:00,False,False,False,False,False,False,False,False,Tampa,FL ,Tampa,FL 
8809,206438257,1/18/2017 17:43,1/18/2017 17:44,1/20/2017 11:48,1/20/2017 7:30,1/23/2017 13:30,604.19,600.0,4.19,637.0,DRV,,,False,2,Carrier 941668,Shipper 841,True,False,False,1/20/2017 15:00,1/23/2017 10:00,False,False,False,False,False,False,False,False,Tampa,FL ,Tampa,FL 
8810,206554353,6/21/2017 12:04,6/21/2017 12:04,7/5/2017 10:39,7/5/2017 17:00,7/6/2017 12:00,604.11,800.0,-195.89,257.5,DRV,,,False,1,Carrier 1204805,Shipper 758,True,True,True,7/5/2017 17:00,7/6/2017 9:00,False,False,False,False,False,False,False,False,Grapevine,TX ,Grapevine,TX 
8811,206622129,6/29/2017 14:31,6/29/2017 14:31,7/6/2017 13:40,7/10/2017 17:00,7/11/2017 10:03,604.11,560.0,44.11,257.5,DRV,,,False,0,Carrier 31074,Shipper 758,True,True,True,7/10/2017 17:00,7/11/2017 8:30,False,False,False,False,False,False,False,False,Grapevine,TX ,Grapevine,TX 
8812,206507049,7/11/2017 7:43,7/11/2017 8:32,7/11/2017 10:17,7/12/2017 7:00,7/12/2017 18:30,602.63,550.0,52.63,225.6,DRV,,,False,0,Carrier 97236,Shipper 968,True,True,True,7/12/2017 14:00,7/13/2017 16:30,False,False,False,False,False,False,False,False,Brockton,MA ,Brockton,MA 
8813,206702041,1/27/2017 13:56,1/27/2017 13:56,2/3/2017 15:57,2/6/2017 19:00,2/7/2017 11:00,602.45,575.0,27.45,140.0,DRV,,,False,1,Carrier 567581,Shipper 758,True,True,True,2/6/2017 19:00,2/7/2017 9:00,False,False,False,False,False,False,False,False,Hawkins,TX ,Hawkins,TX 
8814,206592009,1/27/2017 13:50,1/27/2017 13:51,2/3/2017 15:50,2/6/2017 19:00,2/7/2017 12:10,602.45,435.0,167.45,140.0,DRV,,,False,1,Carrier 505379,Shipper 758,True,True,True,2/6/2017 19:00,2/7/2017 8:00,False,False,False,False,False,False,False,False,Hawkins,TX ,Hawkins,TX 
8815,206590185,1/18/2017 10:36,1/18/2017 10:36,1/30/2017 13:04,1/30/2017 19:00,1/31/2017 12:50,602.45,585.0,17.45,140.0,DRV,,,False,1,Carrier 505379,Shipper 758,True,True,True,1/30/2017 19:00,1/31/2017 9:00,False,False,False,False,False,False,False,False,Hawkins,TX ,Hawkins,TX 
8816,206588649,1/27/2017 13:59,1/27/2017 13:59,2/3/2017 15:57,2/6/2017 19:00,2/7/2017 9:30,602.45,575.0,27.45,140.0,DRV,,,False,1,Carrier 567581,Shipper 758,True,True,True,2/6/2017 19:00,2/7/2017 9:00,False,False,False,False,False,False,False,False,Hawkins,TX ,Hawkins,TX 
8817,206548393,1/24/2017 17:16,1/24/2017 17:16,1/27/2017 10:50,1/29/2017 17:00,1/30/2017 11:50,602.45,425.0,177.45,140.0,DRV,,,False,1,Carrier 567581,Shipper 758,True,True,True,1/29/2017 17:00,1/30/2017 8:45,False,False,False,False,False,False,False,False,Hawkins,TX ,Hawkins,TX 
8818,206507433,1/24/2017 17:25,1/24/2017 17:26,1/27/2017 10:54,1/29/2017 22:00,1/30/2017 11:00,602.45,400.0,202.45,140.0,DRV,,,False,0,Carrier 611154,Shipper 758,,,,1/29/2017 22:00,1/30/2017 7:30,False,False,False,False,False,False,False,False,Hawkins,TX ,Hawkins,TX 
8819,206486497,1/24/2017 17:31,1/24/2017 17:31,1/30/2017 9:38,1/30/2017 19:00,1/31/2017 9:00,602.45,400.0,202.45,140.0,DRV,,,False,0,Carrier 442086,Shipper 758,False,True,True,1/30/2017 19:00,1/31/2017 8:00,False,False,False,False,False,False,False,False,Hawkins,TX ,Hawkins,TX 
8820,206485361,1/24/2017 17:30,1/24/2017 17:30,1/29/2017 20:34,1/30/2017 14:00,2/7/2017 8:40,602.45,400.0,202.45,140.0,DRV,,,False,0,Carrier 611154,Shipper 758,False,True,True,1/30/2017 14:00,2/7/2017 6:00,False,False,False,False,False,False,False,False,Hawkins,TX ,Hawkins,TX 
8821,206581833,1/24/2017 17:23,1/24/2017 17:24,1/30/2017 13:06,1/30/2017 19:00,1/31/2017 8:30,602.45,450.0,152.45,140.0,DRV,,,False,0,Carrier 804788,Shipper 758,True,True,True,1/30/2017 19:00,1/31/2017 8:00,False,False,False,False,False,False,False,False,Hawkins,TX ,Hawkins,TX 
8822,206520545,7/6/2017 8:28,7/6/2017 8:28,7/11/2017 9:25,7/12/2017 17:00,7/13/2017 11:00,602.37,600.0,2.37,252.3,RFR,,,False,1,Carrier 69898,Shipper 758,True,True,True,7/12/2017 17:00,7/13/2017 8:00,False,False,False,False,False,False,False,False,Arlington,TX ,Arlington,TX 
8823,206466145,7/18/2017 9:25,7/18/2017 9:25,7/21/2017 15:41,7/24/2017 17:00,7/25/2017 8:30,602.37,600.0,2.37,252.3,RFR,,,False,0,Carrier 3076,Shipper 758,True,True,True,7/24/2017 17:00,7/25/2017 8:00,False,False,False,False,False,False,False,False,Arlington,TX ,Arlington,TX 
8824,206561449,6/22/2017 17:47,6/22/2017 17:47,6/29/2017 17:28,6/29/2017 17:00,6/30/2017 10:55,602.37,1000.0,-397.63,252.3,RFR,,,False,0,Carrier 583730,Shipper 758,False,True,True,6/29/2017 17:00,6/30/2017 7:00,False,False,False,False,False,False,False,False,Arlington,TX ,Arlington,TX 
8825,206490953,7/6/2017 17:42,7/6/2017 17:42,7/14/2017 15:32,7/17/2017 10:00,7/18/2017 10:30,602.37,700.0,-97.63,252.3,RFR,,,False,1,Carrier 827137,Shipper 758,True,True,True,7/17/2017 10:00,7/18/2017 8:00,False,False,False,False,False,False,False,False,Arlington,TX ,Arlington,TX 
8826,206488601,8/10/2017 17:12,8/10/2017 17:12,8/15/2017 14:44,8/16/2017 21:00,8/17/2017 11:30,601.04,574.0,27.04,24.5,RFR,,,False,1,Carrier 1460328,Shipper 758,True,True,True,8/16/2017 21:00,8/17/2017 9:00,False,False,False,False,False,False,False,False,Ontario,CA ,Ontario,CA 
8827,206566497,3/13/2017 14:04,3/13/2017 14:04,3/15/2017 10:55,3/15/2017 7:30,3/16/2017 12:30,600.37,650.0,-49.63,312.2,DRV,3.0,,False,0,Carrier 101368,Shipper 749,True,True,True,3/15/2017 16:00,3/16/2017 15:00,False,False,False,False,False,False,False,False,Christiansburg,VA ,Christiansburg,VA 
8828,206607073,7/28/2017 16:46,7/28/2017 16:46,8/2/2017 18:08,8/3/2017 16:00,8/4/2017 14:00,600.16,1000.0,-399.84,344.0,RFR,,,False,0,Carrier 1083805,Shipper 1249,True,True,True,8/3/2017 16:00,8/4/2017 17:00,False,False,False,False,False,False,False,False,Aurora,CO ,Aurora,CO 
8829,206607073,7/28/2017 16:46,7/28/2017 16:46,8/2/2017 18:08,8/3/2017 16:00,8/4/2017 14:00,600.16,1000.0,-399.84,344.0,RFR,,,False,0,Carrier 1083805,Shipper 1375,True,True,True,8/3/2017 16:00,8/4/2017 17:00,False,False,False,False,False,False,False,False,Aurora,CO ,Aurora,CO 
8830,206607073,7/28/2017 16:46,7/28/2017 16:46,8/2/2017 18:08,8/3/2017 16:00,8/4/2017 14:00,600.16,1000.0,-399.84,344.0,RFR,,,False,0,Carrier 1083805,Shipper 1386,True,True,True,8/3/2017 16:00,8/4/2017 17:00,False,False,False,False,False,False,False,False,Aurora,CO ,Aurora,CO 
8831,206607073,7/28/2017 16:46,7/28/2017 16:46,8/2/2017 18:08,8/3/2017 16:00,8/4/2017 14:00,600.16,1000.0,-399.84,344.0,RFR,,,False,0,Carrier 1083805,Shipper 1248,True,True,True,8/3/2017 16:00,8/4/2017 17:00,False,False,False,False,False,False,False,False,Aurora,CO ,Aurora,CO 
8832,206607073,7/28/2017 16:46,7/28/2017 16:46,8/2/2017 18:08,8/3/2017 16:00,8/4/2017 14:00,600.16,1000.0,-399.84,344.0,RFR,,,False,0,Carrier 1083805,Shipper 1387,True,True,True,8/3/2017 16:00,8/4/2017 17:00,False,False,False,False,False,False,False,False,Aurora,CO ,Aurora,CO 
8833,206607073,7/28/2017 16:46,7/28/2017 16:46,8/2/2017 18:08,8/3/2017 16:00,8/4/2017 14:00,600.16,1000.0,-399.84,344.0,RFR,,,False,0,Carrier 1083805,Shipper 1388,True,True,True,8/3/2017 16:00,8/4/2017 17:00,False,False,False,False,False,False,False,False,Aurora,CO ,Aurora,CO 
8834,206549601,3/28/2017 15:13,3/28/2017 15:14,3/28/2017 15:34,3/29/2017 9:00,3/29/2017 10:30,600.0,600.0,0.0,4.6,DRV,,,False,0,Carrier 1641,Shipper 744,True,True,True,3/29/2017 11:00,3/29/2017 12:00,False,False,False,False,False,False,False,False,Conover,NC ,Conover,NC 
8835,206549569,8/9/2017 15:06,8/9/2017 15:07,8/10/2017 10:04,8/10/2017 9:00,8/11/2017 9:50,600.0,600.0,0.0,135.7,DRV,,,False,0,Carrier 1214406,Shipper 1078,True,True,True,8/10/2017 16:00,8/11/2017 14:30,False,False,False,False,False,False,False,False,Hackettstown,NJ ,Hackettstown,NJ 
8836,206610185,9/11/2017 12:57,9/11/2017 12:57,9/18/2017 12:12,9/18/2017 16:00,9/19/2017 7:47,600.0,750.0,-150.0,87.8,DRV,,,False,0,Carrier 1694592,Shipper 810,True,True,True,9/18/2017 16:00,9/19/2017 8:30,False,False,False,False,False,False,False,False,Baltimore,MD ,Baltimore,MD 
8837,206641857,4/19/2017 14:31,4/19/2017 14:32,5/23/2017 13:39,5/23/2017 15:00,5/24/2017 12:00,600.0,1000.0,-400.0,484.8,DRV,,,False,0,Carrier 1413357,Shipper 585,True,True,True,5/23/2017 15:00,5/24/2017 10:00,False,False,False,False,False,False,False,False,Plant City,FL ,Plant City,FL 
8838,206605593,2/21/2017 13:03,2/21/2017 13:04,2/21/2017 13:26,2/21/2017 15:00,2/22/2017 13:00,600.0,400.0,200.0,303.3,DRV,,,False,0,Carrier 800739,Shipper 866,True,True,True,2/21/2017 18:00,2/22/2017 11:00,False,False,False,False,False,False,False,False,Crows Landing,CA ,Crows Landing,CA 
8839,206440833,1/11/2017 14:51,1/11/2017 14:51,1/20/2017 15:57,1/23/2017 17:00,1/24/2017 8:44,600.0,550.0,50.0,140.0,DRV,,,False,0,Carrier 92971,Shipper 758,True,True,True,1/23/2017 17:00,1/24/2017 7:00,False,False,False,False,False,False,False,False,Grapevine,TX ,Grapevine,TX 
8840,206607001,2/7/2017 15:37,2/7/2017 15:37,2/20/2017 10:30,2/20/2017 15:30,2/21/2017 8:00,600.0,550.0,50.0,140.0,DRV,4.0,,False,1,Carrier 1604335,Shipper 758,True,True,True,2/20/2017 15:30,2/21/2017 6:00,False,False,False,False,False,False,False,False,Grapevine,TX ,Grapevine,TX 
8841,206422137,11/8/2017 18:32,11/8/2017 18:32,12/1/2017 13:08,12/11/2017 14:00,12/12/2017 11:00,600.0,550.0,50.0,487.7,DRV,,,False,0,Carrier 34822,Shipper 585,True,True,True,12/11/2017 14:00,12/12/2017 10:00,False,False,False,False,False,False,False,False,Plant City,FL ,Plant City,FL 
8842,206622089,1/24/2017 11:39,1/24/2017 11:39,2/7/2017 9:12,2/7/2017 13:30,2/8/2017 10:30,600.0,550.0,50.0,285.7,DRV,,,False,0,Carrier 17721,Shipper 1184,True,True,True,2/7/2017 14:00,2/8/2017 9:00,False,False,False,False,False,False,False,False,Burlington,NC ,Burlington,NC 
8843,206560417,1/27/2017 14:04,1/27/2017 14:04,2/3/2017 10:10,2/7/2017 15:30,2/8/2017 9:00,600.0,525.0,75.0,140.0,DRV,,,False,0,Carrier 113308,Shipper 758,True,True,True,2/7/2017 15:30,2/8/2017 6:30,False,False,False,False,False,False,False,False,Grapevine,TX ,Grapevine,TX 
8844,206470121,2/8/2017 15:25,2/8/2017 15:27,2/16/2017 13:07,2/21/2017 15:30,2/22/2017 9:30,600.0,525.0,75.0,257.5,DRV,,,False,0,Carrier 1604335,Shipper 758,True,True,True,2/21/2017 15:30,2/22/2017 6:00,False,False,False,False,False,False,False,False,Grapevine,TX ,Grapevine,TX 
8845,206586649,3/22/2017 11:50,3/22/2017 11:50,3/22/2017 12:29,3/22/2017 12:00,3/23/2017 10:30,600.0,300.0,300.0,379.1,DRV,3.0,,False,0,Carrier 342587,Shipper 623,True,True,True,3/22/2017 15:00,3/23/2017 15:00,False,False,False,False,False,False,False,False,Brook Park,OH ,Brook Park,OH 
8846,206468953,1/9/2017 11:50,1/9/2017 11:50,1/11/2017 16:13,1/16/2017 17:30,1/17/2017 11:40,600.0,550.0,50.0,140.0,DRV,,,False,0,Carrier 113308,Shipper 758,True,True,True,1/16/2017 17:30,1/17/2017 10:00,False,False,False,False,False,False,False,False,Grapevine,TX ,Grapevine,TX 
8847,206569985,1/6/2017 18:46,1/6/2017 18:46,1/9/2017 18:10,1/9/2017 12:30,1/10/2017 10:17,600.0,600.0,0.0,140.0,RFR,4.0,,False,0,Carrier 77878,Shipper 758,True,True,True,1/9/2017 23:00,1/10/2017 6:30,False,False,False,False,False,False,False,False,Milwaukie,OR ,Milwaukie,OR 
8848,206513065,1/6/2017 19:05,1/6/2017 19:05,1/9/2017 9:59,1/9/2017 17:00,1/10/2017 0:00,600.0,450.0,150.0,140.0,RFR,3.0,,False,0,Carrier 1462791,Shipper 758,True,True,True,1/9/2017 17:00,1/9/2017 23:00,False,False,False,False,False,False,False,False,Salem,OR ,Salem,OR 
8849,206472905,1/18/2017 14:40,1/18/2017 14:40,1/30/2017 8:11,1/30/2017 14:00,1/31/2017 9:00,599.85,575.0,24.85,140.0,DRV,,,False,1,Carrier 567581,Shipper 758,True,True,True,1/30/2017 14:00,1/31/2017 9:00,False,False,False,False,False,False,False,False,Hawkins,TX ,Hawkins,TX 
8850,206483433,3/6/2017 8:54,3/6/2017 8:57,3/8/2017 16:58,3/9/2017 10:00,3/11/2017 1:30,599.06,622.0,-22.94,232.3,DRV,5.0,,False,0,Carrier 641522,Shipper 758,True,True,True,3/9/2017 21:00,3/11/2017 1:30,False,False,False,False,False,False,False,False,Taft,CA ,Taft,CA 
8851,206631577,11/22/2017 12:58,11/22/2017 12:59,11/28/2017 15:05,12/4/2017 12:00,12/4/2017 16:00,597.5,400.0,197.5,81.0,DRV,,,False,0,Carrier 958291,Shipper 968,True,True,True,12/4/2017 12:00,12/4/2017 16:30,False,False,False,False,False,True,False,False,Pennsauken Township,NJ ,Pennsauken Township,NJ 
8852,206517641,8/8/2017 9:25,8/8/2017 9:25,8/15/2017 9:36,8/15/2017 13:00,8/16/2017 9:07,597.13,550.0,47.13,284.1,DRV,,,False,0,Carrier 53723,Shipper 1249,True,True,True,8/15/2017 13:00,8/16/2017 9:00,False,False,False,False,False,False,False,False,La Porte,TX ,La Porte,TX 
8853,206517641,8/8/2017 9:25,8/8/2017 9:25,8/15/2017 9:36,8/15/2017 13:00,8/16/2017 9:07,597.13,550.0,47.13,284.1,DRV,,,False,0,Carrier 53723,Shipper 1375,True,True,True,8/15/2017 13:00,8/16/2017 9:00,False,False,False,False,False,False,False,False,La Porte,TX ,La Porte,TX 
8854,206517641,8/8/2017 9:25,8/8/2017 9:25,8/15/2017 9:36,8/15/2017 13:00,8/16/2017 9:07,597.13,550.0,47.13,284.1,DRV,,,False,0,Carrier 53723,Shipper 1386,True,True,True,8/15/2017 13:00,8/16/2017 9:00,False,False,False,False,False,False,False,False,La Porte,TX ,La Porte,TX 
8855,206517641,8/8/2017 9:25,8/8/2017 9:25,8/15/2017 9:36,8/15/2017 13:00,8/16/2017 9:07,597.13,550.0,47.13,284.1,DRV,,,False,0,Carrier 53723,Shipper 1248,True,True,True,8/15/2017 13:00,8/16/2017 9:00,False,False,False,False,False,False,False,False,La Porte,TX ,La Porte,TX 
8856,206517641,8/8/2017 9:25,8/8/2017 9:25,8/15/2017 9:36,8/15/2017 13:00,8/16/2017 9:07,597.13,550.0,47.13,284.1,DRV,,,False,0,Carrier 53723,Shipper 1387,True,True,True,8/15/2017 13:00,8/16/2017 9:00,False,False,False,False,False,False,False,False,La Porte,TX ,La Porte,TX 
8857,206517641,8/8/2017 9:25,8/8/2017 9:25,8/15/2017 9:36,8/15/2017 13:00,8/16/2017 9:07,597.13,550.0,47.13,284.1,DRV,,,False,0,Carrier 53723,Shipper 1388,True,True,True,8/15/2017 13:00,8/16/2017 9:00,False,False,False,False,False,False,False,False,La Porte,TX ,La Porte,TX 
8858,206577281,4/26/2017 17:24,4/26/2017 17:24,4/27/2017 18:05,4/27/2017 17:00,4/28/2017 12:30,595.73,900.0,-304.27,323.0,DRV,3.0,,False,1,Carrier 1012910,Shipper 1249,True,True,True,4/27/2017 17:00,4/28/2017 10:30,False,False,False,False,False,False,False,False,Jacksonville,FL ,Jacksonville,FL 
8859,206577281,4/26/2017 17:24,4/26/2017 17:24,4/27/2017 18:05,4/27/2017 17:00,4/28/2017 12:30,595.73,900.0,-304.27,323.0,DRV,3.0,,False,1,Carrier 1012910,Shipper 1375,True,True,True,4/27/2017 17:00,4/28/2017 10:30,False,False,False,False,False,False,False,False,Jacksonville,FL ,Jacksonville,FL 
8860,206467217,4/26/2017 17:26,4/26/2017 17:26,4/27/2017 14:23,4/27/2017 17:00,4/28/2017 9:45,595.73,800.0,-204.27,323.0,DRV,4.0,,False,0,Carrier 1695236,Shipper 1249,True,True,True,4/27/2017 17:00,4/28/2017 9:45,False,False,False,False,False,False,False,False,Jacksonville,FL ,Jacksonville,FL 
8861,206467217,4/26/2017 17:26,4/26/2017 17:26,4/27/2017 14:23,4/27/2017 17:00,4/28/2017 9:45,595.73,800.0,-204.27,323.0,DRV,4.0,,False,0,Carrier 1695236,Shipper 1375,True,True,True,4/27/2017 17:00,4/28/2017 9:45,False,False,False,False,False,False,False,False,Jacksonville,FL ,Jacksonville,FL 
8862,206577281,4/26/2017 17:24,4/26/2017 17:24,4/27/2017 18:05,4/27/2017 17:00,4/28/2017 12:30,595.73,900.0,-304.27,323.0,DRV,3.0,,False,1,Carrier 1012910,Shipper 1386,True,True,True,4/27/2017 17:00,4/28/2017 10:30,False,False,False,False,False,False,False,False,Jacksonville,FL ,Jacksonville,FL 
8863,206467217,4/26/2017 17:26,4/26/2017 17:26,4/27/2017 14:23,4/27/2017 17:00,4/28/2017 9:45,595.73,800.0,-204.27,323.0,DRV,4.0,,False,0,Carrier 1695236,Shipper 1386,True,True,True,4/27/2017 17:00,4/28/2017 9:45,False,False,False,False,False,False,False,False,Jacksonville,FL ,Jacksonville,FL 
8864,206577281,4/26/2017 17:24,4/26/2017 17:24,4/27/2017 18:05,4/27/2017 17:00,4/28/2017 12:30,595.73,900.0,-304.27,323.0,DRV,3.0,,False,1,Carrier 1012910,Shipper 1248,True,True,True,4/27/2017 17:00,4/28/2017 10:30,False,False,False,False,False,False,False,False,Jacksonville,FL ,Jacksonville,FL 
8865,206577281,4/26/2017 17:24,4/26/2017 17:24,4/27/2017 18:05,4/27/2017 17:00,4/28/2017 12:30,595.73,900.0,-304.27,323.0,DRV,3.0,,False,1,Carrier 1012910,Shipper 1387,True,True,True,4/27/2017 17:00,4/28/2017 10:30,False,False,False,False,False,False,False,False,Jacksonville,FL ,Jacksonville,FL 
8866,206467217,4/26/2017 17:26,4/26/2017 17:26,4/27/2017 14:23,4/27/2017 17:00,4/28/2017 9:45,595.73,800.0,-204.27,323.0,DRV,4.0,,False,0,Carrier 1695236,Shipper 1248,True,True,True,4/27/2017 17:00,4/28/2017 9:45,False,False,False,False,False,False,False,False,Jacksonville,FL ,Jacksonville,FL 
8867,206577281,4/26/2017 17:24,4/26/2017 17:24,4/27/2017 18:05,4/27/2017 17:00,4/28/2017 12:30,595.73,900.0,-304.27,323.0,DRV,3.0,,False,1,Carrier 1012910,Shipper 1388,True,True,True,4/27/2017 17:00,4/28/2017 10:30,False,False,False,False,False,False,False,False,Jacksonville,FL ,Jacksonville,FL 
8868,206467217,4/26/2017 17:26,4/26/2017 17:26,4/27/2017 14:23,4/27/2017 17:00,4/28/2017 9:45,595.73,800.0,-204.27,323.0,DRV,4.0,,False,0,Carrier 1695236,Shipper 1387,True,True,True,4/27/2017 17:00,4/28/2017 9:45,False,False,False,False,False,False,False,False,Jacksonville,FL ,Jacksonville,FL 
8869,206467217,4/26/2017 17:26,4/26/2017 17:26,4/27/2017 14:23,4/27/2017 17:00,4/28/2017 9:45,595.73,800.0,-204.27,323.0,DRV,4.0,,False,0,Carrier 1695236,Shipper 1388,True,True,True,4/27/2017 17:00,4/28/2017 9:45,False,False,False,False,False,False,False,False,Jacksonville,FL ,Jacksonville,FL 
8870,206478825,1/17/2017 16:26,1/17/2017 16:27,1/20/2017 9:42,1/24/2017 8:00,1/25/2017 10:11,595.6,550.0,45.6,584.1,DRV,,,False,0,Carrier 34822,Shipper 762,True,True,True,1/24/2017 15:00,1/25/2017 10:00,False,False,False,False,False,False,False,False,Lakeland,FL ,Lakeland,FL 
8871,206482153,1/17/2017 16:30,1/17/2017 16:30,1/26/2017 16:10,1/31/2017 8:00,2/1/2017 9:00,595.6,550.0,45.6,584.1,DRV,,,False,0,Carrier 38929,Shipper 762,,,,1/31/2017 15:00,2/1/2017 10:00,False,False,False,False,False,False,False,False,Lakeland,FL ,Lakeland,FL 
8872,206466289,1/17/2017 16:29,1/17/2017 16:29,1/24/2017 12:49,1/26/2017 8:00,1/27/2017 12:00,595.6,550.0,45.6,584.1,DRV,,,False,0,Carrier 38929,Shipper 762,False,True,True,1/26/2017 15:00,1/27/2017 10:00,False,False,False,False,False,False,False,False,Lakeland,FL ,Lakeland,FL 
8873,206559905,1/17/2017 12:36,1/17/2017 12:37,1/18/2017 11:42,1/19/2017 8:00,1/20/2017 9:50,595.6,550.0,45.6,584.1,DRV,,,False,0,Carrier 38929,Shipper 762,True,True,True,1/19/2017 15:00,1/20/2017 10:00,False,False,False,False,False,False,False,False,Lakeland,FL ,Lakeland,FL 
8874,206535545,11/17/2017 11:33,11/17/2017 11:33,11/21/2017 8:25,11/21/2017 8:00,11/21/2017 17:30,595.4,600.0,-4.6,29.4,DRV,,,False,0,Carrier 1695685,Shipper 968,True,True,True,11/21/2017 12:00,11/21/2017 17:00,False,False,False,False,False,True,False,False,Newark,NJ ,Newark,NJ 
8875,206701529,4/19/2017 10:25,4/19/2017 10:25,5/12/2017 13:41,5/14/2017 14:00,5/15/2017 0:55,595.0,425.0,170.0,130.8,DRV,3.0,,False,1,Carrier 567581,Shipper 758,True,True,True,5/14/2017 14:00,5/14/2017 23:00,False,False,False,False,False,False,False,False,Hawkins,TX ,Hawkins,TX 
8876,206481369,9/8/2017 14:14,9/8/2017 14:15,9/11/2017 10:27,9/13/2017 8:00,9/13/2017 16:20,594.19,530.0,64.19,50.6,DRV,,,False,0,Carrier 97236,Shipper 968,True,True,True,9/13/2017 12:00,9/13/2017 16:30,False,False,False,False,False,False,False,False,Stamford,CT ,Stamford,CT 
8877,206484345,4/3/2017 13:00,4/3/2017 13:01,4/4/2017 17:06,4/4/2017 8:00,4/5/2017 14:00,594.0,850.0,-256.0,308.0,DRV,,,False,1,Carrier 1053585,Shipper 766,True,True,True,4/4/2017 23:00,4/5/2017 14:00,False,False,False,False,False,False,False,False,Pine Mountain Valley,GA ,Pine Mountain Valley,GA 
8878,206425081,1/25/2017 9:48,1/25/2017 9:48,1/25/2017 14:25,1/26/2017 15:00,1/27/2017 11:25,593.33,600.0,-6.67,624.3,DRV,,,False,0,Carrier 1247885,Shipper 841,True,True,True,1/26/2017 15:00,1/27/2017 11:00,False,False,False,False,False,False,False,False,Orlando,FL ,Orlando,FL 
8879,206572537,9/18/2017 14:00,9/18/2017 14:00,9/19/2017 11:33,9/20/2017 8:00,9/20/2017 15:50,593.08,500.0,93.08,79.9,DRV,,,False,0,Carrier 97236,Shipper 1175,True,True,True,9/20/2017 12:00,9/20/2017 16:30,False,False,False,False,False,False,False,False,Philadelphia,PA ,Philadelphia,PA 
8880,206701561,6/9/2017 11:26,6/9/2017 11:27,6/12/2017 10:30,6/16/2017 11:00,6/17/2017 2:00,592.18,739.0,-146.82,232.3,DRV,,,False,0,Carrier 1558859,Shipper 758,True,True,True,6/16/2017 17:00,6/16/2017 23:00,False,False,False,False,False,False,False,False,Taft,CA ,Taft,CA 
8881,206544169,6/27/2017 10:29,6/27/2017 10:30,6/27/2017 17:05,6/28/2017 8:00,6/29/2017 9:50,592.1,600.0,-7.9,373.8,DRV,,,False,0,Carrier 947118,Shipper 623,True,False,False,6/28/2017 15:00,6/29/2017 8:00,False,False,False,False,False,False,False,False,Reading,PA ,Reading,PA 
8882,206653081,2/15/2017 16:07,2/15/2017 16:07,2/20/2017 8:53,2/20/2017 8:00,2/21/2017 13:00,591.26,600.0,-8.74,637.0,DRV,,,False,0,Carrier 822981,Shipper 841,True,True,True,2/20/2017 15:00,2/21/2017 9:00,False,False,False,False,False,False,False,False,Tampa,FL ,Tampa,FL 
8883,206466409,1/31/2017 16:15,1/31/2017 16:15,2/1/2017 16:18,2/2/2017 7:00,2/3/2017 11:45,590.5,575.0,15.5,330.0,DRV,4.0,,False,0,Carrier 164058,Shipper 841,True,True,True,2/2/2017 16:30,2/3/2017 10:00,False,False,False,False,False,False,False,False,Greenville,SC ,Greenville,SC 
8884,206547217,3/13/2017 11:10,3/13/2017 11:11,3/15/2017 8:53,3/15/2017 8:00,3/16/2017 13:20,590.24,552.0,38.24,274.2,DRV,3.0,,True,0,Carrier 154651,Shipper 841,True,True,True,3/15/2017 15:00,3/16/2017 10:00,False,False,False,False,False,False,False,False,Newport,TN ,Newport,TN 
8885,206495985,3/13/2017 14:58,3/13/2017 15:00,3/15/2017 12:51,3/15/2017 12:00,3/16/2017 10:00,589.54,550.0,39.54,148.0,DRV,3.0,,False,0,Carrier 97236,Shipper 968,True,True,True,3/15/2017 16:00,3/16/2017 16:00,False,False,False,False,False,False,False,False,Lancaster,PA ,Lancaster,PA 
8886,206422433,2/6/2017 11:46,2/6/2017 11:46,2/7/2017 12:22,2/7/2017 9:00,2/8/2017 10:00,589.36,600.0,-10.64,247.5,DRV,2.0,,False,0,Carrier 110505,Shipper 765,True,True,True,2/7/2017 14:00,2/8/2017 8:00,False,False,False,False,False,False,False,False,Greencastle,IN ,Greencastle,IN 
8887,206422433,2/6/2017 11:46,2/6/2017 11:46,2/7/2017 12:22,2/7/2017 9:00,2/8/2017 10:00,589.36,600.0,-10.64,247.5,DRV,2.0,,False,0,Carrier 110505,Shipper 764,True,True,True,2/7/2017 14:00,2/8/2017 8:00,False,False,False,False,False,False,False,False,Greencastle,IN ,Greencastle,IN 
8888,206426697,7/25/2017 17:02,7/25/2017 17:02,7/31/2017 13:56,7/31/2017 18:00,8/2/2017 14:00,588.0,1000.0,-412.0,402.2,DRV,,,False,0,Carrier 1071866,Shipper 1249,False,True,False,7/31/2017 18:00,8/2/2017 17:00,False,False,False,False,False,False,False,False,Fort Collins,CO ,Fort Collins,CO 
8889,206426697,7/25/2017 17:02,7/25/2017 17:02,7/31/2017 13:56,7/31/2017 18:00,8/2/2017 14:00,588.0,1000.0,-412.0,402.2,DRV,,,False,0,Carrier 1071866,Shipper 1375,False,True,False,7/31/2017 18:00,8/2/2017 17:00,False,False,False,False,False,False,False,False,Fort Collins,CO ,Fort Collins,CO 
8890,206426697,7/25/2017 17:02,7/25/2017 17:02,7/31/2017 13:56,7/31/2017 18:00,8/2/2017 14:00,588.0,1000.0,-412.0,402.2,DRV,,,False,0,Carrier 1071866,Shipper 1386,False,True,False,7/31/2017 18:00,8/2/2017 17:00,False,False,False,False,False,False,False,False,Fort Collins,CO ,Fort Collins,CO 
8891,206426697,7/25/2017 17:02,7/25/2017 17:02,7/31/2017 13:56,7/31/2017 18:00,8/2/2017 14:00,588.0,1000.0,-412.0,402.2,DRV,,,False,0,Carrier 1071866,Shipper 1248,False,True,False,7/31/2017 18:00,8/2/2017 17:00,False,False,False,False,False,False,False,False,Fort Collins,CO ,Fort Collins,CO 
8892,206426697,7/25/2017 17:02,7/25/2017 17:02,7/31/2017 13:56,7/31/2017 18:00,8/2/2017 14:00,588.0,1000.0,-412.0,402.2,DRV,,,False,0,Carrier 1071866,Shipper 1387,False,True,False,7/31/2017 18:00,8/2/2017 17:00,False,False,False,False,False,False,False,False,Fort Collins,CO ,Fort Collins,CO 
8893,206426697,7/25/2017 17:02,7/25/2017 17:02,7/31/2017 13:56,7/31/2017 18:00,8/2/2017 14:00,588.0,1000.0,-412.0,402.2,DRV,,,False,0,Carrier 1071866,Shipper 1388,False,True,False,7/31/2017 18:00,8/2/2017 17:00,False,False,False,False,False,False,False,False,Fort Collins,CO ,Fort Collins,CO 
8894,206648249,1/19/2017 12:20,1/19/2017 12:20,1/23/2017 10:57,1/23/2017 7:30,1/24/2017 12:05,586.63,625.0,-38.37,312.2,DRV,,,False,0,Carrier 1144669,Shipper 749,True,True,True,1/23/2017 16:00,1/24/2017 15:00,False,False,False,False,False,False,False,False,Christiansburg,VA ,Christiansburg,VA 
8895,206571873,11/6/2017 12:30,11/6/2017 12:30,11/20/2017 10:00,11/20/2017 8:00,11/21/2017 5:05,586.42,653.0,-66.58,194.4,DRV,,,False,0,Carrier 1023686,Shipper 758,True,False,False,11/20/2017 13:00,11/20/2017 21:00,False,False,False,False,False,False,False,False,Edmond,OK ,Edmond,OK 
8896,206589721,9/20/2017 11:36,9/20/2017 11:36,9/21/2017 13:17,9/26/2017 10:00,9/28/2017 0:17,585.21,610.0,-24.79,232.3,DRV,,,False,0,Carrier 1558859,Shipper 758,True,True,True,9/26/2017 21:00,9/27/2017 22:30,False,False,False,False,False,False,False,False,Taft,CA ,Taft,CA 
8897,206433841,10/31/2017 12:11,10/31/2017 12:11,11/1/2017 10:47,11/2/2017 10:00,11/2/2017 15:10,585.0,580.0,5.0,107.2,DRV,,,False,0,Carrier 821366,Shipper 1184,True,True,True,11/2/2017 10:00,11/2/2017 14:30,False,False,False,False,False,False,False,False,Pittston,PA ,Pittston,PA 
8898,206425961,10/31/2017 12:18,10/31/2017 12:18,11/1/2017 13:47,11/2/2017 10:00,11/2/2017 15:50,585.0,580.0,5.0,107.2,DRV,,,False,0,Carrier 1608374,Shipper 1184,True,True,True,11/2/2017 10:00,11/2/2017 15:00,False,False,False,False,False,False,False,False,Pittston,PA ,Pittston,PA 
8899,206531617,7/8/2017 10:30,7/8/2017 10:31,7/11/2017 8:32,7/12/2017 7:00,7/12/2017 14:40,584.47,600.0,-15.53,59.7,DRV,,,False,0,Carrier 1526477,Shipper 1175,True,True,True,7/12/2017 10:00,7/12/2017 15:00,False,False,False,False,False,False,False,False,Narvon,PA ,Narvon,PA 
8900,206503705,6/9/2017 14:39,6/9/2017 14:40,6/12/2017 11:21,6/14/2017 8:00,6/14/2017 12:45,584.29,550.0,34.29,59.7,DRV,,,False,0,Carrier 1150261,Shipper 1175,True,True,True,6/14/2017 11:00,6/14/2017 15:00,False,False,False,False,False,False,False,False,Narvon,PA ,Narvon,PA 
8901,206587713,1/12/2017 11:14,1/12/2017 11:15,1/17/2017 11:12,1/17/2017 8:00,1/18/2017 9:00,584.14,700.0,-115.86,230.8,DRV,,,False,1,Carrier 1550259,Shipper 1052,,,,1/17/2017 15:00,1/18/2017 14:00,False,False,False,False,False,False,False,False,Philadelphia,PA ,Philadelphia,PA 
8902,206585825,9/26/2017 9:08,9/26/2017 9:08,10/13/2017 16:08,10/19/2017 17:00,10/20/2017 2:00,583.69,600.0,-16.31,130.8,DRV,,,False,1,Carrier 1056996,Shipper 758,True,True,True,10/19/2017 17:00,10/20/2017 1:00,False,False,False,False,False,False,False,False,Hawkins,TX ,Hawkins,TX 
8903,206473649,9/20/2017 9:17,9/20/2017 9:17,10/13/2017 16:08,10/16/2017 17:00,10/17/2017 2:15,583.69,600.0,-16.31,130.8,DRV,,,False,2,Carrier 1056996,Shipper 758,True,True,True,10/16/2017 17:00,10/17/2017 1:30,False,False,False,False,False,False,False,False,Hawkins,TX ,Hawkins,TX 
8904,206509793,9/18/2017 16:36,9/18/2017 16:36,9/26/2017 9:18,9/27/2017 17:00,9/28/2017 7:00,583.69,550.0,33.69,130.8,DRV,,,False,0,Carrier 1695528,Shipper 758,True,True,True,9/27/2017 17:00,9/28/2017 1:30,False,False,False,False,False,False,False,False,Hawkins,TX ,Hawkins,TX 
8905,206726945,5/30/2017 13:08,5/30/2017 13:08,6/1/2017 18:38,6/1/2017 18:00,6/2/2017 10:00,582.8,1500.0,-917.2,253.1,RFR,,,False,0,Carrier 84504,Shipper 1249,True,True,True,6/1/2017 22:00,6/2/2017 14:00,False,False,False,False,False,False,False,False,Columbus,OH ,Columbus,OH 
8906,206726945,5/30/2017 13:08,5/30/2017 13:08,6/1/2017 18:38,6/1/2017 18:00,6/2/2017 10:00,582.8,1500.0,-917.2,253.1,RFR,,,False,0,Carrier 84504,Shipper 1375,True,True,True,6/1/2017 22:00,6/2/2017 14:00,False,False,False,False,False,False,False,False,Columbus,OH ,Columbus,OH 
8907,206726945,5/30/2017 13:08,5/30/2017 13:08,6/1/2017 18:38,6/1/2017 18:00,6/2/2017 10:00,582.8,1500.0,-917.2,253.1,RFR,,,False,0,Carrier 84504,Shipper 1386,True,True,True,6/1/2017 22:00,6/2/2017 14:00,False,False,False,False,False,False,False,False,Columbus,OH ,Columbus,OH 
8908,206726945,5/30/2017 13:08,5/30/2017 13:08,6/1/2017 18:38,6/1/2017 18:00,6/2/2017 10:00,582.8,1500.0,-917.2,253.1,RFR,,,False,0,Carrier 84504,Shipper 1248,True,True,True,6/1/2017 22:00,6/2/2017 14:00,False,False,False,False,False,False,False,False,Columbus,OH ,Columbus,OH 
8909,206726945,5/30/2017 13:08,5/30/2017 13:08,6/1/2017 18:38,6/1/2017 18:00,6/2/2017 10:00,582.8,1500.0,-917.2,253.1,RFR,,,False,0,Carrier 84504,Shipper 1387,True,True,True,6/1/2017 22:00,6/2/2017 14:00,False,False,False,False,False,False,False,False,Columbus,OH ,Columbus,OH 
8910,206726945,5/30/2017 13:08,5/30/2017 13:08,6/1/2017 18:38,6/1/2017 18:00,6/2/2017 10:00,582.8,1500.0,-917.2,253.1,RFR,,,False,0,Carrier 84504,Shipper 1388,True,True,True,6/1/2017 22:00,6/2/2017 14:00,False,False,False,False,False,False,False,False,Columbus,OH ,Columbus,OH 
8911,206540849,4/21/2017 11:30,4/21/2017 11:30,4/25/2017 10:59,4/26/2017 7:00,4/27/2017 14:10,582.46,600.0,-17.54,298.5,DRV,3.0,,False,0,Carrier 751256,Shipper 1357,True,True,True,4/26/2017 15:00,4/27/2017 11:00,False,False,False,False,False,False,False,False,Chester,VA ,Chester,VA 
8912,206492521,9/28/2017 16:54,9/28/2017 16:54,10/2/2017 9:23,10/4/2017 9:00,10/4/2017 14:00,581.62,450.0,131.62,24.2,DRV,,,False,0,Carrier 97236,Shipper 1453,True,True,True,10/4/2017 12:00,10/4/2017 16:00,False,False,False,False,False,False,False,False,Bronx,NY ,Bronx,NY 
8913,206487161,1/20/2017 14:33,1/20/2017 14:33,1/23/2017 18:12,1/24/2017 8:00,1/24/2017 17:08,579.39,550.0,29.39,243.5,DRV,,,False,0,Carrier 92424,Shipper 762,True,True,True,1/24/2017 16:30,1/25/2017 0:00,False,False,False,False,False,False,False,False,Dallas,TX ,Dallas,TX 
8914,206553665,2/27/2017 17:44,2/27/2017 17:44,3/1/2017 13:58,3/5/2017 16:00,3/6/2017 14:00,579.27,460.0,119.27,130.8,DRV,,,False,0,Carrier 611154,Shipper 758,True,True,True,3/5/2017 16:00,3/6/2017 11:00,False,False,False,False,False,False,False,False,Hawkins,TX ,Hawkins,TX 
8915,206664521,4/10/2017 16:55,4/10/2017 17:35,4/12/2017 9:41,4/12/2017 10:00,4/12/2017 16:48,579.22,565.0,14.22,198.5,DRV,,,False,0,Carrier 1375897,Shipper 1033,True,True,True,4/12/2017 15:00,4/13/2017 16:00,False,False,False,False,False,False,False,False,Omaha,NE ,Omaha,NE 
8916,206434697,7/10/2017 14:30,7/10/2017 14:30,7/11/2017 17:16,7/12/2017 14:00,7/13/2017 10:50,579.04,850.0,-270.96,173.3,DRV,,,False,0,Carrier 1599873,Shipper 1249,True,True,True,7/12/2017 14:00,7/13/2017 8:00,False,False,False,False,False,False,False,False,Fort Collins,CO ,Fort Collins,CO 
8917,206502521,7/11/2017 10:30,7/11/2017 10:30,7/14/2017 16:57,7/17/2017 1:00,7/17/2017 13:00,579.04,700.0,-120.96,173.3,DRV,,,False,0,Carrier 1236,Shipper 1249,True,True,True,7/17/2017 1:00,7/17/2017 13:00,False,False,False,False,False,False,False,False,Fort Collins,CO ,Fort Collins,CO 
8918,206506593,7/10/2017 14:33,7/10/2017 14:33,7/12/2017 11:59,7/13/2017 2:00,7/13/2017 13:30,579.04,650.0,-70.96,173.3,DRV,,,False,0,Carrier 188447,Shipper 1249,True,True,True,7/13/2017 2:00,7/13/2017 13:00,False,False,False,False,False,False,False,False,Fort Collins,CO ,Fort Collins,CO 
8919,206434697,7/10/2017 14:30,7/10/2017 14:30,7/11/2017 17:16,7/12/2017 14:00,7/13/2017 10:50,579.04,850.0,-270.96,173.3,DRV,,,False,0,Carrier 1599873,Shipper 1375,True,True,True,7/12/2017 14:00,7/13/2017 8:00,False,False,False,False,False,False,False,False,Fort Collins,CO ,Fort Collins,CO 
8920,206502521,7/11/2017 10:30,7/11/2017 10:30,7/14/2017 16:57,7/17/2017 1:00,7/17/2017 13:00,579.04,700.0,-120.96,173.3,DRV,,,False,0,Carrier 1236,Shipper 1375,True,True,True,7/17/2017 1:00,7/17/2017 13:00,False,False,False,False,False,False,False,False,Fort Collins,CO ,Fort Collins,CO 
8921,206506593,7/10/2017 14:33,7/10/2017 14:33,7/12/2017 11:59,7/13/2017 2:00,7/13/2017 13:30,579.04,650.0,-70.96,173.3,DRV,,,False,0,Carrier 188447,Shipper 1375,True,True,True,7/13/2017 2:00,7/13/2017 13:00,False,False,False,False,False,False,False,False,Fort Collins,CO ,Fort Collins,CO 
8922,206440921,7/24/2017 14:27,7/24/2017 14:27,7/31/2017 16:07,7/31/2017 19:00,8/1/2017 10:05,579.04,750.0,-170.96,173.3,DRV,,,False,0,Carrier 1695363,Shipper 1249,True,True,True,7/31/2017 19:00,8/1/2017 8:00,False,False,False,False,False,False,False,False,Fort Collins,CO ,Fort Collins,CO 
8923,206434697,7/10/2017 14:30,7/10/2017 14:30,7/11/2017 17:16,7/12/2017 14:00,7/13/2017 10:50,579.04,850.0,-270.96,173.3,DRV,,,False,0,Carrier 1599873,Shipper 1386,True,True,True,7/12/2017 14:00,7/13/2017 8:00,False,False,False,False,False,False,False,False,Fort Collins,CO ,Fort Collins,CO 
8924,206502521,7/11/2017 10:30,7/11/2017 10:30,7/14/2017 16:57,7/17/2017 1:00,7/17/2017 13:00,579.04,700.0,-120.96,173.3,DRV,,,False,0,Carrier 1236,Shipper 1386,True,True,True,7/17/2017 1:00,7/17/2017 13:00,False,False,False,False,False,False,False,False,Fort Collins,CO ,Fort Collins,CO 
8925,206506593,7/10/2017 14:33,7/10/2017 14:33,7/12/2017 11:59,7/13/2017 2:00,7/13/2017 13:30,579.04,650.0,-70.96,173.3,DRV,,,False,0,Carrier 188447,Shipper 1386,True,True,True,7/13/2017 2:00,7/13/2017 13:00,False,False,False,False,False,False,False,False,Fort Collins,CO ,Fort Collins,CO 
8926,206434697,7/10/2017 14:30,7/10/2017 14:30,7/11/2017 17:16,7/12/2017 14:00,7/13/2017 10:50,579.04,850.0,-270.96,173.3,DRV,,,False,0,Carrier 1599873,Shipper 1248,True,True,True,7/12/2017 14:00,7/13/2017 8:00,False,False,False,False,False,False,False,False,Fort Collins,CO ,Fort Collins,CO 
8927,206502521,7/11/2017 10:30,7/11/2017 10:30,7/14/2017 16:57,7/17/2017 1:00,7/17/2017 13:00,579.04,700.0,-120.96,173.3,DRV,,,False,0,Carrier 1236,Shipper 1248,True,True,True,7/17/2017 1:00,7/17/2017 13:00,False,False,False,False,False,False,False,False,Fort Collins,CO ,Fort Collins,CO 
8928,206440921,7/24/2017 14:27,7/24/2017 14:27,7/31/2017 16:07,7/31/2017 19:00,8/1/2017 10:05,579.04,750.0,-170.96,173.3,DRV,,,False,0,Carrier 1695363,Shipper 1375,True,True,True,7/31/2017 19:00,8/1/2017 8:00,False,False,False,False,False,False,False,False,Fort Collins,CO ,Fort Collins,CO 
8929,206434697,7/10/2017 14:30,7/10/2017 14:30,7/11/2017 17:16,7/12/2017 14:00,7/13/2017 10:50,579.04,850.0,-270.96,173.3,DRV,,,False,0,Carrier 1599873,Shipper 1387,True,True,True,7/12/2017 14:00,7/13/2017 8:00,False,False,False,False,False,False,False,False,Fort Collins,CO ,Fort Collins,CO 
8930,206506593,7/10/2017 14:33,7/10/2017 14:33,7/12/2017 11:59,7/13/2017 2:00,7/13/2017 13:30,579.04,650.0,-70.96,173.3,DRV,,,False,0,Carrier 188447,Shipper 1248,True,True,True,7/13/2017 2:00,7/13/2017 13:00,False,False,False,False,False,False,False,False,Fort Collins,CO ,Fort Collins,CO 
8931,206502521,7/11/2017 10:30,7/11/2017 10:30,7/14/2017 16:57,7/17/2017 1:00,7/17/2017 13:00,579.04,700.0,-120.96,173.3,DRV,,,False,0,Carrier 1236,Shipper 1387,True,True,True,7/17/2017 1:00,7/17/2017 13:00,False,False,False,False,False,False,False,False,Fort Collins,CO ,Fort Collins,CO 
8932,206506593,7/10/2017 14:33,7/10/2017 14:33,7/12/2017 11:59,7/13/2017 2:00,7/13/2017 13:30,579.04,650.0,-70.96,173.3,DRV,,,False,0,Carrier 188447,Shipper 1387,True,True,True,7/13/2017 2:00,7/13/2017 13:00,False,False,False,False,False,False,False,False,Fort Collins,CO ,Fort Collins,CO 
8933,206434697,7/10/2017 14:30,7/10/2017 14:30,7/11/2017 17:16,7/12/2017 14:00,7/13/2017 10:50,579.04,850.0,-270.96,173.3,DRV,,,False,0,Carrier 1599873,Shipper 1388,True,True,True,7/12/2017 14:00,7/13/2017 8:00,False,False,False,False,False,False,False,False,Fort Collins,CO ,Fort Collins,CO 
8934,206502521,7/11/2017 10:30,7/11/2017 10:30,7/14/2017 16:57,7/17/2017 1:00,7/17/2017 13:00,579.04,700.0,-120.96,173.3,DRV,,,False,0,Carrier 1236,Shipper 1388,True,True,True,7/17/2017 1:00,7/17/2017 13:00,False,False,False,False,False,False,False,False,Fort Collins,CO ,Fort Collins,CO 
8935,206440921,7/24/2017 14:27,7/24/2017 14:27,7/31/2017 16:07,7/31/2017 19:00,8/1/2017 10:05,579.04,750.0,-170.96,173.3,DRV,,,False,0,Carrier 1695363,Shipper 1386,True,True,True,7/31/2017 19:00,8/1/2017 8:00,False,False,False,False,False,False,False,False,Fort Collins,CO ,Fort Collins,CO 
8936,206506593,7/10/2017 14:33,7/10/2017 14:33,7/12/2017 11:59,7/13/2017 2:00,7/13/2017 13:30,579.04,650.0,-70.96,173.3,DRV,,,False,0,Carrier 188447,Shipper 1388,True,True,True,7/13/2017 2:00,7/13/2017 13:00,False,False,False,False,False,False,False,False,Fort Collins,CO ,Fort Collins,CO 
8937,206440921,7/24/2017 14:27,7/24/2017 14:27,7/31/2017 16:07,7/31/2017 19:00,8/1/2017 10:05,579.04,750.0,-170.96,173.3,DRV,,,False,0,Carrier 1695363,Shipper 1248,True,True,True,7/31/2017 19:00,8/1/2017 8:00,False,False,False,False,False,False,False,False,Fort Collins,CO ,Fort Collins,CO 
8938,206440921,7/24/2017 14:27,7/24/2017 14:27,7/31/2017 16:07,7/31/2017 19:00,8/1/2017 10:05,579.04,750.0,-170.96,173.3,DRV,,,False,0,Carrier 1695363,Shipper 1387,True,True,True,7/31/2017 19:00,8/1/2017 8:00,False,False,False,False,False,False,False,False,Fort Collins,CO ,Fort Collins,CO 
8939,206440921,7/24/2017 14:27,7/24/2017 14:27,7/31/2017 16:07,7/31/2017 19:00,8/1/2017 10:05,579.04,750.0,-170.96,173.3,DRV,,,False,0,Carrier 1695363,Shipper 1388,True,True,True,7/31/2017 19:00,8/1/2017 8:00,False,False,False,False,False,False,False,False,Fort Collins,CO ,Fort Collins,CO 
8940,206622945,10/6/2017 15:34,10/6/2017 15:38,10/9/2017 14:22,10/10/2017 8:00,10/10/2017 14:38,578.65,550.0,28.65,16.0,DRV,,,False,0,Carrier 1693751,Shipper 1642,True,False,False,10/10/2017 10:30,10/10/2017 13:00,False,False,False,False,False,True,False,False,Atlanta,GA ,Atlanta,GA 
8941,206470057,8/1/2017 14:10,8/1/2017 14:10,8/4/2017 15:42,8/7/2017 17:00,8/7/2017 23:45,578.42,612.0,-33.58,130.8,DRV,,,False,0,Carrier 546141,Shipper 758,True,True,True,8/7/2017 17:00,8/8/2017 1:00,False,False,False,False,False,False,False,False,Hawkins,TX ,Hawkins,TX 
8942,206628305,3/27/2017 16:50,3/27/2017 16:50,3/27/2017 19:17,3/28/2017 0:00,3/28/2017 12:10,577.54,800.0,-222.46,156.2,DRV,4.0,,False,0,Carrier 1084492,Shipper 1249,True,True,True,3/29/2017 6:00,3/28/2017 15:00,False,False,False,False,False,False,False,False,Cartersville,GA ,Cartersville,GA 
8943,206628305,3/27/2017 16:50,3/27/2017 16:50,3/27/2017 19:17,3/28/2017 0:00,3/28/2017 12:10,577.54,800.0,-222.46,156.2,DRV,4.0,,False,0,Carrier 1084492,Shipper 1375,True,True,True,3/29/2017 6:00,3/28/2017 15:00,False,False,False,False,False,False,False,False,Cartersville,GA ,Cartersville,GA 
8944,206628305,3/27/2017 16:50,3/27/2017 16:50,3/27/2017 19:17,3/28/2017 0:00,3/28/2017 12:10,577.54,800.0,-222.46,156.2,DRV,4.0,,False,0,Carrier 1084492,Shipper 1386,True,True,True,3/29/2017 6:00,3/28/2017 15:00,False,False,False,False,False,False,False,False,Cartersville,GA ,Cartersville,GA 
8945,206628305,3/27/2017 16:50,3/27/2017 16:50,3/27/2017 19:17,3/28/2017 0:00,3/28/2017 12:10,577.54,800.0,-222.46,156.2,DRV,4.0,,False,0,Carrier 1084492,Shipper 1248,True,True,True,3/29/2017 6:00,3/28/2017 15:00,False,False,False,False,False,False,False,False,Cartersville,GA ,Cartersville,GA 
8946,206628305,3/27/2017 16:50,3/27/2017 16:50,3/27/2017 19:17,3/28/2017 0:00,3/28/2017 12:10,577.54,800.0,-222.46,156.2,DRV,4.0,,False,0,Carrier 1084492,Shipper 1387,True,True,True,3/29/2017 6:00,3/28/2017 15:00,False,False,False,False,False,False,False,False,Cartersville,GA ,Cartersville,GA 
8947,206628305,3/27/2017 16:50,3/27/2017 16:50,3/27/2017 19:17,3/28/2017 0:00,3/28/2017 12:10,577.54,800.0,-222.46,156.2,DRV,4.0,,False,0,Carrier 1084492,Shipper 1388,True,True,True,3/29/2017 6:00,3/28/2017 15:00,False,False,False,False,False,False,False,False,Cartersville,GA ,Cartersville,GA 
8948,206558033,7/10/2017 17:57,7/10/2017 17:57,7/17/2017 15:13,7/17/2017 16:00,7/18/2017 6:00,577.06,700.0,-122.94,130.8,DRV,,,False,0,Carrier 1693545,Shipper 758,False,True,True,7/17/2017 16:00,7/18/2017 0:30,False,False,False,False,False,False,False,False,Hawkins,TX ,Hawkins,TX 
8949,206643601,8/10/2017 15:51,8/10/2017 15:51,8/14/2017 9:14,8/14/2017 14:00,8/15/2017 8:19,576.86,525.0,51.86,199.2,DRV,,,False,1,Carrier 1695446,Shipper 1357,True,True,True,8/14/2017 14:00,8/15/2017 7:00,False,False,False,False,False,False,False,False,Gastonia,NC ,Gastonia,NC 
8950,206473577,1/24/2017 13:42,1/24/2017 13:42,1/25/2017 11:59,1/26/2017 0:00,1/26/2017 16:30,576.42,734.0,-157.58,115.6,RFR,,,False,0,Carrier 10589,Shipper 832,False,False,False,1/26/2017 0:00,1/26/2017 8:30,False,False,False,False,False,False,False,False,Westfield,MA ,Westfield,MA 
8951,206550521,10/11/2017 16:50,10/11/2017 16:50,10/12/2017 13:51,10/12/2017 14:00,10/13/2017 8:00,575.96,725.0,-149.04,133.8,DRV,,,False,0,Carrier 708030,Shipper 1249,True,True,True,10/12/2017 14:00,10/13/2017 13:00,False,False,False,False,False,False,False,False,Jacksonville,FL ,Jacksonville,FL 
8952,206550521,10/11/2017 16:50,10/11/2017 16:50,10/12/2017 13:51,10/12/2017 14:00,10/13/2017 8:00,575.96,725.0,-149.04,133.8,DRV,,,False,0,Carrier 708030,Shipper 1375,True,True,True,10/12/2017 14:00,10/13/2017 13:00,False,False,False,False,False,False,False,False,Jacksonville,FL ,Jacksonville,FL 
8953,206550521,10/11/2017 16:50,10/11/2017 16:50,10/12/2017 13:51,10/12/2017 14:00,10/13/2017 8:00,575.96,725.0,-149.04,133.8,DRV,,,False,0,Carrier 708030,Shipper 1386,True,True,True,10/12/2017 14:00,10/13/2017 13:00,False,False,False,False,False,False,False,False,Jacksonville,FL ,Jacksonville,FL 
8954,206550521,10/11/2017 16:50,10/11/2017 16:50,10/12/2017 13:51,10/12/2017 14:00,10/13/2017 8:00,575.96,725.0,-149.04,133.8,DRV,,,False,0,Carrier 708030,Shipper 1248,True,True,True,10/12/2017 14:00,10/13/2017 13:00,False,False,False,False,False,False,False,False,Jacksonville,FL ,Jacksonville,FL 
8955,206550521,10/11/2017 16:50,10/11/2017 16:50,10/12/2017 13:51,10/12/2017 14:00,10/13/2017 8:00,575.96,725.0,-149.04,133.8,DRV,,,False,0,Carrier 708030,Shipper 1387,True,True,True,10/12/2017 14:00,10/13/2017 13:00,False,False,False,False,False,False,False,False,Jacksonville,FL ,Jacksonville,FL 
8956,206550521,10/11/2017 16:50,10/11/2017 16:50,10/12/2017 13:51,10/12/2017 14:00,10/13/2017 8:00,575.96,725.0,-149.04,133.8,DRV,,,False,0,Carrier 708030,Shipper 1388,True,True,True,10/12/2017 14:00,10/13/2017 13:00,False,False,False,False,False,False,False,False,Jacksonville,FL ,Jacksonville,FL 
8957,206466753,4/21/2017 16:25,4/21/2017 16:25,4/24/2017 16:38,4/25/2017 5:00,4/26/2017 10:10,575.92,700.0,-124.08,139.9,DRV,4.0,,False,0,Carrier 1215451,Shipper 1249,False,True,False,4/25/2017 5:00,4/26/2017 16:00,False,False,False,False,False,False,False,False,Cartersville,GA ,Cartersville,GA 
8958,206466753,4/21/2017 16:25,4/21/2017 16:25,4/24/2017 16:38,4/25/2017 5:00,4/26/2017 10:10,575.92,700.0,-124.08,139.9,DRV,4.0,,False,0,Carrier 1215451,Shipper 1375,False,True,False,4/25/2017 5:00,4/26/2017 16:00,False,False,False,False,False,False,False,False,Cartersville,GA ,Cartersville,GA 
8959,206466753,4/21/2017 16:25,4/21/2017 16:25,4/24/2017 16:38,4/25/2017 5:00,4/26/2017 10:10,575.92,700.0,-124.08,139.9,DRV,4.0,,False,0,Carrier 1215451,Shipper 1386,False,True,False,4/25/2017 5:00,4/26/2017 16:00,False,False,False,False,False,False,False,False,Cartersville,GA ,Cartersville,GA 
8960,206466753,4/21/2017 16:25,4/21/2017 16:25,4/24/2017 16:38,4/25/2017 5:00,4/26/2017 10:10,575.92,700.0,-124.08,139.9,DRV,4.0,,False,0,Carrier 1215451,Shipper 1248,False,True,False,4/25/2017 5:00,4/26/2017 16:00,False,False,False,False,False,False,False,False,Cartersville,GA ,Cartersville,GA 
8961,206466753,4/21/2017 16:25,4/21/2017 16:25,4/24/2017 16:38,4/25/2017 5:00,4/26/2017 10:10,575.92,700.0,-124.08,139.9,DRV,4.0,,False,0,Carrier 1215451,Shipper 1387,False,True,False,4/25/2017 5:00,4/26/2017 16:00,False,False,False,False,False,False,False,False,Cartersville,GA ,Cartersville,GA 
8962,206466753,4/21/2017 16:25,4/21/2017 16:25,4/24/2017 16:38,4/25/2017 5:00,4/26/2017 10:10,575.92,700.0,-124.08,139.9,DRV,4.0,,False,0,Carrier 1215451,Shipper 1388,False,True,False,4/25/2017 5:00,4/26/2017 16:00,False,False,False,False,False,False,False,False,Cartersville,GA ,Cartersville,GA 
8963,206588657,3/13/2017 16:40,3/13/2017 16:40,3/15/2017 10:48,3/15/2017 9:00,3/16/2017 17:00,575.78,550.0,25.78,353.5,DRV,3.0,,False,0,Carrier 1413357,Shipper 971,True,True,True,3/15/2017 15:00,3/16/2017 15:00,False,False,False,False,False,False,False,False,Dallas,TX ,Dallas,TX 
8964,206563121,6/19/2017 10:47,6/19/2017 10:49,6/19/2017 14:05,6/21/2017 8:00,6/21/2017 13:15,575.17,550.0,25.17,169.8,DRV,,,False,0,Carrier 16025,Shipper 751,True,True,True,6/21/2017 10:00,6/21/2017 16:00,False,False,False,False,False,False,False,False,Waterloo,WI ,Waterloo,WI 
8965,206435401,4/13/2017 14:20,4/13/2017 14:20,4/17/2017 11:54,4/17/2017 20:00,4/18/2017 8:30,575.0,400.0,175.0,130.8,DRV,3.0,,False,0,Carrier 735522,Shipper 758,True,True,True,4/17/2017 20:00,4/18/2017 8:00,False,False,False,False,False,False,False,False,Hawkins,TX ,Hawkins,TX 
8966,206539705,4/13/2017 14:18,4/13/2017 14:19,4/14/2017 9:45,4/17/2017 19:00,4/18/2017 12:15,575.0,400.0,175.0,130.8,DRV,4.0,,False,0,Carrier 611154,Shipper 758,True,False,False,4/17/2017 19:00,4/18/2017 8:00,False,False,False,False,False,False,False,False,Hawkins,TX ,Hawkins,TX 
8967,206482145,1/11/2017 9:58,1/11/2017 9:58,1/12/2017 9:51,1/12/2017 10:00,1/12/2017 15:30,575.0,500.0,75.0,114.1,DRV,,,False,0,Carrier 1687588,Shipper 762,True,True,True,1/12/2017 13:00,1/12/2017 15:00,False,False,False,False,False,False,False,False,Cowarts,AL ,Cowarts,AL 
8968,206543849,4/13/2017 14:17,4/13/2017 14:17,4/17/2017 9:55,4/17/2017 17:00,4/18/2017 11:45,575.0,500.0,75.0,130.8,DRV,4.0,,False,0,Carrier 678129,Shipper 758,True,True,True,4/17/2017 17:00,4/18/2017 9:00,False,False,False,False,False,False,False,False,Hawkins,TX ,Hawkins,TX 
8969,206512801,5/1/2017 12:39,5/1/2017 12:39,5/1/2017 13:45,5/1/2017 9:00,5/2/2017 10:00,575.0,550.0,25.0,241.3,DRV,4.0,,False,0,Carrier 412227,Shipper 923,True,True,True,5/1/2017 16:00,5/2/2017 16:00,False,False,False,False,False,False,False,False,Medley,FL ,Medley,FL 
8970,206474681,4/13/2017 14:22,4/13/2017 14:22,4/17/2017 10:46,4/17/2017 20:00,4/18/2017 8:00,575.0,400.0,175.0,130.8,DRV,4.0,,False,0,Carrier 495998,Shipper 758,True,True,True,4/17/2017 20:00,4/18/2017 10:00,False,False,False,False,False,False,False,False,Hawkins,TX ,Hawkins,TX 
8971,206504729,2/23/2017 14:45,2/23/2017 14:45,2/23/2017 15:36,2/24/2017 12:00,2/27/2017 8:15,575.0,550.0,25.0,65.1,DRV,3.0,,False,0,Carrier 97236,Shipper 560,True,True,True,2/24/2017 14:00,2/27/2017 15:30,False,False,False,False,False,False,False,False,Wanaque,NJ ,Wanaque,NJ 
8972,206551785,1/27/2017 13:20,1/27/2017 13:20,2/1/2017 9:06,2/6/2017 14:00,2/7/2017 11:37,575.0,475.0,100.0,487.7,DRV,,,False,0,Carrier 34822,Shipper 585,True,True,True,2/6/2017 14:00,2/7/2017 10:00,False,False,False,False,False,False,False,False,Plant City,FL ,Plant City,FL 
8973,206558233,2/10/2017 14:00,2/10/2017 14:01,2/14/2017 13:07,2/14/2017 8:00,2/15/2017 9:15,574.93,750.0,-175.07,230.0,DRV,,,False,1,Carrier 951595,Shipper 1052,True,True,True,2/14/2017 15:00,2/15/2017 16:00,False,False,False,False,False,False,False,False,Philadelphia,PA ,Philadelphia,PA 
8974,206608497,6/21/2017 9:53,6/21/2017 9:58,6/22/2017 10:04,6/22/2017 8:00,6/23/2017 10:00,574.32,515.0,59.32,206.2,DRV,,,False,0,Carrier 553983,Shipper 971,True,True,True,6/22/2017 17:00,6/23/2017 13:00,False,False,False,False,False,False,False,False,San Antonio,TX ,San Antonio,TX 
8975,206421921,10/26/2017 11:20,10/26/2017 11:21,10/26/2017 13:49,10/27/2017 9:00,10/30/2017 10:00,574.15,450.0,124.15,24.2,DRV,,,False,0,Carrier 299670,Shipper 1453,False,False,False,10/27/2017 12:00,10/27/2017 16:00,False,False,False,False,False,True,False,False,Bronx,NY ,Bronx,NY 
8976,206704329,3/24/2017 9:59,3/24/2017 9:59,3/29/2017 17:21,3/31/2017 10:00,4/1/2017 5:45,574.0,644.0,-70.0,232.3,DRV,,,False,0,Carrier 1558859,Shipper 758,True,True,True,3/31/2017 17:00,4/1/2017 1:30,False,False,False,False,False,False,False,False,Taft,CA ,Taft,CA 
8977,206526913,5/15/2017 9:47,5/15/2017 9:48,5/16/2017 12:10,5/16/2017 8:30,5/17/2017 11:45,572.91,550.0,22.91,241.3,DRV,,,False,0,Carrier 1313161,Shipper 901,True,True,True,5/16/2017 17:00,5/17/2017 9:00,False,False,False,False,False,False,False,False,Alton,IL ,Alton,IL 
8978,206584561,4/19/2017 15:20,4/19/2017 15:20,4/24/2017 9:25,4/24/2017 8:00,4/24/2017 19:30,572.02,650.0,-77.98,230.0,DRV,4.0,,False,0,Carrier 977880,Shipper 1052,True,True,True,4/24/2017 12:00,4/25/2017 16:00,False,False,False,False,False,False,False,False,Philadelphia,PA ,Philadelphia,PA 
8979,206622913,5/24/2017 12:56,5/24/2017 12:59,5/25/2017 8:30,5/25/2017 7:00,5/25/2017 16:30,571.73,700.0,-128.27,134.7,DRV,,,False,0,Carrier 1385101,Shipper 765,True,False,False,5/25/2017 9:00,5/25/2017 14:30,False,False,False,False,False,False,False,False,Toledo,OH ,Toledo,OH 
8980,206622913,5/24/2017 12:56,5/24/2017 12:59,5/25/2017 8:30,5/25/2017 7:00,5/25/2017 16:30,571.73,700.0,-128.27,134.7,DRV,,,False,0,Carrier 1385101,Shipper 764,True,False,False,5/25/2017 9:00,5/25/2017 14:30,False,False,False,False,False,False,False,False,Toledo,OH ,Toledo,OH 
8981,206438337,9/8/2017 8:59,9/8/2017 8:59,9/15/2017 13:10,9/15/2017 13:00,9/16/2017 2:00,570.21,760.0,-189.79,232.3,DRV,,,False,1,Carrier 1011047,Shipper 758,True,True,True,9/15/2017 18:00,9/16/2017 1:00,False,False,False,False,False,False,False,False,Taft,CA ,Taft,CA 
8982,206481321,7/5/2017 14:35,7/5/2017 14:36,7/5/2017 16:42,7/7/2017 6:00,7/10/2017 9:00,570.04,450.0,120.04,232.2,DRV,,,False,0,Carrier 97236,Shipper 968,True,True,True,7/7/2017 10:00,7/10/2017 16:30,False,False,False,False,False,False,False,False,Everett,MA ,Everett,MA 
8983,206430761,5/30/2017 19:24,5/30/2017 19:24,6/2/2017 17:11,6/4/2017 14:00,6/5/2017 0:50,570.0,500.0,70.0,130.8,DRV,,,False,2,Carrier 1556250,Shipper 758,True,True,True,6/4/2017 14:00,6/4/2017 23:00,False,False,False,False,False,False,False,False,Hawkins,TX ,Hawkins,TX 
8984,206507625,5/30/2017 19:23,5/30/2017 19:23,6/2/2017 9:37,6/4/2017 14:00,6/5/2017 0:00,570.0,500.0,70.0,130.8,DRV,,,False,0,Carrier 1693589,Shipper 758,True,True,True,6/4/2017 14:00,6/4/2017 22:00,False,False,False,False,False,False,False,False,Hawkins,TX ,Hawkins,TX 
8985,206479145,5/30/2017 19:21,5/30/2017 19:21,6/1/2017 11:48,6/4/2017 14:00,6/5/2017 3:30,570.0,400.0,170.0,130.8,DRV,,,False,0,Carrier 611154,Shipper 758,True,True,True,6/4/2017 14:00,6/5/2017 1:30,False,False,False,False,False,False,False,False,Hawkins,TX ,Hawkins,TX 
8986,206596265,5/30/2017 19:34,5/30/2017 19:34,6/1/2017 12:00,6/4/2017 14:00,6/4/2017 23:54,570.0,425.0,145.0,130.8,DRV,,,False,0,Carrier 1065016,Shipper 758,False,False,False,6/4/2017 14:00,6/4/2017 23:30,False,False,False,False,False,False,False,False,Hawkins,TX ,Hawkins,TX 
8987,206523553,6/1/2017 14:20,6/1/2017 14:20,6/2/2017 10:41,6/4/2017 14:00,6/5/2017 2:30,570.0,600.0,-30.0,130.8,DRV,,,False,0,Carrier 546141,Shipper 758,True,True,True,6/4/2017 14:00,6/5/2017 0:30,False,False,False,False,False,False,False,False,Hawkins,TX ,Hawkins,TX 
8988,206515697,7/10/2017 10:07,7/10/2017 10:07,7/10/2017 13:38,7/11/2017 9:00,7/12/2017 15:45,569.88,600.0,-30.12,135.7,DRV,,,False,0,Carrier 97236,Shipper 1078,True,True,True,7/11/2017 16:00,7/12/2017 14:30,False,False,False,False,False,False,False,False,Hackettstown,NJ ,Hackettstown,NJ 
8989,206650337,3/13/2017 11:45,3/13/2017 11:45,3/16/2017 9:35,3/16/2017 8:00,3/17/2017 12:00,569.02,550.0,19.02,160.2,DRV,3.0,,False,0,Carrier 63558,Shipper 1052,True,True,True,3/16/2017 15:00,3/17/2017 15:30,False,False,False,False,False,False,False,False,Baltimore,MD ,Baltimore,MD 
8990,206582465,6/23/2017 16:01,6/23/2017 16:01,6/26/2017 11:44,6/29/2017 17:00,6/30/2017 6:25,568.72,543.0,25.72,130.8,DRV,,,False,0,Carrier 804788,Shipper 758,True,True,True,6/29/2017 17:00,6/30/2017 1:00,False,False,False,False,False,False,False,False,Hawkins,TX ,Hawkins,TX 
8991,206665041,2/6/2017 16:00,2/6/2017 16:03,2/7/2017 13:10,2/8/2017 9:00,2/8/2017 15:30,568.26,500.0,68.26,194.5,DRV,2.0,,False,0,Carrier 1129365,Shipper 901,True,True,True,2/8/2017 16:00,2/8/2017 16:30,False,False,False,False,False,False,False,False,Davenport,IA ,Davenport,IA 
8992,206597665,1/14/2017 11:49,1/14/2017 11:49,1/16/2017 16:24,1/17/2017 8:30,1/17/2017 21:30,568.04,525.0,43.04,243.5,DRV,,,False,0,Carrier 1034135,Shipper 762,,,,1/17/2017 16:30,1/18/2017 0:00,False,False,False,False,False,False,False,False,Dallas,TX ,Dallas,TX 
8993,206533537,1/14/2017 11:44,1/14/2017 11:44,1/16/2017 13:53,1/17/2017 8:30,1/17/2017 16:35,568.04,550.0,18.04,243.5,DRV,,,False,0,Carrier 1693537,Shipper 762,True,True,True,1/17/2017 16:30,1/18/2017 0:00,False,False,False,False,False,False,False,False,Dallas,TX ,Dallas,TX 
8994,206434569,5/9/2017 11:52,5/9/2017 11:52,5/9/2017 12:44,5/9/2017 9:00,5/10/2017 14:10,567.47,550.0,17.47,353.5,DRV,3.0,,False,0,Carrier 407772,Shipper 971,True,False,False,5/9/2017 15:30,5/10/2017 9:00,False,False,False,False,False,False,False,False,Dallas,TX ,Dallas,TX 
8995,206495625,5/11/2017 10:37,5/11/2017 10:37,5/15/2017 12:57,5/15/2017 8:00,5/16/2017 13:00,567.47,1000.0,-432.53,621.2,DRV,3.0,,False,0,Carrier 53723,Shipper 971,True,True,True,5/15/2017 17:00,5/16/2017 13:00,False,False,False,False,False,False,False,False,San Antonio,TX ,San Antonio,TX 
8996,206605873,12/18/2017 18:53,12/18/2017 18:53,12/19/2017 8:27,12/20/2017 11:00,12/21/2017 8:22,567.32,800.0,-232.68,91.2,DRV,,,False,0,Carrier 1475394,Shipper 1249,True,True,True,12/20/2017 11:00,12/21/2017 7:00,False,False,False,False,False,False,False,False,Cartersville,GA ,Cartersville,GA 
8997,206605873,12/18/2017 18:53,12/18/2017 18:53,12/19/2017 8:27,12/20/2017 11:00,12/21/2017 8:22,567.32,800.0,-232.68,91.2,DRV,,,False,0,Carrier 1475394,Shipper 1375,True,True,True,12/20/2017 11:00,12/21/2017 7:00,False,False,False,False,False,False,False,False,Cartersville,GA ,Cartersville,GA 
8998,206605873,12/18/2017 18:53,12/18/2017 18:53,12/19/2017 8:27,12/20/2017 11:00,12/21/2017 8:22,567.32,800.0,-232.68,91.2,DRV,,,False,0,Carrier 1475394,Shipper 1386,True,True,True,12/20/2017 11:00,12/21/2017 7:00,False,False,False,False,False,False,False,False,Cartersville,GA ,Cartersville,GA 
8999,206605873,12/18/2017 18:53,12/18/2017 18:53,12/19/2017 8:27,12/20/2017 11:00,12/21/2017 8:22,567.32,800.0,-232.68,91.2,DRV,,,False,0,Carrier 1475394,Shipper 1248,True,True,True,12/20/2017 11:00,12/21/2017 7:00,False,False,False,False,False,False,False,False,Cartersville,GA ,Cartersville,GA 
9000,206605873,12/18/2017 18:53,12/18/2017 18:53,12/19/2017 8:27,12/20/2017 11:00,12/21/2017 8:22,567.32,800.0,-232.68,91.2,DRV,,,False,0,Carrier 1475394,Shipper 1387,True,True,True,12/20/2017 11:00,12/21/2017 7:00,False,False,False,False,False,False,False,False,Cartersville,GA ,Cartersville,GA 
9001,206605873,12/18/2017 18:53,12/18/2017 18:53,12/19/2017 8:27,12/20/2017 11:00,12/21/2017 8:22,567.32,800.0,-232.68,91.2,DRV,,,False,0,Carrier 1475394,Shipper 1388,True,True,True,12/20/2017 11:00,12/21/2017 7:00,False,False,False,False,False,False,False,False,Cartersville,GA ,Cartersville,GA 
9002,206729417,2/6/2017 8:51,2/6/2017 8:51,2/6/2017 10:53,2/7/2017 7:00,2/7/2017 16:50,567.09,550.0,17.09,148.0,DRV,3.0,,False,0,Carrier 97236,Shipper 968,False,True,True,2/7/2017 11:00,2/7/2017 16:00,False,False,False,False,False,False,False,False,Lancaster,PA ,Lancaster,PA 
9003,206452745,12/18/2017 18:17,12/18/2017 18:17,12/20/2017 11:01,12/20/2017 18:00,12/21/2017 13:20,566.6,750.0,-183.4,90.2,DRV,,ts_in,False,1,Carrier 1554386,Shipper 1249,True,True,True,12/20/2017 18:00,12/21/2017 14:00,False,False,False,False,False,False,False,False,Cartersville,GA ,Cartersville,GA 
9004,206476185,12/18/2017 17:16,12/18/2017 17:16,12/20/2017 11:28,12/21/2017 19:00,12/22/2017 10:30,566.6,750.0,-183.4,90.2,DRV,,dat_in,False,0,Carrier 1554386,Shipper 1249,True,True,True,12/21/2017 19:00,12/22/2017 12:00,False,False,False,False,False,False,False,False,Cartersville,GA ,Cartersville,GA 
9005,206452745,12/18/2017 18:17,12/18/2017 18:17,12/20/2017 11:01,12/20/2017 18:00,12/21/2017 13:20,566.6,750.0,-183.4,90.2,DRV,,ts_in,False,1,Carrier 1554386,Shipper 1375,True,True,True,12/20/2017 18:00,12/21/2017 14:00,False,False,False,False,False,False,False,False,Cartersville,GA ,Cartersville,GA 
9006,206476185,12/18/2017 17:16,12/18/2017 17:16,12/20/2017 11:28,12/21/2017 19:00,12/22/2017 10:30,566.6,750.0,-183.4,90.2,DRV,,dat_in,False,0,Carrier 1554386,Shipper 1375,True,True,True,12/21/2017 19:00,12/22/2017 12:00,False,False,False,False,False,False,False,False,Cartersville,GA ,Cartersville,GA 
9007,206452745,12/18/2017 18:17,12/18/2017 18:17,12/20/2017 11:01,12/20/2017 18:00,12/21/2017 13:20,566.6,750.0,-183.4,90.2,DRV,,ts_in,False,1,Carrier 1554386,Shipper 1386,True,True,True,12/20/2017 18:00,12/21/2017 14:00,False,False,False,False,False,False,False,False,Cartersville,GA ,Cartersville,GA 
9008,206476185,12/18/2017 17:16,12/18/2017 17:16,12/20/2017 11:28,12/21/2017 19:00,12/22/2017 10:30,566.6,750.0,-183.4,90.2,DRV,,dat_in,False,0,Carrier 1554386,Shipper 1386,True,True,True,12/21/2017 19:00,12/22/2017 12:00,False,False,False,False,False,False,False,False,Cartersville,GA ,Cartersville,GA 
9009,206452745,12/18/2017 18:17,12/18/2017 18:17,12/20/2017 11:01,12/20/2017 18:00,12/21/2017 13:20,566.6,750.0,-183.4,90.2,DRV,,ts_in,False,1,Carrier 1554386,Shipper 1248,True,True,True,12/20/2017 18:00,12/21/2017 14:00,False,False,False,False,False,False,False,False,Cartersville,GA ,Cartersville,GA 
9010,206476185,12/18/2017 17:16,12/18/2017 17:16,12/20/2017 11:28,12/21/2017 19:00,12/22/2017 10:30,566.6,750.0,-183.4,90.2,DRV,,dat_in,False,0,Carrier 1554386,Shipper 1248,True,True,True,12/21/2017 19:00,12/22/2017 12:00,False,False,False,False,False,False,False,False,Cartersville,GA ,Cartersville,GA 
9011,206452745,12/18/2017 18:17,12/18/2017 18:17,12/20/2017 11:01,12/20/2017 18:00,12/21/2017 13:20,566.6,750.0,-183.4,90.2,DRV,,ts_in,False,1,Carrier 1554386,Shipper 1387,True,True,True,12/20/2017 18:00,12/21/2017 14:00,False,False,False,False,False,False,False,False,Cartersville,GA ,Cartersville,GA 
9012,206476185,12/18/2017 17:16,12/18/2017 17:16,12/20/2017 11:28,12/21/2017 19:00,12/22/2017 10:30,566.6,750.0,-183.4,90.2,DRV,,dat_in,False,0,Carrier 1554386,Shipper 1387,True,True,True,12/21/2017 19:00,12/22/2017 12:00,False,False,False,False,False,False,False,False,Cartersville,GA ,Cartersville,GA 
9013,206452745,12/18/2017 18:17,12/18/2017 18:17,12/20/2017 11:01,12/20/2017 18:00,12/21/2017 13:20,566.6,750.0,-183.4,90.2,DRV,,ts_in,False,1,Carrier 1554386,Shipper 1388,True,True,True,12/20/2017 18:00,12/21/2017 14:00,False,False,False,False,False,False,False,False,Cartersville,GA ,Cartersville,GA 
9014,206476185,12/18/2017 17:16,12/18/2017 17:16,12/20/2017 11:28,12/21/2017 19:00,12/22/2017 10:30,566.6,750.0,-183.4,90.2,DRV,,dat_in,False,0,Carrier 1554386,Shipper 1388,True,True,True,12/21/2017 19:00,12/22/2017 12:00,False,False,False,False,False,False,False,False,Cartersville,GA ,Cartersville,GA 
9015,206642689,5/10/2017 13:57,5/10/2017 13:57,5/11/2017 11:22,5/12/2017 6:00,5/12/2017 9:30,565.3,450.0,115.3,78.7,DRV,,,False,0,Carrier 487653,Shipper 1249,True,True,True,5/12/2017 6:00,5/12/2017 14:00,False,False,False,False,False,False,False,False,Houston,TX ,Houston,TX 
9016,206642689,5/10/2017 13:57,5/10/2017 13:57,5/11/2017 11:22,5/12/2017 6:00,5/12/2017 9:30,565.3,450.0,115.3,78.7,DRV,,,False,0,Carrier 487653,Shipper 1375,True,True,True,5/12/2017 6:00,5/12/2017 14:00,False,False,False,False,False,False,False,False,Houston,TX ,Houston,TX 
9017,206642689,5/10/2017 13:57,5/10/2017 13:57,5/11/2017 11:22,5/12/2017 6:00,5/12/2017 9:30,565.3,450.0,115.3,78.7,DRV,,,False,0,Carrier 487653,Shipper 1386,True,True,True,5/12/2017 6:00,5/12/2017 14:00,False,False,False,False,False,False,False,False,Houston,TX ,Houston,TX 
9018,206642689,5/10/2017 13:57,5/10/2017 13:57,5/11/2017 11:22,5/12/2017 6:00,5/12/2017 9:30,565.3,450.0,115.3,78.7,DRV,,,False,0,Carrier 487653,Shipper 1248,True,True,True,5/12/2017 6:00,5/12/2017 14:00,False,False,False,False,False,False,False,False,Houston,TX ,Houston,TX 
9019,206642689,5/10/2017 13:57,5/10/2017 13:57,5/11/2017 11:22,5/12/2017 6:00,5/12/2017 9:30,565.3,450.0,115.3,78.7,DRV,,,False,0,Carrier 487653,Shipper 1387,True,True,True,5/12/2017 6:00,5/12/2017 14:00,False,False,False,False,False,False,False,False,Houston,TX ,Houston,TX 
9020,206642689,5/10/2017 13:57,5/10/2017 13:57,5/11/2017 11:22,5/12/2017 6:00,5/12/2017 9:30,565.3,450.0,115.3,78.7,DRV,,,False,0,Carrier 487653,Shipper 1388,True,True,True,5/12/2017 6:00,5/12/2017 14:00,False,False,False,False,False,False,False,False,Houston,TX ,Houston,TX 
9021,206626665,5/10/2017 10:18,5/10/2017 10:19,5/10/2017 13:53,5/10/2017 14:00,5/10/2017 23:50,565.27,500.0,65.27,205.4,DRV,3.0,,False,1,Carrier 982281,Shipper 1070,False,False,False,5/10/2017 14:00,5/10/2017 21:00,False,False,False,False,False,False,False,False,Porterville,CA ,Porterville,CA 
9022,206546913,8/2/2017 14:06,8/2/2017 14:06,8/8/2017 16:36,8/9/2017 8:00,8/12/2017 13:20,564.68,550.0,14.68,181.3,DRV,,,False,0,Carrier 311629,Shipper 841,True,True,True,8/9/2017 15:00,8/10/2017 10:00,False,False,False,False,False,False,False,False,Jackson,TN ,Jackson,TN 
9023,206727193,4/21/2017 10:00,4/21/2017 10:01,4/25/2017 10:25,4/25/2017 8:00,4/26/2017 9:00,562.99,750.0,-187.01,230.0,DRV,3.0,,False,1,Carrier 79027,Shipper 1052,True,False,False,4/25/2017 15:00,4/25/2017 16:00,False,False,False,False,False,False,False,False,Philadelphia,PA ,Philadelphia,PA 
9024,206480969,7/28/2017 11:35,7/28/2017 11:35,8/1/2017 10:18,8/2/2017 9:00,8/2/2017 15:00,562.62,600.0,-37.38,135.7,DRV,,,False,1,Carrier 97236,Shipper 1078,True,True,True,8/2/2017 9:00,8/2/2017 14:30,False,False,False,False,False,False,False,False,Hackettstown,NJ ,Hackettstown,NJ 
9025,206468993,8/25/2017 10:34,8/25/2017 10:34,8/31/2017 15:33,9/1/2017 11:00,9/1/2017 23:30,562.18,760.0,-197.82,232.3,DRV,,,False,1,Carrier 1068351,Shipper 758,True,True,True,9/1/2017 17:00,9/1/2017 22:30,False,False,False,False,False,False,False,False,Taft,CA ,Taft,CA 
9026,206561465,9/20/2017 16:02,9/20/2017 16:05,9/22/2017 11:57,9/26/2017 9:00,9/26/2017 12:53,561.84,525.0,36.84,49.2,DRV,,,False,0,Carrier 1150261,Shipper 1175,True,True,True,9/26/2017 12:00,9/26/2017 15:00,False,False,False,False,False,False,False,False,Newark,DE ,Newark,DE 
9027,206656609,6/8/2017 18:42,6/9/2017 11:51,6/9/2017 14:08,6/10/2017 14:00,6/10/2017 22:30,561.71,750.0,-188.29,284.9,DRV,,,False,0,Carrier 1323310,Shipper 1070,True,False,False,6/10/2017 14:00,6/10/2017 20:00,False,False,False,False,False,False,False,False,Wellton,AZ ,Wellton,AZ 
9028,206600297,2/16/2017 11:50,2/16/2017 11:50,2/16/2017 14:46,2/17/2017 7:30,2/20/2017 9:35,560.9,525.0,35.9,309.3,DRV,,,False,1,Carrier 369899,Shipper 1078,True,True,True,2/17/2017 15:00,2/20/2017 14:30,False,False,False,False,False,False,False,False,Windsor Locks,CT ,Windsor Locks,CT 
9029,206504761,5/23/2017 13:16,5/23/2017 13:16,5/24/2017 11:00,5/25/2017 6:00,5/26/2017 8:00,560.73,450.0,110.73,232.2,DRV,,,False,0,Carrier 97236,Shipper 968,True,True,True,5/25/2017 15:00,5/26/2017 16:30,False,False,False,False,False,False,False,False,Everett,MA ,Everett,MA 
9030,206489489,7/15/2017 11:53,7/15/2017 11:54,7/18/2017 11:30,7/19/2017 8:00,7/19/2017 12:50,560.05,550.0,10.05,59.7,DRV,,,False,0,Carrier 1150261,Shipper 1175,True,True,True,7/19/2017 10:00,7/19/2017 15:00,False,False,False,False,False,False,False,False,Narvon,PA ,Narvon,PA 
9031,206525433,12/18/2017 17:47,12/18/2017 17:47,12/20/2017 8:11,12/20/2017 13:00,12/21/2017 8:30,559.19,800.0,-240.81,131.5,DRV,,dat_in,False,1,Carrier 85403,Shipper 1249,True,True,True,12/20/2017 13:00,12/21/2017 7:00,False,False,False,False,False,False,False,False,Jacksonville,FL ,Jacksonville,FL 
9032,206525433,12/18/2017 17:47,12/18/2017 17:47,12/20/2017 8:11,12/20/2017 13:00,12/21/2017 8:30,559.19,800.0,-240.81,131.5,DRV,,dat_in,False,1,Carrier 85403,Shipper 1375,True,True,True,12/20/2017 13:00,12/21/2017 7:00,False,False,False,False,False,False,False,False,Jacksonville,FL ,Jacksonville,FL 
9033,206525433,12/18/2017 17:47,12/18/2017 17:47,12/20/2017 8:11,12/20/2017 13:00,12/21/2017 8:30,559.19,800.0,-240.81,131.5,DRV,,dat_in,False,1,Carrier 85403,Shipper 1386,True,True,True,12/20/2017 13:00,12/21/2017 7:00,False,False,False,False,False,False,False,False,Jacksonville,FL ,Jacksonville,FL 
9034,206525433,12/18/2017 17:47,12/18/2017 17:47,12/20/2017 8:11,12/20/2017 13:00,12/21/2017 8:30,559.19,800.0,-240.81,131.5,DRV,,dat_in,False,1,Carrier 85403,Shipper 1248,True,True,True,12/20/2017 13:00,12/21/2017 7:00,False,False,False,False,False,False,False,False,Jacksonville,FL ,Jacksonville,FL 
9035,206525433,12/18/2017 17:47,12/18/2017 17:47,12/20/2017 8:11,12/20/2017 13:00,12/21/2017 8:30,559.19,800.0,-240.81,131.5,DRV,,dat_in,False,1,Carrier 85403,Shipper 1387,True,True,True,12/20/2017 13:00,12/21/2017 7:00,False,False,False,False,False,False,False,False,Jacksonville,FL ,Jacksonville,FL 
9036,206525433,12/18/2017 17:47,12/18/2017 17:47,12/20/2017 8:11,12/20/2017 13:00,12/21/2017 8:30,559.19,800.0,-240.81,131.5,DRV,,dat_in,False,1,Carrier 85403,Shipper 1388,True,True,True,12/20/2017 13:00,12/21/2017 7:00,False,False,False,False,False,False,False,False,Jacksonville,FL ,Jacksonville,FL 
9037,206625385,11/17/2017 16:31,11/17/2017 16:31,11/20/2017 11:12,11/21/2017 7:00,11/21/2017 13:40,559.05,500.0,59.05,30.4,DRV,,,False,0,Carrier 97236,Shipper 968,True,True,True,11/21/2017 12:00,11/21/2017 16:30,False,False,False,False,False,True,False,False,Brooklyn,NY ,Brooklyn,NY 
9038,206641025,9/20/2017 10:56,9/20/2017 10:56,10/2/2017 12:34,10/2/2017 17:00,10/3/2017 6:55,558.69,580.0,-21.31,130.8,DRV,,,False,0,Carrier 46264,Shipper 758,True,True,True,10/2/2017 17:00,10/3/2017 1:30,False,False,False,False,False,False,False,False,Hawkins,TX ,Hawkins,TX 
9039,206657601,3/2/2017 15:35,3/2/2017 15:36,3/3/2017 16:17,3/6/2017 9:00,3/6/2017 14:30,558.63,450.0,108.63,79.9,DRV,,,False,0,Carrier 1084218,Shipper 1175,True,True,True,3/6/2017 11:00,3/6/2017 16:30,False,False,False,False,False,False,False,False,Philadelphia,PA ,Philadelphia,PA 
9040,206579849,11/6/2017 12:22,11/6/2017 12:22,11/20/2017 8:36,11/20/2017 12:00,11/20/2017 22:24,558.42,650.0,-91.58,194.4,DRV,,,False,0,Carrier 1695682,Shipper 758,True,True,True,11/20/2017 12:00,11/20/2017 21:00,False,False,False,False,False,False,False,False,Edmond,OK ,Edmond,OK 
9041,206545345,11/6/2017 12:27,11/6/2017 12:27,11/14/2017 18:37,11/15/2017 12:00,11/15/2017 22:00,558.42,550.0,8.42,194.4,DRV,,,False,0,Carrier 1048440,Shipper 758,True,False,False,11/15/2017 12:00,11/15/2017 21:00,False,False,False,False,False,False,False,False,Edmond,OK ,Edmond,OK 
9042,206475201,8/4/2017 13:52,8/4/2017 13:52,8/9/2017 13:34,8/10/2017 10:00,8/12/2017 1:20,558.17,610.0,-51.83,232.3,DRV,,,False,0,Carrier 641522,Shipper 758,True,True,True,8/10/2017 21:00,8/11/2017 23:00,False,False,False,False,False,False,False,False,Taft,CA ,Taft,CA 
9043,206558385,3/20/2017 12:41,3/20/2017 12:41,3/21/2017 8:44,3/21/2017 8:00,3/23/2017 10:00,557.86,650.0,-92.14,182.9,DRV,2.0,,False,0,Carrier 79585,Shipper 1052,True,True,True,3/21/2017 12:00,3/22/2017 16:00,False,False,False,False,False,False,False,False,Baltimore,MD ,Baltimore,MD 
9044,206747793,2/6/2017 12:53,2/6/2017 12:54,2/7/2017 9:42,2/7/2017 8:30,2/8/2017 10:30,556.38,500.0,56.38,241.3,DRV,,,False,0,Carrier 40749,Shipper 901,True,True,True,2/7/2017 17:00,2/8/2017 9:00,False,False,False,False,False,False,False,False,Alton,IL ,Alton,IL 
9045,206438033,5/23/2017 13:02,5/23/2017 13:15,5/25/2017 10:05,5/25/2017 9:00,5/25/2017 16:00,556.1,550.0,6.1,198.5,DRV,,,False,0,Carrier 51521,Shipper 1033,True,True,True,5/25/2017 10:00,5/25/2017 17:00,False,False,False,False,False,False,False,False,Omaha,NE ,Omaha,NE 
9046,206516481,5/23/2017 18:35,5/24/2017 9:48,5/30/2017 12:36,5/30/2017 10:30,5/31/2017 12:50,556.1,600.0,-43.9,198.5,DRV,,,False,1,Carrier 32758,Shipper 1033,True,False,False,5/30/2017 16:00,5/30/2017 17:00,False,False,False,False,False,False,False,False,Omaha,NE ,Omaha,NE 
9047,206572505,7/5/2017 10:44,7/5/2017 10:45,7/5/2017 12:06,7/10/2017 9:00,7/10/2017 15:20,556.02,500.0,56.02,51.6,DRV,,,False,0,Carrier 97236,Shipper 1175,True,True,True,7/10/2017 10:00,7/10/2017 15:00,False,False,False,False,False,False,False,False,Hillsborough Township,NJ ,Hillsborough Township,NJ 
9048,206422985,5/18/2017 16:34,5/18/2017 16:34,5/19/2017 16:34,5/21/2017 20:00,5/22/2017 10:00,555.08,1300.0,-744.92,296.4,DRV,,,False,0,Carrier 1041646,Shipper 1249,True,True,True,5/21/2017 20:00,5/22/2017 16:00,False,False,False,False,False,False,False,False,Jacksonville,FL ,Jacksonville,FL 
9049,206422985,5/18/2017 16:34,5/18/2017 16:34,5/19/2017 16:34,5/21/2017 20:00,5/22/2017 10:00,555.08,1300.0,-744.92,296.4,DRV,,,False,0,Carrier 1041646,Shipper 1375,True,True,True,5/21/2017 20:00,5/22/2017 16:00,False,False,False,False,False,False,False,False,Jacksonville,FL ,Jacksonville,FL 
9050,206422985,5/18/2017 16:34,5/18/2017 16:34,5/19/2017 16:34,5/21/2017 20:00,5/22/2017 10:00,555.08,1300.0,-744.92,296.4,DRV,,,False,0,Carrier 1041646,Shipper 1386,True,True,True,5/21/2017 20:00,5/22/2017 16:00,False,False,False,False,False,False,False,False,Jacksonville,FL ,Jacksonville,FL 
9051,206422985,5/18/2017 16:34,5/18/2017 16:34,5/19/2017 16:34,5/21/2017 20:00,5/22/2017 10:00,555.08,1300.0,-744.92,296.4,DRV,,,False,0,Carrier 1041646,Shipper 1248,True,True,True,5/21/2017 20:00,5/22/2017 16:00,False,False,False,False,False,False,False,False,Jacksonville,FL ,Jacksonville,FL 
9052,206422985,5/18/2017 16:34,5/18/2017 16:34,5/19/2017 16:34,5/21/2017 20:00,5/22/2017 10:00,555.08,1300.0,-744.92,296.4,DRV,,,False,0,Carrier 1041646,Shipper 1387,True,True,True,5/21/2017 20:00,5/22/2017 16:00,False,False,False,False,False,False,False,False,Jacksonville,FL ,Jacksonville,FL 
9053,206422985,5/18/2017 16:34,5/18/2017 16:34,5/19/2017 16:34,5/21/2017 20:00,5/22/2017 10:00,555.08,1300.0,-744.92,296.4,DRV,,,False,0,Carrier 1041646,Shipper 1388,True,True,True,5/21/2017 20:00,5/22/2017 16:00,False,False,False,False,False,False,False,False,Jacksonville,FL ,Jacksonville,FL 
9054,206584241,8/11/2017 13:23,8/11/2017 13:24,8/15/2017 13:39,8/16/2017 8:00,8/16/2017 14:30,554.38,500.0,54.38,59.7,DRV,,,False,0,Carrier 100709,Shipper 1175,True,True,True,8/16/2017 10:00,8/16/2017 15:00,False,False,False,False,False,False,False,False,Narvon,PA ,Narvon,PA 
9055,206628889,4/14/2017 9:24,4/14/2017 9:24,4/18/2017 11:53,4/20/2017 10:00,4/22/2017 0:20,554.06,634.0,-79.94,232.3,DRV,3.0,,False,0,Carrier 641522,Shipper 758,True,True,True,4/20/2017 21:00,4/22/2017 1:00,False,False,False,False,False,False,False,False,Taft,CA ,Taft,CA 
9056,206689809,2/27/2017 11:48,2/27/2017 11:48,3/2/2017 17:12,3/2/2017 10:00,3/4/2017 4:30,554.06,604.0,-49.94,232.3,DRV,,,False,0,Carrier 1693586,Shipper 758,True,True,True,3/2/2017 21:00,3/4/2017 1:30,False,False,False,False,False,False,False,False,Taft,CA ,Taft,CA 
9057,206522217,4/6/2017 14:43,4/6/2017 14:44,4/13/2017 10:38,4/13/2017 10:00,4/15/2017 2:30,554.06,604.0,-49.94,232.3,DRV,,,False,1,Carrier 1592,Shipper 758,True,True,True,4/13/2017 21:00,4/14/2017 23:00,False,False,False,False,False,False,False,False,Taft,CA ,Taft,CA 
9058,206694249,8/11/2017 12:44,8/11/2017 12:45,8/14/2017 12:09,8/15/2017 7:30,8/15/2017 12:00,553.06,500.0,53.06,62.7,DRV,,,False,0,Carrier 1402429,Shipper 968,True,True,True,8/15/2017 12:00,8/15/2017 16:30,False,False,False,False,False,False,False,False,Williams Township,PA ,Williams Township,PA 
9059,206732665,7/18/2017 9:01,7/18/2017 9:02,7/19/2017 12:26,7/20/2017 9:00,7/20/2017 15:50,552.59,500.0,52.59,135.7,DRV,,,False,0,Carrier 97236,Shipper 1078,True,True,True,7/20/2017 16:00,7/21/2017 12:00,False,False,False,False,False,False,False,False,Hackettstown,NJ ,Hackettstown,NJ 
9060,206540289,6/28/2017 18:15,6/28/2017 18:15,7/7/2017 9:29,7/9/2017 19:00,7/10/2017 16:15,552.21,400.0,152.21,130.8,DRV,,,False,0,Carrier 611154,Shipper 758,True,True,True,7/9/2017 19:00,7/10/2017 1:30,False,False,False,False,False,False,False,False,Hawkins,TX ,Hawkins,TX 
9061,206565097,3/10/2017 8:29,3/10/2017 8:32,3/16/2017 14:11,3/17/2017 10:00,3/18/2017 4:30,552.17,604.0,-51.83,232.3,DRV,,,False,0,Carrier 89757,Shipper 758,True,True,True,3/17/2017 17:00,3/18/2017 1:30,False,False,False,False,False,False,False,False,Taft,CA ,Taft,CA 
9062,206506329,3/31/2017 10:10,3/31/2017 10:10,4/3/2017 12:13,4/7/2017 10:00,4/8/2017 1:05,552.17,604.0,-51.83,232.3,DRV,,,False,0,Carrier 1558859,Shipper 758,True,True,True,4/7/2017 15:00,4/7/2017 23:00,False,False,False,False,False,False,False,False,Taft,CA ,Taft,CA 
9063,206636513,5/26/2017 10:27,5/26/2017 10:28,6/2/2017 13:33,6/2/2017 10:00,6/8/2017 6:00,552.17,754.0,-201.83,232.3,DRV,,,False,1,Carrier 101147,Shipper 758,True,True,True,6/2/2017 15:00,6/7/2017 23:30,False,False,False,False,False,False,False,False,Taft,CA ,Taft,CA 
9064,206539241,7/12/2017 14:12,7/12/2017 14:12,7/13/2017 7:22,7/19/2017 18:00,7/20/2017 6:30,552.06,480.0,72.06,130.8,DRV,,,False,0,Carrier 611154,Shipper 758,True,True,True,7/19/2017 18:00,7/20/2017 1:30,False,False,False,False,False,False,False,False,Hawkins,TX ,Hawkins,TX 
9065,206438113,10/20/2017 17:27,10/20/2017 17:27,10/24/2017 9:00,10/24/2017 10:00,10/25/2017 11:00,550.28,595.0,-44.72,123.8,DRV,,,False,0,Carrier 40263,Shipper 1249,True,True,True,10/24/2017 12:00,10/25/2017 15:00,False,False,False,False,False,False,False,False,Granite City,IL ,Granite City,IL 
9066,206438113,10/20/2017 17:27,10/20/2017 17:27,10/24/2017 9:00,10/24/2017 10:00,10/25/2017 11:00,550.28,595.0,-44.72,123.8,DRV,,,False,0,Carrier 40263,Shipper 1375,True,True,True,10/24/2017 12:00,10/25/2017 15:00,False,False,False,False,False,False,False,False,Granite City,IL ,Granite City,IL 
9067,206438113,10/20/2017 17:27,10/20/2017 17:27,10/24/2017 9:00,10/24/2017 10:00,10/25/2017 11:00,550.28,595.0,-44.72,123.8,DRV,,,False,0,Carrier 40263,Shipper 1386,True,True,True,10/24/2017 12:00,10/25/2017 15:00,False,False,False,False,False,False,False,False,Granite City,IL ,Granite City,IL 
9068,206438113,10/20/2017 17:27,10/20/2017 17:27,10/24/2017 9:00,10/24/2017 10:00,10/25/2017 11:00,550.28,595.0,-44.72,123.8,DRV,,,False,0,Carrier 40263,Shipper 1248,True,True,True,10/24/2017 12:00,10/25/2017 15:00,False,False,False,False,False,False,False,False,Granite City,IL ,Granite City,IL 
9069,206438113,10/20/2017 17:27,10/20/2017 17:27,10/24/2017 9:00,10/24/2017 10:00,10/25/2017 11:00,550.28,595.0,-44.72,123.8,DRV,,,False,0,Carrier 40263,Shipper 1387,True,True,True,10/24/2017 12:00,10/25/2017 15:00,False,False,False,False,False,False,False,False,Granite City,IL ,Granite City,IL 
9070,206438113,10/20/2017 17:27,10/20/2017 17:27,10/24/2017 9:00,10/24/2017 10:00,10/25/2017 11:00,550.28,595.0,-44.72,123.8,DRV,,,False,0,Carrier 40263,Shipper 1388,True,True,True,10/24/2017 12:00,10/25/2017 15:00,False,False,False,False,False,False,False,False,Granite City,IL ,Granite City,IL 
9071,206491097,10/31/2017 11:29,10/31/2017 11:29,10/31/2017 14:12,11/1/2017 14:00,11/2/2017 14:00,550.0,550.0,0.0,484.8,DRV,,,False,0,Carrier 34822,Shipper 1184,True,True,True,11/1/2017 14:00,11/2/2017 11:00,False,False,False,False,False,False,False,False,Plant City,FL ,Plant City,FL 
9072,206544905,4/28/2017 13:30,4/28/2017 13:30,4/28/2017 15:54,4/28/2017 16:00,5/1/2017 8:40,550.0,500.0,50.0,27.0,DRV,,,False,1,Carrier 1695239,Shipper 585,False,True,True,4/28/2017 16:00,5/1/2017 7:00,False,False,False,False,False,False,False,False,Santa Ana,CA ,Santa Ana,CA 
9073,206476033,1/4/2017 16:15,1/4/2017 16:15,1/4/2017 19:02,1/5/2017 12:00,1/5/2017 16:33,550.0,450.0,100.0,41.5,RFR,,,False,0,Carrier 86860,Shipper 585,True,True,True,1/5/2017 12:00,1/5/2017 15:45,False,False,False,False,False,False,False,False,Santa Ana,CA ,Santa Ana,CA 
9074,206427625,3/27/2017 11:46,3/27/2017 11:46,3/28/2017 8:51,3/28/2017 13:00,3/29/2017 12:45,550.0,500.0,50.0,114.1,DRV,,,False,0,Carrier 31074,Shipper 762,True,True,True,3/28/2017 15:00,3/29/2017 15:00,False,False,False,False,False,False,False,False,Cowarts,AL ,Cowarts,AL 
9075,206657585,1/4/2017 16:12,1/4/2017 16:12,1/4/2017 19:06,1/5/2017 11:00,1/6/2017 16:31,550.0,550.0,0.0,41.5,RFR,,,False,0,Carrier 1085610,Shipper 585,True,True,True,1/5/2017 11:00,1/5/2017 15:45,False,False,False,False,False,False,False,False,Santa Ana,CA ,Santa Ana,CA 
9076,206624073,10/31/2017 11:26,10/31/2017 11:26,11/1/2017 17:04,11/2/2017 14:00,11/3/2017 10:45,550.0,575.0,-25.0,484.8,DRV,,,False,0,Carrier 487188,Shipper 1184,True,True,True,11/2/2017 14:00,11/3/2017 11:00,False,False,False,False,False,False,False,False,Plant City,FL ,Plant City,FL 
9077,206425097,3/16/2017 13:51,3/16/2017 13:51,3/21/2017 3:38,3/22/2017 15:00,3/23/2017 8:00,549.85,480.0,69.85,130.8,DRV,,,False,0,Carrier 611154,Shipper 758,True,True,True,3/22/2017 15:00,3/23/2017 8:00,False,False,False,False,False,False,False,False,Hawkins,TX ,Hawkins,TX 
9078,206499425,3/28/2017 15:40,3/28/2017 15:40,3/29/2017 14:25,3/30/2017 9:30,3/30/2017 16:45,549.77,500.0,49.77,198.5,DRV,,,False,0,Carrier 111631,Shipper 1033,True,True,True,3/30/2017 15:00,3/30/2017 17:00,False,False,False,False,False,False,False,False,Omaha,NE ,Omaha,NE 
9079,206512369,5/2/2017 8:39,5/2/2017 8:39,5/3/2017 8:31,5/3/2017 9:00,5/4/2017 8:50,549.75,525.0,24.75,135.7,DRV,4.0,,False,0,Carrier 1057935,Shipper 1078,True,True,True,5/3/2017 16:00,5/4/2017 14:30,False,False,False,False,False,False,False,False,Hackettstown,NJ ,Hackettstown,NJ 
9080,206431481,3/22/2017 14:47,3/22/2017 14:47,3/24/2017 14:27,3/24/2017 12:00,3/25/2017 9:50,549.17,545.0,4.17,274.2,DRV,,,False,0,Carrier 1034828,Shipper 841,True,True,True,3/24/2017 15:00,3/25/2017 10:00,False,False,False,False,False,False,False,False,Newport,TN ,Newport,TN 
9081,206572737,3/13/2017 16:33,3/13/2017 16:33,3/15/2017 14:45,3/15/2017 10:30,3/16/2017 9:51,548.78,500.0,48.78,198.5,DRV,,,False,1,Carrier 1065224,Shipper 1033,True,True,True,3/15/2017 16:30,3/16/2017 9:00,False,False,False,False,False,False,False,False,Omaha,NE ,Omaha,NE 
9082,206464449,3/13/2017 9:44,3/13/2017 9:44,3/14/2017 17:01,3/17/2017 15:00,3/17/2017 17:30,548.53,500.0,48.53,126.6,DRV,3.0,,False,0,Carrier 1635065,Shipper 1052,True,True,True,3/17/2017 15:00,3/17/2017 21:00,False,False,False,False,False,False,False,False,Edgemere,MD ,Edgemere,MD 
9083,206427697,3/13/2017 9:45,3/13/2017 9:45,3/16/2017 10:42,3/20/2017 15:00,3/20/2017 13:00,548.53,500.0,48.53,126.6,DRV,,,False,0,Carrier 1635065,Shipper 1052,True,True,True,3/20/2017 15:00,3/20/2017 21:00,False,False,False,False,False,False,False,False,Edgemere,MD ,Edgemere,MD 
9084,206430441,3/13/2017 9:46,3/13/2017 9:46,3/20/2017 11:33,3/20/2017 15:00,3/20/2017 21:30,548.53,625.0,-76.47,126.6,DRV,,,False,1,Carrier 1398154,Shipper 1052,True,True,True,3/20/2017 15:00,3/20/2017 21:00,False,False,False,False,False,False,False,False,Edgemere,MD ,Edgemere,MD 
9085,206502097,3/13/2017 9:41,3/13/2017 9:41,3/16/2017 15:03,3/16/2017 14:15,3/16/2017 21:45,548.53,650.0,-101.47,126.6,DRV,,,False,1,Carrier 1014370,Shipper 1052,,,,3/16/2017 14:15,3/16/2017 21:00,False,False,False,False,False,False,False,False,Edgemere,MD ,Edgemere,MD 
9086,206470129,3/13/2017 9:34,3/13/2017 9:34,3/15/2017 8:20,3/15/2017 15:00,3/15/2017 20:14,548.53,475.0,73.53,126.6,DRV,,,False,1,Carrier 1150261,Shipper 1052,True,True,True,3/15/2017 15:00,3/15/2017 21:00,False,False,False,False,False,False,False,False,Edgemere,MD ,Edgemere,MD 
9087,206570025,3/13/2017 9:43,3/13/2017 9:43,3/14/2017 17:14,3/17/2017 15:00,3/17/2017 16:30,548.53,500.0,48.53,126.6,DRV,4.0,,False,0,Carrier 946269,Shipper 1052,True,True,True,3/17/2017 15:00,3/17/2017 21:00,False,False,False,False,False,False,False,False,Edgemere,MD ,Edgemere,MD 
9088,206531889,3/13/2017 9:42,3/13/2017 9:42,3/14/2017 16:41,3/16/2017 14:30,3/16/2017 15:15,548.53,500.0,48.53,126.6,DRV,3.0,,False,0,Carrier 946269,Shipper 1052,True,True,True,3/16/2017 14:30,3/16/2017 21:00,False,False,False,False,False,False,False,False,Edgemere,MD ,Edgemere,MD 
9089,206472233,3/13/2017 9:40,3/13/2017 9:40,3/14/2017 15:21,3/15/2017 14:45,3/15/2017 16:35,548.53,500.0,48.53,126.6,DRV,,,False,0,Carrier 946269,Shipper 1052,True,True,True,3/15/2017 14:45,3/15/2017 21:00,False,False,False,False,False,False,False,False,Edgemere,MD ,Edgemere,MD 
9090,206701553,6/5/2017 10:14,6/5/2017 10:14,6/5/2017 13:48,6/6/2017 9:00,6/7/2017 8:30,547.63,600.0,-52.37,135.7,DRV,,,False,0,Carrier 1057935,Shipper 1078,True,True,True,6/6/2017 16:00,6/7/2017 14:30,False,False,False,False,False,False,False,False,Hackettstown,NJ ,Hackettstown,NJ 
9091,206474201,6/29/2017 11:58,6/29/2017 12:00,6/29/2017 16:27,7/7/2017 8:00,7/7/2017 14:00,547.52,500.0,47.52,79.9,DRV,,,False,0,Carrier 1084218,Shipper 1175,True,True,True,7/7/2017 12:00,7/7/2017 16:30,False,False,False,False,False,False,False,False,Philadelphia,PA ,Philadelphia,PA 
9092,206696785,1/30/2017 9:58,1/30/2017 9:59,1/31/2017 15:29,1/31/2017 8:00,2/2/2017 8:00,547.0,900.0,-353.0,269.4,DRV,,,False,0,Carrier 374606,Shipper 1184,False,True,True,1/31/2017 16:30,2/2/2017 6:00,False,False,False,False,False,False,False,False,Marion,VA ,Marion,VA 
9093,206537761,10/23/2017 13:05,10/23/2017 13:05,10/25/2017 8:44,10/25/2017 7:30,10/25/2017 17:00,545.45,500.0,45.45,62.7,DRV,,,False,0,Carrier 27784,Shipper 968,True,True,True,10/25/2017 12:00,10/25/2017 16:30,False,False,False,False,False,True,False,False,Williams Township,PA ,Williams Township,PA 
9094,206596289,7/6/2017 16:54,7/6/2017 16:55,7/7/2017 13:30,7/8/2017 10:00,7/8/2017 23:00,544.17,750.0,-205.83,284.9,DRV,,,False,0,Carrier 956988,Shipper 1070,True,False,False,7/8/2017 11:00,7/8/2017 21:00,False,False,False,False,False,False,False,False,Wellton,AZ ,Wellton,AZ 
9095,206512753,7/6/2017 17:04,7/6/2017 17:05,7/7/2017 13:12,7/8/2017 10:00,7/8/2017 23:30,544.17,700.0,-155.83,284.9,DRV,,,False,0,Carrier 1341204,Shipper 1070,True,False,False,7/8/2017 12:00,7/8/2017 21:00,False,False,False,False,False,False,False,False,Wellton,AZ ,Wellton,AZ 
9096,206537833,10/6/2017 13:32,10/6/2017 13:32,10/10/2017 19:01,10/11/2017 7:30,10/11/2017 11:25,544.15,525.0,19.15,112.1,DRV,,,False,0,Carrier 1695562,Shipper 968,True,True,True,10/11/2017 11:30,10/11/2017 16:30,False,False,False,False,False,True,False,False,Pottstown,PA ,Pottstown,PA 
9097,206548473,10/20/2017 13:35,10/20/2017 13:35,10/23/2017 12:17,10/24/2017 8:00,10/24/2017 16:00,544.15,600.0,-55.85,172.1,DRV,,,False,0,Carrier 62921,Shipper 1644,True,True,True,10/24/2017 10:00,10/24/2017 16:00,False,False,False,False,False,False,False,False,Wapakoneta,OH ,Wapakoneta,OH 
9098,206620713,6/13/2017 12:33,6/13/2017 12:33,6/14/2017 8:51,6/15/2017 9:00,6/16/2017 16:15,542.91,525.0,17.91,135.7,DRV,,,False,0,Carrier 97236,Shipper 1078,True,True,True,6/15/2017 16:00,6/16/2017 14:30,False,False,False,False,False,False,False,False,Hackettstown,NJ ,Hackettstown,NJ 
9099,206504745,5/15/2017 11:20,5/15/2017 11:20,5/15/2017 13:41,5/16/2017 9:00,5/16/2017 15:20,542.79,550.0,-7.21,135.7,DRV,,,False,0,Carrier 97236,Shipper 1078,True,True,True,5/16/2017 16:00,5/16/2017 14:30,False,False,False,False,False,False,False,False,Hackettstown,NJ ,Hackettstown,NJ 
9100,206564193,8/9/2017 9:44,8/9/2017 9:45,8/10/2017 16:10,8/11/2017 6:30,8/11/2017 18:50,542.58,525.0,17.58,42.5,DRV,,,False,0,Carrier 1053338,Shipper 968,False,False,False,8/11/2017 7:00,8/11/2017 16:30,False,False,False,False,False,False,False,False,Queens,NY ,Queens,NY 
9101,206657257,9/28/2017 16:52,9/28/2017 16:52,9/29/2017 14:10,10/5/2017 9:00,10/5/2017 21:00,541.92,475.0,66.92,51.6,DRV,,,False,0,Carrier 1084218,Shipper 1175,False,True,True,10/5/2017 11:30,10/6/2017 15:00,False,False,False,False,False,False,False,False,Hillsborough Township,NJ ,Hillsborough Township,NJ 
9102,206551289,3/1/2017 10:27,3/1/2017 10:27,3/6/2017 12:11,3/7/2017 16:00,3/8/2017 13:00,541.77,470.0,71.77,130.8,DRV,,,False,0,Carrier 611154,Shipper 758,False,True,True,3/7/2017 16:00,3/8/2017 8:00,False,False,False,False,False,False,False,False,Hawkins,TX ,Hawkins,TX 
9103,206429977,8/7/2017 8:53,8/7/2017 8:53,8/7/2017 14:05,8/9/2017 6:00,8/9/2017 17:03,541.61,500.0,41.61,232.2,DRV,,,False,0,Carrier 97236,Shipper 968,True,True,True,8/9/2017 15:00,8/10/2017 16:30,False,False,False,False,False,False,False,False,Everett,MA ,Everett,MA 
9104,206571641,1/5/2017 18:51,1/5/2017 18:52,1/6/2017 12:53,1/9/2017 9:00,1/9/2017 14:00,541.41,425.0,116.41,79.9,DRV,3.0,,False,1,Carrier 1113714,Shipper 1175,True,True,True,1/9/2017 10:00,1/9/2017 16:00,False,False,False,False,False,False,False,False,Philadelphia,PA ,Philadelphia,PA 
9105,206497257,8/2/2017 9:21,8/2/2017 9:21,8/2/2017 10:46,8/3/2017 6:00,8/3/2017 16:09,541.13,500.0,41.13,232.2,DRV,,,False,0,Carrier 97236,Shipper 968,True,True,True,8/3/2017 15:00,8/4/2017 16:30,False,False,False,False,False,False,False,False,Everett,MA ,Everett,MA 
9106,206606801,1/3/2017 11:43,1/3/2017 11:46,1/4/2017 9:36,1/6/2017 9:00,1/6/2017 16:15,540.76,400.0,140.76,51.6,DRV,3.0,,False,0,Carrier 1215270,Shipper 1175,True,True,True,1/6/2017 11:00,1/6/2017 16:00,False,False,False,False,False,False,False,False,Hillsborough Township,NJ ,Hillsborough Township,NJ 
9107,206546889,4/24/2017 16:59,4/24/2017 16:59,4/25/2017 9:29,4/26/2017 13:00,4/27/2017 10:30,540.57,525.0,15.57,121.0,DRV,4.0,,False,0,Carrier 16243,Shipper 1249,False,True,False,4/26/2017 13:00,4/27/2017 13:00,False,False,False,False,False,False,False,False,Cartersville,GA ,Cartersville,GA 
9108,206546889,4/24/2017 16:59,4/24/2017 16:59,4/25/2017 9:29,4/26/2017 13:00,4/27/2017 10:30,540.57,525.0,15.57,121.0,DRV,4.0,,False,0,Carrier 16243,Shipper 1375,False,True,False,4/26/2017 13:00,4/27/2017 13:00,False,False,False,False,False,False,False,False,Cartersville,GA ,Cartersville,GA 
9109,206546889,4/24/2017 16:59,4/24/2017 16:59,4/25/2017 9:29,4/26/2017 13:00,4/27/2017 10:30,540.57,525.0,15.57,121.0,DRV,4.0,,False,0,Carrier 16243,Shipper 1386,False,True,False,4/26/2017 13:00,4/27/2017 13:00,False,False,False,False,False,False,False,False,Cartersville,GA ,Cartersville,GA 
9110,206546889,4/24/2017 16:59,4/24/2017 16:59,4/25/2017 9:29,4/26/2017 13:00,4/27/2017 10:30,540.57,525.0,15.57,121.0,DRV,4.0,,False,0,Carrier 16243,Shipper 1248,False,True,False,4/26/2017 13:00,4/27/2017 13:00,False,False,False,False,False,False,False,False,Cartersville,GA ,Cartersville,GA 
9111,206546889,4/24/2017 16:59,4/24/2017 16:59,4/25/2017 9:29,4/26/2017 13:00,4/27/2017 10:30,540.57,525.0,15.57,121.0,DRV,4.0,,False,0,Carrier 16243,Shipper 1387,False,True,False,4/26/2017 13:00,4/27/2017 13:00,False,False,False,False,False,False,False,False,Cartersville,GA ,Cartersville,GA 
9112,206546889,4/24/2017 16:59,4/24/2017 16:59,4/25/2017 9:29,4/26/2017 13:00,4/27/2017 10:30,540.57,525.0,15.57,121.0,DRV,4.0,,False,0,Carrier 16243,Shipper 1388,False,True,False,4/26/2017 13:00,4/27/2017 13:00,False,False,False,False,False,False,False,False,Cartersville,GA ,Cartersville,GA 
9113,206528977,5/23/2017 12:38,5/23/2017 12:38,5/24/2017 16:57,5/25/2017 8:00,5/25/2017 16:00,539.59,500.0,39.59,227.8,DRV,,,False,0,Carrier 34070,Shipper 841,True,True,True,5/25/2017 8:00,5/25/2017 16:00,False,False,False,False,False,False,False,False,Troy,AL ,Troy,AL 
9114,206590529,1/9/2017 16:16,1/9/2017 16:17,1/10/2017 10:39,1/10/2017 7:00,1/11/2017 8:00,538.28,575.0,-36.72,235.5,DRV,,,False,0,Carrier 493892,Shipper 1024,,,,1/10/2017 14:30,1/11/2017 15:30,False,False,False,False,False,False,False,False,New Castle,DE ,New Castle,DE 
9115,206590881,1/9/2017 16:06,1/9/2017 16:06,1/10/2017 10:39,1/10/2017 7:00,1/11/2017 9:25,538.28,575.0,-36.72,235.5,DRV,,,False,0,Carrier 493892,Shipper 1024,,,,1/10/2017 14:30,1/11/2017 15:30,False,False,False,False,False,False,False,False,New Castle,DE ,New Castle,DE 
9116,206569665,7/25/2017 10:38,7/25/2017 10:38,7/31/2017 12:45,7/31/2017 20:00,8/1/2017 9:48,537.3,650.0,-112.7,125.2,DRV,,,False,0,Carrier 1695418,Shipper 1249,True,True,True,7/31/2017 20:00,8/1/2017 9:30,False,False,False,False,False,False,False,False,Fort Collins,CO ,Fort Collins,CO 
9117,206569665,7/25/2017 10:38,7/25/2017 10:38,7/31/2017 12:45,7/31/2017 20:00,8/1/2017 9:48,537.3,650.0,-112.7,125.2,DRV,,,False,0,Carrier 1695418,Shipper 1375,True,True,True,7/31/2017 20:00,8/1/2017 9:30,False,False,False,False,False,False,False,False,Fort Collins,CO ,Fort Collins,CO 
9118,206569665,7/25/2017 10:38,7/25/2017 10:38,7/31/2017 12:45,7/31/2017 20:00,8/1/2017 9:48,537.3,650.0,-112.7,125.2,DRV,,,False,0,Carrier 1695418,Shipper 1386,True,True,True,7/31/2017 20:00,8/1/2017 9:30,False,False,False,False,False,False,False,False,Fort Collins,CO ,Fort Collins,CO 
9119,206569665,7/25/2017 10:38,7/25/2017 10:38,7/31/2017 12:45,7/31/2017 20:00,8/1/2017 9:48,537.3,650.0,-112.7,125.2,DRV,,,False,0,Carrier 1695418,Shipper 1248,True,True,True,7/31/2017 20:00,8/1/2017 9:30,False,False,False,False,False,False,False,False,Fort Collins,CO ,Fort Collins,CO 
9120,206569665,7/25/2017 10:38,7/25/2017 10:38,7/31/2017 12:45,7/31/2017 20:00,8/1/2017 9:48,537.3,650.0,-112.7,125.2,DRV,,,False,0,Carrier 1695418,Shipper 1387,True,True,True,7/31/2017 20:00,8/1/2017 9:30,False,False,False,False,False,False,False,False,Fort Collins,CO ,Fort Collins,CO 
9121,206569665,7/25/2017 10:38,7/25/2017 10:38,7/31/2017 12:45,7/31/2017 20:00,8/1/2017 9:48,537.3,650.0,-112.7,125.2,DRV,,,False,0,Carrier 1695418,Shipper 1388,True,True,True,7/31/2017 20:00,8/1/2017 9:30,False,False,False,False,False,False,False,False,Fort Collins,CO ,Fort Collins,CO 
9122,206605185,12/18/2017 9:39,12/18/2017 9:40,12/19/2017 16:37,12/21/2017 8:00,12/21/2017 12:35,536.7,550.0,-13.3,79.9,DRV,,carrier_capacity,False,0,Carrier 1084218,Shipper 1175,True,True,True,12/21/2017 12:00,12/21/2017 16:30,False,False,False,False,False,True,False,False,Philadelphia,PA ,Philadelphia,PA 
9123,206628425,3/26/2017 9:04,3/26/2017 9:04,3/28/2017 9:01,3/28/2017 8:00,3/28/2017 16:00,536.69,500.0,36.69,112.1,DRV,,,False,0,Carrier 10452,Shipper 968,True,True,True,3/28/2017 12:00,3/28/2017 16:00,False,False,False,False,False,False,False,False,Pottstown,PA ,Pottstown,PA 
9124,206546257,9/8/2017 9:05,9/8/2017 9:05,9/8/2017 13:26,9/15/2017 13:00,9/16/2017 2:00,535.21,575.0,-39.79,232.3,DRV,,,False,0,Carrier 1558859,Shipper 758,False,True,True,9/15/2017 18:00,9/16/2017 1:00,False,False,False,False,False,False,False,False,Taft,CA ,Taft,CA 
9125,206432233,7/6/2017 17:43,7/6/2017 17:43,7/10/2017 10:51,7/10/2017 10:00,7/11/2017 10:00,535.16,525.0,10.16,352.2,DRV,,,False,0,Carrier 22875,Shipper 973,True,True,True,7/10/2017 19:00,7/11/2017 19:30,False,False,False,False,False,False,False,False,Casa Grande,AZ ,Casa Grande,AZ 
9126,206551009,1/17/2017 10:05,1/17/2017 10:05,1/19/2017 10:45,1/19/2017 14:00,1/20/2017 9:49,534.67,500.0,34.67,140.0,DRV,,,False,1,Carrier 999843,Shipper 758,True,True,True,1/19/2017 14:00,1/20/2017 6:00,False,False,False,False,False,False,False,False,Edmond,OK ,Edmond,OK 
9127,206573561,8/7/2017 14:15,8/7/2017 14:15,8/9/2017 8:17,8/9/2017 11:00,8/9/2017 13:30,534.51,700.0,-165.49,92.5,DRV,,,False,0,Carrier 10494,Shipper 1528,True,True,True,8/9/2017 11:00,8/9/2017 14:30,False,False,False,False,False,False,False,False,Carthage,MO ,Carthage,MO 
9128,206688545,2/17/2017 10:02,2/17/2017 10:02,2/22/2017 13:55,2/23/2017 10:00,2/25/2017 2:55,534.0,579.0,-45.0,232.3,DRV,,,False,0,Carrier 641522,Shipper 758,True,True,True,2/24/2017 1:00,2/24/2017 21:00,False,False,False,False,False,False,False,False,Taft,CA ,Taft,CA 
9129,206512321,2/7/2017 17:30,2/7/2017 17:30,2/13/2017 15:01,2/14/2017 13:00,2/15/2017 3:30,534.0,604.0,-70.0,140.0,DRV,3.0,,False,0,Carrier 1558859,Shipper 758,True,True,True,2/14/2017 17:00,2/15/2017 1:30,False,False,False,False,False,False,False,False,Taft,CA ,Taft,CA 
9130,206428241,1/4/2017 12:09,1/4/2017 12:10,1/4/2017 16:37,1/5/2017 10:00,1/6/2017 5:30,534.0,579.0,-45.0,140.0,DRV,,,False,0,Carrier 29044,Shipper 758,True,True,True,1/5/2017 17:00,1/6/2017 2:15,False,False,False,False,False,False,False,False,Taft,CA ,Taft,CA 
9131,206656641,9/20/2017 9:14,9/20/2017 9:14,9/27/2017 18:12,10/4/2017 17:00,10/5/2017 6:00,533.69,450.0,83.69,130.8,DRV,,,False,0,Carrier 611154,Shipper 758,True,True,True,10/4/2017 17:00,10/5/2017 1:30,False,False,False,False,False,False,False,False,Hawkins,TX ,Hawkins,TX 
9132,206571209,8/7/2017 10:37,8/7/2017 10:37,8/8/2017 14:03,8/10/2017 7:00,8/11/2017 13:15,533.33,540.0,-6.67,225.6,DRV,,,False,0,Carrier 97236,Shipper 968,True,True,True,8/10/2017 14:00,8/11/2017 16:30,False,False,False,False,False,False,False,False,Brockton,MA ,Brockton,MA 
9133,206461881,3/22/2017 9:10,3/22/2017 9:18,3/22/2017 18:41,3/23/2017 9:00,3/24/2017 9:30,533.19,525.0,8.19,42.5,DRV,3.0,,False,0,Carrier 1694533,Shipper 968,True,True,True,3/23/2017 12:00,3/24/2017 8:00,False,False,False,False,False,False,False,False,Queens,NY ,Queens,NY 
9134,206565113,6/7/2017 13:04,6/7/2017 13:36,6/8/2017 15:00,6/9/2017 9:30,6/9/2017 16:15,533.08,500.0,33.08,198.5,DRV,,,False,0,Carrier 360479,Shipper 1033,True,True,True,6/9/2017 11:00,6/9/2017 17:00,False,False,False,False,False,False,False,False,Omaha,NE ,Omaha,NE 
9135,206585345,12/18/2017 18:27,12/18/2017 18:27,12/19/2017 9:22,12/19/2017 12:00,12/20/2017 9:30,532.52,780.0,-247.48,45.7,DRV,,carrier_capacity,False,1,Carrier 1554386,Shipper 1249,True,True,True,12/19/2017 12:00,12/20/2017 13:00,False,False,False,False,False,False,False,False,Cartersville,GA ,Cartersville,GA 
9136,206585345,12/18/2017 18:27,12/18/2017 18:27,12/19/2017 9:22,12/19/2017 12:00,12/20/2017 9:30,532.52,780.0,-247.48,45.7,DRV,,carrier_capacity,False,1,Carrier 1554386,Shipper 1375,True,True,True,12/19/2017 12:00,12/20/2017 13:00,False,False,False,False,False,False,False,False,Cartersville,GA ,Cartersville,GA 
9137,206585345,12/18/2017 18:27,12/18/2017 18:27,12/19/2017 9:22,12/19/2017 12:00,12/20/2017 9:30,532.52,780.0,-247.48,45.7,DRV,,carrier_capacity,False,1,Carrier 1554386,Shipper 1386,True,True,True,12/19/2017 12:00,12/20/2017 13:00,False,False,False,False,False,False,False,False,Cartersville,GA ,Cartersville,GA 
9138,206585345,12/18/2017 18:27,12/18/2017 18:27,12/19/2017 9:22,12/19/2017 12:00,12/20/2017 9:30,532.52,780.0,-247.48,45.7,DRV,,carrier_capacity,False,1,Carrier 1554386,Shipper 1248,True,True,True,12/19/2017 12:00,12/20/2017 13:00,False,False,False,False,False,False,False,False,Cartersville,GA ,Cartersville,GA 
9139,206585345,12/18/2017 18:27,12/18/2017 18:27,12/19/2017 9:22,12/19/2017 12:00,12/20/2017 9:30,532.52,780.0,-247.48,45.7,DRV,,carrier_capacity,False,1,Carrier 1554386,Shipper 1387,True,True,True,12/19/2017 12:00,12/20/2017 13:00,False,False,False,False,False,False,False,False,Cartersville,GA ,Cartersville,GA 
9140,206585345,12/18/2017 18:27,12/18/2017 18:27,12/19/2017 9:22,12/19/2017 12:00,12/20/2017 9:30,532.52,780.0,-247.48,45.7,DRV,,carrier_capacity,False,1,Carrier 1554386,Shipper 1388,True,True,True,12/19/2017 12:00,12/20/2017 13:00,False,False,False,False,False,False,False,False,Cartersville,GA ,Cartersville,GA 
9141,206533689,9/1/2017 14:25,9/1/2017 14:25,9/5/2017 9:42,9/7/2017 9:00,9/9/2017 0:30,531.2,575.0,-43.8,232.3,DRV,,,False,0,Carrier 1558859,Shipper 758,True,True,True,9/7/2017 21:00,9/8/2017 23:00,False,False,False,False,False,False,False,False,Taft,CA ,Taft,CA 
9142,206625553,3/9/2017 9:09,3/9/2017 9:09,3/10/2017 10:04,3/10/2017 5:30,3/13/2017 18:00,530.5,525.0,5.5,232.2,DRV,0.0,,False,1,Carrier 1326154,Shipper 968,True,False,False,3/10/2017 12:00,3/10/2017 8:00,False,False,False,False,False,False,False,False,Everett,MA ,Everett,MA 
9143,206554577,9/8/2017 14:52,9/8/2017 14:52,9/11/2017 13:59,9/14/2017 9:00,9/14/2017 14:30,530.4,475.0,55.4,51.6,DRV,,,False,0,Carrier 1084218,Shipper 1175,True,True,True,9/14/2017 11:00,9/14/2017 15:00,False,False,False,False,False,False,False,False,Hillsborough Township,NJ ,Hillsborough Township,NJ 
9144,206476225,7/26/2017 14:05,7/26/2017 14:05,7/27/2017 11:47,7/28/2017 11:00,7/31/2017 16:40,530.11,525.0,5.11,225.6,DRV,,,False,0,Carrier 821366,Shipper 968,True,True,True,7/28/2017 14:00,7/31/2017 16:30,False,False,False,False,False,False,False,False,Brockton,MA ,Brockton,MA 
9145,206484545,3/20/2017 7:38,3/20/2017 7:39,3/20/2017 14:25,3/21/2017 8:00,3/22/2017 8:30,529.83,500.0,29.83,232.2,DRV,,,False,0,Carrier 1277662,Shipper 968,True,True,True,3/21/2017 15:00,3/22/2017 8:00,False,False,False,False,False,False,False,False,Everett,MA ,Everett,MA 
9146,206600441,12/12/2017 12:29,12/12/2017 12:29,12/13/2017 8:01,12/18/2017 9:00,12/18/2017 15:50,529.6,475.0,54.6,51.6,DRV,,carrier_capacity,False,0,Carrier 1084218,Shipper 1175,True,True,True,12/18/2017 12:00,12/18/2017 15:00,False,False,False,False,False,True,False,False,Hillsborough Township,NJ ,Hillsborough Township,NJ 
9147,206473961,3/27/2017 15:14,3/27/2017 15:14,4/3/2017 10:48,4/6/2017 17:00,4/7/2017 8:45,529.27,460.0,69.27,130.8,DRV,4.0,,False,0,Carrier 611154,Shipper 758,True,True,True,4/6/2017 17:00,4/7/2017 7:00,False,False,False,False,False,False,False,False,Hawkins,TX ,Hawkins,TX 
9148,206433825,9/8/2017 12:58,9/8/2017 12:58,9/8/2017 15:20,9/13/2017 22:00,9/14/2017 13:00,528.07,425.0,103.07,24.5,RFR,,,False,0,Carrier 1460328,Shipper 758,True,True,True,9/13/2017 22:00,9/14/2017 9:00,False,False,False,False,False,False,False,False,Ontario,CA ,Ontario,CA 
9149,206515753,8/22/2017 13:53,8/22/2017 13:53,8/23/2017 7:55,8/24/2017 9:00,8/24/2017 16:30,527.91,450.0,77.91,24.2,DRV,,,False,0,Carrier 97236,Shipper 1453,False,True,True,8/24/2017 11:00,8/24/2017 15:00,False,False,False,False,False,False,False,False,Bronx,NY ,Bronx,NY 
9150,206571441,1/25/2017 14:16,1/25/2017 14:16,1/26/2017 12:22,1/27/2017 8:00,1/27/2017 16:00,527.64,400.0,127.64,79.9,DRV,,,False,0,Carrier 97236,Shipper 1175,True,True,True,1/27/2017 13:00,1/27/2017 16:30,False,False,False,False,False,False,False,False,Philadelphia,PA ,Philadelphia,PA 
9151,206506577,5/19/2017 15:17,5/19/2017 15:17,5/30/2017 8:57,5/31/2017 13:00,6/1/2017 2:05,526.98,481.25,45.73,130.8,DRV,,,False,1,Carrier 611154,Shipper 758,True,True,True,5/31/2017 13:00,5/31/2017 21:15,False,False,False,False,False,False,False,False,Hawkins,TX ,Hawkins,TX 
9152,206643593,6/23/2017 13:58,6/23/2017 13:58,6/27/2017 11:43,6/27/2017 9:00,6/28/2017 10:00,526.17,600.0,-73.83,135.7,DRV,,,False,1,Carrier 1057935,Shipper 1078,True,True,True,6/27/2017 16:00,6/28/2017 14:30,False,False,False,False,False,False,False,False,Hackettstown,NJ ,Hackettstown,NJ 
9153,206722169,3/13/2017 11:40,3/13/2017 11:41,3/17/2017 9:23,3/17/2017 12:00,3/20/2017 11:50,526.08,550.0,-23.92,274.2,DRV,,,False,0,Carrier 1523598,Shipper 841,True,True,True,3/17/2017 15:00,3/20/2017 10:00,False,False,False,False,False,False,False,False,Newport,TN ,Newport,TN 
9154,206648633,1/26/2017 15:08,1/26/2017 15:11,1/27/2017 14:16,1/30/2017 8:00,1/30/2017 18:25,526.04,550.0,-23.96,182.9,DRV,4.0,,False,1,Carrier 91645,Shipper 1052,True,True,True,1/30/2017 15:00,1/30/2017 19:00,False,False,False,False,False,False,False,False,Baltimore,MD ,Baltimore,MD 
9155,206734081,1/31/2017 10:20,1/31/2017 10:21,2/1/2017 11:36,2/2/2017 9:00,2/2/2017 15:15,525.61,400.0,125.61,51.6,DRV,,,False,0,Carrier 1113714,Shipper 1175,True,True,True,2/2/2017 12:00,2/2/2017 16:30,False,False,False,False,False,False,False,False,Hillsborough Township,NJ ,Hillsborough Township,NJ 
9156,206482617,10/27/2017 17:28,10/27/2017 17:29,10/30/2017 14:06,10/31/2017 9:00,10/31/2017 14:45,525.35,450.0,75.35,24.2,DRV,,,False,0,Carrier 958291,Shipper 1453,True,True,True,10/31/2017 12:00,10/31/2017 16:30,False,False,False,False,False,True,False,False,Bronx,NY ,Bronx,NY 
9157,206567289,7/24/2017 16:33,7/24/2017 16:33,7/26/2017 13:11,7/27/2017 9:00,7/28/2017 16:30,525.0,500.0,25.0,207.9,DRV,,,False,1,Carrier 101368,Shipper 1033,True,True,True,7/27/2017 15:00,7/28/2017 14:30,False,False,False,False,False,False,False,False,Kansas City,MO ,Kansas City,MO 
9158,206600009,8/3/2017 8:29,8/3/2017 8:30,8/24/2017 11:11,8/29/2017 15:00,8/30/2017 7:51,525.0,500.0,25.0,487.7,DRV,,,False,0,Carrier 831977,Shipper 585,True,True,True,8/29/2017 15:00,8/30/2017 8:00,False,False,False,False,False,False,False,False,Plant City,FL ,Plant City,FL 
9159,206641849,2/27/2017 11:51,2/27/2017 11:51,3/1/2017 15:52,3/3/2017 11:00,3/4/2017 4:25,524.06,604.0,-79.94,232.3,DRV,,,False,0,Carrier 1558859,Shipper 758,,,,3/3/2017 17:00,3/4/2017 1:30,False,False,False,False,False,False,False,False,Taft,CA ,Taft,CA 
9160,206534081,3/3/2017 9:06,3/3/2017 9:06,3/10/2017 11:02,3/10/2017 10:00,3/11/2017 2:30,524.06,625.0,-100.94,232.3,DRV,,,False,0,Carrier 420172,Shipper 758,False,True,True,3/9/2017 15:00,3/11/2017 0:30,False,False,False,False,False,False,False,False,Taft,CA ,Taft,CA 
9161,206472961,4/10/2017 10:52,4/10/2017 10:52,4/18/2017 16:41,4/21/2017 10:00,4/22/2017 1:30,524.06,574.0,-49.94,232.3,DRV,,,False,0,Carrier 1558859,Shipper 758,False,True,True,4/21/2017 17:00,4/22/2017 0:00,False,False,False,False,False,False,False,False,Taft,CA ,Taft,CA 
9162,206578897,4/28/2017 17:15,4/28/2017 17:15,5/2/2017 14:45,5/4/2017 10:00,5/5/2017 23:25,524.06,574.0,-49.94,232.3,DRV,3.0,,False,0,Carrier 641522,Shipper 758,True,True,True,5/4/2017 21:00,5/5/2017 21:00,False,False,False,False,False,False,False,False,Taft,CA ,Taft,CA 
9163,206511953,2/17/2017 9:58,2/17/2017 9:59,2/22/2017 11:55,2/24/2017 10:00,2/25/2017 2:55,524.06,574.0,-49.94,232.3,DRV,,,False,0,Carrier 1558859,Shipper 758,False,True,True,2/24/2017 13:00,2/24/2017 22:30,False,False,False,False,False,False,False,False,Taft,CA ,Taft,CA 
9164,206489337,4/5/2017 18:30,4/5/2017 18:30,4/11/2017 10:02,4/11/2017 9:00,4/12/2017 4:48,524.06,524.0,0.06,232.3,DRV,,,False,0,Carrier 705641,Shipper 758,False,True,True,4/10/2017 15:00,4/12/2017 1:00,False,False,False,False,False,False,False,False,Taft,CA ,Taft,CA 
9165,206597713,4/28/2017 15:33,4/28/2017 15:33,5/1/2017 10:22,5/1/2017 5:00,5/2/2017 10:00,523.93,500.0,23.93,121.0,DRV,3.0,,False,0,Carrier 44381,Shipper 1249,False,True,False,5/1/2017 5:00,5/2/2017 15:00,False,False,False,False,False,False,False,False,Cartersville,GA ,Cartersville,GA 
9166,206597713,4/28/2017 15:33,4/28/2017 15:33,5/1/2017 10:22,5/1/2017 5:00,5/2/2017 10:00,523.93,500.0,23.93,121.0,DRV,3.0,,False,0,Carrier 44381,Shipper 1375,False,True,False,5/1/2017 5:00,5/2/2017 15:00,False,False,False,False,False,False,False,False,Cartersville,GA ,Cartersville,GA 
9167,206597713,4/28/2017 15:33,4/28/2017 15:33,5/1/2017 10:22,5/1/2017 5:00,5/2/2017 10:00,523.93,500.0,23.93,121.0,DRV,3.0,,False,0,Carrier 44381,Shipper 1386,False,True,False,5/1/2017 5:00,5/2/2017 15:00,False,False,False,False,False,False,False,False,Cartersville,GA ,Cartersville,GA 
9168,206597713,4/28/2017 15:33,4/28/2017 15:33,5/1/2017 10:22,5/1/2017 5:00,5/2/2017 10:00,523.93,500.0,23.93,121.0,DRV,3.0,,False,0,Carrier 44381,Shipper 1248,False,True,False,5/1/2017 5:00,5/2/2017 15:00,False,False,False,False,False,False,False,False,Cartersville,GA ,Cartersville,GA 
9169,206597713,4/28/2017 15:33,4/28/2017 15:33,5/1/2017 10:22,5/1/2017 5:00,5/2/2017 10:00,523.93,500.0,23.93,121.0,DRV,3.0,,False,0,Carrier 44381,Shipper 1387,False,True,False,5/1/2017 5:00,5/2/2017 15:00,False,False,False,False,False,False,False,False,Cartersville,GA ,Cartersville,GA 
9170,206597713,4/28/2017 15:33,4/28/2017 15:33,5/1/2017 10:22,5/1/2017 5:00,5/2/2017 10:00,523.93,500.0,23.93,121.0,DRV,3.0,,False,0,Carrier 44381,Shipper 1388,False,True,False,5/1/2017 5:00,5/2/2017 15:00,False,False,False,False,False,False,False,False,Cartersville,GA ,Cartersville,GA 
9171,206626553,6/22/2017 11:13,6/22/2017 11:13,6/26/2017 11:59,6/28/2017 8:00,6/28/2017 15:40,523.23,500.0,23.23,59.7,DRV,,,False,0,Carrier 1113714,Shipper 1175,True,True,True,6/28/2017 12:00,6/28/2017 15:00,False,False,False,False,False,False,False,False,Narvon,PA ,Narvon,PA 
9172,206546905,7/27/2017 15:13,7/27/2017 15:13,8/2/2017 13:01,8/4/2017 10:00,8/5/2017 0:30,523.17,575.0,-51.83,232.3,DRV,,,False,0,Carrier 1558859,Shipper 758,True,True,True,8/4/2017 15:00,8/4/2017 22:00,False,False,False,False,False,False,False,False,Taft,CA ,Taft,CA 
9173,206664097,8/7/2017 13:50,8/7/2017 13:50,8/11/2017 12:55,8/11/2017 15:30,8/12/2017 2:40,523.17,575.0,-51.83,232.3,DRV,,,False,0,Carrier 955586,Shipper 758,True,True,True,8/11/2017 15:30,8/12/2017 0:30,False,False,False,False,False,False,False,False,Taft,CA ,Taft,CA 
9174,206437737,3/16/2017 10:36,3/16/2017 10:37,3/20/2017 17:18,3/21/2017 8:00,3/22/2017 8:30,522.26,800.0,-277.74,185.4,DRV,,,False,0,Carrier 1160771,Shipper 1052,True,True,True,3/21/2017 8:00,3/22/2017 7:00,False,False,False,False,False,False,False,False,Edgemere,MD ,Edgemere,MD 
9175,206626657,5/3/2017 10:13,5/3/2017 10:13,5/4/2017 17:40,5/9/2017 10:00,5/10/2017 23:36,522.17,634.0,-111.83,232.3,DRV,,,False,0,Carrier 641522,Shipper 758,True,True,True,5/9/2017 21:00,5/10/2017 23:00,False,False,False,False,False,False,False,False,Taft,CA ,Taft,CA 
9176,206591457,5/19/2017 11:00,5/19/2017 11:00,5/24/2017 11:58,5/25/2017 10:00,5/27/2017 5:00,522.17,574.0,-51.83,232.3,DRV,,,False,0,Carrier 1558859,Shipper 758,True,True,True,5/25/2017 21:00,5/27/2017 0:00,False,False,False,False,False,False,False,False,Taft,CA ,Taft,CA 
9177,206546897,5/2/2017 9:39,5/2/2017 9:39,5/4/2017 12:23,5/8/2017 10:00,5/10/2017 1:30,522.17,589.89,-67.72,232.3,DRV,,,False,0,Carrier 1558859,Shipper 758,True,True,True,5/8/2017 21:00,5/9/2017 23:30,False,False,False,False,False,False,False,False,Taft,CA ,Taft,CA 
9178,206657609,3/13/2017 15:36,3/13/2017 15:36,3/20/2017 17:48,3/21/2017 10:00,3/22/2017 4:24,522.17,549.0,-26.83,232.3,DRV,,,False,1,Carrier 1011047,Shipper 758,True,True,True,3/21/2017 17:00,3/22/2017 1:30,False,False,False,False,False,False,False,False,Taft,CA ,Taft,CA 
9179,206513977,6/15/2017 13:09,6/15/2017 13:10,6/16/2017 8:03,6/19/2017 6:00,6/20/2017 14:00,521.96,450.0,71.96,232.2,DRV,,,False,0,Carrier 97236,Shipper 968,True,True,True,6/19/2017 15:00,6/20/2017 16:30,False,False,False,False,False,False,False,False,Everett,MA ,Everett,MA 
9180,206628449,7/10/2017 9:28,7/10/2017 9:28,7/12/2017 17:44,7/13/2017 10:00,7/15/2017 0:05,521.05,575.0,-53.95,232.3,DRV,,,False,0,Carrier 641522,Shipper 758,True,True,True,7/13/2017 21:00,7/14/2017 23:30,False,False,False,False,False,False,False,False,Taft,CA ,Taft,CA 
9181,206544953,7/6/2017 9:05,7/6/2017 9:06,7/10/2017 14:38,7/13/2017 11:00,7/14/2017 2:00,521.05,575.0,-53.95,232.3,DRV,,,False,0,Carrier 1558859,Shipper 758,False,True,True,7/13/2017 17:00,7/13/2017 23:00,False,False,False,False,False,False,False,False,Taft,CA ,Taft,CA 
9182,206475193,6/23/2017 10:46,6/23/2017 10:46,6/30/2017 11:48,6/30/2017 10:00,7/1/2017 5:30,521.05,775.0,-253.95,232.3,DRV,,,False,0,Carrier 107932,Shipper 758,True,True,True,6/30/2017 16:00,6/30/2017 23:00,False,False,False,False,False,False,False,False,Taft,CA ,Taft,CA 
9183,206560265,2/2/2017 8:03,2/2/2017 8:22,2/13/2017 14:07,2/13/2017 8:00,2/14/2017 9:00,519.66,600.0,-80.34,182.9,DRV,,,False,1,Carrier 1633781,Shipper 1052,True,True,True,2/13/2017 15:00,2/14/2017 15:30,False,False,False,False,False,False,False,False,Baltimore,MD ,Baltimore,MD 
9184,206467209,1/25/2017 9:31,1/25/2017 9:32,1/26/2017 12:57,1/26/2017 8:00,1/27/2017 12:15,519.31,550.0,-30.69,274.2,DRV,,,False,0,Carrier 82244,Shipper 841,True,True,True,1/26/2017 15:00,1/27/2017 9:30,False,False,False,False,False,False,False,False,Newport,TN ,Newport,TN 
9185,206622377,7/13/2017 15:32,7/13/2017 15:32,7/14/2017 14:48,7/17/2017 6:00,7/18/2017 8:50,518.98,500.0,18.98,232.2,DRV,,,False,0,Carrier 97236,Shipper 968,True,True,True,7/17/2017 15:00,7/18/2017 16:30,False,False,False,False,False,False,False,False,Everett,MA ,Everett,MA 
9186,206620729,7/17/2017 13:08,7/17/2017 13:14,7/18/2017 7:35,7/20/2017 6:00,7/21/2017 14:50,518.98,500.0,18.98,232.2,DRV,,,False,0,Carrier 97236,Shipper 968,True,True,True,7/20/2017 15:00,7/21/2017 16:30,False,False,False,False,False,False,False,False,Everett,MA ,Everett,MA 
9187,206554665,7/26/2017 14:19,7/26/2017 14:19,7/27/2017 9:16,7/27/2017 6:00,7/28/2017 12:50,518.82,500.0,18.82,232.2,DRV,,,False,0,Carrier 288241,Shipper 968,True,True,True,7/27/2017 15:00,7/28/2017 16:30,False,False,False,False,False,False,False,False,Everett,MA ,Everett,MA 
9188,206496049,7/28/2017 13:48,7/28/2017 13:48,7/31/2017 14:01,8/3/2017 6:00,8/3/2017 17:15,518.82,500.0,18.82,232.2,DRV,,,False,0,Carrier 97236,Shipper 968,True,True,True,8/3/2017 15:00,8/4/2017 16:30,False,False,False,False,False,False,False,False,Everett,MA ,Everett,MA 
9189,206496041,7/21/2017 15:17,7/21/2017 15:55,7/24/2017 9:14,7/26/2017 6:00,7/26/2017 17:30,518.82,500.0,18.82,232.2,DRV,,,False,0,Carrier 97236,Shipper 968,True,True,True,7/26/2017 15:00,7/27/2017 16:30,False,False,False,False,False,False,False,False,Everett,MA ,Everett,MA 
9190,206622553,6/12/2017 9:59,6/12/2017 10:00,6/12/2017 14:00,6/14/2017 7:00,6/14/2017 15:30,518.52,500.0,18.52,42.5,DRV,,,False,0,Carrier 97236,Shipper 968,False,True,True,6/14/2017 7:00,6/14/2017 16:30,False,False,False,False,False,False,False,False,Queens,NY ,Queens,NY 
9191,206571177,4/14/2017 9:15,4/14/2017 9:16,4/14/2017 11:31,4/17/2017 6:00,4/18/2017 13:30,518.3,450.0,68.3,232.2,DRV,3.0,,False,0,Carrier 97236,Shipper 968,True,True,True,4/17/2017 15:00,4/18/2017 16:30,False,False,False,False,False,False,False,False,Everett,MA ,Everett,MA 
9192,206514121,4/13/2017 12:38,4/13/2017 12:39,4/14/2017 11:31,4/20/2017 7:00,4/21/2017 12:40,517.64,500.0,17.64,219.2,DRV,4.0,,False,0,Carrier 97236,Shipper 968,True,True,True,4/20/2017 15:00,4/21/2017 16:30,False,False,False,False,False,False,False,False,Walpole,MA ,Walpole,MA 
9193,206425233,6/3/2017 11:41,6/3/2017 11:41,6/6/2017 9:56,6/7/2017 8:00,6/7/2017 14:30,516.94,500.0,16.94,59.7,DRV,,,False,0,Carrier 1113714,Shipper 1175,True,True,True,6/7/2017 12:00,6/7/2017 16:30,False,False,False,False,False,False,False,False,Narvon,PA ,Narvon,PA 
9194,206695457,7/11/2017 15:54,7/11/2017 15:54,7/13/2017 8:34,7/13/2017 6:00,7/14/2017 10:20,516.92,500.0,16.92,232.2,DRV,,,False,0,Carrier 50093,Shipper 968,True,True,True,7/13/2017 15:00,7/14/2017 16:30,False,False,False,False,False,False,False,False,Everett,MA ,Everett,MA 
9195,206432153,6/26/2017 11:49,6/26/2017 11:49,6/27/2017 8:30,6/27/2017 6:00,6/28/2017 9:24,515.98,600.0,-84.02,232.2,DRV,,,False,0,Carrier 71390,Shipper 968,True,True,True,6/27/2017 15:00,6/28/2017 16:30,False,False,False,False,False,False,False,False,Everett,MA ,Everett,MA 
9196,206435449,6/21/2017 10:37,6/21/2017 10:37,6/21/2017 15:46,6/22/2017 6:00,6/23/2017 11:00,515.97,500.0,15.97,232.2,DRV,,,False,0,Carrier 1330754,Shipper 968,True,True,True,6/22/2017 15:00,6/23/2017 16:30,False,False,False,False,False,False,False,False,Everett,MA ,Everett,MA 
9197,206510913,12/19/2017 18:13,12/19/2017 18:13,12/27/2017 8:57,12/27/2017 6:00,12/28/2017 9:55,515.0,700.0,-185.0,232.2,DRV,,dat_in,False,0,Carrier 1282457,Shipper 968,True,True,True,12/27/2017 15:00,12/28/2017 16:30,False,False,False,False,False,True,False,False,Everett,MA ,Everett,MA 
9198,206544817,9/11/2017 16:39,9/11/2017 16:39,9/13/2017 8:53,9/13/2017 7:00,9/14/2017 14:30,515.0,500.0,15.0,225.6,DRV,,,False,1,Carrier 1079632,Shipper 968,True,True,True,9/13/2017 14:00,9/14/2017 16:30,False,False,False,False,False,False,False,False,Brockton,MA ,Brockton,MA 
9199,206554969,11/13/2017 13:57,11/13/2017 13:58,11/14/2017 8:26,11/16/2017 6:00,11/17/2017 10:30,515.0,500.0,15.0,232.2,DRV,,,False,0,Carrier 1277662,Shipper 968,True,True,True,11/16/2017 15:00,11/17/2017 16:30,False,False,False,False,False,True,False,False,Everett,MA ,Everett,MA 
9200,206555977,10/31/2017 14:03,10/31/2017 14:04,11/1/2017 10:00,11/2/2017 6:00,11/3/2017 9:00,515.0,500.0,15.0,232.2,DRV,,,False,0,Carrier 1277662,Shipper 968,False,True,True,11/2/2017 15:00,11/3/2017 16:30,False,False,False,False,False,True,False,False,Everett,MA ,Everett,MA 
9201,206424641,11/22/2017 10:37,11/22/2017 10:37,11/27/2017 9:09,11/28/2017 6:00,11/29/2017 8:30,515.0,500.0,15.0,232.2,DRV,,,False,0,Carrier 1277662,Shipper 968,True,True,True,11/28/2017 15:00,11/29/2017 16:30,False,False,False,False,False,True,False,False,Everett,MA ,Everett,MA 
9202,206602865,10/11/2017 10:22,10/11/2017 10:22,10/12/2017 9:06,10/12/2017 6:00,10/13/2017 8:30,515.0,550.0,-35.0,232.2,DRV,,,False,0,Carrier 1695564,Shipper 968,True,True,True,10/12/2017 15:00,10/13/2017 16:30,False,False,False,False,False,True,False,False,Everett,MA ,Everett,MA 
9203,206506617,11/29/2017 10:47,11/29/2017 10:47,12/4/2017 16:12,12/5/2017 6:00,12/6/2017 10:00,515.0,550.0,-35.0,232.2,DRV,,,False,1,Carrier 1695727,Shipper 968,True,True,True,12/5/2017 15:00,12/6/2017 16:30,False,False,False,False,False,True,False,False,Everett,MA ,Everett,MA 
9204,206469017,12/28/2017 11:18,12/28/2017 11:27,12/29/2017 15:45,1/3/2018 6:00,1/4/2018 9:00,515.0,550.0,-35.0,232.2,DRV,,,False,0,Carrier 79585,Shipper 968,True,True,True,1/3/2018 11:00,1/4/2018 8:00,False,False,False,False,False,True,False,False,Everett,MA ,Everett,MA 
9205,206625625,8/29/2017 10:48,8/29/2017 10:48,8/29/2017 17:34,8/31/2017 6:00,9/1/2017 9:00,515.0,500.0,15.0,232.2,DRV,,,False,0,Carrier 97236,Shipper 968,False,False,False,8/31/2017 7:00,8/31/2017 16:30,False,False,False,False,False,False,False,False,Everett,MA ,Everett,MA 
9206,206732713,12/12/2017 9:50,12/12/2017 9:50,12/12/2017 13:28,12/13/2017 6:00,12/14/2017 12:15,515.0,500.0,15.0,232.2,DRV,,,False,0,Carrier 97236,Shipper 968,True,True,True,12/13/2017 15:00,12/14/2017 16:30,False,False,False,False,False,True,False,False,Everett,MA ,Everett,MA 
9207,206727017,11/22/2017 10:41,11/22/2017 10:41,11/29/2017 10:46,12/4/2017 7:00,12/5/2017 16:15,515.0,500.0,15.0,225.6,DRV,,,False,0,Carrier 97236,Shipper 968,True,True,True,12/4/2017 14:00,12/5/2017 16:30,False,False,False,False,False,True,False,False,Brockton,MA ,Brockton,MA 
9208,206481481,9/29/2017 12:31,9/29/2017 12:32,9/29/2017 14:10,10/2/2017 6:00,10/3/2017 10:55,515.0,500.0,15.0,232.2,DRV,,,False,0,Carrier 97236,Shipper 968,True,True,True,10/2/2017 15:00,10/3/2017 16:30,False,False,False,False,False,False,False,False,Everett,MA ,Everett,MA 
9209,206424073,9/5/2017 10:27,9/5/2017 10:28,9/5/2017 12:46,9/6/2017 6:00,9/6/2017 16:00,515.0,500.0,15.0,232.2,DRV,,,False,0,Carrier 97236,Shipper 968,True,True,True,9/6/2017 15:00,9/7/2017 16:30,False,False,False,False,False,False,False,False,Everett,MA ,Everett,MA 
9210,206620457,9/20/2017 13:38,9/20/2017 13:38,9/21/2017 12:23,9/28/2017 7:00,9/28/2017 17:00,515.0,500.0,15.0,225.6,DRV,,,False,0,Carrier 97236,Shipper 968,True,True,True,9/28/2017 14:00,9/29/2017 16:30,False,False,False,False,False,False,False,False,Brockton,MA ,Brockton,MA 
9211,206571241,11/8/2017 12:06,11/8/2017 12:09,11/9/2017 7:43,11/13/2017 6:00,11/14/2017 15:00,515.0,500.0,15.0,232.2,DRV,,,False,0,Carrier 97236,Shipper 968,True,True,True,11/13/2017 15:00,11/14/2017 16:30,False,False,False,False,False,True,False,False,Everett,MA ,Everett,MA 
9212,206570601,9/11/2017 10:51,9/11/2017 10:51,9/11/2017 13:02,9/12/2017 6:00,9/13/2017 8:30,515.0,500.0,15.0,232.2,DRV,,,False,0,Carrier 97236,Shipper 968,True,True,True,9/12/2017 15:00,9/13/2017 16:30,False,False,False,False,False,False,False,False,Everett,MA ,Everett,MA 
9213,206734129,10/30/2017 13:17,10/30/2017 13:17,10/31/2017 14:09,11/2/2017 6:00,11/3/2017 10:00,515.0,500.0,15.0,232.2,DRV,,,False,0,Carrier 97236,Shipper 968,True,True,True,11/2/2017 15:00,11/3/2017 16:30,False,False,False,False,False,True,False,False,Everett,MA ,Everett,MA 
9214,206677105,10/23/2017 11:27,10/23/2017 11:27,10/23/2017 14:41,10/25/2017 6:00,10/26/2017 8:45,515.0,500.0,15.0,232.2,DRV,,,False,0,Carrier 97236,Shipper 968,True,True,True,10/25/2017 15:00,10/26/2017 16:30,False,False,False,False,False,True,False,False,Everett,MA ,Everett,MA 
9215,206622961,11/6/2017 14:19,11/6/2017 14:19,11/7/2017 9:55,11/9/2017 6:00,11/10/2017 14:30,515.0,500.0,15.0,232.2,DRV,,,False,0,Carrier 97236,Shipper 968,True,True,True,11/9/2017 15:00,11/10/2017 16:30,False,False,False,False,False,True,False,False,Everett,MA ,Everett,MA 
9216,206573617,11/18/2017 12:11,11/18/2017 12:14,11/20/2017 9:27,11/21/2017 6:00,11/21/2017 16:55,515.0,500.0,15.0,232.2,DRV,,,False,0,Carrier 97236,Shipper 968,True,True,True,11/21/2017 15:00,11/21/2017 16:30,False,False,False,False,False,True,False,False,Everett,MA ,Everett,MA 
9217,206425265,11/7/2017 15:14,11/7/2017 15:14,11/9/2017 7:43,11/15/2017 7:00,11/15/2017 15:50,515.0,500.0,15.0,225.6,DRV,,,False,0,Carrier 97236,Shipper 968,True,False,False,11/15/2017 10:00,11/8/2017 16:30,False,False,False,False,False,True,False,False,Brockton,MA ,Brockton,MA 
9218,206515737,8/8/2017 10:38,8/8/2017 10:38,8/9/2017 13:41,8/10/2017 6:00,8/10/2017 16:00,515.0,500.0,15.0,232.2,DRV,,,False,0,Carrier 97236,Shipper 968,True,True,True,8/10/2017 15:00,8/11/2017 16:30,False,False,False,False,False,False,False,False,Everett,MA ,Everett,MA 
9219,206497561,10/9/2017 15:44,10/9/2017 15:44,10/10/2017 14:34,10/12/2017 7:00,10/13/2017 13:45,515.0,500.0,15.0,225.6,DRV,,,False,0,Carrier 97236,Shipper 968,True,True,True,10/12/2017 14:00,10/13/2017 16:30,False,False,False,False,False,True,False,False,Brockton,MA ,Brockton,MA 
9220,206505553,9/26/2017 9:30,9/26/2017 9:31,9/28/2017 17:38,9/29/2017 6:00,10/2/2017 8:41,515.0,500.0,15.0,232.2,DRV,,,False,0,Carrier 1693961,Shipper 968,True,False,False,9/29/2017 15:00,10/2/2017 8:00,False,False,False,False,False,False,False,False,Everett,MA ,Everett,MA 
9221,206497577,10/18/2017 8:02,10/18/2017 8:02,10/18/2017 10:40,10/19/2017 6:00,10/19/2017 16:05,515.0,500.0,15.0,232.2,DRV,,,False,0,Carrier 97236,Shipper 968,True,True,True,10/19/2017 15:00,10/19/2017 16:30,False,False,False,False,False,True,False,False,Everett,MA ,Everett,MA 
9222,206497193,9/19/2017 9:28,9/19/2017 9:28,9/19/2017 15:50,9/21/2017 6:00,9/22/2017 10:00,515.0,500.0,15.0,232.2,DRV,,,False,0,Carrier 1113714,Shipper 968,True,True,True,9/21/2017 15:00,9/22/2017 16:30,False,False,False,False,False,False,False,False,Everett,MA ,Everett,MA 
9223,206481385,10/5/2017 15:38,10/5/2017 15:38,10/6/2017 16:31,10/11/2017 6:00,10/12/2017 14:30,515.0,500.0,15.0,232.2,DRV,,,False,0,Carrier 97236,Shipper 968,False,True,True,10/11/2017 10:00,10/12/2017 16:30,False,False,False,False,False,True,False,False,Everett,MA ,Everett,MA 
9224,206424809,12/11/2017 12:51,12/11/2017 12:51,12/11/2017 16:00,12/14/2017 7:00,12/15/2017 15:10,515.0,500.0,15.0,225.6,DRV,,,False,0,Carrier 97236,Shipper 968,True,True,True,12/14/2017 14:00,12/15/2017 16:30,False,False,False,False,False,True,False,False,Brockton,MA ,Brockton,MA 
9225,206424105,10/19/2017 11:55,10/19/2017 11:55,10/23/2017 11:06,10/25/2017 7:00,10/26/2017 12:30,515.0,500.0,15.0,225.6,DRV,,,False,0,Carrier 97236,Shipper 968,True,True,True,10/25/2017 14:00,10/26/2017 16:30,False,False,False,False,False,True,False,False,Brockton,MA ,Brockton,MA 
9226,206497849,8/21/2017 11:50,8/21/2017 11:50,8/22/2017 12:46,8/23/2017 6:00,8/24/2017 8:45,515.0,500.0,15.0,232.2,DRV,,,False,0,Carrier 97236,Shipper 968,True,True,True,8/23/2017 15:00,8/24/2017 16:30,False,False,False,False,False,False,False,False,Everett,MA ,Everett,MA 
9227,206624057,10/9/2017 13:04,10/9/2017 13:09,10/11/2017 14:29,10/12/2017 7:00,10/12/2017 13:45,514.2,500.0,14.2,102.6,DRV,,,False,1,Carrier 97236,Shipper 968,True,True,True,10/12/2017 11:00,10/12/2017 16:30,False,False,False,False,False,True,False,False,Waterbury,CT ,Waterbury,CT 
9228,206572057,7/24/2017 16:24,7/24/2017 16:24,7/26/2017 10:18,7/27/2017 8:00,7/27/2017 14:35,512.39,460.0,52.39,81.0,DRV,,,False,0,Carrier 97236,Shipper 968,True,True,True,7/27/2017 12:00,7/27/2017 16:30,False,False,False,False,False,False,False,False,Pennsauken Township,NJ ,Pennsauken Township,NJ 
9229,206577273,4/5/2017 10:28,4/5/2017 10:28,4/11/2017 13:52,4/13/2017 10:00,4/15/2017 2:41,512.33,724.0,-211.67,232.3,DRV,,,False,0,Carrier 641522,Shipper 758,True,True,True,4/13/2017 21:00,4/14/2017 22:30,False,False,False,False,False,False,False,False,Taft,CA ,Taft,CA 
9230,206740321,5/2/2017 9:00,5/2/2017 9:01,5/4/2017 8:06,5/4/2017 6:00,5/5/2017 9:10,512.2,500.0,12.2,232.2,DRV,4.0,,False,0,Carrier 62322,Shipper 968,True,True,True,5/4/2017 15:00,5/5/2017 16:30,False,False,False,False,False,False,False,False,Everett,MA ,Everett,MA 
9231,206497273,8/4/2017 15:36,8/4/2017 15:36,8/7/2017 7:30,8/8/2017 9:00,8/8/2017 16:09,511.15,490.0,21.15,24.2,DRV,,,False,0,Carrier 97236,Shipper 1453,True,True,True,8/8/2017 12:00,8/8/2017 16:00,False,False,False,False,False,False,False,False,Bronx,NY ,Bronx,NY 
9232,206571801,2/28/2017 10:05,2/28/2017 10:07,2/28/2017 11:37,3/1/2017 7:00,3/1/2017 16:50,510.81,475.0,35.81,42.5,DRV,,,False,0,Carrier 97236,Shipper 968,False,True,True,3/1/2017 9:00,3/1/2017 16:00,False,False,False,False,False,False,False,False,Queens,NY ,Queens,NY 
9233,206573681,1/16/2017 9:55,1/16/2017 9:56,1/17/2017 14:40,1/20/2017 9:00,1/20/2017 14:20,510.44,400.0,110.44,51.6,DRV,,,False,0,Carrier 1113714,Shipper 1175,True,True,True,1/20/2017 11:00,1/20/2017 16:00,False,False,False,False,False,False,False,False,Hillsborough Township,NJ ,Hillsborough Township,NJ 
9234,206554361,9/11/2017 12:27,9/11/2017 12:27,9/12/2017 8:20,9/19/2017 17:00,9/20/2017 5:30,509.86,440.0,69.86,130.8,DRV,,,False,0,Carrier 611154,Shipper 758,True,True,True,9/19/2017 17:00,9/20/2017 1:30,False,False,False,False,False,False,False,False,Hawkins,TX ,Hawkins,TX 
9235,206530265,9/20/2017 9:36,9/20/2017 9:36,10/2/2017 9:06,10/2/2017 17:00,10/3/2017 5:35,508.69,425.0,83.69,130.8,DRV,,,False,0,Carrier 1065016,Shipper 758,True,True,True,10/2/2017 17:00,10/3/2017 1:30,False,False,False,False,False,False,False,False,Hawkins,TX ,Hawkins,TX 
9236,206554641,7/5/2017 11:25,7/5/2017 11:25,7/5/2017 14:21,7/6/2017 9:00,7/7/2017 8:20,508.11,450.0,58.11,24.2,DRV,,,False,0,Carrier 299670,Shipper 1453,False,True,True,7/6/2017 12:00,7/7/2017 16:30,False,False,False,False,False,False,False,False,Bronx,NY ,Bronx,NY 
9237,206552265,2/8/2017 15:37,2/8/2017 15:37,2/15/2017 15:55,2/15/2017 15:30,2/16/2017 11:00,508.0,500.0,8.0,243.4,DRV,,,False,2,Carrier 14295,Shipper 758,False,True,True,2/15/2017 15:30,2/16/2017 7:30,False,False,False,False,False,False,False,False,Dallas,TX ,Dallas,TX 
9238,206472257,4/12/2017 8:32,4/12/2017 8:33,4/12/2017 15:19,4/13/2017 9:00,4/14/2017 9:20,506.79,500.0,6.79,135.7,DRV,4.0,,False,0,Carrier 645471,Shipper 1078,True,True,True,4/13/2017 16:00,4/14/2017 14:30,False,False,False,False,False,False,False,False,Hackettstown,NJ ,Hackettstown,NJ 
9239,206438057,4/12/2017 15:45,4/12/2017 15:46,4/13/2017 15:19,4/14/2017 8:00,4/14/2017 14:55,506.71,450.0,56.71,79.9,DRV,3.0,,False,0,Carrier 1084218,Shipper 1175,True,True,True,4/14/2017 11:30,4/14/2017 16:00,False,False,False,False,False,False,False,False,Philadelphia,PA ,Philadelphia,PA 
9240,206479169,8/2/2017 14:42,8/2/2017 14:43,8/4/2017 10:05,8/4/2017 9:00,8/4/2017 15:30,505.74,475.0,30.74,51.6,DRV,,,False,1,Carrier 1275662,Shipper 1175,False,True,True,8/4/2017 10:00,8/4/2017 15:00,False,False,False,False,False,False,False,False,Hillsborough Township,NJ ,Hillsborough Township,NJ 
9241,206570801,5/23/2017 13:45,5/23/2017 13:47,5/24/2017 13:33,5/26/2017 8:00,5/26/2017 13:00,505.53,500.0,5.53,79.9,DRV,,,False,0,Carrier 97236,Shipper 1175,True,True,True,5/26/2017 12:00,5/26/2017 16:30,False,False,False,False,False,False,False,False,Philadelphia,PA ,Philadelphia,PA 
9242,206472537,6/7/2017 14:15,6/7/2017 14:16,6/8/2017 11:02,6/8/2017 6:00,6/9/2017 8:45,505.48,475.0,30.48,232.2,DRV,,,False,0,Carrier 1057935,Shipper 968,True,True,True,6/8/2017 15:00,6/9/2017 16:30,False,False,False,False,False,False,False,False,Everett,MA ,Everett,MA 
9243,206481649,2/6/2017 16:52,2/6/2017 16:53,2/7/2017 10:25,2/8/2017 10:00,2/8/2017 19:00,505.37,450.0,55.37,232.2,DRV,3.0,,False,0,Carrier 97236,Shipper 968,True,False,False,2/8/2017 11:00,2/8/2017 16:00,False,False,False,False,False,False,False,False,Everett,MA ,Everett,MA 
9244,206512985,11/28/2017 18:01,11/28/2017 18:02,11/29/2017 11:04,12/5/2017 9:00,12/6/2017 11:50,505.15,500.0,5.15,155.6,DRV,,,False,0,Carrier 97236,Shipper 968,True,True,True,12/5/2017 12:00,12/6/2017 16:30,False,False,False,False,False,True,False,False,Springfield,MA ,Springfield,MA 
9245,206570313,3/16/2017 16:03,3/16/2017 16:04,3/21/2017 11:12,3/21/2017 16:30,3/22/2017 10:50,504.27,500.0,4.27,239.8,DRV,,,False,0,Carrier 1693924,Shipper 758,True,True,True,3/21/2017 16:30,3/22/2017 9:00,False,False,False,False,False,False,False,False,Dallas,TX ,Dallas,TX 
9246,206587721,2/9/2017 16:01,2/9/2017 16:01,2/15/2017 11:39,2/16/2017 10:00,2/18/2017 5:45,504.0,574.0,-70.0,232.3,DRV,,,False,0,Carrier 1558859,Shipper 758,True,True,True,2/16/2017 17:00,2/18/2017 1:30,False,False,False,False,False,False,False,False,Taft,CA ,Taft,CA 
9247,206461633,1/20/2017 16:13,1/20/2017 16:13,1/25/2017 14:09,1/26/2017 10:00,1/28/2017 2:55,504.0,629.0,-125.0,140.0,DRV,,,False,0,Carrier 641522,Shipper 758,True,True,True,1/26/2017 21:00,1/28/2017 1:30,False,False,False,False,False,False,False,False,Taft,CA ,Taft,CA 
9248,206547169,1/3/2017 13:21,1/3/2017 13:22,1/9/2017 15:56,1/10/2017 10:00,1/11/2017 3:30,504.0,574.0,-70.0,140.0,DRV,,,False,0,Carrier 1558859,Shipper 758,False,True,True,1/10/2017 17:00,1/11/2017 1:30,False,False,False,False,False,False,False,False,Taft,CA ,Taft,CA 
9249,206518001,2/2/2017 8:54,2/2/2017 8:54,2/7/2017 12:29,2/7/2017 15:00,2/9/2017 3:00,504.0,574.0,-70.0,140.0,DRV,,,False,0,Carrier 1558859,Shipper 758,True,True,True,2/7/2017 19:00,2/9/2017 1:30,False,False,False,False,False,False,False,False,Taft,CA ,Taft,CA 
9250,206472497,1/13/2017 11:13,1/13/2017 11:13,1/19/2017 10:52,1/20/2017 10:00,1/21/2017 5:20,504.0,574.0,-70.0,140.0,DRV,,,False,0,Carrier 1558859,Shipper 758,True,True,True,1/20/2017 17:00,1/21/2017 1:30,False,False,False,False,False,False,False,False,Taft,CA ,Taft,CA 
9251,206461625,1/6/2017 16:50,1/6/2017 16:50,1/12/2017 13:58,1/13/2017 10:00,1/14/2017 2:55,504.0,549.0,-45.0,140.0,DRV,3.0,,False,0,Carrier 641522,Shipper 758,True,True,True,1/13/2017 17:00,1/14/2017 2:00,False,False,False,False,False,False,False,False,Taft,CA ,Taft,CA 
9252,206485353,1/11/2017 14:49,1/11/2017 14:49,1/17/2017 19:22,1/18/2017 10:00,1/19/2017 0:00,504.0,574.0,-70.0,140.0,DRV,,,False,0,Carrier 55702,Shipper 758,,,,1/18/2017 15:00,1/19/2017 1:00,False,False,False,False,False,False,False,False,Taft,CA ,Taft,CA 
9253,206433249,4/17/2017 13:17,4/17/2017 13:18,4/18/2017 15:56,4/19/2017 9:00,4/20/2017 14:30,503.83,475.0,28.83,207.9,DRV,,,False,0,Carrier 1101418,Shipper 1033,True,True,True,4/19/2017 15:00,4/20/2017 12:30,False,False,False,False,False,False,False,False,Kansas City,MO ,Kansas City,MO 
9254,206548457,7/20/2017 13:16,7/20/2017 13:16,7/21/2017 9:28,7/26/2017 17:00,7/27/2017 4:00,503.38,425.0,78.38,130.8,DRV,,,False,0,Carrier 567581,Shipper 758,True,True,True,7/26/2017 17:00,7/27/2017 1:30,False,False,False,False,False,False,False,False,Hawkins,TX ,Hawkins,TX 
9255,206602833,7/20/2017 8:43,7/20/2017 8:43,7/20/2017 13:45,7/26/2017 17:00,7/27/2017 4:00,503.38,400.0,103.38,130.8,DRV,,,False,0,Carrier 611154,Shipper 758,True,True,True,7/26/2017 17:00,7/27/2017 1:30,False,False,False,False,False,False,False,False,Hawkins,TX ,Hawkins,TX 
9256,206500441,7/20/2017 13:19,7/20/2017 13:21,7/21/2017 7:21,7/27/2017 17:00,7/28/2017 2:30,503.38,400.0,103.38,130.8,DRV,,,False,0,Carrier 611154,Shipper 758,True,True,True,7/27/2017 17:00,7/28/2017 1:30,False,False,False,False,False,False,False,False,Hawkins,TX ,Hawkins,TX 
9257,206485001,7/20/2017 13:15,7/20/2017 13:15,7/26/2017 12:38,7/26/2017 16:00,7/27/2017 0:50,503.38,400.0,103.38,130.8,DRV,,,False,1,Carrier 1693545,Shipper 758,True,True,True,7/26/2017 16:00,7/27/2017 0:00,False,False,False,False,False,False,False,False,Hawkins,TX ,Hawkins,TX 
9258,206732617,6/9/2017 8:01,6/9/2017 8:01,6/12/2017 11:40,6/15/2017 6:00,6/15/2017 16:59,502.37,450.0,52.37,232.2,DRV,,,False,0,Carrier 97236,Shipper 968,True,True,True,6/15/2017 15:00,6/16/2017 16:30,False,False,False,False,False,False,False,False,Everett,MA ,Everett,MA 
9259,206436481,8/29/2017 10:39,8/29/2017 10:39,8/30/2017 8:39,8/30/2017 8:00,8/31/2017 8:45,502.0,500.0,2.0,232.2,DRV,,,False,0,Carrier 47140,Shipper 968,True,True,True,8/30/2017 12:00,8/31/2017 16:30,False,False,False,False,False,False,False,False,Everett,MA ,Everett,MA 
9260,206523545,5/2/2017 14:02,5/2/2017 14:02,5/3/2017 15:35,5/3/2017 22:00,5/4/2017 8:30,501.6,900.0,-398.4,135.2,RFR,3.0,,False,0,Carrier 1458329,Shipper 1249,True,True,True,5/3/2017 22:00,5/4/2017 11:00,False,False,False,False,False,False,False,False,Colonial Heights,VA ,Colonial Heights,VA 
9261,206523545,5/2/2017 14:02,5/2/2017 14:02,5/3/2017 15:35,5/3/2017 22:00,5/4/2017 8:30,501.6,900.0,-398.4,135.2,RFR,3.0,,False,0,Carrier 1458329,Shipper 1375,True,True,True,5/3/2017 22:00,5/4/2017 11:00,False,False,False,False,False,False,False,False,Colonial Heights,VA ,Colonial Heights,VA 
9262,206523545,5/2/2017 14:02,5/2/2017 14:02,5/3/2017 15:35,5/3/2017 22:00,5/4/2017 8:30,501.6,900.0,-398.4,135.2,RFR,3.0,,False,0,Carrier 1458329,Shipper 1386,True,True,True,5/3/2017 22:00,5/4/2017 11:00,False,False,False,False,False,False,False,False,Colonial Heights,VA ,Colonial Heights,VA 
9263,206523545,5/2/2017 14:02,5/2/2017 14:02,5/3/2017 15:35,5/3/2017 22:00,5/4/2017 8:30,501.6,900.0,-398.4,135.2,RFR,3.0,,False,0,Carrier 1458329,Shipper 1248,True,True,True,5/3/2017 22:00,5/4/2017 11:00,False,False,False,False,False,False,False,False,Colonial Heights,VA ,Colonial Heights,VA 
9264,206523545,5/2/2017 14:02,5/2/2017 14:02,5/3/2017 15:35,5/3/2017 22:00,5/4/2017 8:30,501.6,900.0,-398.4,135.2,RFR,3.0,,False,0,Carrier 1458329,Shipper 1387,True,True,True,5/3/2017 22:00,5/4/2017 11:00,False,False,False,False,False,False,False,False,Colonial Heights,VA ,Colonial Heights,VA 
9265,206523545,5/2/2017 14:02,5/2/2017 14:02,5/3/2017 15:35,5/3/2017 22:00,5/4/2017 8:30,501.6,900.0,-398.4,135.2,RFR,3.0,,False,0,Carrier 1458329,Shipper 1388,True,True,True,5/3/2017 22:00,5/4/2017 11:00,False,False,False,False,False,False,False,False,Colonial Heights,VA ,Colonial Heights,VA 
9266,206566513,4/17/2017 11:08,4/17/2017 11:09,4/19/2017 12:58,4/20/2017 6:00,4/21/2017 10:30,501.38,450.0,51.38,232.2,DRV,4.0,,False,0,Carrier 1656928,Shipper 968,True,True,True,4/20/2017 15:00,4/21/2017 16:30,False,False,False,False,False,False,False,False,Everett,MA ,Everett,MA 
9267,206625561,5/22/2017 14:09,5/22/2017 14:09,5/23/2017 12:28,5/24/2017 5:00,5/24/2017 10:00,500.28,1100.0,-599.72,135.2,RFR,,,False,0,Carrier 31074,Shipper 1249,True,True,True,5/24/2017 5:00,5/24/2017 11:00,False,False,False,False,False,False,False,False,Colonial Heights,VA ,Colonial Heights,VA 
9268,206625561,5/22/2017 14:09,5/22/2017 14:09,5/23/2017 12:28,5/24/2017 5:00,5/24/2017 10:00,500.28,1100.0,-599.72,135.2,RFR,,,False,0,Carrier 31074,Shipper 1375,True,True,True,5/24/2017 5:00,5/24/2017 11:00,False,False,False,False,False,False,False,False,Colonial Heights,VA ,Colonial Heights,VA 
9269,206625561,5/22/2017 14:09,5/22/2017 14:09,5/23/2017 12:28,5/24/2017 5:00,5/24/2017 10:00,500.28,1100.0,-599.72,135.2,RFR,,,False,0,Carrier 31074,Shipper 1386,True,True,True,5/24/2017 5:00,5/24/2017 11:00,False,False,False,False,False,False,False,False,Colonial Heights,VA ,Colonial Heights,VA 
9270,206625561,5/22/2017 14:09,5/22/2017 14:09,5/23/2017 12:28,5/24/2017 5:00,5/24/2017 10:00,500.28,1100.0,-599.72,135.2,RFR,,,False,0,Carrier 31074,Shipper 1248,True,True,True,5/24/2017 5:00,5/24/2017 11:00,False,False,False,False,False,False,False,False,Colonial Heights,VA ,Colonial Heights,VA 
9271,206625561,5/22/2017 14:09,5/22/2017 14:09,5/23/2017 12:28,5/24/2017 5:00,5/24/2017 10:00,500.28,1100.0,-599.72,135.2,RFR,,,False,0,Carrier 31074,Shipper 1387,True,True,True,5/24/2017 5:00,5/24/2017 11:00,False,False,False,False,False,False,False,False,Colonial Heights,VA ,Colonial Heights,VA 
9272,206625561,5/22/2017 14:09,5/22/2017 14:09,5/23/2017 12:28,5/24/2017 5:00,5/24/2017 10:00,500.28,1100.0,-599.72,135.2,RFR,,,False,0,Carrier 31074,Shipper 1388,True,True,True,5/24/2017 5:00,5/24/2017 11:00,False,False,False,False,False,False,False,False,Colonial Heights,VA ,Colonial Heights,VA 
9273,206530873,12/4/2017 15:52,12/4/2017 15:52,12/5/2017 7:35,12/5/2017 8:00,12/6/2017 10:00,500.0,500.0,0.0,241.3,DRV,,,False,0,Carrier 1695728,Shipper 923,True,True,True,12/5/2017 14:00,12/6/2017 16:00,False,False,False,False,False,False,False,False,Medley,FL ,Medley,FL 
9274,206544321,3/1/2017 15:19,3/1/2017 15:21,3/6/2017 16:13,3/7/2017 13:00,3/8/2017 8:58,500.0,425.0,75.0,241.3,DRV,,,False,1,Carrier 92971,Shipper 923,False,True,True,3/6/2017 15:30,3/8/2017 15:00,False,False,False,False,False,False,False,False,Medley,FL ,Medley,FL 
9275,206489329,1/18/2017 13:20,1/18/2017 13:21,1/23/2017 20:24,1/26/2017 8:00,1/26/2017 14:40,500.0,470.0,30.0,144.2,DRV,,,False,0,Carrier 1080084,Shipper 590,True,True,True,1/26/2017 15:00,1/26/2017 23:55,False,False,False,False,False,False,False,False,Bridgewater,NJ ,Bridgewater,NJ 
9276,206480513,7/31/2017 11:20,7/31/2017 11:20,7/31/2017 15:09,8/1/2017 13:00,8/2/2017 9:30,500.0,500.0,0.0,480.5,DRV,,,False,0,Carrier 1232326,Shipper 1184,True,True,True,8/1/2017 15:30,8/2/2017 9:00,False,False,False,False,False,False,False,False,Orlando,FL ,Orlando,FL 
9277,206563961,3/10/2017 11:45,3/10/2017 11:46,3/15/2017 8:38,3/15/2017 15:00,3/16/2017 11:00,500.0,500.0,0.0,156.8,DRV,4.0,,False,0,Carrier 414839,Shipper 1184,True,True,True,3/15/2017 15:00,3/16/2017 10:00,False,False,False,False,False,False,False,False,Edinburg,VA ,Edinburg,VA 
9278,206501689,2/10/2017 15:55,2/10/2017 15:55,2/13/2017 16:46,2/14/2017 7:00,2/15/2017 9:30,500.0,550.0,-50.0,122.0,DRV,,,False,0,Carrier 1693569,Shipper 1184,True,True,True,2/14/2017 15:00,2/15/2017 9:00,False,False,False,False,False,False,False,False,Winchester,VA ,Winchester,VA 
9279,206553657,2/6/2017 9:55,2/6/2017 9:55,2/6/2017 12:05,2/7/2017 6:00,2/7/2017 16:30,500.0,475.0,25.0,120.8,DRV,3.0,,False,0,Carrier 1468637,Shipper 734,True,False,False,2/7/2017 6:00,2/7/2017 12:00,False,False,False,False,False,False,False,False,Newark,NJ ,Newark,NJ 
9280,206551801,2/6/2017 9:48,2/6/2017 9:50,2/6/2017 12:11,2/6/2017 22:00,2/7/2017 6:45,500.0,475.0,25.0,120.8,DRV,3.0,,False,0,Carrier 1468637,Shipper 734,True,True,True,2/6/2017 22:00,2/7/2017 5:00,False,False,False,False,False,False,False,False,Newark,NJ ,Newark,NJ 
9281,206642681,4/28/2017 13:26,4/28/2017 13:26,4/28/2017 17:29,4/28/2017 20:00,5/1/2017 9:15,500.0,450.0,50.0,27.0,DRV,3.0,,False,0,Carrier 140448,Shipper 585,True,True,True,4/28/2017 20:00,5/1/2017 7:00,False,False,False,False,False,False,False,False,Santa Ana,CA ,Santa Ana,CA 
9282,206569153,8/9/2017 11:17,8/9/2017 11:17,8/9/2017 11:23,8/9/2017 17:30,8/10/2017 6:37,500.0,350.0,150.0,64.1,DRV,,,False,0,Carrier 249023,Shipper 585,True,True,True,8/9/2017 18:00,8/10/2017 7:00,False,False,False,False,False,False,False,False,Orlando,FL ,Orlando,FL 
9283,206486809,4/28/2017 13:31,4/28/2017 13:31,4/28/2017 13:35,4/28/2017 15:00,4/28/2017 19:00,500.0,350.0,150.0,27.0,DRV,,,False,0,Carrier 397168,Shipper 585,True,True,True,4/28/2017 15:00,4/28/2017 19:00,False,False,False,False,False,False,False,False,Santa Ana,CA ,Santa Ana,CA 
9284,206436201,4/28/2017 15:40,4/28/2017 15:40,5/1/2017 10:00,5/1/2017 16:00,5/1/2017 20:30,500.0,350.0,150.0,27.0,DRV,,,False,0,Carrier 4196,Shipper 585,True,True,True,5/1/2017 16:00,5/1/2017 19:00,False,False,False,False,False,False,False,False,Santa Ana,CA ,Santa Ana,CA 
9285,206570377,8/29/2017 20:05,8/29/2017 20:05,8/31/2017 9:38,9/1/2017 9:00,9/1/2017 12:00,499.84,500.0,-0.16,24.2,DRV,,,False,1,Carrier 97236,Shipper 1453,True,True,True,9/1/2017 9:00,9/1/2017 16:30,False,False,False,False,False,False,False,False,Bronx,NY ,Bronx,NY 
9286,206514105,3/29/2017 12:36,3/29/2017 12:42,3/29/2017 14:00,3/31/2017 7:00,3/31/2017 8:40,499.35,400.0,99.35,92.8,DRV,4.0,,False,0,Carrier 97236,Shipper 968,True,True,True,3/31/2017 15:00,3/31/2017 16:00,False,False,False,False,False,False,False,False,Philadelphia,PA ,Philadelphia,PA 
9287,206425601,11/6/2017 10:32,11/6/2017 10:38,11/8/2017 14:50,11/9/2017 9:00,11/9/2017 16:30,499.05,450.0,49.05,51.6,DRV,,,False,0,Carrier 1319178,Shipper 1175,True,True,True,11/9/2017 12:00,11/9/2017 15:00,False,False,False,False,False,True,False,False,Hillsborough Township,NJ ,Hillsborough Township,NJ 
9288,206571657,4/3/2017 15:55,4/3/2017 15:55,4/4/2017 12:50,4/5/2017 6:00,4/5/2017 16:15,498.95,450.0,48.95,232.2,DRV,4.0,,False,0,Carrier 97236,Shipper 968,True,True,True,4/5/2017 15:00,4/6/2017 16:30,False,False,False,False,False,False,False,False,Everett,MA ,Everett,MA 
9289,206467737,1/25/2017 14:12,1/25/2017 14:12,1/26/2017 13:43,1/27/2017 6:00,1/30/2017 9:30,498.76,450.0,48.76,232.2,DRV,,,False,0,Carrier 369899,Shipper 968,True,False,False,1/27/2017 15:00,1/30/2017 8:00,False,False,False,False,False,False,False,False,Everett,MA ,Everett,MA 
9290,206440041,6/3/2017 11:47,6/3/2017 11:49,6/5/2017 18:46,6/8/2017 9:00,6/8/2017 14:30,498.69,450.0,48.69,51.6,DRV,,,False,0,Carrier 97236,Shipper 1175,True,True,True,6/8/2017 10:00,6/8/2017 16:30,False,False,False,False,False,False,False,False,Hillsborough Township,NJ ,Hillsborough Township,NJ 
9291,206570777,4/3/2017 21:32,4/3/2017 21:34,4/4/2017 16:05,4/6/2017 6:00,4/6/2017 16:50,498.39,450.0,48.39,232.2,DRV,4.0,,False,0,Carrier 97236,Shipper 968,True,True,True,4/6/2017 9:00,4/6/2017 16:30,False,False,False,False,False,False,False,False,Everett,MA ,Everett,MA 
9292,206605809,2/3/2017 15:47,2/3/2017 15:47,2/7/2017 15:22,2/8/2017 7:00,2/15/2017 14:11,498.31,550.0,-51.69,249.7,DRV,1.0,,False,0,Carrier 54491,Shipper 773,False,True,True,2/8/2017 10:00,2/9/2017 16:00,False,False,False,False,False,False,False,False,Greenville,SC ,Greenville,SC 
9293,206573705,2/16/2017 11:28,2/16/2017 11:28,2/16/2017 14:44,2/17/2017 6:00,2/17/2017 17:00,497.67,450.0,47.67,232.2,DRV,,,False,0,Carrier 97236,Shipper 968,True,True,True,2/17/2017 8:00,2/17/2017 16:30,False,False,False,False,False,False,False,False,Everett,MA ,Everett,MA 
9294,206490921,5/30/2017 11:17,5/30/2017 11:17,5/30/2017 13:38,6/1/2017 6:00,6/1/2017 16:00,497.0,450.0,47.0,232.2,DRV,,,False,0,Carrier 97236,Shipper 968,True,True,True,6/1/2017 15:00,6/2/2017 16:30,False,False,False,False,False,False,False,False,Everett,MA ,Everett,MA 
9295,206657593,1/31/2017 12:27,1/31/2017 12:28,1/31/2017 17:04,2/2/2017 8:00,2/3/2017 14:00,496.95,450.0,46.95,584.1,DRV,3.0,,False,0,Carrier 941668,Shipper 762,True,True,True,2/2/2017 15:00,2/3/2017 12:00,False,False,False,False,False,False,False,False,Lakeland,FL ,Lakeland,FL 
9296,206560825,1/31/2017 12:37,1/31/2017 12:40,2/2/2017 11:06,2/7/2017 8:00,2/8/2017 9:02,496.95,550.0,-53.05,584.1,DRV,,,False,0,Carrier 38929,Shipper 762,True,True,True,2/7/2017 15:00,2/8/2017 10:00,False,False,False,False,False,False,False,False,Lakeland,FL ,Lakeland,FL 
9297,206431745,9/22/2017 8:57,9/22/2017 8:58,9/25/2017 10:24,9/25/2017 10:00,9/25/2017 14:00,495.9,450.0,45.9,22.5,DRV,,,False,1,Carrier 1446321,Shipper 1642,False,True,True,9/25/2017 10:00,9/25/2017 14:00,False,False,False,False,False,False,False,False,Norcross,GA ,Norcross,GA 
9298,206516745,4/28/2017 10:58,4/28/2017 10:59,5/3/2017 9:21,5/3/2017 10:00,5/4/2017 11:46,495.0,550.0,-55.0,107.2,DRV,,,False,0,Carrier 1538447,Shipper 1184,False,False,False,5/3/2017 10:00,5/3/2017 15:00,False,False,False,False,False,False,False,False,Pittston,PA ,Pittston,PA 
9299,206625161,3/28/2017 13:52,3/28/2017 13:53,3/29/2017 8:10,3/30/2017 6:00,3/31/2017 8:30,493.99,450.0,43.99,232.2,DRV,4.0,,False,0,Carrier 97236,Shipper 968,True,True,True,3/30/2017 15:00,3/31/2017 8:00,False,False,False,False,False,False,False,False,Everett,MA ,Everett,MA 
9300,206424889,2/17/2017 11:00,2/17/2017 11:00,2/20/2017 14:12,2/21/2017 8:00,2/22/2017 12:00,493.97,480.0,13.97,231.0,DRV,,,False,0,Carrier 978321,Shipper 841,True,True,True,2/21/2017 17:00,2/22/2017 10:00,False,False,False,False,False,False,False,False,Braselton,GA ,Braselton,GA 
9301,206620681,4/11/2017 7:31,4/11/2017 7:31,4/12/2017 8:23,4/12/2017 6:00,4/13/2017 8:30,493.73,450.0,43.73,232.2,DRV,4.0,,False,0,Carrier 97236,Shipper 968,True,True,True,4/12/2017 15:00,4/13/2017 16:00,False,False,False,False,False,False,False,False,Everett,MA ,Everett,MA 
9302,206569993,1/20/2017 16:41,1/20/2017 16:42,1/24/2017 11:46,1/24/2017 7:00,1/26/2017 9:00,493.64,450.0,43.64,235.4,DRV,,,False,2,Carrier 97236,Shipper 968,False,False,False,1/23/2017 13:00,1/25/2017 8:00,False,False,False,False,False,False,False,False,Lynn,MA ,Lynn,MA 
9303,206628169,4/18/2017 17:17,4/18/2017 17:18,4/19/2017 17:23,4/20/2017 20:00,4/21/2017 13:20,493.39,525.0,-31.61,146.0,DRV,4.0,,False,0,Carrier 1396474,Shipper 1249,False,True,False,4/20/2017 20:00,4/21/2017 11:00,False,False,False,False,False,False,False,False,Los Angeles,CA ,Los Angeles,CA 
9304,206628169,4/18/2017 17:17,4/18/2017 17:18,4/19/2017 17:23,4/20/2017 20:00,4/21/2017 13:20,493.39,525.0,-31.61,146.0,DRV,4.0,,False,0,Carrier 1396474,Shipper 1375,False,True,False,4/20/2017 20:00,4/21/2017 11:00,False,False,False,False,False,False,False,False,Los Angeles,CA ,Los Angeles,CA 
9305,206628169,4/18/2017 17:17,4/18/2017 17:18,4/19/2017 17:23,4/20/2017 20:00,4/21/2017 13:20,493.39,525.0,-31.61,146.0,DRV,4.0,,False,0,Carrier 1396474,Shipper 1386,False,True,False,4/20/2017 20:00,4/21/2017 11:00,False,False,False,False,False,False,False,False,Los Angeles,CA ,Los Angeles,CA 
9306,206628169,4/18/2017 17:17,4/18/2017 17:18,4/19/2017 17:23,4/20/2017 20:00,4/21/2017 13:20,493.39,525.0,-31.61,146.0,DRV,4.0,,False,0,Carrier 1396474,Shipper 1248,False,True,False,4/20/2017 20:00,4/21/2017 11:00,False,False,False,False,False,False,False,False,Los Angeles,CA ,Los Angeles,CA 
9307,206628169,4/18/2017 17:17,4/18/2017 17:18,4/19/2017 17:23,4/20/2017 20:00,4/21/2017 13:20,493.39,525.0,-31.61,146.0,DRV,4.0,,False,0,Carrier 1396474,Shipper 1387,False,True,False,4/20/2017 20:00,4/21/2017 11:00,False,False,False,False,False,False,False,False,Los Angeles,CA ,Los Angeles,CA 
9308,206628169,4/18/2017 17:17,4/18/2017 17:18,4/19/2017 17:23,4/20/2017 20:00,4/21/2017 13:20,493.39,525.0,-31.61,146.0,DRV,4.0,,False,0,Carrier 1396474,Shipper 1388,False,True,False,4/20/2017 20:00,4/21/2017 11:00,False,False,False,False,False,False,False,False,Los Angeles,CA ,Los Angeles,CA 
9309,206536361,5/16/2017 11:19,5/16/2017 11:34,,5/18/2017 8:00,5/18/2017 16:00,493.19,925.0,-431.81,59.7,DRV,,,False,1,,Shipper 1175,True,True,True,5/18/2017 12:00,5/18/2017 16:30,False,False,False,False,False,False,False,False,Narvon,PA ,Narvon,PA 
9310,206712793,5/8/2017 13:02,5/8/2017 13:02,5/9/2017 13:11,5/10/2017 6:00,5/11/2017 9:00,491.76,450.0,41.76,42.5,DRV,1.0,,False,1,Carrier 1695255,Shipper 968,False,False,False,5/10/2017 8:00,5/10/2017 16:30,False,False,False,False,False,False,False,False,Queens,NY ,Queens,NY 
9311,206513961,2/24/2017 13:55,2/24/2017 14:16,2/27/2017 14:23,3/1/2017 7:00,3/1/2017 16:30,491.55,450.0,41.55,232.2,DRV,,,False,0,Carrier 97236,Shipper 968,False,True,True,3/1/2017 7:00,3/1/2017 16:00,False,False,False,False,False,False,False,False,Everett,MA ,Everett,MA 
9312,206727993,2/20/2017 13:53,2/20/2017 13:53,2/21/2017 12:57,2/23/2017 6:00,2/24/2017 10:00,489.69,450.0,39.69,232.2,DRV,3.0,,False,0,Carrier 97236,Shipper 968,False,True,True,2/23/2017 8:00,2/24/2017 16:30,False,False,False,False,False,False,False,False,Everett,MA ,Everett,MA 
9313,206440057,6/15/2017 14:27,6/15/2017 14:27,6/16/2017 9:19,6/19/2017 8:00,6/19/2017 16:20,489.53,450.0,39.53,79.9,DRV,,,False,0,Carrier 1113714,Shipper 1175,True,True,True,6/19/2017 12:00,6/19/2017 16:30,False,False,False,False,False,False,False,False,Philadelphia,PA ,Philadelphia,PA 
9314,206567129,9/15/2017 14:42,9/15/2017 14:42,9/19/2017 17:54,9/21/2017 0:00,9/21/2017 12:00,489.07,686.0,-196.93,24.5,DRV,,,False,1,Carrier 1460328,Shipper 758,True,True,True,9/21/2017 0:00,9/21/2017 12:00,False,False,False,False,False,False,False,False,Ontario,CA ,Ontario,CA 
9315,206565969,5/1/2017 15:47,5/1/2017 15:48,5/8/2017 14:35,5/9/2017 9:30,5/9/2017 14:50,487.18,475.0,12.18,198.5,DRV,,,False,0,Carrier 8219,Shipper 1033,True,True,True,5/9/2017 10:30,5/9/2017 17:00,False,False,False,False,False,False,False,False,Omaha,NE ,Omaha,NE 
9316,206497049,5/31/2017 14:55,5/31/2017 14:56,5/31/2017 17:25,6/2/2017 9:00,6/2/2017 14:00,486.66,475.0,11.66,24.2,DRV,,,False,0,Carrier 97236,Shipper 1453,True,True,True,6/2/2017 12:00,6/2/2017 15:00,False,False,False,False,False,False,False,False,Bronx,NY ,Bronx,NY 
9317,206727689,2/17/2017 12:35,2/17/2017 12:36,2/20/2017 8:31,2/21/2017 8:00,2/21/2017 15:00,485.8,400.0,85.8,79.9,DRV,,,False,0,Carrier 97236,Shipper 1175,True,True,True,2/21/2017 12:00,2/21/2017 16:00,False,False,False,False,False,False,False,False,Philadelphia,PA ,Philadelphia,PA 
9318,206515673,2/10/2017 12:12,2/10/2017 12:12,2/10/2017 14:52,2/13/2017 6:00,2/14/2017 12:00,485.74,450.0,35.74,232.2,DRV,,,False,0,Carrier 97236,Shipper 968,True,True,True,2/13/2017 15:00,2/14/2017 16:00,False,False,False,False,False,False,False,False,Everett,MA ,Everett,MA 
9319,206437937,3/13/2017 12:38,3/13/2017 12:38,3/16/2017 9:49,3/16/2017 9:30,3/16/2017 20:15,485.56,450.0,35.56,51.6,DRV,,,False,0,Carrier 1084218,Shipper 1175,True,False,False,3/16/2017 14:00,3/16/2017 16:00,False,False,False,False,False,False,False,False,Hillsborough Township,NJ ,Hillsborough Township,NJ 
9320,206712785,4/27/2017 15:57,4/27/2017 15:57,5/2/2017 12:12,5/2/2017 6:00,5/3/2017 8:46,485.34,480.0,5.34,232.2,DRV,,,False,1,Carrier 1073498,Shipper 968,True,True,True,5/2/2017 15:00,5/3/2017 16:30,False,False,False,False,False,False,False,False,Everett,MA ,Everett,MA 
9321,206484577,6/13/2017 13:07,6/13/2017 13:07,6/14/2017 14:56,6/15/2017 10:00,6/16/2017 12:30,484.69,500.0,-15.31,380.0,DRV,,,False,0,Carrier 1695261,Shipper 989,True,True,True,6/16/2017 2:00,6/16/2017 18:30,False,False,False,False,False,False,False,False,Elk Grove,CA ,Elk Grove,CA 
9322,206600777,4/24/2017 10:14,4/24/2017 10:14,4/25/2017 9:30,4/26/2017 6:00,4/27/2017 13:45,482.94,450.0,32.94,232.2,DRV,3.0,,False,0,Carrier 1295756,Shipper 968,True,True,True,4/26/2017 15:00,4/27/2017 16:30,False,False,False,False,False,False,False,False,Everett,MA ,Everett,MA 
9323,206600065,12/18/2017 17:58,12/18/2017 17:58,12/21/2017 9:29,12/21/2017 13:00,12/22/2017 13:30,482.48,1200.0,-717.52,253.9,RFR,,,False,0,Carrier 47540,Shipper 1249,False,True,False,12/21/2017 13:00,12/22/2017 9:00,False,False,False,False,False,False,False,False,Jacksonville,FL ,Jacksonville,FL 
9324,206600065,12/18/2017 17:58,12/18/2017 17:58,12/21/2017 9:29,12/21/2017 13:00,12/22/2017 13:30,482.48,1200.0,-717.52,253.9,RFR,,,False,0,Carrier 47540,Shipper 1375,False,True,False,12/21/2017 13:00,12/22/2017 9:00,False,False,False,False,False,False,False,False,Jacksonville,FL ,Jacksonville,FL 
9325,206600065,12/18/2017 17:58,12/18/2017 17:58,12/21/2017 9:29,12/21/2017 13:00,12/22/2017 13:30,482.48,1200.0,-717.52,253.9,RFR,,,False,0,Carrier 47540,Shipper 1386,False,True,False,12/21/2017 13:00,12/22/2017 9:00,False,False,False,False,False,False,False,False,Jacksonville,FL ,Jacksonville,FL 
9326,206600065,12/18/2017 17:58,12/18/2017 17:58,12/21/2017 9:29,12/21/2017 13:00,12/22/2017 13:30,482.48,1200.0,-717.52,253.9,RFR,,,False,0,Carrier 47540,Shipper 1248,False,True,False,12/21/2017 13:00,12/22/2017 9:00,False,False,False,False,False,False,False,False,Jacksonville,FL ,Jacksonville,FL 
9327,206600065,12/18/2017 17:58,12/18/2017 17:58,12/21/2017 9:29,12/21/2017 13:00,12/22/2017 13:30,482.48,1200.0,-717.52,253.9,RFR,,,False,0,Carrier 47540,Shipper 1387,False,True,False,12/21/2017 13:00,12/22/2017 9:00,False,False,False,False,False,False,False,False,Jacksonville,FL ,Jacksonville,FL 
9328,206600065,12/18/2017 17:58,12/18/2017 17:58,12/21/2017 9:29,12/21/2017 13:00,12/22/2017 13:30,482.48,1200.0,-717.52,253.9,RFR,,,False,0,Carrier 47540,Shipper 1388,False,True,False,12/21/2017 13:00,12/22/2017 9:00,False,False,False,False,False,False,False,False,Jacksonville,FL ,Jacksonville,FL 
9329,206460777,2/28/2017 12:36,2/28/2017 12:37,3/1/2017 10:08,3/2/2017 9:00,3/2/2017 15:00,482.33,400.0,82.33,51.6,DRV,,,False,0,Carrier 97236,Shipper 1175,True,True,True,3/2/2017 10:00,3/2/2017 16:00,False,False,False,False,False,False,False,False,Hillsborough Township,NJ ,Hillsborough Township,NJ 
9330,206507633,8/5/2017 9:44,8/5/2017 9:45,8/7/2017 15:33,8/8/2017 9:00,8/8/2017 14:00,481.71,450.0,31.71,51.6,DRV,,,False,0,Carrier 1319178,Shipper 1175,True,True,True,8/8/2017 9:00,8/8/2017 15:00,False,False,False,False,False,False,False,False,Hillsborough Township,NJ ,Hillsborough Township,NJ 
9331,206622937,8/17/2017 13:30,8/17/2017 13:36,8/18/2017 8:09,8/21/2017 9:00,8/21/2017 14:40,481.0,450.0,31.0,51.6,DRV,,,False,0,Carrier 97236,Shipper 1175,True,True,True,8/21/2017 10:00,8/21/2017 15:00,False,False,False,False,False,False,False,False,Hillsborough Township,NJ ,Hillsborough Township,NJ 
9332,206464649,8/18/2017 11:39,8/18/2017 11:39,8/25/2017 12:12,8/28/2017 19:00,8/29/2017 12:00,480.26,453.0,27.26,24.5,RFR,,,False,1,Carrier 1460328,Shipper 758,True,True,True,8/28/2017 19:00,8/29/2017 9:00,False,False,False,False,False,False,False,False,Ontario,CA ,Ontario,CA 
9333,206702025,1/6/2017 16:53,1/6/2017 16:53,1/11/2017 15:59,1/13/2017 10:00,1/15/2017 15:30,480.0,614.0,-134.0,140.0,DRV,,,False,0,Carrier 1558859,Shipper 758,,,,1/13/2017 17:00,1/15/2017 0:30,False,False,False,False,False,False,False,False,Taft,CA ,Taft,CA 
9334,206467801,4/18/2017 11:40,4/18/2017 11:41,4/18/2017 18:19,4/19/2017 9:30,4/20/2017 10:11,479.76,475.0,4.76,275.5,DRV,,,False,0,Carrier 47504,Shipper 762,True,True,True,4/19/2017 17:00,4/20/2017 14:30,False,False,False,False,False,False,False,False,Bushnell,FL ,Bushnell,FL 
9335,206577609,3/6/2017 12:38,3/6/2017 12:38,3/9/2017 13:37,3/12/2017 15:00,3/13/2017 11:30,479.27,0.0,0.0,130.8,DRV,3.0,,False,0,Carrier 1556250,Shipper 758,True,True,True,3/12/2017 15:00,3/13/2017 8:00,False,False,False,False,False,False,False,False,Hawkins,TX ,Hawkins,TX 
9336,206531609,6/3/2017 11:33,6/3/2017 11:35,6/6/2017 10:33,6/6/2017 8:00,6/9/2017 9:40,479.15,450.0,29.15,79.9,DRV,,,False,0,Carrier 1385378,Shipper 1175,False,True,True,6/6/2017 12:00,6/7/2017 8:00,False,False,False,False,False,False,False,False,Philadelphia,PA ,Philadelphia,PA 
9337,206496745,4/24/2017 15:37,4/24/2017 15:37,4/26/2017 15:16,4/27/2017 9:00,4/28/2017 14:00,477.85,500.0,-22.15,114.1,DRV,,,False,0,Carrier 1695230,Shipper 762,True,True,True,4/27/2017 17:00,4/28/2017 16:00,False,False,False,False,False,False,False,False,Cowarts,AL ,Cowarts,AL 
9338,206485289,1/18/2017 14:56,1/18/2017 14:56,1/23/2017 11:10,1/25/2017 13:00,1/26/2017 8:30,476.85,425.0,51.85,140.0,DRV,,,False,0,Carrier 567581,Shipper 758,True,True,True,1/25/2017 13:00,1/26/2017 7:00,False,False,False,False,False,False,False,False,Hawkins,TX ,Hawkins,TX 
9339,206475601,1/11/2017 8:27,1/11/2017 8:28,1/11/2017 14:24,1/12/2017 12:00,1/13/2017 12:30,475.0,450.0,25.0,269.8,DRV,4.0,,False,0,Carrier 1046673,Shipper 802,True,True,True,1/12/2017 12:00,1/13/2017 11:30,False,False,False,False,False,False,False,False,Fresno,CA ,Fresno,CA 
9340,206476129,7/19/2017 11:12,7/19/2017 11:15,7/21/2017 11:02,7/24/2017 9:00,7/24/2017 14:00,473.99,425.0,48.99,51.6,DRV,,,False,0,Carrier 1695404,Shipper 1175,True,True,True,7/24/2017 10:00,7/24/2017 15:00,False,False,False,False,False,False,False,False,Hillsborough Township,NJ ,Hillsborough Township,NJ 
9341,206536617,6/7/2017 13:11,6/7/2017 13:12,6/9/2017 11:21,6/12/2017 9:00,6/13/2017 16:00,473.81,500.0,-26.19,207.9,DRV,,,False,0,Carrier 1090398,Shipper 1033,True,True,True,6/12/2017 17:00,6/13/2017 13:30,False,False,False,False,False,False,False,False,Kansas City,MO ,Kansas City,MO 
9342,206665241,7/24/2017 17:08,7/24/2017 17:08,7/25/2017 12:52,7/26/2017 10:00,7/27/2017 13:05,473.65,525.0,-51.35,417.1,DRV,,,False,0,Carrier 22875,Shipper 973,True,True,True,7/26/2017 19:00,7/27/2017 17:30,False,False,False,False,False,False,False,False,Casa Grande,AZ ,Casa Grande,AZ 
9343,206712777,4/25/2017 11:55,4/25/2017 11:56,4/25/2017 13:31,4/26/2017 9:00,4/26/2017 15:20,470.74,470.0,0.74,24.1,DRV,4.0,,False,0,Carrier 299670,Shipper 1453,True,True,True,4/26/2017 13:00,4/26/2017 16:30,False,False,False,False,False,False,False,False,Bronx,NY ,Bronx,NY 
9344,206658305,4/26/2017 11:57,4/26/2017 11:58,4/26/2017 12:48,4/27/2017 8:00,4/27/2017 17:20,469.72,450.0,19.72,24.1,DRV,,,False,0,Carrier 299670,Shipper 1453,False,True,True,4/27/2017 11:00,4/27/2017 16:00,False,False,False,False,False,False,False,False,Bronx,NY ,Bronx,NY 
9345,206466937,5/15/2017 10:25,5/15/2017 10:25,5/16/2017 10:55,5/16/2017 11:00,5/17/2017 14:15,467.49,450.0,17.49,350.7,DRV,,,False,1,Carrier 1695261,Shipper 860,True,True,True,5/16/2017 19:00,5/17/2017 23:00,False,False,False,False,False,False,False,False,Livermore,CA ,Livermore,CA 
9346,206527353,1/20/2017 16:18,1/20/2017 16:18,1/23/2017 12:18,1/23/2017 21:30,1/24/2017 11:30,467.42,375.0,92.42,140.0,DRV,,,False,0,Carrier 1693544,Shipper 758,True,True,True,1/23/2017 21:30,1/24/2017 7:30,False,False,False,False,False,False,False,False,Sunnyvale,TX ,Sunnyvale,TX 
9347,206554865,1/6/2017 12:12,1/6/2017 12:12,1/9/2017 11:12,1/9/2017 12:00,1/9/2017 20:30,466.12,300.0,166.12,140.0,DRV,3.0,,False,1,Carrier 754417,Shipper 758,True,True,True,1/9/2017 12:00,1/9/2017 17:30,False,False,False,False,False,False,False,False,Kent,WA ,Kent,WA 
9348,206651481,2/9/2017 17:16,2/9/2017 17:17,2/14/2017 9:55,2/13/2017 9:00,2/14/2017 15:00,466.1,475.0,-8.9,51.6,DRV,4.0,,False,2,Carrier 1160771,Shipper 1175,False,False,False,2/13/2017 15:00,2/14/2017 8:00,False,False,False,False,False,False,False,False,Hillsborough Township,NJ ,Hillsborough Township,NJ 
9349,206647441,4/13/2017 17:27,4/13/2017 17:28,4/17/2017 8:55,4/17/2017 9:00,4/17/2017 16:00,465.59,450.0,15.59,51.6,DRV,3.0,,False,0,Carrier 1215337,Shipper 1175,False,True,True,4/17/2017 9:00,4/17/2017 16:00,False,False,False,False,False,False,False,False,Hillsborough Township,NJ ,Hillsborough Township,NJ 
9350,206573713,3/20/2017 14:38,3/20/2017 14:38,3/20/2017 17:42,3/21/2017 7:00,3/21/2017 11:44,465.0,525.0,-60.0,28.4,DRV,3.0,,False,0,Carrier 66133,Shipper 1367,True,True,True,3/21/2017 7:00,3/21/2017 11:00,False,False,False,False,False,False,False,False,Freeport,NY ,Freeport,NY 
9351,206552321,5/22/2017 17:29,5/22/2017 17:30,5/23/2017 14:28,5/24/2017 9:00,5/24/2017 16:00,464.9,450.0,14.9,24.1,DRV,2.0,,False,0,Carrier 299670,Shipper 1453,True,True,True,5/24/2017 12:00,5/24/2017 16:30,False,False,False,False,False,False,False,False,Bronx,NY ,Bronx,NY 
9352,206478217,6/13/2017 16:04,6/13/2017 16:06,6/14/2017 9:24,6/15/2017 10:00,6/15/2017 16:15,464.18,400.0,64.18,22.4,DRV,,,False,0,Carrier 97236,Shipper 1453,False,True,True,6/15/2017 10:00,6/15/2017 16:00,False,False,False,False,False,False,False,False,Brooklyn,NY ,Brooklyn,NY 
9353,206553073,10/18/2017 15:53,10/18/2017 15:53,10/23/2017 14:03,10/24/2017 10:00,10/24/2017 14:00,463.75,500.0,-36.25,30.1,DRV,,,False,0,Carrier 299670,Shipper 968,True,True,True,10/24/2017 12:00,10/24/2017 16:30,False,False,False,False,False,True,False,False,Brooklyn,NY ,Brooklyn,NY 
9354,206625177,3/28/2017 10:14,3/28/2017 10:14,3/29/2017 14:13,3/30/2017 9:00,3/30/2017 14:30,463.17,425.0,38.17,51.6,DRV,4.0,,False,0,Carrier 97236,Shipper 1175,True,True,True,3/30/2017 15:30,3/30/2017 16:30,False,False,False,False,False,False,False,False,Hillsborough Township,NJ ,Hillsborough Township,NJ 
9355,206649057,12/29/2017 15:19,12/29/2017 15:19,1/5/2018 8:21,1/7/2018 16:00,1/8/2018 2:40,463.11,600.0,-136.89,130.8,DRV,,carrier_capacity,False,0,Carrier 546141,Shipper 758,True,True,True,1/7/2018 16:00,1/8/2018 1:00,False,False,False,False,False,False,False,False,Hawkins,TX ,Hawkins,TX 
9356,206527769,12/29/2017 15:16,12/29/2017 15:16,1/3/2018 21:43,1/7/2018 16:00,1/8/2018 9:15,463.11,500.0,-36.89,130.8,DRV,,,False,0,Carrier 1695544,Shipper 758,True,False,False,1/7/2018 16:00,1/8/2018 1:00,False,False,False,False,False,False,False,False,Hawkins,TX ,Hawkins,TX 
9357,206526481,12/29/2017 9:29,12/29/2017 9:29,1/2/2018 8:39,1/4/2018 16:00,1/5/2018 2:25,463.11,450.0,13.11,130.8,DRV,,carrier_capacity,False,0,Carrier 804788,Shipper 758,True,True,True,1/4/2018 16:00,1/5/2018 0:00,False,False,False,False,False,False,False,False,Hawkins,TX ,Hawkins,TX 
9358,206487977,10/19/2017 11:58,10/19/2017 11:58,10/20/2017 12:15,10/25/2017 8:00,10/25/2017 20:05,462.45,450.0,12.45,50.6,DRV,,,False,0,Carrier 958291,Shipper 968,True,False,False,10/25/2017 12:00,10/25/2017 16:30,False,False,False,False,False,True,False,False,Stamford,CT ,Stamford,CT 
9359,206464705,10/27/2017 12:16,10/27/2017 12:17,11/2/2017 14:19,11/3/2017 9:00,11/3/2017 16:20,462.4,500.0,-37.6,51.6,DRV,,,False,2,Carrier 1385378,Shipper 1175,True,True,True,11/3/2017 10:30,11/3/2017 15:00,False,False,False,False,False,True,False,False,Hillsborough Township,NJ ,Hillsborough Township,NJ 
9360,206701609,11/13/2017 13:17,11/13/2017 13:17,11/15/2017 11:07,11/20/2017 17:00,11/20/2017 21:30,462.07,450.0,12.07,130.8,DRV,,,False,0,Carrier 567581,Shipper 758,True,True,True,11/20/2017 17:00,11/21/2017 1:30,False,False,False,False,False,False,False,False,Hawkins,TX ,Hawkins,TX 
9361,206747913,11/29/2017 15:31,11/29/2017 15:31,12/12/2017 9:28,12/10/2017 17:00,12/11/2017 1:30,462.07,500.0,-37.93,130.8,DRV,,carrier_capacity,False,1,Carrier 567581,Shipper 758,True,True,True,12/10/2017 17:00,12/11/2017 1:30,False,False,False,False,False,False,False,False,Hawkins,TX ,Hawkins,TX 
9362,206690329,11/7/2017 8:48,11/7/2017 8:48,11/8/2017 11:41,11/13/2017 17:00,11/13/2017 23:30,462.07,450.0,12.07,130.8,DRV,,,False,0,Carrier 1556250,Shipper 758,True,True,True,11/13/2017 17:00,11/14/2017 1:30,False,False,False,False,False,False,False,False,Hawkins,TX ,Hawkins,TX 
9363,206641193,12/1/2017 9:21,12/1/2017 9:21,12/6/2017 16:29,12/10/2017 17:00,12/11/2017 0:45,462.07,450.0,12.07,130.8,DRV,,carrier_capacity,False,0,Carrier 567581,Shipper 758,True,True,True,12/10/2017 17:00,12/11/2017 1:30,False,False,False,False,False,False,False,False,Hawkins,TX ,Hawkins,TX 
9364,206645257,11/20/2017 10:53,11/20/2017 10:53,11/30/2017 12:28,12/4/2017 17:00,12/4/2017 20:00,462.07,450.0,12.07,130.8,DRV,,,False,0,Carrier 567581,Shipper 758,True,True,True,12/4/2017 17:00,12/5/2017 1:30,False,False,False,False,False,False,False,False,Hawkins,TX ,Hawkins,TX 
9365,206589833,12/13/2017 11:20,12/13/2017 11:20,12/13/2017 16:02,12/19/2017 17:00,12/20/2017 2:00,462.07,450.0,12.07,130.8,DRV,,,False,0,Carrier 567581,Shipper 758,True,True,True,12/19/2017 17:00,12/20/2017 1:30,False,False,False,False,False,False,False,False,Hawkins,TX ,Hawkins,TX 
9366,206588809,12/4/2017 16:32,12/4/2017 16:33,12/6/2017 17:03,12/13/2017 17:00,12/13/2017 21:00,462.07,450.0,12.07,130.8,DRV,,carrier_capacity,False,0,Carrier 567581,Shipper 758,True,True,True,12/13/2017 17:00,12/14/2017 1:30,False,False,False,False,False,False,False,False,Hawkins,TX ,Hawkins,TX 
9367,206546761,11/13/2017 11:30,11/13/2017 11:30,11/15/2017 11:07,11/21/2017 17:00,11/22/2017 21:00,462.07,450.0,12.07,130.8,DRV,,,False,0,Carrier 567581,Shipper 758,True,False,False,11/21/2017 17:00,11/22/2017 1:30,False,False,False,False,False,False,False,False,Hawkins,TX ,Hawkins,TX 
9368,206589737,11/8/2017 16:11,11/8/2017 16:11,11/13/2017 11:15,11/15/2017 17:00,11/15/2017 22:30,462.07,425.0,37.07,130.8,DRV,,,False,0,Carrier 567581,Shipper 758,True,True,True,11/15/2017 17:00,11/16/2017 1:30,False,False,False,False,False,False,False,False,Hawkins,TX ,Hawkins,TX 
9369,206698993,12/1/2017 9:26,12/1/2017 9:26,12/6/2017 16:29,12/10/2017 17:00,12/11/2017 0:45,462.07,450.0,12.07,130.8,DRV,,carrier_capacity,False,0,Carrier 567581,Shipper 758,True,True,True,12/10/2017 17:00,12/11/2017 1:30,False,False,False,False,False,False,False,False,Hawkins,TX ,Hawkins,TX 
9370,206589465,12/21/2017 13:08,12/21/2017 13:08,1/2/2018 14:35,1/3/2018 17:00,1/4/2018 1:00,462.07,450.0,12.07,130.8,DRV,,carrier_capacity,False,0,Carrier 567581,Shipper 758,True,True,True,1/3/2018 17:00,1/4/2018 1:00,False,False,False,False,False,False,False,False,Hawkins,TX ,Hawkins,TX 
9371,206641529,11/8/2017 16:20,11/8/2017 16:20,11/13/2017 11:15,11/16/2017 17:00,11/16/2017 21:15,462.07,425.0,37.07,130.8,DRV,,,False,0,Carrier 567581,Shipper 758,True,True,True,11/16/2017 17:00,11/17/2017 1:30,False,False,False,False,False,False,False,False,Hawkins,TX ,Hawkins,TX 
9372,206518857,11/28/2017 17:09,11/28/2017 17:09,11/30/2017 12:28,12/5/2017 17:00,12/5/2017 22:00,462.07,450.0,12.07,130.8,DRV,,,False,0,Carrier 567581,Shipper 758,True,True,True,12/5/2017 17:00,12/6/2017 1:30,False,False,False,False,False,False,False,False,Hawkins,TX ,Hawkins,TX 
9373,206512905,12/1/2017 9:31,12/1/2017 9:31,12/6/2017 17:02,12/11/2017 17:00,12/12/2017 0:30,462.07,450.0,12.07,130.8,DRV,,carrier_capacity,False,0,Carrier 567581,Shipper 758,True,True,True,12/11/2017 17:00,12/12/2017 1:30,False,False,False,False,False,False,False,False,Hawkins,TX ,Hawkins,TX 
9374,206506377,11/10/2017 11:10,11/10/2017 11:10,11/15/2017 11:07,11/19/2017 17:00,11/20/2017 23:00,462.07,450.0,12.07,130.8,DRV,,,False,0,Carrier 567581,Shipper 758,True,False,False,11/19/2017 17:00,11/20/2017 1:30,False,False,False,False,False,False,False,False,Hawkins,TX ,Hawkins,TX 
9375,206496265,11/17/2017 11:15,11/17/2017 11:15,11/22/2017 8:59,11/29/2017 17:00,11/29/2017 21:30,462.07,450.0,12.07,130.8,DRV,,,False,1,Carrier 567581,Shipper 758,True,True,True,11/29/2017 17:00,11/30/2017 1:30,False,False,False,False,False,False,False,False,Hawkins,TX ,Hawkins,TX 
9376,206685889,11/29/2017 15:19,11/29/2017 15:19,12/5/2017 14:39,12/6/2017 17:00,12/6/2017 22:30,462.07,450.0,12.07,130.8,DRV,,carrier_capacity,False,0,Carrier 1556250,Shipper 758,True,True,True,12/6/2017 17:00,12/7/2017 1:30,False,False,False,False,False,False,False,False,Hawkins,TX ,Hawkins,TX 
9377,206505225,12/7/2017 9:23,12/7/2017 9:23,12/13/2017 9:24,12/14/2017 17:00,12/14/2017 23:15,462.07,450.0,12.07,130.8,DRV,,carrier_capacity,False,0,Carrier 1556250,Shipper 758,True,True,True,12/14/2017 17:00,12/15/2017 1:30,False,False,False,False,False,False,False,False,Hawkins,TX ,Hawkins,TX 
9378,206592113,11/16/2017 9:47,11/16/2017 9:47,11/22/2017 8:58,11/27/2017 17:00,11/27/2017 21:00,462.07,450.0,12.07,130.8,DRV,,,False,1,Carrier 567581,Shipper 758,True,True,True,11/27/2017 17:00,11/28/2017 1:30,False,False,False,False,False,False,False,False,Hawkins,TX ,Hawkins,TX 
9379,206592121,11/20/2017 11:35,11/20/2017 11:35,11/30/2017 12:28,12/3/2017 17:00,12/4/2017 2:00,462.07,450.0,12.07,130.8,DRV,,,False,0,Carrier 567581,Shipper 758,True,True,True,12/3/2017 17:00,12/4/2017 1:30,False,False,False,False,False,False,False,False,Hawkins,TX ,Hawkins,TX 
9380,206546777,11/14/2017 15:14,11/14/2017 15:14,11/28/2017 10:15,11/30/2017 17:00,11/30/2017 21:00,462.07,450.0,12.07,130.8,DRV,,,False,1,Carrier 567581,Shipper 758,True,True,True,11/30/2017 17:00,12/1/2017 1:30,False,False,False,False,False,False,False,False,Hawkins,TX ,Hawkins,TX 
9381,206589817,11/29/2017 15:11,11/29/2017 15:11,11/30/2017 12:28,12/6/2017 17:00,12/6/2017 22:00,462.07,450.0,12.07,130.8,DRV,,,False,0,Carrier 567581,Shipper 758,True,True,True,12/6/2017 17:00,12/7/2017 1:30,False,False,False,False,False,False,False,False,Hawkins,TX ,Hawkins,TX 
9382,206548153,12/1/2017 9:30,12/1/2017 9:30,12/13/2017 16:02,12/18/2017 18:00,12/18/2017 23:15,462.07,450.0,12.07,130.8,DRV,,carrier_capacity,False,2,Carrier 567581,Shipper 758,True,True,True,12/18/2017 18:00,12/19/2017 1:30,False,False,False,False,False,False,False,False,Hawkins,TX ,Hawkins,TX 
9383,206578937,11/13/2017 10:02,11/13/2017 10:02,11/15/2017 9:58,11/19/2017 17:00,11/19/2017 21:00,462.07,500.0,-37.93,130.8,DRV,,,False,0,Carrier 1556250,Shipper 758,True,True,True,11/19/2017 17:00,11/20/2017 1:30,False,False,False,False,False,False,False,False,Hawkins,TX ,Hawkins,TX 
9384,206532081,11/7/2017 17:32,11/7/2017 17:32,11/13/2017 11:15,11/14/2017 17:00,11/15/2017 1:30,462.07,425.0,37.07,130.8,DRV,,,False,0,Carrier 567581,Shipper 758,True,True,True,11/14/2017 17:00,11/15/2017 1:30,False,False,False,False,False,False,False,False,Hawkins,TX ,Hawkins,TX 
9385,206522161,11/17/2017 11:06,11/17/2017 11:06,11/22/2017 8:58,11/28/2017 17:00,11/28/2017 22:00,462.07,450.0,12.07,130.8,DRV,,,False,1,Carrier 567581,Shipper 758,True,True,True,11/28/2017 17:00,11/29/2017 1:30,False,False,False,False,False,False,False,False,Hawkins,TX ,Hawkins,TX 
9386,206496241,11/7/2017 12:59,11/7/2017 12:59,11/9/2017 12:05,11/13/2017 17:00,11/14/2017 22:30,462.07,425.0,37.07,130.8,DRV,,,False,0,Carrier 567581,Shipper 758,True,False,False,11/13/2017 17:00,11/14/2017 1:30,False,False,False,False,False,False,False,False,Hawkins,TX ,Hawkins,TX 
9387,206461913,11/20/2017 11:44,11/20/2017 11:44,12/5/2017 8:46,12/7/2017 17:00,12/8/2017 0:00,462.07,450.0,12.07,130.8,DRV,,carrier_capacity,False,1,Carrier 1556250,Shipper 758,True,True,True,12/7/2017 17:00,12/8/2017 1:30,False,False,False,False,False,False,False,False,Hawkins,TX ,Hawkins,TX 
9388,206435785,12/7/2017 13:40,12/7/2017 13:40,12/13/2017 16:02,12/17/2017 17:00,12/18/2017 0:00,462.07,450.0,12.07,130.8,DRV,,,False,0,Carrier 567581,Shipper 758,True,True,True,12/17/2017 17:00,12/18/2017 1:30,False,False,False,False,False,False,False,False,Hawkins,TX ,Hawkins,TX 
9389,206430537,12/7/2017 13:46,12/7/2017 13:46,12/13/2017 16:02,12/18/2017 18:00,12/18/2017 23:15,462.07,450.0,12.07,130.8,DRV,,,False,0,Carrier 567581,Shipper 758,True,True,True,12/18/2017 18:00,12/19/2017 1:30,False,False,False,False,False,False,False,False,Hawkins,TX ,Hawkins,TX 
9390,206434265,12/7/2017 13:42,12/7/2017 13:42,12/13/2017 16:06,12/17/2017 17:00,12/18/2017 0:00,462.07,450.0,12.07,130.8,DRV,,carrier_capacity,False,0,Carrier 567581,Shipper 758,True,True,True,12/17/2017 17:00,12/18/2017 1:30,False,False,False,False,False,False,False,False,Hawkins,TX ,Hawkins,TX 
9391,206484089,12/21/2017 11:56,12/21/2017 11:56,12/28/2017 9:13,1/2/2018 17:00,1/3/2018 1:00,462.07,450.0,12.07,130.8,DRV,,carrier_capacity,False,0,Carrier 567581,Shipper 758,True,True,True,1/2/2018 17:00,1/3/2018 1:30,False,False,False,False,False,False,False,False,Hawkins,TX ,Hawkins,TX 
9392,206429361,11/7/2017 8:43,11/7/2017 8:43,11/7/2017 15:23,11/13/2017 17:00,11/13/2017 23:35,462.07,425.0,37.07,130.8,DRV,,,False,0,Carrier 567581,Shipper 758,True,True,True,11/13/2017 17:00,11/14/2017 1:30,False,False,False,False,False,False,False,False,Hawkins,TX ,Hawkins,TX 
9393,206430521,12/4/2017 16:36,12/4/2017 16:36,12/6/2017 16:30,12/12/2017 17:00,12/12/2017 23:00,462.07,450.0,12.07,130.8,DRV,,carrier_capacity,False,0,Carrier 567581,Shipper 758,True,True,True,12/12/2017 17:00,12/13/2017 1:30,False,False,False,False,False,False,False,False,Hawkins,TX ,Hawkins,TX 
9394,206427257,12/1/2017 9:39,12/1/2017 9:39,12/6/2017 16:30,12/11/2017 17:00,12/12/2017 0:30,462.07,450.0,12.07,130.8,DRV,,carrier_capacity,False,0,Carrier 567581,Shipper 758,True,True,True,12/11/2017 17:00,12/12/2017 1:30,False,False,False,False,False,False,False,False,Hawkins,TX ,Hawkins,TX 
9395,206659529,11/13/2017 11:34,11/13/2017 11:34,11/14/2017 7:59,11/20/2017 17:00,11/21/2017 3:35,462.07,400.0,62.07,130.8,DRV,,,False,0,Carrier 611154,Shipper 758,True,True,True,11/20/2017 17:00,11/21/2017 1:30,False,False,False,False,False,False,False,False,Hawkins,TX ,Hawkins,TX 
9396,206754265,11/7/2017 16:10,11/7/2017 16:10,11/14/2017 8:02,11/14/2017 17:00,11/15/2017 1:30,462.07,450.0,12.07,130.8,DRV,,,False,1,Carrier 1695544,Shipper 758,True,True,True,11/14/2017 17:00,11/15/2017 1:30,False,False,False,False,False,False,False,False,Hawkins,TX ,Hawkins,TX 
9397,206707289,11/10/2017 11:35,11/10/2017 11:35,11/14/2017 14:41,11/15/2017 17:00,11/16/2017 2:15,462.07,600.0,-137.93,130.8,DRV,,,False,0,Carrier 546141,Shipper 758,True,True,True,11/15/2017 17:00,11/16/2017 1:30,False,False,False,False,False,False,False,False,Hawkins,TX ,Hawkins,TX 
9398,206603841,12/7/2017 13:43,12/7/2017 13:43,12/18/2017 10:21,12/19/2017 18:00,12/20/2017 4:26,462.07,425.0,37.07,130.8,DRV,,carrier_capacity,False,1,Carrier 611154,Shipper 758,True,False,False,12/19/2017 18:00,12/20/2017 1:30,False,False,False,False,False,False,False,False,Hawkins,TX ,Hawkins,TX 
9399,206552833,12/1/2017 9:37,12/1/2017 9:37,12/1/2017 11:49,12/11/2017 17:00,12/12/2017 2:57,462.07,400.0,62.07,130.8,DRV,,,False,0,Carrier 611154,Shipper 758,True,True,True,12/11/2017 17:00,12/12/2017 1:30,False,False,False,False,False,False,False,False,Hawkins,TX ,Hawkins,TX 
9400,206551337,11/28/2017 17:05,11/28/2017 17:05,11/29/2017 3:14,12/6/2017 17:00,12/6/2017 22:30,462.07,400.0,62.07,130.8,DRV,,,False,0,Carrier 611154,Shipper 758,True,True,True,12/6/2017 17:00,12/7/2017 1:30,False,False,False,False,False,False,False,False,Hawkins,TX ,Hawkins,TX 
9401,206485809,11/13/2017 10:06,11/13/2017 10:06,11/17/2017 13:16,11/21/2017 17:00,11/22/2017 5:00,462.07,400.0,62.07,130.8,DRV,,,False,0,Carrier 1572518,Shipper 758,True,True,True,11/21/2017 17:00,11/22/2017 1:30,False,False,False,False,False,False,False,False,Hawkins,TX ,Hawkins,TX 
9402,206480537,11/7/2017 17:28,11/7/2017 17:28,11/9/2017 11:00,11/14/2017 17:00,11/15/2017 1:50,462.07,400.0,62.07,130.8,DRV,,,False,0,Carrier 1572518,Shipper 758,True,True,True,11/14/2017 17:00,11/15/2017 1:30,False,False,False,False,False,False,False,False,Hawkins,TX ,Hawkins,TX 
9403,206656993,12/22/2017 13:42,12/22/2017 13:42,12/26/2017 11:04,1/3/2018 17:00,1/4/2018 4:12,462.07,425.0,37.07,130.8,DRV,,,False,0,Carrier 611154,Shipper 758,True,True,True,1/3/2018 17:00,1/4/2018 1:30,False,False,False,False,False,False,False,False,Hawkins,TX ,Hawkins,TX 
9404,206601977,11/7/2017 17:23,11/7/2017 17:23,11/8/2017 7:19,11/15/2017 17:00,11/16/2017 4:15,462.07,400.0,62.07,130.8,DRV,,,False,0,Carrier 611154,Shipper 758,True,True,True,11/15/2017 17:00,11/16/2017 1:30,False,False,False,False,False,False,False,False,Hawkins,TX ,Hawkins,TX 
9405,206659537,11/20/2017 10:35,11/20/2017 10:35,11/21/2017 6:23,12/4/2017 17:00,12/5/2017 3:10,462.07,400.0,62.07,130.8,DRV,,,False,0,Carrier 611154,Shipper 758,True,True,True,12/4/2017 17:00,12/5/2017 1:30,False,False,False,False,False,False,False,False,Hawkins,TX ,Hawkins,TX 
9406,206653201,12/15/2017 13:51,12/15/2017 13:51,12/18/2017 10:22,12/21/2017 17:00,12/22/2017 0:13,462.07,425.0,37.07,130.8,DRV,,,False,0,Carrier 611154,Shipper 758,True,True,True,12/21/2017 17:00,12/22/2017 1:30,False,False,False,False,False,False,False,False,Hawkins,TX ,Hawkins,TX 
9407,206510905,11/17/2017 11:10,11/17/2017 11:10,11/21/2017 8:17,11/28/2017 17:00,11/28/2017 21:30,462.07,450.0,12.07,130.8,DRV,,,False,1,Carrier 1556250,Shipper 758,True,True,True,11/28/2017 17:00,11/29/2017 1:30,False,False,False,False,False,False,False,False,Hawkins,TX ,Hawkins,TX 
9408,206476761,11/28/2017 17:04,11/28/2017 17:04,12/13/2017 14:20,12/5/2017 17:00,12/6/2017 22:00,462.07,450.0,12.07,130.8,DRV,,dat_in,False,1,Carrier 166414,Shipper 758,True,True,True,12/5/2017 17:00,12/6/2017 22:00,False,False,False,False,False,False,False,False,Hawkins,TX ,Hawkins,TX 
9409,206501433,12/7/2017 9:08,12/7/2017 9:09,12/13/2017 10:26,12/14/2017 17:00,12/15/2017 1:30,462.07,450.0,12.07,130.8,DRV,,,False,0,Carrier 1572518,Shipper 758,False,True,True,12/14/2017 17:00,12/15/2017 1:30,False,False,False,False,False,False,False,False,Hawkins,TX ,Hawkins,TX 
9410,206487185,11/13/2017 10:13,11/13/2017 10:13,11/17/2017 13:13,11/19/2017 17:00,11/21/2017 0:30,462.07,400.0,62.07,130.8,DRV,,,False,1,Carrier 1572518,Shipper 758,True,True,True,11/19/2017 17:00,11/20/2017 21:00,False,False,False,False,False,False,False,False,Hawkins,TX ,Hawkins,TX 
9411,206552817,11/7/2017 17:20,11/7/2017 17:20,11/8/2017 7:20,11/14/2017 17:00,11/15/2017 2:30,462.07,400.0,62.07,130.8,DRV,,,False,0,Carrier 611154,Shipper 758,True,True,True,11/14/2017 17:00,11/15/2017 1:30,False,False,False,False,False,False,False,False,Hawkins,TX ,Hawkins,TX 
9412,206551345,12/7/2017 9:15,12/7/2017 9:15,12/7/2017 10:51,12/14/2017 17:00,12/15/2017 4:13,462.07,400.0,62.07,130.8,DRV,,,False,0,Carrier 611154,Shipper 758,True,True,True,12/14/2017 17:00,12/15/2017 1:30,False,False,False,False,False,False,False,False,Hawkins,TX ,Hawkins,TX 
9413,206478529,11/28/2017 17:08,11/28/2017 17:08,11/29/2017 3:14,12/5/2017 17:00,12/6/2017 4:20,462.07,400.0,62.07,130.8,DRV,,,False,0,Carrier 611154,Shipper 758,True,True,True,12/5/2017 17:00,12/6/2017 1:30,False,False,False,False,False,False,False,False,Hawkins,TX ,Hawkins,TX 
9414,206555553,12/7/2017 13:48,12/7/2017 13:48,12/8/2017 10:11,12/18/2017 18:00,12/19/2017 4:16,462.07,425.0,37.07,130.8,DRV,,,False,0,Carrier 611154,Shipper 758,True,True,True,12/18/2017 18:00,12/19/2017 1:30,False,False,False,False,False,False,False,False,Hawkins,TX ,Hawkins,TX 
9415,206553121,11/27/2017 18:04,11/27/2017 18:04,12/4/2017 9:30,12/4/2017 17:00,12/5/2017 3:45,462.07,450.0,12.07,130.8,DRV,,,False,1,Carrier 961497,Shipper 758,True,True,True,12/4/2017 17:00,12/5/2017 1:30,False,False,False,False,False,False,False,False,Hawkins,TX ,Hawkins,TX 
9416,206491113,11/6/2017 15:45,11/6/2017 15:45,11/6/2017 17:34,11/13/2017 17:00,11/14/2017 3:35,462.07,400.0,62.07,130.8,DRV,,,False,0,Carrier 611154,Shipper 758,True,True,True,11/13/2017 17:00,11/14/2017 1:30,False,False,False,False,False,False,False,False,Hawkins,TX ,Hawkins,TX 
9417,206602897,11/14/2017 15:16,11/14/2017 15:16,11/15/2017 10:39,11/27/2017 17:00,11/28/2017 2:40,462.07,400.0,62.07,130.8,DRV,,,False,0,Carrier 611154,Shipper 758,True,True,True,11/27/2017 17:00,11/28/2017 1:30,False,False,False,False,False,False,False,False,Hawkins,TX ,Hawkins,TX 
9418,206500505,11/8/2017 16:29,11/8/2017 16:29,11/14/2017 11:45,11/15/2017 17:00,11/16/2017 23:30,462.07,400.0,62.07,130.8,DRV,,,False,0,Carrier 1693589,Shipper 758,True,False,False,11/15/2017 17:00,11/16/2017 1:30,False,False,False,False,False,False,False,False,Hawkins,TX ,Hawkins,TX 
9419,206485513,12/7/2017 13:38,12/7/2017 13:38,12/26/2017 11:04,1/2/2018 16:00,1/3/2018 3:43,462.07,425.0,37.07,130.8,DRV,,carrier_capacity,False,3,Carrier 611154,Shipper 758,False,False,False,1/2/2018 16:00,1/3/2018 0:00,False,False,False,False,False,False,False,False,Hawkins,TX ,Hawkins,TX 
9420,206474057,11/17/2017 11:21,11/17/2017 11:21,11/20/2017 15:53,11/29/2017 17:00,11/30/2017 3:10,462.07,400.0,62.07,130.8,DRV,,,False,0,Carrier 611154,Shipper 758,True,True,True,11/29/2017 17:00,11/30/2017 1:30,False,False,False,False,False,False,False,False,Hawkins,TX ,Hawkins,TX 
9421,206424585,11/13/2017 11:36,11/13/2017 11:36,11/27/2017 12:31,11/27/2017 17:00,11/28/2017 4:15,462.07,550.0,-87.93,130.8,DRV,,,False,1,Carrier 1695705,Shipper 758,True,True,True,11/27/2017 17:00,11/28/2017 1:30,False,False,False,False,False,False,False,False,Hawkins,TX ,Hawkins,TX 
9422,206595329,12/7/2017 9:10,12/7/2017 9:10,12/14/2017 8:31,12/14/2017 17:00,12/15/2017 0:20,462.07,600.0,-137.93,130.8,DRV,,carrier_capacity,False,1,Carrier 546141,Shipper 758,False,True,True,12/14/2017 17:00,12/15/2017 1:30,False,False,False,False,False,False,False,False,Hawkins,TX ,Hawkins,TX 
9423,206535561,12/4/2017 16:12,12/4/2017 16:12,12/12/2017 11:49,12/13/2017 17:00,12/14/2017 4:25,462.07,600.0,-137.93,130.8,DRV,,carrier_capacity,False,0,Carrier 546141,Shipper 758,True,True,True,12/13/2017 17:00,12/14/2017 1:30,False,False,False,False,False,False,False,False,Hawkins,TX ,Hawkins,TX 
9424,206422617,11/17/2017 12:00,11/17/2017 12:00,11/19/2017 12:14,11/28/2017 17:00,11/29/2017 3:05,462.07,400.0,62.07,130.8,DRV,,,False,0,Carrier 611154,Shipper 758,True,True,True,11/28/2017 17:00,11/29/2017 1:30,False,False,False,False,False,False,False,False,Hawkins,TX ,Hawkins,TX 
9425,206479249,11/8/2017 16:33,11/8/2017 16:33,11/9/2017 4:54,11/16/2017 17:00,11/17/2017 5:10,462.07,400.0,62.07,130.8,DRV,,,False,0,Carrier 611154,Shipper 758,True,True,True,11/16/2017 17:00,11/17/2017 1:30,False,False,False,False,False,False,False,False,Hawkins,TX ,Hawkins,TX 
9426,206425969,11/17/2017 11:55,11/17/2017 11:55,11/19/2017 12:15,11/30/2017 17:00,12/1/2017 1:10,462.07,400.0,62.07,130.8,DRV,,,False,0,Carrier 611154,Shipper 758,True,True,True,11/30/2017 17:00,12/1/2017 1:30,False,False,False,False,False,False,False,False,Hawkins,TX ,Hawkins,TX 
9427,206492001,11/7/2017 12:56,11/7/2017 12:56,11/9/2017 11:45,11/13/2017 17:00,11/14/2017 21:30,462.07,400.0,62.07,130.8,DRV,,,False,1,Carrier 1693589,Shipper 758,True,False,False,11/13/2017 17:00,11/14/2017 1:30,False,False,False,False,False,False,False,False,Hawkins,TX ,Hawkins,TX 
9428,206491617,12/21/2017 12:39,12/21/2017 12:39,1/2/2018 13:56,1/2/2018 17:00,1/3/2018 8:30,462.07,450.0,12.07,130.8,DRV,,,False,0,Carrier 961497,Shipper 758,False,True,True,1/2/2018 17:00,1/7/2018 21:00,False,False,False,False,False,False,False,False,Hawkins,TX ,Hawkins,TX 
9429,206479265,12/4/2017 16:34,12/4/2017 16:34,12/4/2017 17:52,12/12/2017 17:00,12/13/2017 1:30,462.07,400.0,62.07,130.8,DRV,,,False,0,Carrier 611154,Shipper 758,True,False,False,12/12/2017 17:00,12/13/2017 1:30,False,False,False,False,False,False,False,False,Hawkins,TX ,Hawkins,TX 
9430,206424633,11/13/2017 11:46,11/13/2017 11:46,11/14/2017 8:00,11/21/2017 17:00,11/22/2017 3:10,462.07,400.0,62.07,130.8,DRV,,,False,0,Carrier 611154,Shipper 758,True,True,True,11/21/2017 17:00,11/22/2017 1:30,False,False,False,False,False,False,False,False,Hawkins,TX ,Hawkins,TX 
9431,206535681,12/21/2017 13:11,12/21/2017 13:11,1/3/2018 10:18,1/3/2018 17:00,1/4/2018 23:30,462.07,600.0,-137.93,130.8,DRV,,carrier_capacity,False,1,Carrier 546141,Shipper 758,True,True,True,1/3/2018 17:00,1/4/2018 1:30,False,False,False,False,False,False,False,False,Hawkins,TX ,Hawkins,TX 
9432,206534337,12/8/2017 14:11,12/8/2017 14:12,12/18/2017 9:51,12/18/2017 17:00,12/22/2017 0:00,462.07,600.0,-137.93,130.8,DRV,,source_list,False,1,Carrier 546141,Shipper 758,False,True,True,12/18/2017 17:00,12/21/2017 22:30,False,False,False,False,False,False,False,False,Hawkins,TX ,Hawkins,TX 
9433,206595641,11/13/2017 13:36,11/13/2017 13:36,11/20/2017 11:32,11/21/2017 17:00,11/22/2017 2:40,462.07,600.0,-137.93,130.8,DRV,,,False,0,Carrier 546141,Shipper 758,False,True,True,11/21/2017 17:00,11/22/2017 1:30,False,False,False,False,False,False,False,False,Hawkins,TX ,Hawkins,TX 
9434,206527745,11/20/2017 10:46,11/20/2017 10:46,12/5/2017 11:06,12/5/2017 17:00,12/6/2017 2:20,462.07,600.0,-137.93,130.8,DRV,,carrier_capacity,False,0,Carrier 546141,Shipper 758,False,True,True,12/5/2017 17:00,12/6/2017 1:30,False,False,False,False,False,False,False,False,Hawkins,TX ,Hawkins,TX 
9435,206596817,11/13/2017 13:47,11/13/2017 13:47,11/16/2017 9:43,11/22/2017 16:00,11/22/2017 23:15,462.07,500.0,-37.93,130.8,DRV,,,False,0,Carrier 1695544,Shipper 758,False,True,True,11/22/2017 16:00,11/23/2017 0:00,False,False,False,False,False,False,False,False,Hawkins,TX ,Hawkins,TX 
9436,206531193,12/7/2017 13:44,12/7/2017 13:44,12/14/2017 16:51,12/17/2017 17:00,12/18/2017 0:55,462.07,600.0,-137.93,130.8,DRV,,,False,1,Carrier 546141,Shipper 758,True,True,True,12/17/2017 17:00,12/18/2017 1:30,False,False,False,False,False,False,False,False,Hawkins,TX ,Hawkins,TX 
9437,206530865,11/20/2017 10:56,11/20/2017 10:56,12/1/2017 8:58,12/3/2017 17:00,12/4/2017 3:00,462.07,600.0,-137.93,130.8,DRV,,carrier_capacity,False,0,Carrier 546141,Shipper 758,True,True,True,12/3/2017 17:00,12/4/2017 1:30,False,False,False,False,False,False,False,False,Hawkins,TX ,Hawkins,TX 
9438,206466857,11/13/2017 13:00,11/13/2017 13:00,11/16/2017 9:43,11/22/2017 16:00,11/22/2017 23:15,462.07,500.0,-37.93,130.8,DRV,,,False,0,Carrier 1695544,Shipper 758,True,True,True,11/22/2017 16:00,11/23/2017 0:00,False,False,False,False,False,False,False,False,Hawkins,TX ,Hawkins,TX 
9439,206432985,11/29/2017 15:35,11/29/2017 15:35,12/6/2017 8:33,12/6/2017 17:00,12/7/2017 3:40,462.07,600.0,-137.93,130.8,DRV,,carrier_capacity,False,0,Carrier 546141,Shipper 758,False,True,True,12/6/2017 17:00,12/7/2017 1:30,False,False,False,False,False,False,False,False,Hawkins,TX ,Hawkins,TX 
9440,206528657,11/10/2017 11:25,11/10/2017 11:25,11/17/2017 15:36,11/19/2017 17:00,11/20/2017 2:00,462.07,600.0,-137.93,130.8,DRV,,,False,1,Carrier 546141,Shipper 758,True,True,True,11/19/2017 17:00,11/20/2017 1:30,False,False,False,False,False,False,False,False,Hawkins,TX ,Hawkins,TX 
9441,206468017,11/13/2017 12:55,11/13/2017 12:55,11/20/2017 11:30,11/20/2017 17:00,11/21/2017 2:45,462.07,600.0,-137.93,130.8,DRV,,,False,1,Carrier 546141,Shipper 758,True,True,True,11/20/2017 17:00,11/21/2017 1:30,False,False,False,False,False,False,False,False,Hawkins,TX ,Hawkins,TX 
9442,206438513,11/29/2017 15:25,11/29/2017 15:25,12/12/2017 9:25,12/10/2017 17:00,12/11/2017 1:30,462.07,500.0,-37.93,130.8,DRV,,carrier_capacity,False,2,Carrier 1695544,Shipper 758,True,True,True,12/10/2017 17:00,12/11/2017 1:30,False,False,False,False,False,False,False,False,Hawkins,TX ,Hawkins,TX 
9443,206470097,11/20/2017 12:54,11/20/2017 12:54,12/4/2017 9:00,12/4/2017 17:00,12/5/2017 4:15,462.07,600.0,-137.93,130.8,DRV,,carrier_capacity,False,1,Carrier 546141,Shipper 758,True,False,False,12/4/2017 17:00,12/5/2017 1:30,False,False,False,False,False,False,False,False,Hawkins,TX ,Hawkins,TX 
9444,206468025,12/21/2017 12:07,12/21/2017 12:07,1/3/2018 21:51,1/7/2018 16:00,1/8/2018 3:00,462.07,500.0,-37.93,130.8,DRV,,carrier_capacity,False,1,Carrier 1695544,Shipper 758,True,True,True,1/7/2018 16:00,1/8/2018 1:00,False,False,False,False,False,False,False,False,Hawkins,TX ,Hawkins,TX 
9445,206438545,11/13/2017 13:29,11/13/2017 13:29,11/20/2017 11:31,11/20/2017 17:00,11/21/2017 2:45,462.07,600.0,-137.93,130.8,DRV,,,False,1,Carrier 546141,Shipper 758,True,True,True,11/20/2017 17:00,11/21/2017 1:30,False,False,False,False,False,False,False,False,Hawkins,TX ,Hawkins,TX 
9446,206693929,11/17/2017 11:13,11/17/2017 11:13,11/22/2017 9:24,11/28/2017 17:00,11/28/2017 22:00,462.07,450.0,12.07,130.8,DRV,,,False,0,Carrier 804788,Shipper 758,True,True,True,11/28/2017 17:00,11/29/2017 1:30,False,False,False,False,False,False,False,False,Hawkins,TX ,Hawkins,TX 
9447,206633601,11/20/2017 10:32,11/20/2017 10:32,11/29/2017 13:39,12/4/2017 17:00,12/4/2017 22:00,462.07,450.0,12.07,130.8,DRV,,,False,0,Carrier 804788,Shipper 758,True,True,True,12/4/2017 17:00,12/5/2017 1:30,False,False,False,False,False,False,False,False,Hawkins,TX ,Hawkins,TX 
9448,206586441,12/21/2017 13:15,12/21/2017 13:15,12/28/2017 11:41,1/3/2018 17:00,1/4/2018 2:45,462.07,450.0,12.07,130.8,DRV,,carrier_capacity,False,0,Carrier 804788,Shipper 758,True,True,True,1/3/2018 17:00,1/4/2018 1:30,False,False,False,False,False,False,False,False,Hawkins,TX ,Hawkins,TX 
9449,206584073,12/7/2017 9:07,12/7/2017 9:07,12/8/2017 9:17,12/13/2017 17:00,12/14/2017 2:15,462.07,450.0,12.07,130.8,DRV,,source_list,False,0,Carrier 804788,Shipper 758,True,True,True,12/13/2017 17:00,12/14/2017 1:30,False,False,False,False,False,False,False,False,Hawkins,TX ,Hawkins,TX 
9450,206586689,11/17/2017 11:32,11/17/2017 11:32,11/22/2017 9:24,11/29/2017 17:00,11/30/2017 1:00,462.07,450.0,12.07,130.8,DRV,,,False,0,Carrier 804788,Shipper 758,True,True,True,11/29/2017 17:00,11/30/2017 1:30,False,False,False,False,False,False,False,False,Hawkins,TX ,Hawkins,TX 
9451,206585601,12/4/2017 16:21,12/4/2017 16:21,12/8/2017 9:18,12/12/2017 17:00,12/12/2017 21:00,462.07,450.0,12.07,130.8,DRV,,source_list,False,0,Carrier 804788,Shipper 758,True,True,True,12/12/2017 17:00,12/13/2017 1:30,False,False,False,False,False,False,False,False,Hawkins,TX ,Hawkins,TX 
9452,206582209,12/21/2017 12:34,12/21/2017 12:34,12/28/2017 12:09,1/2/2018 17:00,1/3/2018 2:05,462.07,450.0,12.07,130.8,DRV,,carrier_capacity,False,0,Carrier 804788,Shipper 758,True,True,True,1/2/2018 17:00,1/3/2018 1:30,False,False,False,False,False,False,False,False,Hawkins,TX ,Hawkins,TX 
9453,206581929,12/1/2017 9:40,12/1/2017 9:40,12/8/2017 9:15,12/11/2017 17:00,12/12/2017 1:00,462.07,450.0,12.07,130.8,DRV,,source_list,False,0,Carrier 804788,Shipper 758,True,True,True,12/11/2017 17:00,12/12/2017 1:30,False,False,False,False,False,False,False,False,Hawkins,TX ,Hawkins,TX 
9454,206693921,11/13/2017 12:50,11/13/2017 12:50,11/21/2017 10:04,11/22/2017 16:00,11/23/2017 0:25,462.07,450.0,12.07,130.8,DRV,,,False,1,Carrier 804788,Shipper 758,True,True,True,11/22/2017 16:00,11/23/2017 0:00,False,False,False,False,False,False,False,False,Hawkins,TX ,Hawkins,TX 
9455,206584793,11/28/2017 17:07,11/28/2017 17:07,11/29/2017 13:40,12/5/2017 17:00,12/5/2017 23:20,462.07,450.0,12.07,130.8,DRV,,,False,0,Carrier 804788,Shipper 758,True,True,True,12/5/2017 17:00,12/6/2017 1:30,False,False,False,False,False,False,False,False,Hawkins,TX ,Hawkins,TX 
9456,206543913,11/20/2017 11:13,11/20/2017 11:13,11/29/2017 13:39,12/3/2017 17:00,12/3/2017 22:40,462.07,500.0,-37.93,130.8,DRV,,,False,0,Carrier 804788,Shipper 758,True,True,True,12/3/2017 17:00,12/4/2017 1:00,False,False,False,False,False,False,False,False,Hawkins,TX ,Hawkins,TX 
9457,206583409,11/8/2017 15:57,11/8/2017 15:57,11/9/2017 14:52,11/16/2017 17:00,11/16/2017 22:30,462.07,450.0,12.07,130.8,DRV,,,False,0,Carrier 804788,Shipper 758,True,True,True,11/16/2017 17:00,11/17/2017 1:30,False,False,False,False,False,False,False,False,Hawkins,TX ,Hawkins,TX 
9458,206581937,12/22/2017 13:37,12/22/2017 13:37,12/29/2017 9:19,1/3/2018 17:00,1/4/2018 1:30,462.07,450.0,12.07,130.8,DRV,,carrier_capacity,False,0,Carrier 698669,Shipper 758,False,True,True,1/3/2018 17:00,1/4/2018 1:30,False,False,False,False,False,False,False,False,Hawkins,TX ,Hawkins,TX 
9459,206510017,11/13/2017 10:10,11/13/2017 10:11,11/16/2017 8:57,11/21/2017 17:00,11/21/2017 23:00,462.07,450.0,12.07,130.8,DRV,,,False,0,Carrier 804788,Shipper 758,True,True,True,11/21/2017 17:00,11/22/2017 1:30,False,False,False,False,False,False,False,False,Hawkins,TX ,Hawkins,TX 
9460,206476161,11/14/2017 15:12,11/14/2017 15:12,11/22/2017 9:24,11/27/2017 17:00,11/27/2017 21:45,462.07,450.0,12.07,130.8,DRV,,,False,0,Carrier 804788,Shipper 758,True,True,True,11/27/2017 17:00,11/28/2017 1:30,False,False,False,False,False,False,False,False,Hawkins,TX ,Hawkins,TX 
9461,206586425,11/13/2017 13:20,11/13/2017 13:20,11/16/2017 8:56,11/20/2017 17:00,11/21/2017 1:20,462.07,450.0,12.07,130.8,DRV,,,False,0,Carrier 804788,Shipper 758,True,True,True,11/20/2017 17:00,11/21/2017 1:30,False,False,False,False,False,False,False,False,Hawkins,TX ,Hawkins,TX 
9462,206451713,11/29/2017 15:07,11/29/2017 15:07,12/1/2017 13:43,12/6/2017 17:00,12/6/2017 21:30,462.07,450.0,12.07,130.8,DRV,,source_list,False,0,Carrier 804788,Shipper 758,True,True,True,12/6/2017 17:00,12/7/2017 1:30,False,False,False,False,False,False,False,False,Hawkins,TX ,Hawkins,TX 
9463,206584785,11/13/2017 9:59,11/13/2017 9:59,11/16/2017 13:09,11/19/2017 17:00,11/19/2017 23:15,462.07,500.0,-37.93,130.8,DRV,,,False,1,Carrier 804788,Shipper 758,False,True,True,11/19/2017 17:00,11/20/2017 1:30,False,False,False,False,False,False,False,False,Hawkins,TX ,Hawkins,TX 
9464,206582865,12/1/2017 9:33,12/1/2017 9:33,12/11/2017 9:44,12/11/2017 17:00,12/12/2017 13:10,462.07,450.0,12.07,130.8,DRV,,,False,0,Carrier 742049,Shipper 758,False,True,True,12/11/2017 17:00,12/12/2017 1:30,False,False,False,False,False,False,False,False,Hawkins,TX ,Hawkins,TX 
9465,206543921,11/28/2017 17:06,11/28/2017 17:06,12/5/2017 8:05,12/5/2017 17:00,12/6/2017 1:30,462.07,450.0,12.07,130.8,DRV,,carrier_capacity,False,0,Carrier 698669,Shipper 758,True,True,True,12/5/2017 17:00,12/6/2017 1:30,False,False,False,False,False,False,False,False,Hawkins,TX ,Hawkins,TX 
9466,206538737,11/13/2017 11:39,11/13/2017 11:39,11/16/2017 8:57,11/22/2017 16:00,11/22/2017 21:15,462.07,450.0,12.07,130.8,DRV,,,False,0,Carrier 804788,Shipper 758,True,True,True,11/22/2017 16:00,11/23/2017 0:00,False,False,False,False,False,False,False,False,Hawkins,TX ,Hawkins,TX 
9467,206507161,11/7/2017 17:25,11/7/2017 17:25,11/9/2017 14:51,11/14/2017 17:00,11/14/2017 21:30,462.07,450.0,12.07,130.8,DRV,,,False,0,Carrier 804788,Shipper 758,True,True,True,11/14/2017 17:00,11/15/2017 1:30,False,False,False,False,False,False,False,False,Hawkins,TX ,Hawkins,TX 
9468,206537553,11/17/2017 11:30,11/17/2017 11:30,11/28/2017 10:11,11/30/2017 17:00,11/30/2017 23:30,462.07,450.0,12.07,130.8,DRV,,,False,0,Carrier 804788,Shipper 758,True,True,True,11/30/2017 17:00,12/1/2017 1:30,False,False,False,False,False,False,False,False,Hawkins,TX ,Hawkins,TX 
9469,206476169,12/7/2017 9:12,12/7/2017 9:12,12/8/2017 9:17,12/14/2017 17:00,12/14/2017 23:00,462.07,450.0,12.07,130.8,DRV,,source_list,False,0,Carrier 804788,Shipper 758,True,True,True,12/14/2017 17:00,12/15/2017 1:30,False,False,False,False,False,False,False,False,Hawkins,TX ,Hawkins,TX 
9470,206428377,12/4/2017 16:28,12/4/2017 16:28,12/19/2017 10:38,12/19/2017 17:00,12/20/2017 1:30,462.07,600.0,-137.93,130.8,DRV,,carrier_capacity,False,2,Carrier 698669,Shipper 758,True,True,True,12/19/2017 17:00,12/20/2017 1:30,False,False,False,False,False,False,False,False,Hawkins,TX ,Hawkins,TX 
9471,206452209,11/7/2017 17:14,11/7/2017 17:14,11/9/2017 14:54,11/15/2017 17:00,11/16/2017 22:30,462.07,450.0,12.07,130.8,DRV,,,False,0,Carrier 804788,Shipper 758,True,False,False,11/15/2017 17:00,11/16/2017 1:30,False,False,False,False,False,False,False,False,Hawkins,TX ,Hawkins,TX 
9472,206525537,12/4/2017 16:24,12/4/2017 16:24,12/11/2017 16:29,12/12/2017 17:00,12/13/2017 2:00,462.07,450.0,12.07,130.8,DRV,,carrier_capacity,False,0,Carrier 698669,Shipper 758,True,True,True,12/12/2017 17:00,12/13/2017 1:30,False,False,False,False,False,False,False,False,Hawkins,TX ,Hawkins,TX 
9473,206516513,12/4/2017 16:10,12/4/2017 16:10,12/11/2017 8:22,12/12/2017 17:00,12/13/2017 2:00,462.07,450.0,12.07,130.8,DRV,,carrier_capacity,False,0,Carrier 698669,Shipper 758,True,True,True,12/12/2017 17:00,12/13/2017 1:30,False,False,False,False,False,False,False,False,Hawkins,TX ,Hawkins,TX 
9474,206492833,12/7/2017 9:03,12/7/2017 9:03,12/12/2017 14:26,12/13/2017 17:00,12/14/2017 4:45,462.07,450.0,12.07,130.8,DRV,,,False,0,Carrier 1695372,Shipper 758,False,True,True,12/13/2017 17:00,12/14/2017 1:30,False,False,False,False,False,False,False,False,Hawkins,TX ,Hawkins,TX 
9475,206558089,11/16/2017 9:38,11/16/2017 9:38,11/27/2017 9:36,11/27/2017 17:00,11/28/2017 4:30,462.07,450.0,12.07,130.8,DRV,,,False,1,Carrier 1695364,Shipper 758,True,True,True,11/27/2017 17:00,11/28/2017 1:30,False,False,False,False,False,False,False,False,Hawkins,TX ,Hawkins,TX 
9476,206509257,11/17/2017 11:19,11/17/2017 11:19,11/27/2017 9:38,11/29/2017 17:00,11/30/2017 2:00,462.07,450.0,12.07,130.8,DRV,,,False,2,Carrier 1695364,Shipper 758,True,True,True,11/29/2017 17:00,11/30/2017 1:30,False,False,False,False,False,False,False,False,Hawkins,TX ,Hawkins,TX 
9477,206466817,11/17/2017 11:11,11/17/2017 11:11,11/28/2017 14:03,11/28/2017 17:00,11/29/2017 2:00,462.07,450.0,12.07,130.8,DRV,,,False,0,Carrier 1695364,Shipper 758,True,True,True,11/28/2017 17:00,11/29/2017 1:30,False,False,False,False,False,False,False,False,Hawkins,TX ,Hawkins,TX 
9478,206658009,8/21/2017 12:00,8/21/2017 12:01,8/22/2017 14:57,8/23/2017 8:00,8/24/2017 12:00,461.9,450.0,11.9,79.9,DRV,,,False,1,Carrier 1084218,Shipper 1175,True,True,True,8/23/2017 15:00,8/24/2017 16:30,False,False,False,False,False,False,False,False,Philadelphia,PA ,Philadelphia,PA 
9479,206541201,2/14/2017 10:29,2/14/2017 10:30,2/14/2017 11:58,2/16/2017 9:00,2/16/2017 13:44,461.38,400.0,61.38,51.6,DRV,,,False,0,Carrier 62745,Shipper 1175,True,True,True,2/16/2017 9:00,2/16/2017 16:00,False,False,False,False,False,False,False,False,Hillsborough Township,NJ ,Hillsborough Township,NJ 
9480,206642713,11/7/2017 9:10,11/7/2017 9:10,11/9/2017 10:06,11/12/2017 17:00,11/13/2017 1:30,460.9,425.0,35.9,130.8,DRV,,,False,0,Carrier 567581,Shipper 758,True,True,True,11/12/2017 17:00,11/13/2017 1:30,False,False,False,False,False,False,False,False,Hawkins,TX ,Hawkins,TX 
9481,206505217,11/7/2017 9:00,11/7/2017 9:00,11/8/2017 11:33,11/12/2017 17:00,11/13/2017 2:30,460.9,500.0,-39.1,130.8,DRV,,,False,0,Carrier 1556250,Shipper 758,True,True,True,11/12/2017 17:00,11/13/2017 1:30,False,False,False,False,False,False,False,False,Hawkins,TX ,Hawkins,TX 
9482,206618393,11/7/2017 9:04,11/7/2017 9:04,11/9/2017 11:03,11/12/2017 17:00,11/13/2017 2:00,460.9,400.0,60.9,130.8,DRV,,,False,0,Carrier 1572518,Shipper 758,True,True,True,11/12/2017 17:00,11/13/2017 1:30,False,False,False,False,False,False,False,False,Hawkins,TX ,Hawkins,TX 
9483,206708873,11/7/2017 8:52,11/7/2017 8:52,11/9/2017 12:18,11/12/2017 17:00,11/12/2017 22:50,460.9,500.0,-39.1,130.8,DRV,,,False,0,Carrier 1695544,Shipper 758,True,True,True,11/12/2017 17:00,11/13/2017 1:30,False,False,False,False,False,False,False,False,Hawkins,TX ,Hawkins,TX 
9484,206652145,11/7/2017 8:45,11/7/2017 8:45,11/9/2017 12:16,11/12/2017 17:00,11/12/2017 22:30,460.9,500.0,-39.1,130.8,DRV,,,False,0,Carrier 1695544,Shipper 758,True,True,True,11/12/2017 17:00,11/13/2017 1:30,False,False,False,False,False,False,False,False,Hawkins,TX ,Hawkins,TX 
9485,206498673,7/26/2017 20:24,7/26/2017 20:24,7/28/2017 8:47,7/28/2017 13:00,7/29/2017 10:00,460.47,550.0,-89.53,258.4,DRV,,,False,0,Carrier 87075,Shipper 1070,True,True,True,7/28/2017 13:00,7/29/2017 15:00,False,False,False,False,False,False,False,False,Cantua Creek,CA ,Cantua Creek,CA 
9486,206590897,3/9/2017 17:56,3/9/2017 17:57,3/14/2017 16:56,3/15/2017 10:00,3/16/2017 14:00,460.22,450.0,10.22,363.5,DRV,3.0,,False,0,Carrier 87075,Shipper 762,True,True,True,3/15/2017 17:00,3/16/2017 13:00,False,False,False,False,False,False,False,False,Phoenix,AZ ,Phoenix,AZ 
9487,206601913,8/10/2017 12:38,8/10/2017 12:39,8/11/2017 13:25,8/14/2017 9:00,8/14/2017 18:30,460.01,450.0,10.01,51.6,DRV,,,False,0,Carrier 1275662,Shipper 1175,False,False,False,8/14/2017 10:00,8/14/2017 15:00,False,False,False,False,False,False,False,False,Hillsborough Township,NJ ,Hillsborough Township,NJ 
9488,206643881,9/12/2017 15:52,9/12/2017 15:52,9/14/2017 11:50,9/20/2017 17:00,9/21/2017 2:30,459.86,425.0,34.86,130.8,DRV,,,False,0,Carrier 567581,Shipper 758,True,True,True,9/20/2017 17:00,9/21/2017 1:30,False,False,False,False,False,False,False,False,Hawkins,TX ,Hawkins,TX 
9489,206641049,10/12/2017 13:29,10/12/2017 13:29,10/30/2017 11:43,11/1/2017 17:00,11/2/2017 3:00,459.86,425.0,34.86,130.8,DRV,,,False,0,Carrier 567581,Shipper 758,True,True,True,11/1/2017 17:00,11/2/2017 1:30,False,False,False,False,False,False,False,False,Hawkins,TX ,Hawkins,TX 
9490,206643065,9/11/2017 12:09,9/11/2017 12:09,9/14/2017 11:50,9/19/2017 17:00,9/20/2017 1:30,459.86,425.0,34.86,130.8,DRV,,,False,0,Carrier 567581,Shipper 758,True,True,True,9/19/2017 17:00,9/20/2017 1:30,False,False,False,False,False,False,False,False,Hawkins,TX ,Hawkins,TX 
9491,206645233,9/12/2017 16:08,9/12/2017 16:08,9/14/2017 11:50,9/21/2017 17:00,9/22/2017 3:00,459.86,425.0,34.86,130.8,DRV,,,False,0,Carrier 567581,Shipper 758,True,True,True,9/21/2017 17:00,9/22/2017 1:30,False,False,False,False,False,False,False,False,Hawkins,TX ,Hawkins,TX 
9492,206641009,9/8/2017 9:27,9/8/2017 9:27,9/21/2017 12:54,9/25/2017 17:00,9/26/2017 1:30,459.86,425.0,34.86,130.8,DRV,,,False,1,Carrier 567581,Shipper 758,True,True,True,9/25/2017 17:00,9/26/2017 1:30,False,False,False,False,False,False,False,False,Hawkins,TX ,Hawkins,TX 
9493,206630865,9/8/2017 9:14,9/8/2017 9:14,9/11/2017 9:46,9/18/2017 17:00,9/19/2017 3:00,459.86,425.0,34.86,130.8,DRV,,,False,0,Carrier 1556250,Shipper 758,False,True,True,9/18/2017 17:00,9/19/2017 1:30,False,False,False,False,False,False,False,False,Hawkins,TX ,Hawkins,TX 
9494,206496233,10/12/2017 13:49,10/12/2017 13:49,10/30/2017 11:42,10/31/2017 17:00,11/1/2017 3:00,459.86,425.0,34.86,130.8,DRV,,,False,0,Carrier 567581,Shipper 758,True,True,True,10/31/2017 17:00,11/1/2017 1:30,False,False,False,False,False,False,False,False,Hawkins,TX ,Hawkins,TX 
9495,206541369,9/11/2017 12:12,9/11/2017 12:12,9/18/2017 9:09,9/19/2017 17:00,9/20/2017 3:00,459.86,425.0,34.86,130.8,DRV,,,False,0,Carrier 1556250,Shipper 758,False,True,True,9/19/2017 17:00,9/20/2017 1:30,False,False,False,False,False,False,False,False,Hawkins,TX ,Hawkins,TX 
9496,206488985,10/19/2017 8:54,10/19/2017 8:54,11/2/2017 11:48,11/5/2017 17:00,11/6/2017 1:30,459.86,500.0,-40.14,130.8,DRV,,,False,0,Carrier 1556250,Shipper 758,True,True,True,11/5/2017 17:00,11/6/2017 1:30,False,False,False,False,False,False,False,False,Hawkins,TX ,Hawkins,TX 
9497,206712857,9/29/2017 9:33,9/29/2017 9:33,10/12/2017 13:04,10/12/2017 17:00,10/13/2017 2:30,459.86,400.0,59.86,130.8,DRV,,,False,1,Carrier 1693589,Shipper 758,True,True,True,10/12/2017 17:00,10/13/2017 1:30,False,False,False,False,False,False,False,False,Hawkins,TX ,Hawkins,TX 
9498,206657721,9/12/2017 16:14,9/12/2017 16:15,9/19/2017 12:38,9/21/2017 17:00,9/22/2017 3:00,459.86,400.0,59.86,130.8,DRV,,,False,0,Carrier 1693589,Shipper 758,True,True,True,9/21/2017 17:00,9/22/2017 1:30,False,False,False,False,False,False,False,False,Hawkins,TX ,Hawkins,TX 
9499,206554601,10/12/2017 13:51,10/12/2017 13:51,10/31/2017 9:30,10/31/2017 17:00,11/1/2017 0:20,459.86,400.0,59.86,130.8,DRV,,,False,1,Carrier 1693589,Shipper 758,True,True,True,10/31/2017 17:00,11/1/2017 1:30,False,False,False,False,False,False,False,False,Hawkins,TX ,Hawkins,TX 
9500,206500489,10/12/2017 14:02,10/12/2017 14:02,10/24/2017 22:39,10/31/2017 17:00,11/1/2017 2:40,459.86,400.0,59.86,130.8,DRV,,,False,0,Carrier 611154,Shipper 758,True,True,True,10/31/2017 17:00,11/1/2017 1:30,False,False,False,False,False,False,False,False,Hawkins,TX ,Hawkins,TX 
9501,206542337,10/12/2017 13:39,10/12/2017 13:39,10/30/2017 17:27,11/1/2017 17:00,11/2/2017 2:40,459.86,400.0,59.86,130.8,DRV,,,False,0,Carrier 611154,Shipper 758,True,True,True,11/1/2017 17:00,11/2/2017 1:30,False,False,False,False,False,False,False,False,Hawkins,TX ,Hawkins,TX 
9502,206556721,10/19/2017 8:58,10/19/2017 8:58,11/3/2017 11:10,11/5/2017 18:00,11/6/2017 2:15,459.86,500.0,-40.14,130.8,DRV,,,False,0,Carrier 1693589,Shipper 758,True,True,True,11/5/2017 18:00,11/6/2017 1:30,False,False,False,False,False,False,False,False,Hawkins,TX ,Hawkins,TX 
9503,206540313,10/12/2017 13:20,10/12/2017 13:20,10/31/2017 9:38,11/1/2017 17:00,11/1/2017 22:45,459.86,400.0,59.86,130.8,DRV,,,False,0,Carrier 1693589,Shipper 758,True,True,True,11/1/2017 17:00,11/2/2017 1:30,False,False,False,False,False,False,False,False,Hawkins,TX ,Hawkins,TX 
9504,206598569,9/11/2017 12:19,9/11/2017 12:19,9/19/2017 8:32,9/19/2017 17:00,9/20/2017 3:00,459.86,600.0,-140.14,130.8,DRV,,,False,0,Carrier 546141,Shipper 758,True,True,True,9/19/2017 17:00,9/20/2017 1:30,False,False,False,False,False,False,False,False,Hawkins,TX ,Hawkins,TX 
9505,206424217,9/11/2017 12:35,9/11/2017 12:35,9/18/2017 10:21,9/19/2017 17:00,9/19/2017 23:45,459.86,400.0,59.86,130.8,DRV,,,False,0,Carrier 1693589,Shipper 758,True,True,True,9/19/2017 17:00,9/20/2017 1:30,False,False,False,False,False,False,False,False,Hawkins,TX ,Hawkins,TX 
9506,206474001,9/7/2017 9:29,9/7/2017 9:29,9/7/2017 15:37,9/14/2017 17:00,9/15/2017 4:10,459.86,400.0,59.86,130.8,DRV,,,False,0,Carrier 611154,Shipper 758,True,True,True,9/14/2017 17:00,9/15/2017 1:30,False,False,False,False,False,False,False,False,Hawkins,TX ,Hawkins,TX 
9507,206646961,10/19/2017 8:40,10/19/2017 8:40,11/3/2017 15:27,11/5/2017 18:00,11/6/2017 2:00,459.86,600.0,-140.14,130.8,DRV,,,False,0,Carrier 546141,Shipper 758,True,True,True,11/5/2017 18:00,11/6/2017 1:30,False,False,False,False,False,False,False,False,Hawkins,TX ,Hawkins,TX 
9508,206536401,9/8/2017 9:23,9/8/2017 9:23,9/18/2017 14:21,9/18/2017 17:00,9/19/2017 1:30,459.86,600.0,-140.14,130.8,DRV,,,False,1,Carrier 546141,Shipper 758,True,True,True,9/18/2017 17:00,9/19/2017 1:30,False,False,False,False,False,False,False,False,Hawkins,TX ,Hawkins,TX 
9509,206470761,10/19/2017 8:42,10/19/2017 8:43,11/1/2017 9:01,11/5/2017 17:00,11/6/2017 0:15,459.86,450.0,9.86,130.8,DRV,,,False,0,Carrier 1695544,Shipper 758,True,True,True,11/5/2017 17:00,11/6/2017 1:30,False,False,False,False,False,False,False,False,Hawkins,TX ,Hawkins,TX 
9510,206466825,9/8/2017 9:18,9/8/2017 9:18,9/25/2017 9:00,9/25/2017 17:00,9/27/2017 1:00,459.86,600.0,-140.14,130.8,DRV,,,False,1,Carrier 546141,Shipper 758,True,False,False,9/25/2017 17:00,9/26/2017 1:30,False,False,False,False,False,False,False,False,Hawkins,TX ,Hawkins,TX 
9511,206435577,9/12/2017 15:59,9/12/2017 15:59,9/21/2017 10:31,9/21/2017 17:00,9/22/2017 3:00,459.86,450.0,9.86,130.8,DRV,,,False,1,Carrier 1065016,Shipper 758,True,True,True,9/21/2017 17:00,9/22/2017 1:30,False,False,False,False,False,False,False,False,Hawkins,TX ,Hawkins,TX 
9512,206586025,10/12/2017 13:57,10/12/2017 13:57,10/26/2017 11:05,10/31/2017 17:00,11/1/2017 1:30,459.86,450.0,9.86,130.8,DRV,,,False,0,Carrier 1056996,Shipper 758,True,True,True,10/31/2017 17:00,11/1/2017 1:30,False,False,False,False,False,False,False,False,Hawkins,TX ,Hawkins,TX 
9513,206581913,10/12/2017 13:43,10/12/2017 13:43,10/30/2017 10:48,11/1/2017 17:00,11/1/2017 22:30,459.86,450.0,9.86,130.8,DRV,,,False,0,Carrier 804788,Shipper 758,True,True,True,11/1/2017 17:00,11/2/2017 1:30,False,False,False,False,False,False,False,False,Hawkins,TX ,Hawkins,TX 
9514,206526473,10/18/2017 14:10,10/18/2017 14:10,10/26/2017 11:05,11/2/2017 17:00,11/3/2017 3:00,459.86,450.0,9.86,130.8,DRV,,,False,0,Carrier 1056996,Shipper 758,True,True,True,11/2/2017 17:00,11/3/2017 1:30,False,False,False,False,False,False,False,False,Hawkins,TX ,Hawkins,TX 
9515,206585313,10/12/2017 13:27,10/12/2017 13:27,10/26/2017 11:05,11/1/2017 17:00,11/2/2017 0:45,459.86,450.0,9.86,130.8,DRV,,,False,0,Carrier 1056996,Shipper 758,True,True,True,11/1/2017 17:00,11/2/2017 1:30,False,False,False,False,False,False,False,False,Hawkins,TX ,Hawkins,TX 
9516,206539857,10/19/2017 8:49,10/19/2017 8:49,11/2/2017 13:04,11/5/2017 17:00,11/5/2017 22:15,459.86,500.0,-40.14,130.8,DRV,,,False,0,Carrier 804788,Shipper 758,True,True,True,11/5/2017 17:00,11/6/2017 1:30,False,False,False,False,False,False,False,False,Hawkins,TX ,Hawkins,TX 
9517,206516497,10/12/2017 13:46,10/12/2017 13:46,10/30/2017 10:48,10/31/2017 17:00,10/31/2017 21:30,459.86,450.0,9.86,130.8,DRV,,,False,1,Carrier 804788,Shipper 758,True,True,True,10/31/2017 17:00,11/1/2017 1:30,False,False,False,False,False,False,False,False,Hawkins,TX ,Hawkins,TX 
9518,206476881,9/29/2017 9:29,9/29/2017 9:29,10/9/2017 9:35,10/12/2017 17:00,10/12/2017 23:40,459.86,450.0,9.86,130.8,DRV,,,False,0,Carrier 804788,Shipper 758,True,True,True,10/12/2017 17:00,10/13/2017 1:30,False,False,False,False,False,False,False,False,Hawkins,TX ,Hawkins,TX 
9519,206474033,11/6/2017 14:22,11/6/2017 14:22,11/6/2017 20:28,11/7/2017 10:00,11/7/2017 14:00,458.75,500.0,-41.25,30.1,DRV,,,False,0,Carrier 299670,Shipper 968,True,True,True,11/7/2017 12:00,11/7/2017 16:30,False,False,False,False,False,True,False,False,Brooklyn,NY ,Brooklyn,NY 
9520,206701833,9/6/2017 12:00,9/6/2017 12:01,9/14/2017 11:52,9/17/2017 17:00,9/18/2017 1:30,458.69,425.0,33.69,130.8,DRV,,,False,1,Carrier 567581,Shipper 758,True,True,True,9/17/2017 17:00,9/18/2017 1:30,False,False,False,False,False,False,False,False,Hawkins,TX ,Hawkins,TX 
9521,206701849,9/20/2017 9:11,9/20/2017 9:11,9/28/2017 14:46,10/2/2017 17:00,10/3/2017 3:00,458.69,425.0,33.69,130.8,DRV,,,False,0,Carrier 567581,Shipper 758,True,True,True,10/2/2017 17:00,10/3/2017 1:30,False,False,False,False,False,False,False,False,Hawkins,TX ,Hawkins,TX 
9522,206643081,9/20/2017 9:20,9/20/2017 9:20,9/28/2017 14:46,10/3/2017 17:00,10/4/2017 2:30,458.69,425.0,33.69,130.8,DRV,,,False,0,Carrier 567581,Shipper 758,True,True,True,10/3/2017 17:00,10/4/2017 1:30,False,False,False,False,False,False,False,False,Hawkins,TX ,Hawkins,TX 
9523,206640841,9/22/2017 9:31,9/22/2017 9:31,10/6/2017 9:12,10/8/2017 17:00,10/9/2017 2:30,458.69,425.0,33.69,130.8,DRV,,,False,0,Carrier 567581,Shipper 758,True,True,True,10/8/2017 17:00,10/9/2017 1:30,False,False,False,False,False,False,False,False,Hawkins,TX ,Hawkins,TX 
9524,206589001,9/18/2017 15:53,9/18/2017 15:53,9/28/2017 14:46,10/1/2017 17:00,10/2/2017 3:00,458.69,425.0,33.69,130.8,DRV,,,False,0,Carrier 567581,Shipper 758,True,True,True,10/1/2017 17:00,10/2/2017 1:30,False,False,False,False,False,False,False,False,Hawkins,TX ,Hawkins,TX 
9525,206591145,9/20/2017 9:27,9/20/2017 9:27,9/28/2017 14:46,10/4/2017 17:00,10/5/2017 1:30,458.69,425.0,33.69,130.8,DRV,,,False,0,Carrier 567581,Shipper 758,True,True,True,10/4/2017 17:00,10/5/2017 1:30,False,False,False,False,False,False,False,False,Hawkins,TX ,Hawkins,TX 
9526,206591129,9/18/2017 16:46,9/18/2017 16:46,9/21/2017 12:54,9/27/2017 17:00,9/28/2017 23:00,458.69,425.0,33.69,130.8,DRV,,,False,0,Carrier 567581,Shipper 758,True,False,False,9/27/2017 17:00,9/28/2017 1:30,False,False,False,False,False,False,False,False,Hawkins,TX ,Hawkins,TX 
9527,206589017,10/12/2017 14:26,10/12/2017 14:26,10/30/2017 13:19,10/30/2017 17:00,10/31/2017 4:10,458.69,425.0,33.69,130.8,DRV,,,False,1,Carrier 567581,Shipper 758,True,True,True,10/30/2017 17:00,10/31/2017 1:00,False,False,False,False,False,False,False,False,Hawkins,TX ,Hawkins,TX 
9528,206533705,9/20/2017 14:29,9/20/2017 14:29,10/4/2017 14:29,10/5/2017 17:00,10/5/2017 22:10,458.69,425.0,33.69,130.8,DRV,,,False,0,Carrier 567581,Shipper 758,True,True,True,10/5/2017 17:00,10/6/2017 1:30,False,False,False,False,False,False,False,False,Hawkins,TX ,Hawkins,TX 
9529,206523977,9/1/2017 16:56,9/1/2017 16:56,9/7/2017 10:50,9/10/2017 17:00,9/11/2017 1:30,458.69,425.0,33.69,130.8,DRV,,,False,0,Carrier 567581,Shipper 758,True,True,True,9/10/2017 17:00,9/11/2017 1:30,False,False,False,False,False,False,False,False,Hawkins,TX ,Hawkins,TX 
9530,206512649,9/6/2017 10:12,9/6/2017 10:12,9/8/2017 10:24,9/11/2017 17:00,9/12/2017 1:30,458.69,450.0,8.69,130.8,DRV,,,False,0,Carrier 567581,Shipper 758,True,True,True,9/11/2017 17:00,9/12/2017 1:30,False,False,False,False,False,False,False,False,Hawkins,TX ,Hawkins,TX 
9531,206579329,9/6/2017 10:08,9/6/2017 10:08,9/11/2017 14:41,9/11/2017 17:00,9/12/2017 1:30,458.69,425.0,33.69,130.8,DRV,,,False,0,Carrier 1556250,Shipper 758,True,True,True,9/11/2017 17:00,9/12/2017 1:30,False,False,False,False,False,False,False,False,Hawkins,TX ,Hawkins,TX 
9532,206578177,9/20/2017 8:42,9/20/2017 8:42,9/25/2017 13:57,9/26/2017 17:00,9/26/2017 21:00,458.69,450.0,8.69,130.8,DRV,,,False,0,Carrier 1556250,Shipper 758,False,True,True,9/26/2017 17:00,9/27/2017 1:30,False,False,False,False,False,False,False,False,Hawkins,TX ,Hawkins,TX 
9533,206626673,9/15/2017 11:16,9/15/2017 11:16,9/22/2017 11:04,9/24/2017 17:00,9/25/2017 1:00,458.69,550.0,-91.31,130.8,DRV,,,False,0,Carrier 1556250,Shipper 758,True,True,True,9/24/2017 17:00,9/25/2017 1:30,False,False,False,False,False,False,False,False,Hawkins,TX ,Hawkins,TX 
9534,206509481,9/18/2017 18:10,9/18/2017 18:10,9/25/2017 13:56,9/28/2017 17:00,9/29/2017 3:00,458.69,450.0,8.69,130.8,DRV,,,False,0,Carrier 1556250,Shipper 758,False,True,True,9/28/2017 17:00,9/29/2017 1:30,False,False,False,False,False,False,False,False,Hawkins,TX ,Hawkins,TX 
9535,206626721,9/22/2017 9:46,9/22/2017 9:46,10/2/2017 12:41,10/5/2017 17:00,10/5/2017 23:00,458.69,450.0,8.69,130.8,DRV,,,False,0,Carrier 1556250,Shipper 758,True,True,True,10/5/2017 17:00,10/6/2017 1:30,False,False,False,False,False,False,False,False,Hawkins,TX ,Hawkins,TX 
9536,206617449,10/12/2017 11:57,10/12/2017 11:57,10/24/2017 18:11,10/25/2017 18:00,10/26/2017 2:30,458.69,450.0,8.69,130.8,DRV,,,False,0,Carrier 1269258,Shipper 758,True,True,True,10/25/2017 18:00,10/26/2017 1:30,False,False,False,False,False,False,False,False,Hawkins,TX ,Hawkins,TX 
9537,206523817,9/14/2017 14:11,9/14/2017 14:11,9/21/2017 12:54,9/24/2017 17:00,9/25/2017 1:00,458.69,425.0,33.69,130.8,DRV,,,False,0,Carrier 567581,Shipper 758,True,True,True,9/24/2017 17:00,9/25/2017 1:30,False,False,False,False,False,False,False,False,Hawkins,TX ,Hawkins,TX 
9538,206544985,9/26/2017 8:42,9/26/2017 8:42,10/6/2017 9:13,10/11/2017 17:00,10/12/2017 1:30,458.69,425.0,33.69,130.8,DRV,,,False,0,Carrier 567581,Shipper 758,True,True,True,10/11/2017 17:00,10/12/2017 1:30,False,False,False,False,False,False,False,False,Hawkins,TX ,Hawkins,TX 
9539,206589433,9/26/2017 10:16,9/26/2017 10:17,10/6/2017 9:12,10/10/2017 17:00,10/11/2017 0:30,458.69,425.0,33.69,130.8,DRV,,,False,0,Carrier 567581,Shipper 758,True,True,True,10/10/2017 17:00,10/11/2017 1:30,False,False,False,False,False,False,False,False,Hawkins,TX ,Hawkins,TX 
9540,206588793,9/27/2017 11:55,9/27/2017 11:55,10/6/2017 9:13,10/12/2017 17:00,10/12/2017 21:45,458.69,425.0,33.69,130.8,DRV,,,False,0,Carrier 567581,Shipper 758,True,True,True,10/12/2017 17:00,10/13/2017 1:30,False,False,False,False,False,False,False,False,Hawkins,TX ,Hawkins,TX 
9541,206549985,9/7/2017 9:17,9/7/2017 9:17,9/13/2017 12:54,9/13/2017 17:00,9/14/2017 1:30,458.69,425.0,33.69,130.8,DRV,,,False,1,Carrier 1556250,Shipper 758,True,True,True,9/13/2017 17:00,9/14/2017 1:30,False,False,False,False,False,False,False,False,Hawkins,TX ,Hawkins,TX 
9542,206546737,9/18/2017 16:31,9/18/2017 16:32,9/21/2017 12:54,9/26/2017 17:00,9/27/2017 3:00,458.69,425.0,33.69,130.8,DRV,,,False,0,Carrier 567581,Shipper 758,True,True,True,9/26/2017 17:00,9/27/2017 1:30,False,False,False,False,False,False,False,False,Hawkins,TX ,Hawkins,TX 
9543,206431017,10/9/2017 11:31,10/9/2017 11:31,10/21/2017 10:19,10/22/2017 17:00,10/23/2017 2:30,458.69,450.0,8.69,130.8,DRV,,,False,1,Carrier 1695593,Shipper 758,True,True,True,10/22/2017 17:00,10/23/2017 1:30,False,False,False,False,False,False,False,False,Hawkins,TX ,Hawkins,TX 
9544,206495217,9/12/2017 16:26,9/12/2017 16:26,9/19/2017 10:56,9/21/2017 17:00,9/22/2017 3:00,458.69,425.0,33.69,130.8,DRV,,,False,0,Carrier 1556250,Shipper 758,True,True,True,9/21/2017 17:00,9/22/2017 1:30,False,False,False,False,False,False,False,False,Hawkins,TX ,Hawkins,TX 
9545,206489369,9/1/2017 16:46,9/1/2017 16:46,9/10/2017 11:53,9/10/2017 17:00,9/11/2017 1:30,458.69,500.0,-41.31,130.8,DRV,,,False,1,Carrier 1556250,Shipper 758,True,True,True,9/10/2017 17:00,9/11/2017 1:30,False,False,False,False,False,False,False,False,Hawkins,TX ,Hawkins,TX 
9546,206436489,9/18/2017 18:02,9/18/2017 18:02,9/25/2017 13:56,9/27/2017 17:00,9/28/2017 4:30,458.69,450.0,8.69,130.8,DRV,,,False,0,Carrier 1556250,Shipper 758,True,True,True,9/27/2017 17:00,9/28/2017 1:30,False,False,False,False,False,False,False,False,Hawkins,TX ,Hawkins,TX 
9547,206434249,9/22/2017 9:44,9/22/2017 9:44,10/6/2017 9:12,10/9/2017 17:00,10/10/2017 2:30,458.69,425.0,33.69,130.8,DRV,,,False,0,Carrier 567581,Shipper 758,True,True,True,10/9/2017 17:00,10/10/2017 1:30,False,False,False,False,False,False,False,False,Hawkins,TX ,Hawkins,TX 
9548,206712841,9/14/2017 14:09,9/14/2017 14:09,10/2/2017 10:14,10/4/2017 17:00,10/5/2017 1:30,458.69,400.0,58.69,130.8,DRV,,,False,0,Carrier 1693589,Shipper 758,True,True,True,10/4/2017 17:00,10/5/2017 1:30,False,False,False,False,False,False,False,False,Hawkins,TX ,Hawkins,TX 
9549,206659465,10/12/2017 11:44,10/12/2017 11:44,10/20/2017 8:57,10/25/2017 18:00,10/25/2017 22:00,458.69,400.0,58.69,130.8,DRV,,,False,0,Carrier 1693589,Shipper 758,True,True,True,10/25/2017 18:00,10/26/2017 1:30,False,False,False,False,False,False,False,False,Hawkins,TX ,Hawkins,TX 
9550,206659457,10/9/2017 11:42,10/9/2017 11:42,10/20/2017 8:56,10/22/2017 17:00,10/22/2017 20:30,458.69,500.0,-41.31,130.8,DRV,,,False,0,Carrier 1693589,Shipper 758,True,True,True,10/22/2017 17:00,10/23/2017 1:30,False,False,False,False,False,False,False,False,Hawkins,TX ,Hawkins,TX 
9551,206555913,9/8/2017 9:41,9/8/2017 9:41,9/18/2017 12:14,9/20/2017 17:00,9/21/2017 4:00,458.69,400.0,58.69,130.8,DRV,,,False,1,Carrier 611154,Shipper 758,True,False,False,9/20/2017 17:00,9/21/2017 1:00,False,False,False,False,False,False,False,False,Hawkins,TX ,Hawkins,TX 
9552,206555785,10/2/2017 9:02,10/2/2017 9:02,10/13/2017 10:12,10/16/2017 17:00,10/16/2017 23:00,458.69,400.0,58.69,130.8,DRV,,,False,0,Carrier 1693589,Shipper 758,True,True,True,10/16/2017 17:00,10/17/2017 1:30,False,False,False,False,False,False,False,False,Hawkins,TX ,Hawkins,TX 
9553,206554377,10/6/2017 11:10,10/6/2017 11:11,10/13/2017 10:13,10/18/2017 17:00,10/19/2017 1:25,458.69,400.0,58.69,130.8,DRV,,,False,0,Carrier 1693589,Shipper 758,True,True,True,10/18/2017 17:00,10/19/2017 1:30,False,False,False,False,False,False,False,False,Hawkins,TX ,Hawkins,TX 
9554,206551881,9/20/2017 9:51,9/20/2017 9:51,10/5/2017 13:36,10/5/2017 17:00,10/6/2017 3:00,458.69,400.0,58.69,130.8,DRV,,,False,2,Carrier 1693589,Shipper 758,True,True,True,10/5/2017 17:00,10/6/2017 1:30,False,False,False,False,False,False,False,False,Hawkins,TX ,Hawkins,TX 
9555,206554689,9/1/2017 17:04,9/1/2017 17:04,9/8/2017 9:36,9/10/2017 17:00,9/11/2017 1:30,458.69,500.0,-41.31,130.8,DRV,,,False,1,Carrier 1693589,Shipper 758,True,True,True,9/10/2017 17:00,9/11/2017 1:30,False,False,False,False,False,False,False,False,Hawkins,TX ,Hawkins,TX 
9556,206554369,9/18/2017 15:40,9/18/2017 15:40,9/20/2017 8:42,9/28/2017 17:00,9/29/2017 4:50,458.69,400.0,58.69,130.8,DRV,,,False,0,Carrier 611154,Shipper 758,True,True,True,9/28/2017 17:00,9/29/2017 1:30,False,False,False,False,False,False,False,False,Hawkins,TX ,Hawkins,TX 
9557,206659441,9/12/2017 16:20,9/12/2017 16:20,9/13/2017 8:31,9/21/2017 17:00,9/22/2017 4:00,458.69,400.0,58.69,130.8,DRV,,,False,0,Carrier 611154,Shipper 758,True,True,True,9/21/2017 17:00,9/22/2017 1:30,False,False,False,False,False,False,False,False,Hawkins,TX ,Hawkins,TX 
9558,206600857,9/18/2017 16:20,9/18/2017 16:20,9/20/2017 8:42,9/27/2017 17:00,9/28/2017 4:15,458.69,400.0,58.69,130.8,DRV,,,False,0,Carrier 611154,Shipper 758,True,True,True,9/27/2017 17:00,9/28/2017 1:30,False,False,False,False,False,False,False,False,Hawkins,TX ,Hawkins,TX 
9559,206540297,10/2/2017 9:00,10/2/2017 9:00,10/13/2017 10:14,10/15/2017 17:00,10/15/2017 21:30,458.69,500.0,-41.31,130.8,DRV,,,False,0,Carrier 1693589,Shipper 758,True,True,True,10/15/2017 17:00,10/16/2017 1:30,False,False,False,False,False,False,False,False,Hawkins,TX ,Hawkins,TX 
9560,206658017,8/29/2017 13:28,8/29/2017 13:28,8/29/2017 17:00,9/6/2017 17:00,9/7/2017 1:30,458.69,400.0,58.69,130.8,DRV,,,False,0,Carrier 1693589,Shipper 758,True,True,True,9/6/2017 17:00,9/7/2017 1:30,False,False,False,False,False,False,False,False,Hawkins,TX ,Hawkins,TX 
9561,206646953,9/20/2017 12:55,9/20/2017 12:55,10/3/2017 10:35,10/5/2017 17:00,10/9/2017 3:00,458.69,475.0,-16.31,130.8,DRV,,,False,0,Carrier 1443765,Shipper 758,False,False,False,10/5/2017 17:00,10/8/2017 21:00,False,False,False,False,False,False,False,False,Hawkins,TX ,Hawkins,TX 
9562,206600049,10/6/2017 11:21,10/6/2017 11:21,10/10/2017 20:44,10/18/2017 17:00,10/19/2017 2:30,458.69,400.0,58.69,130.8,DRV,,,False,0,Carrier 611154,Shipper 758,True,True,True,10/18/2017 17:00,10/19/2017 1:30,False,False,False,False,False,False,False,False,Hawkins,TX ,Hawkins,TX 
9563,206501505,9/20/2017 14:24,9/20/2017 14:24,10/13/2017 16:34,10/16/2017 17:00,10/17/2017 2:15,458.69,400.0,58.69,130.8,DRV,,,False,1,Carrier 611154,Shipper 758,True,True,True,10/16/2017 17:00,10/17/2017 1:30,False,False,False,False,False,False,False,False,Hawkins,TX ,Hawkins,TX 
9564,206477521,9/26/2017 9:35,9/26/2017 9:35,10/9/2017 8:50,10/10/2017 17:00,10/10/2017 23:00,458.69,450.0,8.69,130.8,DRV,,,False,0,Carrier 1556250,Shipper 758,False,True,True,10/10/2017 17:00,10/11/2017 1:30,False,False,False,False,False,False,False,False,Hawkins,TX ,Hawkins,TX 
9565,206480529,9/22/2017 9:50,9/22/2017 9:50,10/8/2017 0:05,10/8/2017 17:00,10/8/2017 23:30,458.69,430.0,28.69,130.8,DRV,,,False,0,Carrier 166414,Shipper 758,True,True,True,10/8/2017 17:00,10/9/2017 1:30,False,False,False,False,False,False,False,False,Hawkins,TX ,Hawkins,TX 
9566,206556705,10/6/2017 10:56,10/6/2017 10:56,10/10/2017 20:44,10/17/2017 17:00,10/18/2017 3:25,458.69,400.0,58.69,130.8,DRV,,,False,0,Carrier 611154,Shipper 758,True,True,True,10/17/2017 17:00,10/18/2017 1:30,False,False,False,False,False,False,False,False,Hawkins,TX ,Hawkins,TX 
9567,206554593,9/26/2017 9:47,9/26/2017 9:47,10/9/2017 11:50,10/9/2017 18:00,10/9/2017 21:10,458.69,400.0,58.69,130.8,DRV,,,False,0,Carrier 1693589,Shipper 758,True,True,True,10/9/2017 18:00,10/10/2017 1:30,False,False,False,False,False,False,False,False,Hawkins,TX ,Hawkins,TX 
9568,206553761,9/26/2017 9:15,9/26/2017 9:15,10/3/2017 17:04,10/10/2017 17:00,10/10/2017 18:40,458.69,400.0,58.69,130.8,DRV,,,False,0,Carrier 611154,Shipper 758,True,True,True,10/10/2017 17:00,10/11/2017 1:30,False,False,False,False,False,False,False,False,Hawkins,TX ,Hawkins,TX 
9569,206528217,9/27/2017 12:08,9/27/2017 12:08,10/4/2017 8:31,10/11/2017 17:00,10/12/2017 4:05,458.69,400.0,58.69,130.8,DRV,,,False,0,Carrier 611154,Shipper 758,True,False,False,10/11/2017 17:00,10/12/2017 1:30,False,False,False,False,False,False,False,False,Hawkins,TX ,Hawkins,TX 
9570,206601937,9/20/2017 9:30,9/20/2017 9:30,10/2/2017 9:51,10/3/2017 17:00,10/3/2017 21:30,458.69,400.0,58.69,130.8,DRV,,,False,0,Carrier 1693589,Shipper 758,True,True,True,10/3/2017 17:00,10/4/2017 1:30,False,False,False,False,False,False,False,False,Hawkins,TX ,Hawkins,TX 
9571,206601553,10/12/2017 11:53,10/12/2017 11:53,10/19/2017 17:10,10/25/2017 17:00,10/26/2017 2:25,458.69,400.0,58.69,130.8,DRV,,,False,0,Carrier 611154,Shipper 758,True,True,True,10/25/2017 17:00,10/26/2017 1:30,False,False,False,False,False,False,False,False,Hawkins,TX ,Hawkins,TX 
9572,206600849,9/15/2017 11:10,9/15/2017 11:10,9/26/2017 8:35,9/26/2017 17:00,9/27/2017 21:20,458.69,400.0,58.69,130.8,DRV,,,False,0,Carrier 611154,Shipper 758,True,False,False,9/26/2017 17:00,9/27/2017 1:30,False,False,False,False,False,False,False,False,Hawkins,TX ,Hawkins,TX 
9573,206556689,9/1/2017 17:08,9/1/2017 17:08,9/18/2017 8:21,9/25/2017 17:00,9/25/2017 23:30,458.69,400.0,58.69,130.8,DRV,,,False,1,Carrier 611154,Shipper 758,True,True,True,9/25/2017 17:00,9/26/2017 1:30,False,False,False,False,False,False,False,False,Hawkins,TX ,Hawkins,TX 
9574,206501273,9/26/2017 10:11,9/26/2017 10:11,10/3/2017 17:04,10/9/2017 17:00,10/10/2017 3:00,458.69,400.0,58.69,130.8,DRV,,,False,0,Carrier 611154,Shipper 758,True,True,True,10/9/2017 17:00,10/10/2017 1:30,False,False,False,False,False,False,False,False,Hawkins,TX ,Hawkins,TX 
9575,206540305,10/9/2017 11:40,10/9/2017 11:40,10/19/2017 12:51,10/30/2017 17:00,10/31/2017 2:20,458.69,400.0,58.69,130.8,DRV,,,False,0,Carrier 611154,Shipper 758,True,True,True,10/30/2017 17:00,10/31/2017 1:30,False,False,False,False,False,False,False,False,Hawkins,TX ,Hawkins,TX 
9576,206474217,9/6/2017 9:56,9/6/2017 9:56,9/6/2017 14:39,9/11/2017 17:00,9/12/2017 1:30,458.69,400.0,58.69,130.8,DRV,,,False,0,Carrier 611154,Shipper 758,True,True,True,9/11/2017 17:00,9/12/2017 1:30,False,False,False,False,False,False,False,False,Hawkins,TX ,Hawkins,TX 
9577,206708865,10/9/2017 10:02,10/9/2017 10:02,10/24/2017 11:14,10/23/2017 17:00,10/24/2017 1:30,458.69,600.0,-141.31,130.8,DRV,,,False,1,Carrier 546141,Shipper 758,True,True,True,10/23/2017 17:00,10/24/2017 1:30,False,False,False,False,False,False,False,False,Hawkins,TX ,Hawkins,TX 
9578,206652097,9/15/2017 11:32,9/15/2017 11:32,9/25/2017 14:52,9/26/2017 17:00,9/27/2017 1:30,458.69,600.0,-141.31,130.8,DRV,,,False,0,Carrier 546141,Shipper 758,True,True,True,9/26/2017 17:00,9/27/2017 1:30,False,False,False,False,False,False,False,False,Hawkins,TX ,Hawkins,TX 
9579,206425577,10/9/2017 9:38,10/9/2017 9:38,10/20/2017 8:57,10/24/2017 17:00,10/25/2017 21:45,458.69,400.0,58.69,130.8,DRV,,,False,0,Carrier 1693589,Shipper 758,True,False,False,10/24/2017 17:00,10/25/2017 1:30,False,False,False,False,False,False,False,False,Hawkins,TX ,Hawkins,TX 
9580,206500465,9/26/2017 10:24,9/26/2017 10:24,10/10/2017 20:45,10/19/2017 17:00,10/20/2017 4:30,458.69,400.0,58.69,130.8,DRV,,,False,1,Carrier 611154,Shipper 758,True,True,True,10/19/2017 17:00,10/20/2017 1:30,False,False,False,False,False,False,False,False,Hawkins,TX ,Hawkins,TX 
9581,206474009,10/9/2017 9:52,10/9/2017 9:52,10/16/2017 9:13,10/23/2017 17:00,10/24/2017 3:20,458.69,400.0,58.69,130.8,DRV,,,False,0,Carrier 611154,Shipper 758,True,True,True,10/23/2017 17:00,10/24/2017 1:30,False,False,False,False,False,False,False,False,Hawkins,TX ,Hawkins,TX 
9582,206594521,9/22/2017 9:35,9/22/2017 9:35,10/20/2017 14:14,10/22/2017 17:00,10/24/2017 22:00,458.69,600.0,-141.31,130.8,DRV,,,False,3,Carrier 546141,Shipper 758,True,True,True,10/22/2017 17:00,10/24/2017 20:00,False,False,False,False,False,False,False,False,Hawkins,TX ,Hawkins,TX 
9583,206776121,10/6/2017 10:52,10/6/2017 10:52,10/20/2017 9:30,10/22/2017 17:00,10/23/2017 2:30,458.69,600.0,-141.31,130.8,DRV,,,False,2,Carrier 546141,Shipper 758,True,True,True,10/22/2017 17:00,10/23/2017 1:30,False,False,False,False,False,False,False,False,Hawkins,TX ,Hawkins,TX 
9584,206651569,10/2/2017 9:11,10/2/2017 9:11,10/13/2017 16:07,10/15/2017 17:00,10/16/2017 3:00,458.69,600.0,-141.31,130.8,DRV,,,False,0,Carrier 546141,Shipper 758,True,True,True,10/15/2017 17:00,10/16/2017 1:30,False,False,False,False,False,False,False,False,Hawkins,TX ,Hawkins,TX 
9585,206500473,10/6/2017 10:54,10/6/2017 10:54,10/13/2017 10:13,10/17/2017 17:00,10/17/2017 23:50,458.69,400.0,58.69,130.8,DRV,,,False,0,Carrier 1693589,Shipper 758,True,True,True,10/17/2017 17:00,10/18/2017 1:30,False,False,False,False,False,False,False,False,Hawkins,TX ,Hawkins,TX 
9586,206478457,10/12/2017 14:28,10/12/2017 14:28,10/27/2017 9:25,10/29/2017 17:00,10/29/2017 21:30,458.69,500.0,-41.31,130.8,DRV,,,False,0,Carrier 1693589,Shipper 758,True,True,True,10/29/2017 17:00,10/30/2017 1:30,False,False,False,False,False,False,False,False,Hawkins,TX ,Hawkins,TX 
9587,206474233,9/22/2017 9:48,9/22/2017 9:48,10/4/2017 14:19,10/5/2017 17:00,10/6/2017 3:35,458.69,400.0,58.69,130.8,DRV,,,False,0,Carrier 611154,Shipper 758,True,True,True,10/5/2017 17:00,10/6/2017 1:30,False,False,False,False,False,False,False,False,Hawkins,TX ,Hawkins,TX 
9588,206491089,10/12/2017 11:40,10/12/2017 11:40,10/25/2017 14:47,10/26/2017 16:00,10/26/2017 23:45,458.69,400.0,58.69,130.8,DRV,,,False,1,Carrier 611154,Shipper 758,False,True,True,10/26/2017 16:00,10/27/2017 0:00,False,False,False,False,False,False,False,False,Hawkins,TX ,Hawkins,TX 
9589,206485457,10/2/2017 9:14,10/2/2017 9:14,10/16/2017 13:52,10/19/2017 17:00,10/19/2017 22:30,458.69,400.0,58.69,130.8,DRV,,,False,1,Carrier 1693589,Shipper 758,True,True,True,10/19/2017 17:00,10/20/2017 1:00,False,False,False,False,False,False,False,False,Hawkins,TX ,Hawkins,TX 
9590,206438097,10/9/2017 9:21,10/9/2017 9:21,10/16/2017 9:13,10/24/2017 17:00,10/25/2017 4:50,458.69,400.0,58.69,130.8,DRV,,,False,0,Carrier 611154,Shipper 758,True,True,True,10/24/2017 17:00,10/25/2017 1:30,False,False,False,False,False,False,False,False,Hawkins,TX ,Hawkins,TX 
9591,206648689,9/20/2017 9:39,9/20/2017 9:39,10/3/2017 10:36,10/3/2017 17:00,10/4/2017 1:35,458.69,475.0,-16.31,130.8,DRV,,,False,0,Carrier 1443765,Shipper 758,False,True,True,10/3/2017 17:00,10/4/2017 1:30,False,False,False,False,False,False,False,False,Hawkins,TX ,Hawkins,TX 
9592,206535529,10/12/2017 14:33,10/12/2017 14:33,10/27/2017 9:29,10/29/2017 17:00,10/30/2017 2:50,458.69,600.0,-141.31,130.8,DRV,,,False,0,Carrier 546141,Shipper 758,True,True,True,10/29/2017 17:00,10/30/2017 1:30,False,False,False,False,False,False,False,False,Hawkins,TX ,Hawkins,TX 
9593,206425921,9/20/2017 8:56,9/20/2017 8:56,9/29/2017 13:37,10/2/2017 17:00,10/4/2017 0:00,458.69,400.0,58.69,130.8,DRV,,,False,0,Carrier 1693589,Shipper 758,True,False,False,10/2/2017 17:00,10/3/2017 1:30,False,False,False,False,False,False,False,False,Hawkins,TX ,Hawkins,TX 
9594,206549937,9/22/2017 9:40,9/22/2017 9:40,10/9/2017 9:02,10/9/2017 14:00,10/10/2017 2:15,458.69,600.0,-141.31,130.8,DRV,,,False,1,Carrier 546141,Shipper 758,True,True,True,10/9/2017 14:00,10/10/2017 1:30,False,False,False,False,False,False,False,False,Hawkins,TX ,Hawkins,TX 
9595,206597777,9/22/2017 9:33,9/22/2017 9:33,10/8/2017 8:29,10/8/2017 17:00,10/9/2017 2:00,458.69,450.0,8.69,130.8,DRV,,,False,1,Carrier 1695544,Shipper 758,True,True,True,10/8/2017 17:00,10/9/2017 1:30,False,False,False,False,False,False,False,False,Hawkins,TX ,Hawkins,TX 
9596,206529393,9/20/2017 11:04,9/20/2017 11:04,10/3/2017 10:36,10/4/2017 17:00,10/5/2017 1:30,458.69,475.0,-16.31,130.8,DRV,,,False,0,Carrier 1443765,Shipper 758,True,True,True,10/4/2017 17:00,10/5/2017 1:30,False,False,False,False,False,False,False,False,Hawkins,TX ,Hawkins,TX 
9597,206469673,9/20/2017 9:02,9/20/2017 9:02,10/4/2017 14:24,10/5/2017 17:00,10/6/2017 4:00,458.69,600.0,-141.31,130.8,DRV,,,False,3,Carrier 546141,Shipper 758,True,False,False,10/5/2017 17:00,10/6/2017 0:00,False,False,False,False,False,False,False,False,Hawkins,TX ,Hawkins,TX 
9598,206469609,9/18/2017 18:06,9/18/2017 18:06,9/28/2017 14:38,9/28/2017 17:00,9/29/2017 4:00,458.69,600.0,-141.31,130.8,DRV,,,False,1,Carrier 546141,Shipper 758,False,True,True,9/28/2017 17:00,9/29/2017 1:30,False,False,False,False,False,False,False,False,Hawkins,TX ,Hawkins,TX 
9599,206469681,10/6/2017 11:19,10/6/2017 11:19,10/18/2017 10:13,10/18/2017 17:00,10/19/2017 3:25,458.69,600.0,-141.31,130.8,DRV,,,False,1,Carrier 546141,Shipper 758,False,True,True,10/18/2017 17:00,10/22/2017 20:00,False,False,False,False,False,False,False,False,Hawkins,TX ,Hawkins,TX 
9600,206470993,9/20/2017 9:45,9/20/2017 9:45,10/5/2017 17:56,10/9/2017 17:00,10/10/2017 2:40,458.69,400.0,58.69,130.8,DRV,,,False,1,Carrier 1695544,Shipper 758,True,True,True,10/9/2017 17:00,10/10/2017 1:30,False,False,False,False,False,False,False,False,Hawkins,TX ,Hawkins,TX 
9601,206432953,10/12/2017 14:37,10/12/2017 14:37,10/27/2017 9:30,10/29/2017 17:00,10/30/2017 2:50,458.69,600.0,-141.31,130.8,DRV,,,False,0,Carrier 546141,Shipper 758,True,True,True,10/29/2017 17:00,10/30/2017 1:30,False,False,False,False,False,False,False,False,Hawkins,TX ,Hawkins,TX 
9602,206426721,9/1/2017 17:14,9/1/2017 17:15,9/8/2017 9:35,9/10/2017 17:00,9/11/2017 1:30,458.69,600.0,-141.31,130.8,DRV,,,False,0,Carrier 546141,Shipper 758,True,True,True,9/10/2017 17:00,9/11/2017 1:30,False,False,False,False,False,False,False,False,Hawkins,TX ,Hawkins,TX 
9603,206694257,9/15/2017 10:30,9/15/2017 10:30,9/25/2017 15:33,9/25/2017 17:00,9/26/2017 3:15,458.69,500.0,-41.31,130.8,DRV,,,False,2,Carrier 804788,Shipper 758,False,True,True,9/25/2017 17:00,9/26/2017 1:30,False,False,False,False,False,False,False,False,Hawkins,TX ,Hawkins,TX 
9604,206692721,10/9/2017 9:40,10/9/2017 9:40,10/21/2017 10:06,10/24/2017 17:00,10/25/2017 23:25,458.69,450.0,8.69,130.8,DRV,,,False,0,Carrier 1056996,Shipper 758,True,True,True,10/24/2017 17:00,10/25/2017 21:00,False,False,False,False,False,False,False,False,Hawkins,TX ,Hawkins,TX 
9605,206694265,9/27/2017 11:19,9/27/2017 11:19,10/9/2017 9:35,10/11/2017 17:00,10/11/2017 22:00,458.69,450.0,8.69,130.8,DRV,,,False,0,Carrier 804788,Shipper 758,True,True,True,10/11/2017 17:00,10/12/2017 1:30,False,False,False,False,False,False,False,False,Hawkins,TX ,Hawkins,TX 
9606,206632889,10/10/2017 14:16,10/10/2017 14:16,10/20/2017 9:46,10/25/2017 17:00,10/26/2017 2:00,458.69,450.0,8.69,130.8,DRV,,,False,0,Carrier 804788,Shipper 758,True,True,True,10/25/2017 17:00,10/26/2017 1:30,False,False,False,False,False,False,False,False,Hawkins,TX ,Hawkins,TX 
9607,206633585,9/27/2017 11:29,9/27/2017 11:29,10/11/2017 10:54,10/12/2017 17:00,10/16/2017 3:00,458.69,450.0,8.69,130.8,DRV,,,False,1,Carrier 1695528,Shipper 758,True,True,True,10/12/2017 17:00,10/15/2017 21:30,False,False,False,False,False,False,False,False,Hawkins,TX ,Hawkins,TX 
9608,206632881,10/2/2017 9:07,10/2/2017 9:07,10/15/2017 14:24,10/15/2017 17:00,10/16/2017 3:00,458.69,550.0,-91.31,130.8,DRV,,,False,1,Carrier 1056996,Shipper 758,False,True,True,10/15/2017 17:00,10/16/2017 1:30,False,False,False,False,False,False,False,False,Hawkins,TX ,Hawkins,TX 
9609,206522633,10/2/2017 8:58,10/2/2017 8:58,10/11/2017 10:54,10/16/2017 17:00,10/16/2017 23:00,458.69,450.0,8.69,130.8,DRV,,,False,0,Carrier 1695528,Shipper 758,True,True,True,10/16/2017 17:00,10/17/2017 1:30,False,False,False,False,False,False,False,False,Hawkins,TX ,Hawkins,TX 
9610,206527145,10/9/2017 9:44,10/9/2017 9:44,10/21/2017 10:01,10/23/2017 17:00,10/24/2017 1:30,458.69,450.0,8.69,130.8,DRV,,,False,0,Carrier 1056996,Shipper 758,True,True,True,10/23/2017 17:00,10/24/2017 1:30,False,False,False,False,False,False,False,False,Hawkins,TX ,Hawkins,TX 
9611,206518145,10/6/2017 11:18,10/6/2017 11:18,10/16/2017 8:58,10/18/2017 17:00,10/18/2017 23:30,458.69,450.0,8.69,130.8,DRV,,,False,0,Carrier 804788,Shipper 758,True,True,True,10/18/2017 17:00,10/19/2017 1:30,False,False,False,False,False,False,False,False,Hawkins,TX ,Hawkins,TX 
9612,206696849,10/9/2017 11:25,10/9/2017 11:25,10/26/2017 11:04,10/30/2017 17:00,10/31/2017 1:45,458.69,450.0,8.69,130.8,DRV,,,False,0,Carrier 1056996,Shipper 758,True,True,True,10/30/2017 17:00,10/31/2017 1:30,False,False,False,False,False,False,False,False,Hawkins,TX ,Hawkins,TX 
9613,206475137,10/6/2017 10:51,10/6/2017 10:51,10/18/2017 10:13,10/17/2017 17:00,10/19/2017 0:00,458.69,0.0,0.0,130.8,DRV,,,False,1,Carrier 1056996,Shipper 758,True,True,True,10/17/2017 17:00,10/18/2017 22:30,False,False,False,False,False,False,False,False,Hawkins,TX ,Hawkins,TX 
9614,206586809,10/9/2017 9:34,10/9/2017 9:35,10/20/2017 9:46,10/24/2017 17:00,10/24/2017 21:00,458.69,450.0,8.69,130.8,DRV,,,False,0,Carrier 804788,Shipper 758,True,True,True,10/24/2017 17:00,10/25/2017 1:30,False,False,False,False,False,False,False,False,Hawkins,TX ,Hawkins,TX 
9615,206584249,10/9/2017 9:31,10/9/2017 9:32,10/24/2017 9:06,10/24/2017 17:00,10/25/2017 1:00,458.69,475.0,-16.31,130.8,DRV,,,False,1,Carrier 725708,Shipper 758,True,True,True,10/24/2017 17:00,10/25/2017 1:30,False,False,False,False,False,False,False,False,Hawkins,TX ,Hawkins,TX 
9616,206585233,9/26/2017 9:22,9/26/2017 9:22,10/9/2017 9:35,10/10/2017 17:00,10/11/2017 22:00,458.69,450.0,8.69,130.8,DRV,,,False,0,Carrier 804788,Shipper 758,True,False,False,10/10/2017 17:00,10/11/2017 1:30,False,False,False,False,False,False,False,False,Hawkins,TX ,Hawkins,TX 
9617,206581905,9/20/2017 8:48,9/20/2017 8:48,9/25/2017 14:54,9/26/2017 17:00,9/27/2017 3:00,458.69,450.0,8.69,130.8,DRV,,,False,0,Carrier 804788,Shipper 758,True,True,True,9/26/2017 17:00,9/27/2017 1:30,False,False,False,False,False,False,False,False,Hawkins,TX ,Hawkins,TX 
9618,206518105,10/9/2017 11:20,10/9/2017 11:20,10/24/2017 16:32,10/26/2017 17:00,10/27/2017 2:00,458.69,450.0,8.69,130.8,DRV,,,False,1,Carrier 1056996,Shipper 758,True,True,True,10/26/2017 17:00,10/27/2017 1:30,False,False,False,False,False,False,False,False,Hawkins,TX ,Hawkins,TX 
9619,206517657,10/6/2017 11:03,10/6/2017 11:03,10/16/2017 8:58,10/17/2017 17:00,10/17/2017 23:30,458.69,450.0,8.69,130.8,DRV,,,False,0,Carrier 804788,Shipper 758,True,True,True,10/17/2017 17:00,10/18/2017 1:30,False,False,False,False,False,False,False,False,Hawkins,TX ,Hawkins,TX 
9620,206509785,9/15/2017 11:21,9/15/2017 11:21,9/25/2017 9:41,9/25/2017 17:00,9/26/2017 3:00,458.69,450.0,8.69,130.8,DRV,,,False,0,Carrier 1695528,Shipper 758,True,True,True,9/25/2017 17:00,9/26/2017 1:30,False,False,False,False,False,False,False,False,Hawkins,TX ,Hawkins,TX 
9621,206526457,9/18/2017 17:59,9/18/2017 17:59,9/26/2017 9:18,9/28/2017 17:00,9/29/2017 4:00,458.69,450.0,8.69,130.8,DRV,,,False,0,Carrier 1695528,Shipper 758,True,True,True,9/28/2017 17:00,9/29/2017 1:30,False,False,False,False,False,False,False,False,Hawkins,TX ,Hawkins,TX 
9622,206544401,10/2/2017 9:09,10/2/2017 9:09,10/11/2017 10:54,10/15/2017 17:00,10/15/2017 21:00,458.69,450.0,8.69,130.8,DRV,,,False,0,Carrier 1695528,Shipper 758,True,True,True,10/15/2017 17:00,10/16/2017 1:30,False,False,False,False,False,False,False,False,Hawkins,TX ,Hawkins,TX 
9623,206543889,10/9/2017 10:08,10/9/2017 10:08,10/20/2017 9:46,10/23/2017 17:00,10/24/2017 0:00,458.69,450.0,8.69,130.8,DRV,,,False,1,Carrier 804788,Shipper 758,True,True,True,10/23/2017 17:00,10/24/2017 1:30,False,False,False,False,False,False,False,False,Hawkins,TX ,Hawkins,TX 
9624,206425129,10/2/2017 9:16,10/2/2017 9:16,10/14/2017 11:47,10/15/2017 17:00,10/16/2017 1:30,458.69,450.0,8.69,130.8,DRV,,,False,1,Carrier 1056996,Shipper 758,True,True,True,10/15/2017 17:00,10/16/2017 1:30,False,False,False,False,False,False,False,False,Hawkins,TX ,Hawkins,TX 
9625,206510009,10/6/2017 11:23,10/6/2017 11:24,10/21/2017 9:58,10/22/2017 18:00,10/23/2017 1:30,458.69,550.0,-91.31,130.8,DRV,,,False,2,Carrier 1056996,Shipper 758,True,True,True,10/22/2017 18:00,10/23/2017 1:30,False,False,False,False,False,False,False,False,Hawkins,TX ,Hawkins,TX 
9626,206497377,10/12/2017 14:16,10/12/2017 14:16,10/26/2017 11:04,10/29/2017 17:00,10/30/2017 2:30,458.69,450.0,8.69,130.8,DRV,,,False,0,Carrier 1056996,Shipper 758,True,True,True,10/29/2017 17:00,10/30/2017 1:30,False,False,False,False,False,False,False,False,Hawkins,TX ,Hawkins,TX 
9627,206440657,9/26/2017 9:58,9/26/2017 9:58,10/9/2017 9:36,10/9/2017 17:00,10/10/2017 1:30,458.69,450.0,8.69,130.8,DRV,,,False,0,Carrier 804788,Shipper 758,True,True,True,10/9/2017 17:00,10/10/2017 1:30,False,False,False,False,False,False,False,False,Hawkins,TX ,Hawkins,TX 
9628,206429713,9/18/2017 18:13,9/18/2017 18:13,9/26/2017 9:19,9/28/2017 17:00,9/29/2017 4:00,458.69,450.0,8.69,130.8,DRV,,,False,0,Carrier 1695528,Shipper 758,True,True,True,9/28/2017 17:00,9/29/2017 1:30,False,False,False,False,False,False,False,False,Hawkins,TX ,Hawkins,TX 
9629,206514361,9/26/2017 9:05,9/26/2017 9:05,10/10/2017 12:51,10/11/2017 17:00,10/11/2017 23:00,458.69,450.0,8.69,130.8,DRV,,,False,0,Carrier 1695559,Shipper 758,True,True,True,10/11/2017 17:00,10/12/2017 1:30,False,False,False,False,False,False,False,False,Hawkins,TX ,Hawkins,TX 
9630,206480993,9/26/2017 9:28,9/26/2017 9:28,10/10/2017 11:05,10/10/2017 17:00,10/11/2017 1:30,458.69,450.0,8.69,130.8,DRV,,,False,0,Carrier 1695559,Shipper 758,False,True,True,10/10/2017 17:00,10/11/2017 1:30,False,False,False,False,False,False,False,False,Hawkins,TX ,Hawkins,TX 
9631,206422993,7/17/2017 11:56,7/17/2017 11:56,7/18/2017 9:20,7/18/2017 8:00,7/18/2017 13:45,457.5,450.0,7.5,59.0,DRV,,,False,0,Carrier 1076939,Shipper 989,False,True,True,7/18/2017 10:00,7/18/2017 14:00,False,False,False,False,False,False,False,False,Broadalbin,NY ,Broadalbin,NY 
9632,206696857,10/30/2017 17:03,10/30/2017 17:03,11/7/2017 10:21,11/8/2017 14:00,11/8/2017 21:10,457.13,400.0,57.13,37.4,DRV,,,False,0,Carrier 101147,Shipper 758,True,True,True,11/8/2017 14:00,11/8/2017 19:00,False,False,False,False,False,False,False,False,Jurupa Valley,CA ,Jurupa Valley,CA 
9633,206466945,5/31/2017 15:57,5/31/2017 15:59,6/2/2017 12:55,6/2/2017 11:00,6/3/2017 10:35,455.67,1150.0,-694.33,284.9,DRV,,,False,0,Carrier 1017923,Shipper 1070,False,True,True,6/2/2017 11:00,6/3/2017 21:00,False,False,False,False,False,False,False,False,Wellton,AZ ,Wellton,AZ 
9634,206550809,8/30/2017 12:06,8/30/2017 12:06,8/30/2017 17:21,9/7/2017 17:00,9/7/2017 22:30,455.44,425.0,30.44,130.8,DRV,,,False,0,Carrier 1556250,Shipper 758,True,True,True,9/7/2017 17:00,9/8/2017 1:30,False,False,False,False,False,False,False,False,Hawkins,TX ,Hawkins,TX 
9635,206709737,8/30/2017 12:59,8/30/2017 12:59,9/7/2017 17:16,9/7/2017 17:00,9/8/2017 3:00,455.44,500.0,-44.56,130.8,DRV,,,False,1,Carrier 81011,Shipper 758,False,True,True,9/7/2017 17:00,9/8/2017 2:30,False,False,False,False,False,False,False,False,Hawkins,TX ,Hawkins,TX 
9636,206553601,8/23/2017 13:31,8/23/2017 13:31,8/23/2017 23:54,8/30/2017 17:00,8/31/2017 1:30,455.44,400.0,55.44,130.8,DRV,,,False,0,Carrier 611154,Shipper 758,True,True,True,8/30/2017 17:00,8/31/2017 1:30,False,False,False,False,False,False,False,False,Hawkins,TX ,Hawkins,TX 
9637,206484601,8/30/2017 13:06,8/30/2017 13:06,8/30/2017 15:58,9/7/2017 17:00,9/8/2017 4:00,455.44,400.0,55.44,130.8,DRV,,,False,0,Carrier 611154,Shipper 758,True,True,True,9/7/2017 17:00,9/8/2017 1:30,False,False,False,False,False,False,False,False,Hawkins,TX ,Hawkins,TX 
9638,206468321,8/30/2017 11:43,8/30/2017 11:44,9/6/2017 10:28,9/6/2017 17:00,9/7/2017 1:30,455.44,400.0,55.44,130.8,DRV,,,False,2,Carrier 611154,Shipper 758,True,True,True,9/6/2017 17:00,9/7/2017 1:30,False,False,False,False,False,False,False,False,Hawkins,TX ,Hawkins,TX 
9639,206505529,8/23/2017 8:01,8/23/2017 8:01,8/23/2017 14:35,8/24/2017 8:00,8/24/2017 14:15,455.39,450.0,5.39,50.6,DRV,,,False,0,Carrier 97236,Shipper 968,True,True,True,8/24/2017 12:00,8/24/2017 16:30,False,False,False,False,False,False,False,False,Stamford,CT ,Stamford,CT 
9640,206622073,1/3/2017 12:37,1/3/2017 12:37,1/3/2017 14:44,1/4/2017 9:00,1/5/2017 9:30,454.98,420.0,34.98,72.8,DRV,2.0,,False,0,Carrier 97236,Shipper 1078,True,True,True,1/4/2017 15:00,1/5/2017 8:00,False,False,False,False,False,False,False,False,Hackettstown,NJ ,Hackettstown,NJ 
9641,206646825,5/10/2017 14:39,5/10/2017 14:39,5/15/2017 9:17,5/15/2017 15:00,5/15/2017 21:50,454.27,425.0,29.27,130.8,DRV,,,False,0,Carrier 567581,Shipper 758,True,True,True,5/15/2017 15:00,5/16/2017 0:30,False,False,False,False,False,False,False,False,Hawkins,TX ,Hawkins,TX 
9642,206698953,8/15/2017 8:58,8/15/2017 8:58,8/16/2017 17:06,8/20/2017 17:00,8/21/2017 2:30,454.27,425.0,29.27,130.8,DRV,,,False,0,Carrier 567581,Shipper 758,True,True,True,8/20/2017 17:00,8/21/2017 1:30,False,False,False,False,False,False,False,False,Hawkins,TX ,Hawkins,TX 
9643,206645209,8/8/2017 13:01,8/8/2017 13:01,8/8/2017 14:17,8/14/2017 17:00,8/15/2017 4:15,454.27,425.0,29.27,130.8,DRV,,,False,0,Carrier 567581,Shipper 758,True,True,True,8/14/2017 17:00,8/15/2017 1:30,False,False,False,False,False,False,False,False,Hawkins,TX ,Hawkins,TX 
9644,206645145,3/10/2017 13:07,3/10/2017 13:07,3/14/2017 8:30,3/14/2017 20:00,3/15/2017 7:00,454.27,425.0,29.27,130.8,DRV,,,False,0,Carrier 567581,Shipper 758,False,True,True,3/14/2017 20:00,3/15/2017 9:15,False,False,False,False,False,False,False,False,Hawkins,TX ,Hawkins,TX 
9645,206628201,8/15/2017 8:48,8/15/2017 8:48,8/15/2017 14:59,8/20/2017 17:00,8/21/2017 2:30,454.27,500.0,-45.73,130.8,DRV,,,False,0,Carrier 1556250,Shipper 758,False,True,True,8/20/2017 17:00,8/21/2017 1:30,False,False,False,False,False,False,False,False,Hawkins,TX ,Hawkins,TX 
9646,206646793,3/7/2017 10:24,3/7/2017 10:24,3/13/2017 11:23,3/13/2017 19:00,3/14/2017 7:30,454.27,400.0,54.27,130.8,DRV,,,False,1,Carrier 1278326,Shipper 758,True,True,True,3/13/2017 19:00,3/14/2017 8:00,False,False,False,False,False,False,False,False,Hawkins,TX ,Hawkins,TX 
9647,206643017,3/29/2017 18:04,3/29/2017 18:04,4/7/2017 11:19,4/9/2017 15:00,4/10/2017 8:15,454.27,425.0,29.27,130.8,DRV,4.0,,False,0,Carrier 567581,Shipper 758,True,True,True,4/9/2017 15:00,4/10/2017 8:00,False,False,False,False,False,False,False,False,Hawkins,TX ,Hawkins,TX 
9648,206641097,3/31/2017 17:37,3/31/2017 17:37,4/19/2017 10:13,4/19/2017 19:00,4/20/2017 10:00,454.27,425.0,29.27,130.8,DRV,4.0,,False,1,Carrier 567581,Shipper 758,True,True,True,4/19/2017 19:00,4/20/2017 8:00,False,False,False,False,False,False,False,False,Hawkins,TX ,Hawkins,TX 
9649,206640521,3/28/2017 15:02,3/28/2017 15:02,4/11/2017 12:38,4/11/2017 19:00,4/12/2017 8:00,454.27,425.0,29.27,130.8,DRV,4.0,,False,1,Carrier 567581,Shipper 758,True,True,True,4/11/2017 19:00,4/12/2017 8:00,False,False,False,False,False,False,False,False,Hawkins,TX ,Hawkins,TX 
9650,206592073,6/12/2017 18:11,6/12/2017 18:11,6/19/2017 8:14,6/19/2017 15:00,6/20/2017 2:30,454.27,425.0,29.27,130.8,DRV,,,False,0,Carrier 567581,Shipper 758,False,False,False,6/19/2017 15:00,6/20/2017 0:00,False,False,False,False,False,False,False,False,Hawkins,TX ,Hawkins,TX 
9651,206589321,3/7/2017 10:24,3/7/2017 10:24,3/13/2017 8:51,3/13/2017 14:00,3/14/2017 8:30,454.27,425.0,29.27,130.8,DRV,3.0,,False,0,Carrier 567581,Shipper 758,True,True,True,3/13/2017 14:00,3/14/2017 8:00,False,False,False,False,False,False,False,False,Hawkins,TX ,Hawkins,TX 
9652,206587785,8/3/2017 11:37,8/3/2017 11:37,8/8/2017 14:18,8/9/2017 17:00,8/10/2017 3:30,454.27,425.0,29.27,130.8,DRV,,,False,1,Carrier 567581,Shipper 758,True,True,True,8/9/2017 17:00,8/10/2017 1:30,False,False,False,False,False,False,False,False,Hawkins,TX ,Hawkins,TX 
9653,206588329,2/20/2017 16:44,2/20/2017 16:44,2/24/2017 7:55,2/26/2017 16:00,2/27/2017 12:30,454.27,785.0,-330.73,0.0,DRV,,,False,0,Carrier 567581,Shipper 758,True,False,False,2/26/2017 16:00,2/27/2017 10:00,False,False,False,False,False,False,False,False,Hawkins,TX ,Hawkins,TX 
9654,206702257,8/8/2017 12:53,8/8/2017 12:53,8/8/2017 14:17,8/13/2017 17:00,8/14/2017 1:30,454.27,425.0,29.27,130.8,DRV,,,False,0,Carrier 567581,Shipper 758,True,True,True,8/13/2017 17:00,8/14/2017 1:30,False,False,False,False,False,False,False,False,Hawkins,TX ,Hawkins,TX 
9655,206534985,6/9/2017 9:52,6/9/2017 9:52,6/14/2017 16:26,6/15/2017 16:00,6/16/2017 2:00,454.27,425.0,29.27,130.8,DRV,,,False,0,Carrier 567581,Shipper 758,True,True,True,6/15/2017 16:00,6/16/2017 1:00,False,False,False,False,False,False,False,False,Hawkins,TX ,Hawkins,TX 
9656,206587737,2/27/2017 17:37,2/27/2017 17:38,3/2/2017 12:11,3/5/2017 19:00,3/6/2017 12:30,454.27,425.0,29.27,130.8,DRV,,,False,0,Carrier 567581,Shipper 758,True,True,True,3/5/2017 19:00,3/6/2017 10:00,False,False,False,False,False,False,False,False,Hawkins,TX ,Hawkins,TX 
9657,206548073,6/1/2017 18:56,6/1/2017 18:56,6/5/2017 8:25,6/7/2017 14:00,6/8/2017 3:00,454.27,425.0,29.27,130.8,DRV,,,False,0,Carrier 567581,Shipper 758,True,True,True,6/7/2017 14:00,6/7/2017 23:00,False,False,False,False,False,False,False,False,Hawkins,TX ,Hawkins,TX 
9658,206544873,2/15/2017 11:04,2/15/2017 11:04,2/20/2017 9:45,2/21/2017 16:00,2/22/2017 9:30,454.27,425.0,29.27,0.0,DRV,4.0,,False,0,Carrier 567581,Shipper 758,True,True,True,2/21/2017 16:00,2/22/2017 7:00,False,False,False,False,False,False,False,False,Hawkins,TX ,Hawkins,TX 
9659,206523785,5/10/2017 15:23,5/10/2017 15:23,5/15/2017 9:17,5/16/2017 14:00,5/17/2017 0:30,454.27,425.0,29.27,130.8,DRV,,,False,0,Carrier 567581,Shipper 758,True,True,True,5/16/2017 14:00,5/16/2017 23:00,False,False,False,False,False,False,False,False,Hawkins,TX ,Hawkins,TX 
9660,206522377,2/28/2017 18:44,2/28/2017 18:44,3/6/2017 11:03,3/6/2017 17:00,3/7/2017 11:25,454.27,425.0,29.27,130.8,DRV,,,False,0,Carrier 567581,Shipper 758,False,True,True,3/6/2017 17:00,3/7/2017 9:00,False,False,False,False,False,False,False,False,Hawkins,TX ,Hawkins,TX 
9661,206496713,2/20/2017 16:46,2/20/2017 16:46,2/24/2017 7:55,2/26/2017 16:00,2/27/2017 9:30,454.27,665.0,-210.73,0.0,DRV,,,False,0,Carrier 567581,Shipper 758,True,True,True,2/26/2017 16:00,2/27/2017 9:00,False,False,False,False,False,False,False,False,Hawkins,TX ,Hawkins,TX 
9662,206489865,5/3/2017 11:51,5/3/2017 11:51,5/7/2017 12:30,5/7/2017 16:00,5/8/2017 3:00,454.27,500.0,-45.73,130.8,DRV,3.0,,False,1,Carrier 567581,Shipper 758,True,True,True,5/7/2017 16:00,5/8/2017 1:00,False,False,False,False,False,False,False,False,Hawkins,TX ,Hawkins,TX 
9663,206533673,8/18/2017 8:38,8/18/2017 8:38,8/18/2017 13:56,8/23/2017 17:00,8/24/2017 1:30,454.27,425.0,29.27,130.8,DRV,,,False,0,Carrier 567581,Shipper 758,True,True,True,8/23/2017 17:00,8/24/2017 1:30,False,False,False,False,False,False,False,False,Hawkins,TX ,Hawkins,TX 
9664,206628417,3/6/2017 12:38,3/6/2017 12:38,3/12/2017 16:47,3/12/2017 17:00,3/13/2017 10:15,454.27,500.0,-45.73,130.8,DRV,4.0,,False,1,Carrier 16525,Shipper 758,False,True,True,3/12/2017 17:00,3/13/2017 8:00,False,False,False,False,False,False,False,False,Hawkins,TX ,Hawkins,TX 
9665,206578921,8/8/2017 12:57,8/8/2017 12:57,8/9/2017 12:26,8/14/2017 16:00,8/15/2017 23:30,454.27,405.0,49.27,130.8,DRV,,,False,0,Carrier 1556250,Shipper 758,False,True,True,8/14/2017 16:00,8/15/2017 21:00,False,False,False,False,False,False,False,False,Hawkins,TX ,Hawkins,TX 
9666,206685873,8/22/2017 8:40,8/22/2017 8:40,8/29/2017 9:46,8/31/2017 16:00,9/1/2017 1:00,454.27,425.0,29.27,130.8,DRV,,,False,1,Carrier 1556250,Shipper 758,False,True,True,8/31/2017 16:00,9/1/2017 1:00,False,False,False,False,False,False,False,False,Hawkins,TX ,Hawkins,TX 
9667,206690273,3/28/2017 15:00,3/28/2017 15:00,4/7/2017 10:42,4/10/2017 20:00,4/11/2017 8:00,454.27,425.0,29.27,130.8,DRV,4.0,,False,0,Carrier 1556250,Shipper 758,True,True,True,4/10/2017 20:00,4/11/2017 8:00,False,False,False,False,False,False,False,False,Hawkins,TX ,Hawkins,TX 
9668,206688609,5/30/2017 19:31,5/30/2017 19:31,6/2/2017 14:56,6/1/2017 11:00,6/2/2017 0:55,454.27,425.0,29.27,130.8,DRV,,,False,1,Carrier 1556250,Shipper 758,True,True,True,6/8/2017 13:00,6/2/2017 0:00,False,False,False,False,False,False,False,False,Hawkins,TX ,Hawkins,TX 
9669,206578905,6/13/2017 9:10,6/13/2017 9:10,6/14/2017 17:24,6/18/2017 17:00,6/18/2017 21:30,454.27,500.0,-45.73,130.8,DRV,,,False,0,Carrier 1556250,Shipper 758,True,True,True,6/18/2017 17:00,6/19/2017 1:30,False,False,False,False,False,False,False,False,Hawkins,TX ,Hawkins,TX 
9670,206541057,5/11/2017 14:25,5/11/2017 14:25,5/18/2017 9:25,5/18/2017 14:00,5/19/2017 0:55,454.27,425.0,29.27,130.8,DRV,2.0,,False,0,Carrier 1556250,Shipper 758,True,True,True,5/18/2017 14:00,5/19/2017 0:00,False,False,False,False,False,False,False,False,Hawkins,TX ,Hawkins,TX 
9671,206504873,4/5/2017 10:15,4/5/2017 10:15,4/13/2017 17:37,4/13/2017 17:00,4/14/2017 11:30,454.27,500.0,-45.73,130.8,DRV,4.0,,False,1,Carrier 1583922,Shipper 758,False,True,True,4/13/2017 17:00,4/14/2017 9:00,False,False,False,False,False,False,False,False,Hawkins,TX ,Hawkins,TX 
9672,206576433,8/8/2017 12:42,8/8/2017 12:42,8/9/2017 12:26,8/13/2017 16:00,8/14/2017 2:30,454.27,500.0,-45.73,130.8,DRV,,,False,0,Carrier 1556250,Shipper 758,True,True,True,8/13/2017 16:00,8/14/2017 0:30,False,False,False,False,False,False,False,False,Hawkins,TX ,Hawkins,TX 
9673,206619401,3/6/2017 12:37,3/6/2017 12:37,3/10/2017 12:33,3/12/2017 19:00,3/13/2017 12:00,454.27,450.0,4.27,130.8,DRV,3.0,,False,0,Carrier 1269258,Shipper 758,True,True,True,3/12/2017 19:00,3/13/2017 8:00,False,False,False,False,False,False,False,False,Hawkins,TX ,Hawkins,TX 
9674,206618305,3/29/2017 18:11,3/29/2017 18:11,4/12/2017 17:16,4/12/2017 17:00,4/13/2017 8:30,454.27,600.0,-145.73,130.8,DRV,,,False,1,Carrier 735522,Shipper 758,False,True,True,4/12/2017 17:00,4/13/2017 7:00,False,False,False,False,False,False,False,False,Hawkins,TX ,Hawkins,TX 
9675,206567105,3/27/2017 15:27,3/27/2017 15:27,4/5/2017 18:20,4/6/2017 19:00,4/7/2017 9:00,454.27,400.0,54.27,130.8,DRV,4.0,,False,0,Carrier 735522,Shipper 758,True,True,True,4/6/2017 19:00,4/7/2017 7:00,False,False,False,False,False,False,False,False,Hawkins,TX ,Hawkins,TX 
9676,206667569,3/27/2017 15:06,3/27/2017 15:06,4/4/2017 10:36,4/4/2017 19:00,4/5/2017 9:00,454.27,400.0,54.27,130.8,DRV,,,False,0,Carrier 735522,Shipper 758,True,True,True,4/4/2017 19:00,4/5/2017 7:00,False,False,False,False,False,False,False,False,Hawkins,TX ,Hawkins,TX 
9677,206667169,4/5/2017 16:36,4/5/2017 16:37,4/21/2017 15:18,4/25/2017 19:00,4/26/2017 9:15,454.27,450.0,4.27,130.8,DRV,3.0,,False,0,Carrier 1269258,Shipper 758,True,True,True,4/25/2017 19:00,4/26/2017 7:00,False,False,False,False,False,False,False,False,Hawkins,TX ,Hawkins,TX 
9678,206528969,4/25/2017 9:14,4/25/2017 9:15,4/28/2017 12:31,5/1/2017 14:00,5/1/2017 23:50,454.27,425.0,29.27,130.8,DRV,3.0,,False,0,Carrier 1695237,Shipper 758,True,True,True,5/1/2017 14:00,5/1/2017 23:00,False,False,False,False,False,False,False,False,Hawkins,TX ,Hawkins,TX 
9679,206501705,3/30/2017 15:49,3/30/2017 15:49,4/4/2017 13:51,4/5/2017 19:00,4/6/2017 8:30,454.27,400.0,54.27,130.8,DRV,,,False,0,Carrier 735522,Shipper 758,True,True,True,4/5/2017 19:00,4/6/2017 7:00,False,False,False,False,False,False,False,False,Hawkins,TX ,Hawkins,TX 
9680,206501385,3/28/2017 14:56,3/28/2017 14:56,4/10/2017 10:40,4/10/2017 17:00,4/11/2017 8:45,454.27,400.0,54.27,130.8,DRV,3.0,,False,0,Carrier 735522,Shipper 758,True,True,True,4/10/2017 17:00,4/11/2017 8:00,False,False,False,False,False,False,False,False,Hawkins,TX ,Hawkins,TX 
9681,206533353,6/13/2017 9:08,6/13/2017 9:09,6/16/2017 13:13,6/18/2017 14:00,6/18/2017 21:30,454.27,500.0,-45.73,130.8,DRV,,,False,1,Carrier 654897,Shipper 758,True,True,True,6/18/2017 14:00,6/18/2017 23:00,False,False,False,False,False,False,False,False,Hawkins,TX ,Hawkins,TX 
9682,206538881,3/27/2017 15:12,3/27/2017 15:12,4/5/2017 11:34,4/5/2017 19:00,4/6/2017 8:15,454.27,450.0,4.27,130.8,DRV,4.0,,False,0,Carrier 1269258,Shipper 758,True,True,True,4/5/2017 19:00,4/6/2017 7:00,False,False,False,False,False,False,False,False,Hawkins,TX ,Hawkins,TX 
9683,206531585,3/31/2017 17:28,3/31/2017 17:28,4/17/2017 12:29,4/19/2017 18:00,4/20/2017 9:00,454.27,400.0,54.27,130.8,DRV,,,False,0,Carrier 735522,Shipper 758,True,True,True,4/19/2017 18:00,4/20/2017 7:00,False,False,False,False,False,False,False,False,Hawkins,TX ,Hawkins,TX 
9684,206514729,6/2/2017 18:02,6/2/2017 18:02,6/8/2017 10:22,6/8/2017 13:00,6/8/2017 22:00,454.27,450.0,4.27,130.8,DRV,,,False,0,Carrier 753660,Shipper 758,False,True,True,6/8/2017 13:00,6/8/2017 22:00,False,False,False,False,False,False,False,False,Hawkins,TX ,Hawkins,TX 
9685,206523753,4/18/2017 11:18,4/18/2017 11:18,5/8/2017 11:43,5/8/2017 15:00,5/9/2017 0:00,454.27,425.0,29.27,130.8,DRV,,,False,1,Carrier 567581,Shipper 758,False,True,True,5/8/2017 15:00,5/9/2017 0:30,False,False,False,False,False,False,False,False,Hawkins,TX ,Hawkins,TX 
9686,206518057,4/11/2017 12:36,4/11/2017 12:36,4/14/2017 11:53,4/16/2017 15:00,4/17/2017 7:00,454.27,425.0,29.27,130.8,DRV,3.0,,False,1,Carrier 567581,Shipper 758,True,True,True,4/16/2017 15:00,4/17/2017 8:00,False,False,False,False,False,False,False,False,Hawkins,TX ,Hawkins,TX 
9687,206504553,8/3/2017 11:28,8/3/2017 11:28,8/8/2017 14:18,8/9/2017 16:00,8/10/2017 2:30,454.27,425.0,29.27,130.8,DRV,,,False,1,Carrier 567581,Shipper 758,True,True,True,8/9/2017 16:00,8/10/2017 0:30,False,False,False,False,False,False,False,False,Hawkins,TX ,Hawkins,TX 
9688,206520513,3/1/2017 10:23,3/1/2017 10:23,3/6/2017 16:58,3/7/2017 15:00,3/8/2017 7:45,454.27,425.0,29.27,130.8,DRV,,,False,0,Carrier 1475092,Shipper 758,True,True,True,3/7/2017 15:00,3/8/2017 7:00,False,False,False,False,False,False,False,False,Hawkins,TX ,Hawkins,TX 
9689,206644497,2/27/2017 17:45,2/27/2017 17:46,3/2/2017 11:57,3/5/2017 19:00,3/6/2017 16:30,454.27,435.0,19.27,130.8,DRV,,,False,0,Carrier 505379,Shipper 758,True,False,False,3/5/2017 19:00,3/6/2017 10:00,False,False,False,False,False,False,False,False,Hawkins,TX ,Hawkins,TX 
9690,206589665,3/28/2017 14:55,3/28/2017 14:55,4/8/2017 14:08,4/10/2017 16:00,4/11/2017 7:00,454.27,400.0,54.27,130.8,DRV,4.0,,False,0,Carrier 1278326,Shipper 758,True,True,True,4/10/2017 16:00,4/11/2017 7:00,False,False,False,False,False,False,False,False,Hawkins,TX ,Hawkins,TX 
9691,206589689,4/25/2017 9:20,4/25/2017 9:21,4/27/2017 11:13,4/30/2017 13:00,4/30/2017 23:00,454.27,530.5,-76.23,130.8,DRV,,,False,0,Carrier 567581,Shipper 758,True,True,True,4/30/2017 13:00,4/30/2017 23:00,False,False,False,False,False,False,False,False,Hawkins,TX ,Hawkins,TX 
9692,206497961,5/10/2017 15:42,5/10/2017 15:42,5/15/2017 9:18,5/17/2017 13:00,5/18/2017 0:00,454.27,425.0,29.27,130.8,DRV,,,False,0,Carrier 567581,Shipper 758,True,True,True,5/17/2017 13:00,5/17/2017 22:00,False,False,False,False,False,False,False,False,Hawkins,TX ,Hawkins,TX 
9693,206533593,6/12/2017 11:18,6/12/2017 11:18,6/14/2017 10:49,6/14/2017 14:00,6/14/2017 23:30,454.27,425.0,29.27,130.8,DRV,,,False,0,Carrier 567581,Shipper 758,True,True,True,6/14/2017 14:00,6/14/2017 23:00,False,False,False,False,False,False,False,False,Hawkins,TX ,Hawkins,TX 
9694,206532953,4/18/2017 17:40,4/18/2017 17:40,4/21/2017 14:54,4/24/2017 19:00,4/25/2017 11:30,454.27,425.0,29.27,130.8,DRV,4.0,,False,0,Carrier 567581,Shipper 758,True,True,True,4/24/2017 19:00,4/25/2017 9:00,False,False,False,False,False,False,False,False,Hawkins,TX ,Hawkins,TX 
9695,206577617,4/20/2017 8:32,4/20/2017 8:33,5/15/2017 9:45,5/16/2017 19:00,5/18/2017 1:00,454.27,625.0,-170.73,130.8,DRV,,,False,1,Carrier 1556250,Shipper 758,True,True,True,5/16/2017 19:00,5/17/2017 1:30,False,False,False,False,False,False,False,False,Hawkins,TX ,Hawkins,TX 
9696,206575633,5/10/2017 15:26,5/10/2017 15:26,5/16/2017 9:26,5/16/2017 14:00,5/16/2017 20:40,454.27,450.0,4.27,130.8,DRV,,,False,0,Carrier 964546,Shipper 758,True,True,True,5/16/2017 14:00,5/16/2017 22:00,False,False,False,False,False,False,False,False,Hawkins,TX ,Hawkins,TX 
9697,206550801,8/15/2017 8:56,8/15/2017 8:56,8/15/2017 14:59,8/24/2017 17:00,8/25/2017 1:30,454.27,500.0,-45.73,130.8,DRV,,,False,0,Carrier 1556250,Shipper 758,True,True,True,8/24/2017 17:00,8/25/2017 1:30,False,False,False,False,False,False,False,False,Hawkins,TX ,Hawkins,TX 
9698,206533561,3/6/2017 14:29,3/6/2017 14:29,3/7/2017 17:02,3/9/2017 19:00,3/10/2017 10:00,454.27,425.0,29.27,130.8,DRV,3.0,,False,0,Carrier 1475092,Shipper 758,True,True,True,3/9/2017 19:00,3/10/2017 9:00,False,False,False,False,False,False,False,False,Hawkins,TX ,Hawkins,TX 
9699,206532025,8/15/2017 8:57,8/15/2017 8:57,8/16/2017 17:06,8/21/2017 17:00,8/22/2017 1:30,454.27,425.0,29.27,130.8,DRV,,,False,0,Carrier 567581,Shipper 758,True,True,True,8/21/2017 17:00,8/22/2017 1:30,False,False,False,False,False,False,False,False,Hawkins,TX ,Hawkins,TX 
9700,206592721,3/17/2017 15:46,3/17/2017 15:46,3/28/2017 10:49,3/23/2017 21:00,3/28/2017 10:50,454.27,450.0,4.27,130.8,DRV,,,False,1,Carrier 1021797,Shipper 758,False,True,True,3/23/2017 21:00,3/29/2017 11:00,False,False,False,False,False,False,False,False,Hawkins,TX ,Hawkins,TX 
9701,206548017,2/15/2017 11:07,2/15/2017 11:07,2/20/2017 9:47,2/21/2017 17:00,2/22/2017 7:45,454.27,425.0,29.27,0.0,DRV,3.0,,False,0,Carrier 567581,Shipper 758,True,True,True,2/21/2017 17:00,2/22/2017 7:00,False,False,False,False,False,False,False,False,Hawkins,TX ,Hawkins,TX 
9702,206512345,3/1/2017 10:26,3/1/2017 10:26,3/7/2017 8:50,3/7/2017 17:00,3/8/2017 10:30,454.27,425.0,29.27,130.8,DRV,,,False,0,Carrier 567581,Shipper 758,True,True,True,3/7/2017 17:00,3/8/2017 8:00,False,False,False,False,False,False,False,False,Hawkins,TX ,Hawkins,TX 
9703,206473385,4/7/2017 12:56,4/7/2017 12:56,4/13/2017 10:45,4/13/2017 17:00,4/14/2017 10:30,454.27,425.0,29.27,130.8,DRV,,,False,0,Carrier 567581,Shipper 758,True,True,True,4/13/2017 17:00,4/14/2017 8:00,False,False,False,False,False,False,False,False,Hawkins,TX ,Hawkins,TX 
9704,206472041,4/25/2017 9:28,4/25/2017 9:29,4/28/2017 12:56,5/1/2017 13:00,5/1/2017 21:00,454.27,425.0,29.27,130.8,DRV,3.0,,False,1,Carrier 567581,Shipper 758,True,True,True,5/1/2017 13:00,5/1/2017 23:00,False,False,False,False,False,False,False,False,Hawkins,TX ,Hawkins,TX 
9705,206433513,4/5/2017 16:50,4/5/2017 16:50,4/25/2017 11:17,4/26/2017 19:00,4/27/2017 7:00,454.27,425.0,29.27,130.8,DRV,3.0,,False,0,Carrier 567581,Shipper 758,True,True,True,4/26/2017 19:00,4/27/2017 7:00,False,False,False,False,False,False,False,False,Hawkins,TX ,Hawkins,TX 
9706,206473097,2/23/2017 18:08,2/23/2017 18:08,2/28/2017 9:55,3/1/2017 15:00,3/2/2017 10:00,454.27,425.0,29.27,0.0,DRV,,,False,0,Carrier 567581,Shipper 758,True,True,True,3/1/2017 15:00,3/2/2017 8:00,False,False,False,False,False,False,False,False,Hawkins,TX ,Hawkins,TX 
9707,206544673,8/15/2017 9:04,8/15/2017 9:04,8/15/2017 14:59,8/21/2017 17:00,8/22/2017 1:30,454.27,425.0,29.27,130.8,DRV,,,False,0,Carrier 1556250,Shipper 758,True,True,True,8/21/2017 17:00,8/22/2017 1:30,False,False,False,False,False,False,False,False,Hawkins,TX ,Hawkins,TX 
9708,206519737,3/30/2017 14:44,3/30/2017 14:44,4/10/2017 15:45,4/11/2017 19:00,4/12/2017 9:00,454.27,425.0,29.27,130.8,DRV,3.0,,False,0,Carrier 539420,Shipper 758,True,True,True,4/11/2017 19:00,4/12/2017 6:45,False,False,False,False,False,False,False,False,Hawkins,TX ,Hawkins,TX 
9709,206475625,8/3/2017 11:36,8/3/2017 11:36,8/4/2017 10:52,8/9/2017 17:00,8/9/2017 23:30,454.27,425.0,29.27,130.8,DRV,,,False,0,Carrier 1556250,Shipper 758,True,True,True,8/9/2017 17:00,8/10/2017 1:30,False,False,False,False,False,False,False,False,Hawkins,TX ,Hawkins,TX 
9710,206482609,8/18/2017 8:54,8/18/2017 8:54,8/18/2017 12:13,8/23/2017 17:00,8/24/2017 1:30,454.27,425.0,29.27,130.8,DRV,,,False,0,Carrier 1556250,Shipper 758,True,True,True,8/23/2017 17:00,8/24/2017 1:30,False,False,False,False,False,False,False,False,Hawkins,TX ,Hawkins,TX 
9711,206478129,3/29/2017 18:14,3/29/2017 18:15,4/7/2017 10:42,4/9/2017 17:00,4/10/2017 8:00,454.27,425.0,29.27,130.8,DRV,4.0,,False,0,Carrier 1556250,Shipper 758,True,True,True,4/9/2017 17:00,4/10/2017 8:00,False,False,False,False,False,False,False,False,Hawkins,TX ,Hawkins,TX 
9712,206475633,8/8/2017 12:44,8/8/2017 12:44,8/9/2017 12:26,8/13/2017 17:00,8/14/2017 3:30,454.27,500.0,-45.73,130.8,DRV,,,False,0,Carrier 1556250,Shipper 758,True,True,True,8/13/2017 17:00,8/14/2017 1:30,False,False,False,False,False,False,False,False,Hawkins,TX ,Hawkins,TX 
9713,206473433,6/1/2017 18:49,6/1/2017 18:49,6/5/2017 8:25,6/6/2017 13:00,6/7/2017 1:30,454.27,425.0,29.27,130.8,DRV,,,False,0,Carrier 567581,Shipper 758,True,True,True,6/6/2017 13:00,6/6/2017 23:00,False,False,False,False,False,False,False,False,Hawkins,TX ,Hawkins,TX 
9714,206473369,3/28/2017 15:06,3/28/2017 15:06,4/12/2017 12:49,4/12/2017 19:00,4/13/2017 7:00,454.27,425.0,29.27,130.8,DRV,4.0,,False,0,Carrier 567581,Shipper 758,True,True,True,4/12/2017 19:00,4/13/2017 8:00,False,False,False,False,False,False,False,False,Hawkins,TX ,Hawkins,TX 
9715,206422793,3/6/2017 12:36,3/6/2017 12:37,3/9/2017 13:02,3/12/2017 15:00,3/13/2017 9:30,454.27,425.0,29.27,130.8,DRV,3.0,,False,0,Carrier 567581,Shipper 758,True,True,True,3/12/2017 15:00,3/13/2017 8:00,False,False,False,False,False,False,False,False,Hawkins,TX ,Hawkins,TX 
9716,206506361,8/15/2017 8:50,8/15/2017 8:55,8/16/2017 17:06,8/20/2017 17:00,8/21/2017 2:30,454.27,425.0,29.27,130.8,DRV,,,False,0,Carrier 567581,Shipper 758,True,True,True,8/20/2017 17:00,8/21/2017 1:30,False,False,False,False,False,False,False,False,Hawkins,TX ,Hawkins,TX 
9717,206472057,6/2/2017 18:01,6/2/2017 18:01,6/6/2017 14:33,6/8/2017 15:00,6/9/2017 0:55,454.27,425.0,29.27,130.8,DRV,,,False,0,Carrier 567581,Shipper 758,True,True,True,6/8/2017 15:00,6/9/2017 0:00,False,False,False,False,False,False,False,False,Hawkins,TX ,Hawkins,TX 
9718,206472945,3/6/2017 14:30,3/6/2017 14:30,3/7/2017 15:08,3/8/2017 19:00,3/9/2017 7:45,454.27,425.0,29.27,130.8,DRV,4.0,,False,0,Carrier 567581,Shipper 758,True,True,True,3/8/2017 19:00,3/9/2017 9:00,False,False,False,False,False,False,False,False,Hawkins,TX ,Hawkins,TX 
9719,206427185,4/5/2017 9:23,4/5/2017 9:24,4/17/2017 10:09,4/17/2017 18:00,4/18/2017 8:00,454.27,425.0,29.27,130.8,DRV,3.0,,False,1,Carrier 567581,Shipper 758,True,True,True,4/17/2017 18:00,4/18/2017 12:00,False,False,False,False,False,False,False,False,Hawkins,TX ,Hawkins,TX 
9720,206422353,2/28/2017 18:49,2/28/2017 18:49,3/6/2017 12:29,3/6/2017 15:00,3/7/2017 10:30,454.27,425.0,29.27,130.8,DRV,,,False,1,Carrier 21120,Shipper 758,False,True,True,3/6/2017 15:00,3/7/2017 8:00,False,False,False,False,False,False,False,False,Hawkins,TX ,Hawkins,TX 
9721,206433537,6/12/2017 11:08,6/12/2017 11:09,6/19/2017 9:46,6/19/2017 13:00,6/19/2017 21:40,454.27,425.0,29.27,130.8,DRV,,,False,2,Carrier 1278326,Shipper 758,True,True,True,6/19/2017 13:00,6/20/2017 0:30,False,False,False,False,False,False,False,False,Hawkins,TX ,Hawkins,TX 
9722,206659433,8/8/2017 12:56,8/8/2017 12:56,8/28/2017 9:39,8/28/2017 17:00,8/29/2017 1:30,454.27,400.0,54.27,130.8,DRV,,,False,3,Carrier 611154,Shipper 758,True,True,True,8/28/2017 17:00,8/29/2017 1:30,False,False,False,False,False,False,False,False,Hawkins,TX ,Hawkins,TX 
9723,206774985,3/31/2017 17:16,3/31/2017 17:16,4/17/2017 12:28,4/18/2017 19:00,4/19/2017 7:59,454.27,425.0,29.27,130.8,DRV,,,False,0,Carrier 1065016,Shipper 758,True,True,True,4/18/2017 19:00,4/19/2017 8:00,False,False,False,False,False,False,False,False,Hawkins,TX ,Hawkins,TX 
9724,206775001,4/18/2017 11:25,4/18/2017 11:25,5/10/2017 13:01,5/10/2017 14:00,5/11/2017 0:55,454.27,600.0,-145.73,130.8,DRV,3.0,,False,1,Carrier 546141,Shipper 758,False,True,True,5/10/2017 14:00,5/10/2017 23:00,False,False,False,False,False,False,False,False,Hawkins,TX ,Hawkins,TX 
9725,206658369,8/8/2017 12:55,8/8/2017 12:55,8/25/2017 11:43,8/28/2017 17:00,8/28/2017 21:30,454.27,400.0,54.27,130.8,DRV,,,False,2,Carrier 1693589,Shipper 758,True,True,True,8/28/2017 17:00,8/29/2017 1:30,False,False,False,False,False,False,False,False,Hawkins,TX ,Hawkins,TX 
9726,206653121,6/2/2017 18:00,6/2/2017 18:00,6/5/2017 15:48,6/8/2017 16:00,6/8/2017 23:50,454.27,400.0,54.27,130.8,DRV,,,False,0,Carrier 1693589,Shipper 758,True,True,True,6/8/2017 16:00,6/9/2017 1:30,False,False,False,False,False,False,False,False,Hawkins,TX ,Hawkins,TX 
9727,206601473,6/1/2017 9:12,6/1/2017 9:12,6/6/2017 10:17,6/6/2017 19:00,6/7/2017 2:25,454.27,400.0,54.27,130.8,DRV,,,False,0,Carrier 611154,Shipper 758,True,True,True,6/6/2017 19:00,6/7/2017 1:30,False,False,False,False,False,False,False,False,Hawkins,TX ,Hawkins,TX 
9728,206553673,3/15/2017 13:25,3/15/2017 13:25,3/24/2017 12:43,3/27/2017 16:00,3/28/2017 9:45,454.27,450.0,4.27,130.8,DRV,,,False,1,Carrier 611154,Shipper 758,True,True,True,3/27/2017 16:00,3/28/2017 6:00,False,False,False,False,False,False,False,False,Hawkins,TX ,Hawkins,TX 
9729,206551817,4/27/2017 15:28,4/27/2017 15:28,4/28/2017 10:50,5/2/2017 16:00,5/3/2017 3:00,454.27,400.0,54.27,130.8,DRV,4.0,,False,0,Carrier 611154,Shipper 758,True,True,True,5/2/2017 16:00,5/3/2017 1:00,False,False,False,False,False,False,False,False,Hawkins,TX ,Hawkins,TX 
9730,206551305,5/11/2017 14:17,5/11/2017 14:17,5/15/2017 15:38,5/18/2017 15:00,5/19/2017 5:00,454.27,400.0,54.27,130.8,DRV,3.0,,False,0,Carrier 1693589,Shipper 758,True,True,True,5/18/2017 15:00,5/19/2017 0:30,False,False,False,False,False,False,False,False,Hawkins,TX ,Hawkins,TX 
9731,206601449,3/27/2017 15:19,3/27/2017 15:19,4/11/2017 17:21,4/12/2017 18:00,4/13/2017 9:30,454.27,400.0,54.27,130.8,DRV,3.0,,False,0,Carrier 1693589,Shipper 758,True,True,True,4/12/2017 18:00,4/13/2017 8:00,False,False,False,False,False,False,False,False,Hawkins,TX ,Hawkins,TX 
9732,206658353,6/9/2017 9:49,6/9/2017 9:50,6/9/2017 13:44,6/15/2017 17:00,6/16/2017 3:50,454.27,400.0,54.27,130.8,DRV,,,False,0,Carrier 611154,Shipper 758,True,True,True,6/15/2017 17:00,6/16/2017 1:30,False,False,False,False,False,False,False,False,Hawkins,TX ,Hawkins,TX 
9733,206653105,5/2/2017 8:49,5/2/2017 8:49,5/8/2017 13:47,5/8/2017 14:00,5/9/2017 0:05,454.27,500.0,-45.73,130.8,DRV,,,False,0,Carrier 960719,Shipper 758,False,True,True,5/8/2017 14:00,5/8/2017 22:00,False,False,False,False,False,False,False,False,Hawkins,TX ,Hawkins,TX 
9734,206600345,6/12/2017 11:21,6/12/2017 11:21,6/13/2017 9:42,6/14/2017 19:00,6/15/2017 2:50,454.27,400.0,54.27,130.8,DRV,,,False,0,Carrier 611154,Shipper 758,True,True,True,6/14/2017 19:00,6/15/2017 1:30,False,False,False,False,False,False,False,False,Hawkins,TX ,Hawkins,TX 
9735,206554281,4/5/2017 16:54,4/5/2017 16:54,4/21/2017 12:00,4/26/2017 17:00,4/27/2017 7:50,454.27,400.0,54.27,130.8,DRV,4.0,,False,0,Carrier 611154,Shipper 758,True,True,True,4/26/2017 17:00,4/27/2017 7:00,False,False,False,False,False,False,False,False,Hawkins,TX ,Hawkins,TX 
9736,206650537,3/29/2017 18:19,3/29/2017 18:19,4/7/2017 9:38,4/9/2017 18:00,4/10/2017 7:29,454.27,425.0,29.27,130.8,DRV,,,False,0,Carrier 1065016,Shipper 758,False,True,True,4/9/2017 18:00,4/10/2017 9:00,False,False,False,False,False,False,False,False,Hawkins,TX ,Hawkins,TX 
9737,206709001,6/2/2017 18:04,6/2/2017 18:04,6/6/2017 17:25,6/8/2017 14:00,6/8/2017 23:38,454.27,425.0,29.27,130.8,DRV,,,False,0,Carrier 1065016,Shipper 758,True,True,True,6/8/2017 14:00,6/8/2017 23:30,False,False,False,False,False,False,False,False,Hawkins,TX ,Hawkins,TX 
9738,206501697,3/10/2017 13:04,3/10/2017 13:04,3/14/2017 11:56,3/14/2017 20:00,3/15/2017 13:15,454.27,400.0,54.27,130.8,DRV,3.0,,False,0,Carrier 735522,Shipper 758,True,True,True,3/14/2017 20:00,3/15/2017 10:00,False,False,False,False,False,False,False,False,Hawkins,TX ,Hawkins,TX 
9739,206569113,4/5/2017 16:39,4/5/2017 16:39,4/24/2017 14:02,4/25/2017 20:00,4/26/2017 9:15,454.27,450.0,4.27,130.8,DRV,4.0,,False,0,Carrier 1269258,Shipper 758,True,True,True,4/25/2017 20:00,4/26/2017 7:00,False,False,False,False,False,False,False,False,Hawkins,TX ,Hawkins,TX 
9740,206565849,3/30/2017 14:47,3/30/2017 14:47,4/4/2017 8:55,4/4/2017 19:00,4/5/2017 12:00,454.27,450.0,4.27,130.8,DRV,,,False,0,Carrier 1269258,Shipper 758,True,True,True,4/4/2017 19:00,4/5/2017 9:00,False,False,False,False,False,False,False,False,Hawkins,TX ,Hawkins,TX 
9741,206564145,4/11/2017 12:39,4/11/2017 12:39,4/13/2017 9:31,4/17/2017 17:00,4/18/2017 9:00,454.27,400.0,54.27,130.8,DRV,3.0,,False,0,Carrier 442086,Shipper 758,True,True,True,4/17/2017 17:00,4/18/2017 7:30,False,False,False,False,False,False,False,False,Hawkins,TX ,Hawkins,TX 
9742,206565433,5/2/2017 8:32,5/2/2017 8:33,5/8/2017 13:55,5/8/2017 14:00,5/9/2017 0:00,454.27,600.0,-145.73,130.8,DRV,,,False,0,Carrier 1068362,Shipper 758,False,True,True,5/8/2017 14:00,5/8/2017 23:00,False,False,False,False,False,False,False,False,Hawkins,TX ,Hawkins,TX 
9743,206565241,6/1/2017 18:57,6/1/2017 18:57,6/7/2017 10:49,6/7/2017 14:00,6/8/2017 3:00,454.27,550.0,-95.73,130.8,DRV,,,False,0,Carrier 1269258,Shipper 758,True,True,True,6/7/2017 14:00,6/7/2017 23:00,False,False,False,False,False,False,False,False,Hawkins,TX ,Hawkins,TX 
9744,206502505,3/28/2017 14:57,3/28/2017 14:57,4/10/2017 10:23,4/10/2017 18:00,4/11/2017 8:20,454.27,450.0,4.27,130.8,DRV,,,False,0,Carrier 1085416,Shipper 758,True,True,True,4/10/2017 18:00,4/11/2017 7:00,False,False,False,False,False,False,False,False,Hawkins,TX ,Hawkins,TX 
9745,206435073,3/27/2017 15:17,3/27/2017 15:17,4/5/2017 16:07,4/6/2017 19:00,4/7/2017 6:45,454.27,480.0,-25.73,130.8,DRV,4.0,,False,0,Carrier 442086,Shipper 758,True,True,True,4/6/2017 19:00,4/7/2017 7:00,False,False,False,False,False,False,False,False,Hawkins,TX ,Hawkins,TX 
9746,206434369,4/27/2017 15:37,4/27/2017 15:38,5/1/2017 13:21,5/2/2017 14:00,5/3/2017 0:30,454.27,400.0,54.27,130.8,DRV,,,False,0,Carrier 735522,Shipper 758,True,True,True,5/2/2017 14:00,5/2/2017 23:00,False,False,False,False,False,False,False,False,Hawkins,TX ,Hawkins,TX 
9747,206516313,3/15/2017 13:22,3/15/2017 13:22,3/24/2017 15:32,3/27/2017 15:00,3/28/2017 11:50,454.27,450.0,4.27,130.8,DRV,3.0,,False,1,Carrier 1269258,Shipper 758,True,True,True,3/27/2017 15:00,3/28/2017 6:00,False,False,False,False,False,False,False,False,Hawkins,TX ,Hawkins,TX 
9748,206476201,4/20/2017 14:21,4/20/2017 14:21,4/25/2017 11:28,4/26/2017 19:00,4/27/2017 7:00,454.27,450.0,4.27,130.8,DRV,3.0,,False,0,Carrier 1269258,Shipper 758,True,True,True,4/26/2017 19:00,4/27/2017 9:00,False,False,False,False,False,False,False,False,Hawkins,TX ,Hawkins,TX 
9749,206476721,6/1/2017 9:17,6/1/2017 9:17,6/6/2017 11:40,6/6/2017 13:00,6/7/2017 1:17,454.27,550.0,-95.73,130.8,DRV,,,False,1,Carrier 1695344,Shipper 758,True,True,True,6/6/2017 13:00,6/7/2017 0:00,False,False,False,False,False,False,False,False,Hawkins,TX ,Hawkins,TX 
9750,206653089,2/23/2017 18:22,2/23/2017 18:22,2/28/2017 16:07,3/1/2017 16:00,3/2/2017 8:00,454.27,400.0,54.27,0.0,DRV,,,False,0,Carrier 611154,Shipper 758,True,True,True,3/1/2017 16:00,3/2/2017 8:00,False,False,False,False,False,False,False,False,Hawkins,TX ,Hawkins,TX 
9751,206555417,5/10/2017 14:38,5/10/2017 14:38,5/11/2017 14:23,5/15/2017 16:00,5/16/2017 3:30,454.27,400.0,54.27,130.8,DRV,,,False,0,Carrier 611154,Shipper 758,True,True,True,5/15/2017 16:00,5/16/2017 1:30,False,False,False,False,False,False,False,False,Hawkins,TX ,Hawkins,TX 
9752,206657617,3/27/2017 15:18,3/27/2017 15:18,4/6/2017 9:08,4/6/2017 18:00,4/7/2017 8:00,454.27,400.0,54.27,130.8,DRV,,,False,0,Carrier 961497,Shipper 758,True,True,True,4/6/2017 18:00,4/7/2017 8:00,False,False,False,False,False,False,False,False,Hawkins,TX ,Hawkins,TX 
9753,206485753,4/11/2017 15:46,4/11/2017 15:46,5/2/2017 9:34,5/3/2017 14:00,5/3/2017 22:40,454.27,450.0,4.27,130.8,DRV,,,False,0,Carrier 1269258,Shipper 758,True,True,True,5/3/2017 14:00,5/3/2017 23:00,False,False,False,False,False,False,False,False,Hawkins,TX ,Hawkins,TX 
9754,206464369,3/9/2017 9:07,3/9/2017 9:07,3/13/2017 12:36,3/14/2017 20:00,3/15/2017 10:30,454.27,450.0,4.27,130.8,DRV,4.0,,False,0,Carrier 1269258,Shipper 758,True,True,True,3/14/2017 20:00,3/15/2017 8:00,False,False,False,False,False,False,False,False,Hawkins,TX ,Hawkins,TX 
9755,206516961,4/25/2017 9:31,4/25/2017 9:31,4/28/2017 12:37,5/1/2017 15:00,5/2/2017 0:45,454.27,400.0,54.27,130.8,DRV,,,False,0,Carrier 735522,Shipper 758,True,True,True,5/1/2017 15:00,5/2/2017 0:00,False,False,False,False,False,False,False,False,Hawkins,TX ,Hawkins,TX 
9756,206488593,3/31/2017 17:43,3/31/2017 17:43,4/20/2017 13:34,4/20/2017 17:00,4/21/2017 9:30,454.27,400.0,54.27,130.8,DRV,4.0,,False,1,Carrier 735522,Shipper 758,True,True,True,4/20/2017 17:00,4/21/2017 7:00,False,False,False,False,False,False,False,False,Hawkins,TX ,Hawkins,TX 
9757,206476193,4/18/2017 17:32,4/18/2017 17:32,4/20/2017 13:32,4/20/2017 21:00,4/21/2017 11:20,454.27,450.0,4.27,130.8,DRV,3.0,,False,1,Carrier 1269258,Shipper 758,True,True,True,4/20/2017 21:00,4/21/2017 9:00,False,False,False,False,False,False,False,False,Hawkins,TX ,Hawkins,TX 
9758,206435425,5/10/2017 14:36,5/10/2017 14:36,5/15/2017 9:20,5/15/2017 15:00,5/16/2017 1:15,454.27,425.0,29.27,130.8,DRV,,,False,0,Carrier 279545,Shipper 758,True,True,True,5/15/2017 15:00,5/16/2017 0:00,False,False,False,False,False,False,False,False,Hawkins,TX ,Hawkins,TX 
9759,206491009,3/30/2017 14:57,3/30/2017 14:57,4/3/2017 10:50,4/4/2017 17:00,4/5/2017 9:30,454.27,400.0,54.27,130.8,DRV,,,False,0,Carrier 611154,Shipper 758,True,True,True,4/4/2017 17:00,4/5/2017 8:00,False,False,False,False,False,False,False,False,Hawkins,TX ,Hawkins,TX 
9760,206484865,5/2/2017 8:50,5/2/2017 8:51,5/4/2017 14:36,5/8/2017 16:00,5/9/2017 4:00,454.27,400.0,54.27,130.8,DRV,,,False,0,Carrier 611154,Shipper 758,True,True,True,5/8/2017 16:00,5/9/2017 1:00,False,False,False,False,False,False,False,False,Hawkins,TX ,Hawkins,TX 
9761,206484353,4/18/2017 11:38,4/18/2017 11:39,5/4/2017 14:37,5/10/2017 17:00,5/11/2017 2:00,454.27,400.0,54.27,130.8,DRV,4.0,,False,1,Carrier 611154,Shipper 758,True,True,True,5/10/2017 17:00,5/11/2017 1:00,False,False,False,False,False,False,False,False,Hawkins,TX ,Hawkins,TX 
9762,206479105,3/1/2017 10:28,3/1/2017 10:28,3/7/2017 11:27,3/7/2017 17:00,3/8/2017 10:30,454.27,400.0,54.27,130.8,DRV,,,False,0,Carrier 1693589,Shipper 758,True,True,True,3/7/2017 17:00,3/8/2017 8:00,False,False,False,False,False,False,False,False,Hawkins,TX ,Hawkins,TX 
9763,206553697,5/11/2017 14:27,5/11/2017 14:27,5/12/2017 11:36,5/18/2017 17:00,5/19/2017 5:00,454.27,400.0,54.27,130.8,DRV,4.0,,False,0,Carrier 611154,Shipper 758,True,True,True,5/18/2017 17:00,5/19/2017 1:30,False,False,False,False,False,False,False,False,Hawkins,TX ,Hawkins,TX 
9764,206555769,8/15/2017 9:05,8/15/2017 9:05,8/29/2017 10:08,8/31/2017 17:00,8/31/2017 20:30,454.27,400.0,54.27,130.8,DRV,,,False,2,Carrier 1693589,Shipper 758,True,True,True,8/31/2017 17:00,9/1/2017 1:30,False,False,False,False,False,False,False,False,Hawkins,TX ,Hawkins,TX 
9765,206500265,3/9/2017 9:10,3/9/2017 9:10,3/14/2017 10:46,3/14/2017 20:00,3/15/2017 13:40,454.27,400.0,54.27,130.8,DRV,3.0,,False,0,Carrier 611154,Shipper 758,True,False,False,3/14/2017 20:00,3/15/2017 8:00,False,False,False,False,False,False,False,False,Hawkins,TX ,Hawkins,TX 
9766,206555409,3/31/2017 17:31,3/31/2017 17:31,4/17/2017 12:00,4/19/2017 17:00,4/20/2017 10:20,454.27,400.0,54.27,130.8,DRV,4.0,,False,0,Carrier 611154,Shipper 758,True,True,True,4/19/2017 17:00,4/20/2017 7:00,False,False,False,False,False,False,False,False,Hawkins,TX ,Hawkins,TX 
9767,206551697,4/11/2017 14:08,4/11/2017 14:08,4/24/2017 17:36,4/27/2017 18:00,4/28/2017 20:55,454.27,400.0,54.27,130.8,DRV,4.0,,False,0,Carrier 611154,Shipper 758,True,True,True,4/27/2017 18:00,4/28/2017 7:00,False,False,False,False,False,False,False,False,Hawkins,TX ,Hawkins,TX 
9768,206542177,6/12/2017 11:10,6/12/2017 11:10,6/12/2017 17:51,6/13/2017 19:00,6/14/2017 3:15,454.27,400.0,54.27,130.8,DRV,,,False,0,Carrier 611154,Shipper 758,True,True,True,6/13/2017 19:00,6/14/2017 1:30,False,False,False,False,False,False,False,False,Hawkins,TX ,Hawkins,TX 
9769,206507609,5/4/2017 17:51,5/4/2017 17:51,5/10/2017 9:40,5/10/2017 14:00,5/11/2017 0:55,454.27,400.0,54.27,130.8,DRV,3.0,,False,0,Carrier 1693589,Shipper 758,True,True,True,5/10/2017 14:00,5/10/2017 23:00,False,False,False,False,False,False,False,False,Hawkins,TX ,Hawkins,TX 
9770,206485929,2/20/2017 16:42,2/20/2017 16:43,2/21/2017 13:48,2/26/2017 13:00,2/27/2017 8:00,454.27,400.0,54.27,0.0,DRV,,,False,0,Carrier 611154,Shipper 758,True,True,True,2/26/2017 13:00,2/27/2017 8:00,False,False,False,False,False,False,False,False,Hawkins,TX ,Hawkins,TX 
9771,206484393,8/3/2017 11:26,8/3/2017 11:26,8/3/2017 14:17,8/9/2017 17:00,8/10/2017 3:30,454.27,400.0,54.27,130.8,DRV,,,False,0,Carrier 611154,Shipper 758,True,True,True,8/9/2017 17:00,8/10/2017 1:30,False,False,False,False,False,False,False,False,Hawkins,TX ,Hawkins,TX 
9772,206598409,6/13/2017 9:11,6/13/2017 9:11,6/16/2017 14:27,6/18/2017 14:00,6/19/2017 0:00,454.27,600.0,-145.73,130.8,DRV,,,False,0,Carrier 546141,Shipper 758,True,True,True,6/18/2017 14:00,6/18/2017 22:00,False,False,False,False,False,False,False,False,Hawkins,TX ,Hawkins,TX 
9773,206596681,2/27/2017 17:41,2/27/2017 17:42,3/2/2017 11:34,3/5/2017 17:00,3/6/2017 9:11,454.27,425.0,29.27,130.8,DRV,5.0,,False,1,Carrier 1065016,Shipper 758,False,True,True,3/5/2017 17:00,3/6/2017 10:00,False,False,False,False,False,False,False,False,Hawkins,TX ,Hawkins,TX 
9774,206467881,3/6/2017 12:33,3/6/2017 12:34,3/8/2017 20:16,3/12/2017 14:00,3/13/2017 8:30,454.27,400.0,54.27,130.8,DRV,3.0,,False,0,Carrier 611154,Shipper 758,True,True,True,3/12/2017 14:00,3/13/2017 7:00,False,False,False,False,False,False,False,False,Hawkins,TX ,Hawkins,TX 
9775,206473969,6/13/2017 9:05,6/13/2017 9:06,6/13/2017 12:07,6/18/2017 15:00,6/19/2017 2:00,454.27,400.0,54.27,130.8,DRV,,,False,0,Carrier 611154,Shipper 758,True,True,True,6/18/2017 15:00,6/19/2017 0:00,False,False,False,False,False,False,False,False,Hawkins,TX ,Hawkins,TX 
9776,206468297,3/30/2017 13:53,3/30/2017 13:53,4/7/2017 16:30,4/11/2017 17:00,4/12/2017 8:55,454.27,400.0,54.27,130.8,DRV,4.0,,False,0,Carrier 611154,Shipper 758,True,True,True,4/11/2017 17:00,4/12/2017 8:00,False,False,False,False,False,False,False,False,Hawkins,TX ,Hawkins,TX 
9777,206466585,2/28/2017 18:41,2/28/2017 18:42,3/6/2017 16:43,3/6/2017 17:00,3/7/2017 10:30,454.27,500.0,-45.73,130.8,DRV,,,False,1,Carrier 1438360,Shipper 758,False,True,True,3/6/2017 17:00,3/7/2017 8:00,False,False,False,False,False,False,False,False,Hawkins,TX ,Hawkins,TX 
9778,206466329,3/28/2017 15:05,3/28/2017 15:05,4/11/2017 14:16,4/12/2017 18:00,4/13/2017 7:45,454.27,400.0,54.27,130.8,DRV,,,False,0,Carrier 611154,Shipper 758,True,True,True,4/12/2017 18:00,4/13/2017 7:00,False,False,False,False,False,False,False,False,Hawkins,TX ,Hawkins,TX 
9779,206424201,8/18/2017 8:44,8/18/2017 8:44,8/18/2017 12:18,8/23/2017 17:00,8/24/2017 1:30,454.27,400.0,54.27,130.8,DRV,,,False,0,Carrier 611154,Shipper 758,True,True,True,8/23/2017 17:00,8/24/2017 1:30,False,False,False,False,False,False,False,False,Hawkins,TX ,Hawkins,TX 
9780,206424009,5/1/2017 13:20,5/1/2017 13:20,5/2/2017 10:25,5/3/2017 15:00,5/4/2017 1:20,454.27,400.0,54.27,130.8,DRV,3.0,,False,0,Carrier 611154,Shipper 758,True,True,True,5/3/2017 15:00,5/4/2017 0:00,False,False,False,False,False,False,False,False,Hawkins,TX ,Hawkins,TX 
9781,206549193,2/23/2017 18:24,2/23/2017 18:25,3/1/2017 9:58,3/1/2017 19:00,3/2/2017 8:08,454.27,425.0,29.27,0.0,DRV,,,False,0,Carrier 1065016,Shipper 758,True,True,True,3/1/2017 19:00,3/2/2017 8:00,False,False,False,False,False,False,False,False,Hawkins,TX ,Hawkins,TX 
9782,206594153,3/22/2017 15:54,3/22/2017 15:55,4/4/2017 14:57,4/4/2017 20:00,4/6/2017 9:00,454.27,600.0,-145.73,130.8,DRV,,,False,1,Carrier 546141,Shipper 758,True,True,True,4/4/2017 20:00,4/5/2017 7:15,False,False,False,False,False,False,False,False,Hawkins,TX ,Hawkins,TX 
9783,206595481,3/9/2017 9:09,3/9/2017 9:09,3/13/2017 13:29,3/14/2017 20:00,3/15/2017 9:55,454.27,425.0,29.27,130.8,DRV,5.0,,False,0,Carrier 1065016,Shipper 758,False,True,True,3/14/2017 20:00,3/15/2017 8:00,False,False,False,False,False,False,False,False,Hawkins,TX ,Hawkins,TX 
9784,206709689,4/5/2017 10:12,4/5/2017 10:12,4/17/2017 13:20,4/17/2017 17:00,4/19/2017 9:30,454.27,600.0,-145.73,130.8,DRV,4.0,,False,1,Carrier 546141,Shipper 758,True,True,True,4/17/2017 17:00,4/19/2017 8:00,False,False,False,False,False,False,False,False,Hawkins,TX ,Hawkins,TX 
9785,206540873,6/1/2017 18:51,6/1/2017 18:51,6/5/2017 11:07,6/6/2017 13:00,6/7/2017 1:13,454.27,425.0,29.27,130.8,DRV,,,False,0,Carrier 1065016,Shipper 758,False,False,False,6/6/2017 13:00,6/6/2017 22:30,False,False,False,False,False,False,False,False,Hawkins,TX ,Hawkins,TX 
9786,206549481,4/18/2017 17:43,4/18/2017 17:43,4/21/2017 9:38,4/24/2017 19:00,4/25/2017 10:35,454.27,425.0,29.27,130.8,DRV,4.0,,False,0,Carrier 1065016,Shipper 758,True,True,True,4/24/2017 19:00,4/25/2017 9:00,False,False,False,False,False,False,False,False,Hawkins,TX ,Hawkins,TX 
9787,206652017,6/12/2017 11:11,6/12/2017 11:11,6/13/2017 8:41,6/13/2017 19:00,6/14/2017 1:21,454.27,425.0,29.27,130.8,DRV,,,False,0,Carrier 1065016,Shipper 758,False,True,True,6/13/2017 19:00,6/14/2017 1:00,False,False,False,False,False,False,False,False,Hawkins,TX ,Hawkins,TX 
9788,206501241,8/10/2017 13:19,8/10/2017 13:19,8/11/2017 8:11,8/15/2017 17:00,8/16/2017 2:30,454.27,400.0,54.27,130.8,DRV,,,False,0,Carrier 611154,Shipper 758,True,True,True,8/15/2017 17:00,8/16/2017 1:00,False,False,False,False,False,False,False,False,Hawkins,TX ,Hawkins,TX 
9789,206491321,6/12/2017 18:13,6/12/2017 18:13,6/13/2017 12:10,6/19/2017 15:00,6/20/2017 1:40,454.27,400.0,54.27,130.8,DRV,,,False,0,Carrier 611154,Shipper 758,False,True,True,6/19/2017 15:00,6/20/2017 0:00,False,False,False,False,False,False,False,False,Hawkins,TX ,Hawkins,TX 
9790,206485369,4/20/2017 8:36,4/20/2017 8:36,5/4/2017 14:37,5/11/2017 17:00,5/12/2017 3:20,454.27,400.0,54.27,130.8,DRV,4.0,,False,0,Carrier 611154,Shipper 758,True,True,True,5/11/2017 17:00,5/12/2017 1:00,False,False,False,False,False,False,False,False,Hawkins,TX ,Hawkins,TX 
9791,206484857,3/28/2017 14:54,3/28/2017 14:54,4/7/2017 16:29,4/10/2017 15:00,4/11/2017 8:00,454.27,400.0,54.27,130.8,DRV,4.0,,False,0,Carrier 611154,Shipper 758,True,True,True,4/10/2017 15:00,4/11/2017 7:00,False,False,False,False,False,False,False,False,Hawkins,TX ,Hawkins,TX 
9792,206467889,4/25/2017 9:18,4/25/2017 9:18,4/26/2017 18:21,5/1/2017 15:00,5/2/2017 5:00,454.27,400.0,54.27,130.8,DRV,4.0,,False,0,Carrier 611154,Shipper 758,True,True,True,5/1/2017 15:00,5/2/2017 0:00,False,False,False,False,False,False,False,False,Hawkins,TX ,Hawkins,TX 
9793,206500257,3/7/2017 10:47,3/7/2017 10:47,3/12/2017 11:09,3/13/2017 19:00,3/14/2017 9:20,454.27,400.0,54.27,130.8,DRV,3.0,,False,0,Carrier 1693589,Shipper 758,False,True,True,3/13/2017 19:00,3/14/2017 8:00,False,False,False,False,False,False,False,False,Hawkins,TX ,Hawkins,TX 
9794,206484881,6/12/2017 18:14,6/12/2017 18:14,6/13/2017 10:44,6/19/2017 14:00,6/19/2017 23:00,454.27,400.0,54.27,130.8,DRV,,,False,0,Carrier 1693589,Shipper 758,True,True,True,6/19/2017 14:00,6/19/2017 22:00,False,False,False,False,False,False,False,False,Hawkins,TX ,Hawkins,TX 
9795,206484369,6/12/2017 11:14,6/12/2017 11:15,6/13/2017 10:14,6/14/2017 14:00,6/15/2017 0:50,454.27,400.0,54.27,130.8,DRV,,,False,0,Carrier 1693589,Shipper 758,False,False,False,6/14/2017 14:00,6/14/2017 22:00,False,False,False,False,False,False,False,False,Hawkins,TX ,Hawkins,TX 
9796,206491041,6/5/2017 10:58,6/5/2017 10:59,6/5/2017 13:40,6/11/2017 17:00,6/12/2017 1:30,454.27,400.0,54.27,130.8,DRV,,,False,0,Carrier 611154,Shipper 758,True,True,True,6/11/2017 17:00,6/12/2017 1:30,False,False,False,False,False,False,False,False,Hawkins,TX ,Hawkins,TX 
9797,206473953,3/7/2017 10:23,3/7/2017 10:23,3/8/2017 20:11,3/13/2017 19:00,3/14/2017 10:00,454.27,400.0,54.27,130.8,DRV,4.0,,False,0,Carrier 611154,Shipper 758,True,True,True,3/13/2017 19:00,3/14/2017 8:00,False,False,False,False,False,False,False,False,Hawkins,TX ,Hawkins,TX 
9798,206423993,3/31/2017 17:18,3/31/2017 17:18,4/17/2017 11:58,4/18/2017 20:00,4/19/2017 8:30,454.27,400.0,54.27,130.8,DRV,,,False,0,Carrier 611154,Shipper 758,True,True,True,4/18/2017 20:00,4/19/2017 8:00,False,False,False,False,False,False,False,False,Hawkins,TX ,Hawkins,TX 
9799,206422457,2/28/2017 18:39,2/28/2017 18:39,3/3/2017 8:40,3/6/2017 15:00,3/7/2017 11:30,454.27,400.0,54.27,130.8,DRV,,,False,0,Carrier 611154,Shipper 758,False,False,False,3/6/2017 15:00,3/7/2017 8:00,False,False,False,False,False,False,False,False,Hawkins,TX ,Hawkins,TX 
9800,206438305,3/27/2017 15:13,3/27/2017 15:13,4/3/2017 10:48,4/5/2017 17:00,4/6/2017 8:00,454.27,400.0,54.27,130.8,DRV,,,False,0,Carrier 611154,Shipper 758,True,True,True,4/5/2017 17:00,4/6/2017 7:00,False,False,False,False,False,False,False,False,Hawkins,TX ,Hawkins,TX 
9801,206422689,4/10/2017 12:49,4/10/2017 12:49,4/12/2017 13:34,4/14/2017 18:00,4/17/2017 7:30,454.27,400.0,54.27,130.8,DRV,4.0,,False,0,Carrier 611154,Shipper 758,True,True,True,4/14/2017 18:00,4/17/2017 6:00,False,False,False,False,False,False,False,False,Hawkins,TX ,Hawkins,TX 
9802,206651505,2/28/2017 18:47,2/28/2017 18:48,3/6/2017 17:12,3/6/2017 16:00,3/7/2017 13:30,454.27,500.0,-45.73,130.8,DRV,,,False,0,Carrier 66025,Shipper 758,True,False,False,3/6/2017 16:00,3/7/2017 8:00,False,False,False,False,False,False,False,False,Hawkins,TX ,Hawkins,TX 
9803,206523529,4/11/2017 12:31,4/11/2017 12:31,4/14/2017 15:04,4/16/2017 17:00,4/17/2017 7:50,454.27,600.0,-145.73,130.8,DRV,4.0,,False,0,Carrier 546141,Shipper 758,True,True,True,4/16/2017 17:00,4/17/2017 8:00,False,False,False,False,False,False,False,False,Hawkins,TX ,Hawkins,TX 
9804,206648929,4/18/2017 11:05,4/18/2017 11:07,5/4/2017 9:56,5/4/2017 13:00,5/4/2017 23:00,454.27,500.0,-45.73,130.8,DRV,3.0,,False,0,Carrier 546141,Shipper 758,True,True,True,5/4/2017 13:00,5/4/2017 22:00,False,False,False,False,False,False,False,False,Hawkins,TX ,Hawkins,TX 
9805,206598513,3/30/2017 13:47,3/30/2017 13:47,4/3/2017 15:19,4/5/2017 15:00,4/6/2017 8:41,454.27,425.0,29.27,130.8,DRV,,,False,0,Carrier 1065016,Shipper 758,True,False,False,4/5/2017 15:00,4/6/2017 8:00,False,False,False,False,False,False,False,False,Hawkins,TX ,Hawkins,TX 
9806,206424193,8/8/2017 12:54,8/8/2017 12:55,8/8/2017 16:54,8/14/2017 17:00,8/15/2017 3:30,454.27,400.0,54.27,130.8,DRV,,,False,0,Carrier 611154,Shipper 758,True,True,True,8/14/2017 17:00,8/15/2017 1:30,False,False,False,False,False,False,False,False,Hawkins,TX ,Hawkins,TX 
9807,206424001,4/18/2017 17:45,4/18/2017 17:45,4/18/2017 20:43,4/24/2017 17:00,4/25/2017 10:00,454.27,400.0,54.27,130.8,DRV,4.0,,False,0,Carrier 611154,Shipper 758,True,True,True,4/24/2017 17:00,4/25/2017 8:00,False,False,False,False,False,False,False,False,Hawkins,TX ,Hawkins,TX 
9808,206595505,3/28/2017 15:04,3/28/2017 15:04,4/7/2017 12:09,4/11/2017 17:00,4/12/2017 9:10,454.27,425.0,29.27,130.8,DRV,,,False,0,Carrier 1065016,Shipper 758,False,False,False,4/11/2017 17:00,4/12/2017 7:00,False,False,False,False,False,False,False,False,Hawkins,TX ,Hawkins,TX 
9809,206594745,3/30/2017 13:39,3/30/2017 13:39,4/11/2017 16:35,4/11/2017 18:00,4/12/2017 11:30,454.27,600.0,-145.73,130.8,DRV,3.0,,False,1,Carrier 546141,Shipper 758,False,True,True,4/11/2017 18:00,4/12/2017 9:00,False,False,False,False,False,False,False,False,Hawkins,TX ,Hawkins,TX 
9810,206536345,5/3/2017 8:29,5/3/2017 8:29,5/8/2017 11:39,5/9/2017 14:00,5/9/2017 23:49,454.27,425.0,29.27,130.8,DRV,,,False,0,Carrier 1065016,Shipper 758,True,True,True,5/9/2017 14:00,5/10/2017 0:00,False,False,False,False,False,False,False,False,Hawkins,TX ,Hawkins,TX 
9811,206549625,5/3/2017 8:31,5/3/2017 8:31,5/9/2017 12:19,5/9/2017 17:00,5/10/2017 0:55,454.27,600.0,-145.73,130.8,DRV,3.0,,False,1,Carrier 546141,Shipper 758,True,True,True,5/9/2017 17:00,5/10/2017 1:00,False,False,False,False,False,False,False,False,Hawkins,TX ,Hawkins,TX 
9812,206535449,4/27/2017 15:35,4/27/2017 15:35,5/1/2017 11:01,5/2/2017 14:00,5/3/2017 0:16,454.27,425.0,29.27,130.8,DRV,,,False,0,Carrier 1065016,Shipper 758,False,True,True,5/2/2017 14:00,5/2/2017 23:00,False,False,False,False,False,False,False,False,Hawkins,TX ,Hawkins,TX 
9813,206535321,3/1/2017 10:25,3/1/2017 10:25,3/6/2017 9:30,3/7/2017 15:00,3/8/2017 9:24,454.27,425.0,29.27,130.8,DRV,,,False,0,Carrier 1065016,Shipper 758,True,False,False,3/7/2017 15:00,3/8/2017 7:00,False,False,False,False,False,False,False,False,Hawkins,TX ,Hawkins,TX 
9814,206437953,6/1/2017 18:58,6/1/2017 18:58,6/7/2017 8:28,6/7/2017 16:00,6/8/2017 2:45,454.27,600.0,-145.73,130.8,DRV,,,False,1,Carrier 546141,Shipper 758,False,True,True,6/7/2017 16:00,6/8/2017 1:00,False,False,False,False,False,False,False,False,Hawkins,TX ,Hawkins,TX 
9815,206540857,5/3/2017 11:45,5/3/2017 11:46,5/5/2017 13:32,5/7/2017 16:00,5/8/2017 2:00,454.27,600.0,-145.73,130.8,DRV,3.0,,False,0,Carrier 546141,Shipper 758,True,True,True,5/7/2017 16:00,5/8/2017 1:00,False,False,False,False,False,False,False,False,Hawkins,TX ,Hawkins,TX 
9816,206536569,3/6/2017 14:22,3/6/2017 14:22,3/8/2017 8:38,3/9/2017 19:00,3/10/2017 7:49,454.27,425.0,29.27,130.8,DRV,5.0,,False,1,Carrier 1065016,Shipper 758,False,True,True,3/9/2017 19:00,3/10/2017 8:00,False,False,False,False,False,False,False,False,Hawkins,TX ,Hawkins,TX 
9817,206536313,3/28/2017 15:09,3/28/2017 15:09,4/17/2017 13:22,4/17/2017 19:00,4/18/2017 12:30,454.27,600.0,-145.73,130.8,DRV,3.0,,False,2,Carrier 546141,Shipper 758,True,True,True,4/17/2017 19:00,4/18/2017 10:00,False,False,False,False,False,False,False,False,Hawkins,TX ,Hawkins,TX 
9818,206549617,4/20/2017 14:25,4/20/2017 14:25,4/26/2017 14:06,4/26/2017 17:00,4/27/2017 11:00,454.27,600.0,-145.73,130.8,DRV,3.0,,False,1,Carrier 546141,Shipper 758,False,True,True,4/26/2017 17:00,4/27/2017 9:00,False,False,False,False,False,False,False,False,Hawkins,TX ,Hawkins,TX 
9819,206548785,3/2/2017 14:56,3/2/2017 14:56,3/7/2017 12:22,3/8/2017 15:00,3/9/2017 10:30,454.27,450.0,4.27,130.8,DRV,3.0,,False,0,Carrier 503422,Shipper 758,True,True,True,3/8/2017 15:00,3/9/2017 8:00,False,False,False,False,False,False,False,False,Hawkins,TX ,Hawkins,TX 
9820,206536625,6/12/2017 11:17,6/12/2017 11:17,6/21/2017 14:46,6/22/2017 3:00,6/22/2017 23:00,454.27,425.0,29.27,130.8,DRV,,,False,1,Carrier 546141,Shipper 758,False,True,True,6/22/2017 12:00,6/22/2017 20:00,False,False,False,False,False,False,False,False,Hawkins,TX ,Hawkins,TX 
9821,206540833,3/28/2017 15:10,3/28/2017 15:10,4/13/2017 14:23,4/13/2017 18:00,4/14/2017 10:20,454.27,600.0,-145.73,130.8,DRV,3.0,,False,0,Carrier 546141,Shipper 758,True,True,True,4/13/2017 18:00,4/14/2017 8:00,False,False,False,False,False,False,False,False,Hawkins,TX ,Hawkins,TX 
9822,206433257,4/18/2017 17:35,4/18/2017 17:35,4/19/2017 10:51,4/20/2017 20:00,4/21/2017 8:22,454.27,425.0,29.27,130.8,DRV,5.0,,False,0,Carrier 1065016,Shipper 758,False,True,True,4/20/2017 20:00,4/21/2017 9:00,False,False,False,False,False,False,False,False,Hawkins,TX ,Hawkins,TX 
9823,206428073,5/9/2017 17:37,5/9/2017 17:37,5/12/2017 15:25,5/14/2017 14:00,5/15/2017 2:30,454.27,600.0,-145.73,130.8,DRV,,,False,2,Carrier 546141,Shipper 758,True,True,True,5/14/2017 14:00,5/14/2017 23:00,False,False,False,False,False,False,False,False,Hawkins,TX ,Hawkins,TX 
9824,206424553,4/5/2017 10:14,4/5/2017 10:14,4/12/2017 17:23,4/14/2017 17:00,4/17/2017 8:45,454.27,425.0,29.27,130.8,DRV,,,False,0,Carrier 1065016,Shipper 758,False,True,True,4/14/2017 17:00,4/17/2017 9:00,False,False,False,False,False,False,False,False,Hawkins,TX ,Hawkins,TX 
9825,206438473,8/8/2017 12:49,8/8/2017 12:50,8/11/2017 11:18,8/13/2017 17:00,8/14/2017 9:30,454.27,550.0,-95.73,130.8,DRV,,,False,0,Carrier 546141,Shipper 758,True,False,False,8/13/2017 17:00,8/14/2017 1:30,False,False,False,False,False,False,False,False,Hawkins,TX ,Hawkins,TX 
9826,206433241,4/11/2017 15:49,4/11/2017 15:49,5/1/2017 17:23,5/3/2017 12:00,5/3/2017 22:14,454.27,425.0,29.27,130.8,DRV,,,False,0,Carrier 1065016,Shipper 758,False,True,True,5/3/2017 12:00,5/3/2017 22:00,False,False,False,False,False,False,False,False,Hawkins,TX ,Hawkins,TX 
9827,206470001,4/11/2017 12:32,4/11/2017 12:33,4/14/2017 15:05,4/16/2017 16:00,4/17/2017 8:00,454.27,600.0,-145.73,130.8,DRV,,,False,0,Carrier 546141,Shipper 758,True,True,True,4/16/2017 16:00,4/17/2017 6:00,False,False,False,False,False,False,False,False,Hawkins,TX ,Hawkins,TX 
9828,206469561,5/10/2017 15:20,5/10/2017 15:20,5/15/2017 16:05,5/16/2017 15:00,5/16/2017 23:21,454.27,425.0,29.27,130.8,DRV,,,False,0,Carrier 1065016,Shipper 758,False,True,True,5/16/2017 15:00,5/17/2017 0:00,False,False,False,False,False,False,False,False,Hawkins,TX ,Hawkins,TX 
9829,206740313,4/19/2017 10:28,4/19/2017 10:28,5/3/2017 17:04,5/11/2017 13:00,5/11/2017 22:15,454.27,450.0,4.27,130.8,DRV,,,False,0,Carrier 804788,Shipper 758,True,True,True,5/11/2017 13:00,5/11/2017 21:00,False,False,False,False,False,False,False,False,Hawkins,TX ,Hawkins,TX 
9830,206696809,5/10/2017 14:46,5/10/2017 14:46,5/11/2017 12:01,5/15/2017 14:00,5/16/2017 0:30,454.27,450.0,4.27,130.8,DRV,3.0,,False,0,Carrier 804788,Shipper 758,True,True,True,5/15/2017 14:00,5/15/2017 22:30,False,False,False,False,False,False,False,False,Hawkins,TX ,Hawkins,TX 
9831,206692201,4/5/2017 17:00,4/5/2017 17:00,4/26/2017 7:58,4/27/2017 19:00,4/28/2017 10:00,454.27,450.0,4.27,130.8,DRV,,,False,0,Carrier 804788,Shipper 758,True,True,True,4/27/2017 19:00,4/28/2017 7:00,False,False,False,False,False,False,False,False,Hawkins,TX ,Hawkins,TX 
9832,206693449,3/10/2017 13:00,3/10/2017 13:00,3/23/2017 9:24,3/24/2017 15:00,3/27/2017 9:50,454.27,400.0,54.27,130.8,DRV,4.0,,False,1,Carrier 703622,Shipper 758,False,True,True,3/24/2017 15:00,3/27/2017 8:00,False,False,False,False,False,False,False,False,Hawkins,TX ,Hawkins,TX 
9833,206695449,3/2/2017 14:54,3/2/2017 14:54,3/8/2017 9:06,3/8/2017 15:00,3/9/2017 9:30,454.27,400.0,54.27,130.8,DRV,3.0,,False,0,Carrier 678129,Shipper 758,True,True,True,3/8/2017 15:00,3/9/2017 8:00,False,False,False,False,False,False,False,False,Hawkins,TX ,Hawkins,TX 
9834,206693465,4/27/2017 15:30,4/27/2017 15:30,5/1/2017 9:26,5/2/2017 13:00,5/2/2017 22:50,454.27,450.0,4.27,130.8,DRV,,,False,0,Carrier 804788,Shipper 758,True,True,True,5/2/2017 13:00,5/2/2017 22:00,False,False,False,False,False,False,False,False,Hawkins,TX ,Hawkins,TX 
9835,206636505,5/10/2017 15:27,5/10/2017 15:27,5/17/2017 13:06,5/17/2017 15:00,5/18/2017 0:15,454.27,500.0,-45.73,130.8,DRV,3.0,,False,1,Carrier 495998,Shipper 758,False,True,True,5/17/2017 15:00,5/18/2017 0:00,False,False,False,False,False,False,False,False,Hawkins,TX ,Hawkins,TX 
9836,206636521,6/9/2017 9:44,6/9/2017 9:44,6/19/2017 13:28,6/20/2017 13:00,6/20/2017 23:20,454.27,400.0,54.27,130.8,DRV,,,False,1,Carrier 804788,Shipper 758,True,True,True,6/20/2017 13:00,6/20/2017 22:00,False,False,False,False,False,False,False,False,Hawkins,TX ,Hawkins,TX 
9837,206634921,3/28/2017 15:07,3/28/2017 15:08,4/12/2017 9:49,4/12/2017 17:00,4/13/2017 9:00,454.27,400.0,54.27,130.8,DRV,,,False,1,Carrier 703622,Shipper 758,True,True,True,4/12/2017 17:00,4/13/2017 7:00,False,False,False,False,False,False,False,False,Hawkins,TX ,Hawkins,TX 
9838,206633545,3/28/2017 15:11,3/28/2017 15:11,4/13/2017 17:42,4/13/2017 19:00,4/14/2017 9:00,454.27,550.0,-95.73,130.8,DRV,4.0,,False,1,Carrier 678129,Shipper 758,True,True,True,4/13/2017 19:00,4/14/2017 7:00,False,False,False,False,False,False,False,False,Hawkins,TX ,Hawkins,TX 
9839,206634945,5/10/2017 15:46,5/10/2017 15:46,5/11/2017 12:02,5/17/2017 13:00,5/17/2017 22:30,454.27,450.0,4.27,130.8,DRV,,,False,0,Carrier 804788,Shipper 758,True,True,True,5/17/2017 13:00,5/17/2017 21:00,False,False,False,False,False,False,False,False,Hawkins,TX ,Hawkins,TX 
9840,206586633,2/20/2017 16:41,2/20/2017 16:41,2/23/2017 10:09,2/26/2017 14:00,2/27/2017 12:15,454.27,400.0,54.27,0.0,DRV,,,False,0,Carrier 495998,Shipper 758,True,True,True,2/26/2017 14:00,2/27/2017 9:00,False,False,False,False,False,False,False,False,Hawkins,TX ,Hawkins,TX 
9841,206584193,3/29/2017 18:12,3/29/2017 18:12,4/7/2017 11:21,4/9/2017 16:00,4/10/2017 9:00,454.27,450.0,4.27,130.8,DRV,4.0,,False,0,Carrier 495998,Shipper 758,True,False,False,4/9/2017 16:00,4/7/2017 8:00,False,False,False,False,False,False,False,False,Hawkins,TX ,Hawkins,TX 
9842,206585193,5/10/2017 15:43,5/10/2017 15:44,5/11/2017 12:02,5/17/2017 14:00,5/18/2017 0:20,454.27,450.0,4.27,130.8,DRV,,,False,0,Carrier 804788,Shipper 758,True,True,True,5/17/2017 14:00,5/17/2017 23:30,False,False,False,False,False,False,False,False,Hawkins,TX ,Hawkins,TX 
9843,206583721,3/31/2017 17:45,3/31/2017 17:45,4/19/2017 10:42,4/20/2017 19:00,4/21/2017 9:45,454.27,450.0,4.27,130.8,DRV,3.0,,False,0,Carrier 804788,Shipper 758,True,True,True,4/20/2017 19:00,4/21/2017 7:00,False,False,False,False,False,False,False,False,Hawkins,TX ,Hawkins,TX 
9844,206582441,2/27/2017 17:34,2/27/2017 17:35,3/7/2017 11:14,3/8/2017 11:00,3/9/2017 12:30,454.27,570.0,-115.73,130.8,DRV,,,False,2,Carrier 725708,Shipper 758,True,False,False,3/8/2017 11:00,3/9/2017 9:00,False,False,False,False,False,False,False,False,Hawkins,TX ,Hawkins,TX 
9845,206692209,5/3/2017 8:32,5/3/2017 8:32,5/3/2017 17:02,5/9/2017 13:00,5/9/2017 23:40,454.27,450.0,4.27,130.8,DRV,,,False,1,Carrier 804788,Shipper 758,True,True,True,5/9/2017 13:00,5/9/2017 23:00,False,False,False,False,False,False,False,False,Hawkins,TX ,Hawkins,TX 
9846,206693857,3/31/2017 17:19,3/31/2017 17:19,4/17/2017 11:34,4/18/2017 18:00,4/20/2017 11:00,454.27,400.0,54.27,130.8,DRV,4.0,,False,0,Carrier 495998,Shipper 758,True,True,True,4/18/2017 18:00,4/20/2017 10:00,False,False,False,False,False,False,False,False,Hawkins,TX ,Hawkins,TX 
9847,206696825,6/2/2017 17:59,6/2/2017 17:59,6/8/2017 11:54,6/8/2017 13:00,6/8/2017 23:00,454.27,450.0,4.27,130.8,DRV,,,False,0,Carrier 1024511,Shipper 758,True,True,True,6/8/2017 13:00,6/8/2017 21:00,False,False,False,False,False,False,False,False,Hawkins,TX ,Hawkins,TX 
9848,206586777,5/11/2017 14:33,5/11/2017 14:33,5/15/2017 12:44,5/18/2017 13:00,5/18/2017 23:00,454.27,450.0,4.27,130.8,DRV,,,False,0,Carrier 804788,Shipper 758,True,True,True,5/18/2017 13:00,5/18/2017 21:30,False,False,False,False,False,False,False,False,Hawkins,TX ,Hawkins,TX 
9849,206543529,6/1/2017 18:53,6/1/2017 18:53,6/7/2017 11:22,6/7/2017 19:00,6/8/2017 3:44,454.27,550.0,-95.73,130.8,DRV,,,False,1,Carrier 742049,Shipper 758,True,True,True,6/7/2017 19:00,6/8/2017 1:30,False,False,False,False,False,False,False,False,Hawkins,TX ,Hawkins,TX 
9850,206542953,6/13/2017 10:09,6/13/2017 10:09,6/16/2017 12:36,6/18/2017 13:00,6/18/2017 21:45,454.27,600.0,-145.73,130.8,DRV,,,False,0,Carrier 804788,Shipper 758,True,True,True,6/18/2017 13:00,6/18/2017 21:00,False,False,False,False,False,False,False,False,Hawkins,TX ,Hawkins,TX 
9851,206526409,4/20/2017 8:39,4/20/2017 8:39,5/3/2017 17:02,5/11/2017 12:00,5/11/2017 22:40,454.27,450.0,4.27,130.8,DRV,,,False,0,Carrier 804788,Shipper 758,True,True,True,5/11/2017 12:00,5/11/2017 22:00,False,False,False,False,False,False,False,False,Hawkins,TX ,Hawkins,TX 
9852,206509769,4/25/2017 9:26,4/25/2017 9:26,4/28/2017 16:42,5/1/2017 14:00,5/2/2017 0:30,454.27,450.0,4.27,130.8,DRV,,,False,0,Carrier 804788,Shipper 758,True,True,True,5/1/2017 14:00,5/1/2017 23:00,False,False,False,False,False,False,False,False,Hawkins,TX ,Hawkins,TX 
9853,206586353,3/31/2017 17:39,3/31/2017 17:39,4/19/2017 10:42,4/20/2017 19:00,4/21/2017 19:30,454.27,450.0,4.27,130.8,DRV,,,False,0,Carrier 804788,Shipper 758,True,True,True,4/20/2017 19:00,4/21/2017 8:00,False,False,False,False,False,False,False,False,Hawkins,TX ,Hawkins,TX 
9854,206527105,3/27/2017 15:08,3/27/2017 15:08,4/4/2017 17:20,4/5/2017 18:00,4/6/2017 7:30,454.27,400.0,54.27,130.8,DRV,,,False,0,Carrier 703622,Shipper 758,True,True,True,4/5/2017 18:00,4/6/2017 7:00,False,False,False,False,False,False,False,False,Hawkins,TX ,Hawkins,TX 
9855,206636497,3/31/2017 17:21,3/31/2017 17:21,4/17/2017 10:39,4/18/2017 17:00,4/19/2017 6:45,454.27,450.0,4.27,130.8,DRV,3.0,,False,0,Carrier 804788,Shipper 758,True,True,True,4/18/2017 17:00,4/19/2017 7:00,False,False,False,False,False,False,False,False,Hawkins,TX ,Hawkins,TX 
9856,206632849,5/3/2017 8:26,5/3/2017 8:27,5/8/2017 12:27,5/9/2017 13:00,5/9/2017 23:00,454.27,400.0,54.27,130.8,DRV,,,False,0,Carrier 703622,Shipper 758,True,True,True,5/9/2017 13:00,5/9/2017 21:00,False,False,False,False,False,False,False,False,Hawkins,TX ,Hawkins,TX 
9857,206474497,4/7/2017 12:58,4/7/2017 12:58,4/12/2017 9:52,4/13/2017 19:00,4/14/2017 11:00,454.27,400.0,54.27,130.8,DRV,4.0,,False,0,Carrier 703622,Shipper 758,True,True,True,4/13/2017 19:00,4/14/2017 8:00,False,False,False,False,False,False,False,False,Hawkins,TX ,Hawkins,TX 
9858,206586361,4/5/2017 16:42,4/5/2017 16:43,4/27/2017 8:52,4/27/2017 20:00,4/28/2017 12:45,454.27,400.0,54.27,130.8,DRV,3.0,,False,1,Carrier 703622,Shipper 758,True,True,True,4/27/2017 20:00,4/28/2017 10:00,False,False,False,False,False,False,False,False,Hawkins,TX ,Hawkins,TX 
9859,206584569,4/27/2017 15:33,4/27/2017 15:33,5/1/2017 9:22,5/2/2017 12:00,5/2/2017 22:25,454.27,450.0,4.27,130.8,DRV,,,False,0,Carrier 804788,Shipper 758,True,True,True,5/2/2017 12:00,5/2/2017 22:00,False,False,False,False,False,False,False,False,Hawkins,TX ,Hawkins,TX 
9860,206499433,4/11/2017 14:22,4/11/2017 14:22,5/2/2017 10:51,5/3/2017 13:00,5/3/2017 21:25,454.27,450.0,4.27,130.8,DRV,,,False,0,Carrier 804788,Shipper 758,True,True,True,5/3/2017 13:00,5/3/2017 21:00,False,False,False,False,False,False,False,False,Hawkins,TX ,Hawkins,TX 
9861,206492777,4/18/2017 17:42,4/18/2017 17:42,4/21/2017 12:11,4/24/2017 17:00,4/25/2017 8:45,454.27,450.0,4.27,130.8,DRV,4.0,,False,0,Carrier 804788,Shipper 758,True,True,True,4/24/2017 17:00,4/25/2017 8:00,False,False,False,False,False,False,False,False,Hawkins,TX ,Hawkins,TX 
9862,206522265,6/9/2017 9:53,6/9/2017 9:53,6/9/2017 15:54,6/15/2017 14:00,6/15/2017 21:45,454.27,450.0,4.27,130.8,DRV,,,False,0,Carrier 804788,Shipper 758,True,True,True,6/15/2017 14:00,6/15/2017 23:30,False,False,False,False,False,False,False,False,Hawkins,TX ,Hawkins,TX 
9863,206585297,8/3/2017 11:31,8/3/2017 11:31,8/3/2017 17:01,8/9/2017 17:00,8/10/2017 22:00,454.27,450.0,4.27,130.8,DRV,,,False,0,Carrier 804788,Shipper 758,True,False,False,8/9/2017 17:00,8/10/2017 1:30,False,False,False,False,False,False,False,False,Hawkins,TX ,Hawkins,TX 
9864,206539825,4/18/2017 11:22,4/18/2017 11:22,5/2/2017 12:04,5/4/2017 12:00,5/4/2017 22:10,454.27,450.0,4.27,130.8,DRV,,,False,0,Carrier 804788,Shipper 758,True,True,True,5/4/2017 12:00,5/4/2017 22:00,False,False,False,False,False,False,False,False,Hawkins,TX ,Hawkins,TX 
9865,206537905,4/18/2017 11:32,4/18/2017 11:32,5/3/2017 17:03,5/10/2017 13:00,5/11/2017 0:15,454.27,450.0,4.27,130.8,DRV,,,False,0,Carrier 804788,Shipper 758,True,True,True,5/10/2017 13:00,5/10/2017 22:00,False,False,False,False,False,False,False,False,Hawkins,TX ,Hawkins,TX 
9866,206507097,6/9/2017 9:48,6/9/2017 9:48,6/13/2017 9:28,6/15/2017 14:00,6/16/2017 4:30,454.27,400.0,54.27,130.8,DRV,,,False,0,Carrier 703622,Shipper 758,True,True,True,6/15/2017 14:00,6/15/2017 22:00,False,False,False,False,False,False,False,False,Hawkins,TX ,Hawkins,TX 
9867,206522553,3/6/2017 12:36,3/6/2017 12:36,3/9/2017 16:20,3/12/2017 18:00,3/13/2017 7:30,454.27,450.0,4.27,130.8,DRV,4.0,,False,0,Carrier 804788,Shipper 758,True,True,True,3/12/2017 18:00,3/13/2017 8:00,False,False,False,False,False,False,False,False,Hawkins,TX ,Hawkins,TX 
9868,206522233,5/10/2017 15:22,5/10/2017 15:22,5/11/2017 12:01,5/16/2017 13:00,5/16/2017 22:00,454.27,450.0,4.27,130.8,DRV,,,False,0,Carrier 804788,Shipper 758,True,True,True,5/16/2017 13:00,5/16/2017 21:00,False,False,False,False,False,False,False,False,Hawkins,TX ,Hawkins,TX 
9869,206516465,5/10/2017 14:51,5/10/2017 14:51,5/11/2017 12:02,5/16/2017 13:00,5/17/2017 0:25,454.27,450.0,4.27,130.8,DRV,,,False,0,Carrier 804788,Shipper 758,True,True,True,5/16/2017 13:00,5/16/2017 21:00,False,False,False,False,False,False,False,False,Hawkins,TX ,Hawkins,TX 
9870,206431529,5/2/2017 8:52,5/2/2017 8:52,5/3/2017 17:06,5/8/2017 13:00,5/8/2017 22:30,454.27,450.0,4.27,130.8,DRV,,,False,0,Carrier 804788,Shipper 758,True,True,True,5/8/2017 13:00,5/8/2017 22:00,False,False,False,False,False,False,False,False,Hawkins,TX ,Hawkins,TX 
9871,206476873,8/10/2017 13:13,8/10/2017 13:13,8/11/2017 11:45,8/15/2017 17:00,8/15/2017 21:30,454.27,450.0,4.27,130.8,DRV,,,False,0,Carrier 804788,Shipper 758,True,True,True,8/15/2017 17:00,8/16/2017 1:30,False,False,False,False,False,False,False,False,Hawkins,TX ,Hawkins,TX 
9872,206475913,4/5/2017 9:32,4/5/2017 9:32,4/13/2017 15:08,4/14/2017 10:00,4/17/2017 14:50,454.27,450.0,4.27,130.8,DRV,4.0,,False,0,Carrier 804788,Shipper 758,True,True,True,4/14/2017 10:00,4/17/2017 13:00,False,False,False,False,False,False,False,False,Hawkins,TX ,Hawkins,TX 
9873,206474609,6/1/2017 18:54,6/1/2017 18:54,6/5/2017 13:44,6/7/2017 15:00,6/7/2017 22:30,454.27,450.0,4.27,130.8,DRV,,,False,0,Carrier 804788,Shipper 758,True,True,True,6/7/2017 15:00,6/8/2017 0:00,False,False,False,False,False,False,False,False,Hawkins,TX ,Hawkins,TX 
9874,206495577,4/18/2017 11:10,4/18/2017 11:11,5/3/2017 16:56,5/4/2017 14:00,5/5/2017 0:30,454.27,400.0,54.27,130.8,DRV,3.0,,False,0,Carrier 703622,Shipper 758,True,True,True,5/4/2017 14:00,5/4/2017 23:00,False,False,False,False,False,False,False,False,Hawkins,TX ,Hawkins,TX 
9875,206440521,4/18/2017 11:34,4/18/2017 11:34,5/3/2017 17:03,5/10/2017 12:00,5/10/2017 22:20,454.27,450.0,4.27,130.8,DRV,,,False,0,Carrier 804788,Shipper 758,True,True,True,5/10/2017 12:00,5/10/2017 21:00,False,False,False,False,False,False,False,False,Hawkins,TX ,Hawkins,TX 
9876,206426889,4/18/2017 11:15,4/18/2017 11:15,5/2/2017 12:04,5/4/2017 12:00,5/4/2017 22:40,454.27,450.0,4.27,130.8,DRV,,,False,0,Carrier 804788,Shipper 758,False,True,True,5/4/2017 12:00,5/4/2017 21:00,False,False,False,False,False,False,False,False,Hawkins,TX ,Hawkins,TX 
9877,206524305,5/11/2017 14:34,5/11/2017 14:34,5/15/2017 12:44,5/18/2017 14:00,5/19/2017 0:55,454.27,450.0,4.27,130.8,DRV,,,False,0,Carrier 804788,Shipper 758,True,True,True,5/18/2017 14:00,5/19/2017 0:30,False,False,False,False,False,False,False,False,Hawkins,TX ,Hawkins,TX 
9878,206516753,5/2/2017 8:29,5/2/2017 8:29,5/3/2017 17:05,5/8/2017 13:00,5/8/2017 22:25,454.27,450.0,4.27,130.8,DRV,,,False,1,Carrier 804788,Shipper 758,True,True,True,5/8/2017 13:00,5/8/2017 20:00,False,False,False,False,False,False,False,False,Hawkins,TX ,Hawkins,TX 
9879,206517921,3/7/2017 10:48,3/7/2017 10:48,3/13/2017 9:56,3/13/2017 14:00,3/14/2017 8:30,454.27,400.0,54.27,130.8,DRV,3.0,,False,0,Carrier 703622,Shipper 758,True,True,True,3/13/2017 14:00,3/14/2017 8:00,False,False,False,False,False,False,False,False,Hawkins,TX ,Hawkins,TX 
9880,206507089,4/18/2017 17:37,4/18/2017 17:37,4/21/2017 12:11,4/24/2017 18:00,4/25/2017 9:00,454.27,450.0,4.27,130.8,DRV,4.0,,False,0,Carrier 804788,Shipper 758,True,True,True,4/24/2017 18:00,4/25/2017 9:00,False,False,False,False,False,False,False,False,Hawkins,TX ,Hawkins,TX 
9881,206475921,4/11/2017 14:06,4/11/2017 14:06,4/25/2017 17:45,4/27/2017 17:00,4/28/2017 10:45,454.27,450.0,4.27,130.8,DRV,,,False,0,Carrier 804788,Shipper 758,True,True,True,4/27/2017 17:00,4/28/2017 8:00,False,False,False,False,False,False,False,False,Hawkins,TX ,Hawkins,TX 
9882,206430585,3/27/2017 15:15,3/27/2017 15:16,4/6/2017 12:30,4/6/2017 18:00,4/7/2017 9:30,454.27,550.0,-95.73,130.8,DRV,4.0,,False,1,Carrier 1079255,Shipper 758,True,True,True,4/6/2017 18:00,4/7/2017 7:00,False,False,False,False,False,False,False,False,Hawkins,TX ,Hawkins,TX 
9883,206431489,3/28/2017 14:59,3/28/2017 14:59,4/10/2017 8:27,4/10/2017 19:00,4/11/2017 6:30,454.27,400.0,54.27,130.8,DRV,4.0,,False,0,Carrier 495998,Shipper 758,True,True,True,4/10/2017 19:00,4/11/2017 8:00,False,False,False,False,False,False,False,False,Hawkins,TX ,Hawkins,TX 
9884,206558017,4/5/2017 16:47,4/5/2017 16:47,4/26/2017 12:07,4/26/2017 18:00,4/27/2017 9:00,454.27,425.0,29.27,130.8,DRV,4.0,,False,0,Carrier 816774,Shipper 758,True,True,True,4/26/2017 18:00,4/27/2017 8:00,False,False,False,False,False,False,False,False,Hawkins,TX ,Hawkins,TX 
9885,206521641,3/27/2017 15:10,3/27/2017 15:10,4/3/2017 12:46,4/4/2017 17:00,4/10/2017 14:30,454.27,0.0,0.0,130.8,DRV,2.0,,False,0,Carrier 113308,Shipper 758,True,True,True,4/4/2017 17:00,4/10/2017 11:00,False,False,False,False,False,False,False,False,Hawkins,TX ,Hawkins,TX 
9886,206560281,3/30/2017 13:41,3/30/2017 13:41,4/5/2017 11:32,4/5/2017 20:00,4/6/2017 7:30,454.27,425.0,29.27,130.8,DRV,,,False,0,Carrier 816774,Shipper 758,True,True,True,4/5/2017 20:00,4/6/2017 8:00,False,False,False,False,False,False,False,False,Hawkins,TX ,Hawkins,TX 
9887,206664081,4/19/2017 10:13,4/19/2017 10:22,5/11/2017 13:45,5/11/2017 14:00,5/15/2017 2:15,454.27,925.0,-470.73,130.8,DRV,,,False,1,Carrier 816774,Shipper 758,False,True,True,5/11/2017 14:00,5/21/2017 20:00,False,False,False,False,False,False,False,False,Hawkins,TX ,Hawkins,TX 
9888,206558241,3/7/2017 10:21,3/7/2017 10:21,3/13/2017 11:36,3/13/2017 14:00,3/14/2017 9:30,454.27,425.0,29.27,130.8,DRV,,,False,2,Carrier 816774,Shipper 758,False,True,True,3/13/2017 14:00,3/14/2017 7:00,False,False,False,False,False,False,False,False,Hawkins,TX ,Hawkins,TX 
9889,206732585,2/28/2017 18:40,2/28/2017 18:40,3/6/2017 16:11,3/6/2017 17:00,3/7/2017 12:30,454.27,500.0,-45.73,130.8,DRV,,,False,0,Carrier 619302,Shipper 758,False,True,True,3/6/2017 17:00,3/7/2017 8:00,False,False,False,False,False,False,False,False,Hawkins,TX ,Hawkins,TX 
9890,206469833,3/10/2017 13:05,3/10/2017 13:05,3/14/2017 10:53,3/14/2017 20:00,3/15/2017 12:45,454.27,425.0,29.27,130.8,DRV,,,False,0,Carrier 1693488,Shipper 758,True,True,True,3/14/2017 20:00,3/15/2017 10:00,False,False,False,False,False,False,False,False,Hawkins,TX ,Hawkins,TX 
9891,206503697,4/11/2017 14:25,4/11/2017 14:26,5/3/2017 9:51,5/3/2017 13:00,5/3/2017 21:30,454.27,425.0,29.27,130.8,DRV,,,False,1,Carrier 816774,Shipper 758,False,True,True,5/3/2017 13:00,5/3/2017 21:00,False,False,False,False,False,False,False,False,Hawkins,TX ,Hawkins,TX 
9892,206622337,3/30/2017 14:45,3/30/2017 14:45,4/6/2017 12:43,4/6/2017 19:00,4/7/2017 10:22,454.27,475.0,-20.73,130.8,DRV,,,False,1,Carrier 958624,Shipper 758,True,False,False,4/6/2017 19:00,4/7/2017 9:00,False,False,False,False,False,False,False,False,Hawkins,TX ,Hawkins,TX 
9893,206429577,4/5/2017 16:41,4/5/2017 16:41,4/25/2017 17:56,4/25/2017 18:00,4/26/2017 9:30,454.27,650.0,-195.73,130.8,DRV,4.0,,False,1,Carrier 1624331,Shipper 758,False,True,True,4/25/2017 18:00,4/26/2017 8:00,False,False,False,False,False,False,False,False,Hawkins,TX ,Hawkins,TX 
9894,206427633,3/30/2017 14:58,3/30/2017 14:58,4/4/2017 8:29,4/4/2017 18:00,4/5/2017 9:30,454.27,450.0,4.27,130.8,DRV,4.0,,False,0,Carrier 1693493,Shipper 758,True,True,True,4/4/2017 18:00,4/5/2017 8:00,False,False,False,False,False,False,False,False,Hawkins,TX ,Hawkins,TX 
9895,206480929,2/28/2017 18:42,2/28/2017 18:43,3/6/2017 17:30,3/6/2017 16:00,3/7/2017 13:30,454.27,475.0,-20.73,130.8,DRV,,,False,1,Carrier 1693565,Shipper 758,False,True,True,3/6/2017 16:00,3/7/2017 8:00,False,False,False,False,False,False,False,False,Hawkins,TX ,Hawkins,TX 
9896,206480521,8/23/2017 11:26,8/23/2017 11:26,8/25/2017 12:29,8/29/2017 19:00,8/30/2017 10:00,454.26,425.0,29.26,24.5,RFR,,,False,0,Carrier 1460328,Shipper 758,False,True,True,8/29/2017 19:00,8/30/2017 9:00,False,False,False,False,False,False,False,False,Ontario,CA ,Ontario,CA 
9897,206702249,7/24/2017 15:11,7/24/2017 15:12,7/26/2017 14:28,8/1/2017 16:00,8/2/2017 3:00,453.23,425.0,28.23,130.8,DRV,,,False,0,Carrier 567581,Shipper 758,True,True,True,8/1/2017 16:00,8/2/2017 0:00,False,False,False,False,False,False,False,False,Hawkins,TX ,Hawkins,TX 
9898,206704409,7/28/2017 14:15,7/28/2017 14:15,8/1/2017 12:43,8/6/2017 17:00,8/7/2017 1:30,453.23,425.0,28.23,130.8,DRV,,,False,0,Carrier 567581,Shipper 758,True,True,True,8/6/2017 17:00,8/7/2017 1:30,False,False,False,False,False,False,False,False,Hawkins,TX ,Hawkins,TX 
9899,206641001,7/20/2017 13:31,7/20/2017 13:31,7/21/2017 9:36,7/27/2017 17:00,7/28/2017 1:00,453.23,425.0,28.23,130.8,DRV,,,False,0,Carrier 567581,Shipper 758,True,True,True,7/27/2017 17:00,7/28/2017 1:00,False,False,False,False,False,False,False,False,Hawkins,TX ,Hawkins,TX 
9900,206640809,3/10/2017 13:53,3/10/2017 13:53,3/17/2017 9:46,3/19/2017 15:00,3/20/2017 6:50,453.23,425.0,28.23,130.8,DRV,,,False,1,Carrier 567581,Shipper 758,True,True,True,3/19/2017 15:00,3/20/2017 10:00,False,False,False,False,False,False,False,False,Hawkins,TX ,Hawkins,TX 
9901,206643849,7/20/2017 13:34,7/20/2017 13:35,7/24/2017 10:44,7/30/2017 16:00,7/31/2017 0:30,453.23,425.0,28.23,130.8,DRV,,,False,0,Carrier 567581,Shipper 758,True,True,True,7/30/2017 16:00,7/31/2017 0:30,False,False,False,False,False,False,False,False,Hawkins,TX ,Hawkins,TX 
9902,206592777,7/28/2017 15:01,7/28/2017 15:01,8/1/2017 12:43,8/7/2017 17:00,8/8/2017 4:30,453.23,425.0,28.23,130.8,DRV,,,False,0,Carrier 567581,Shipper 758,False,True,True,8/7/2017 17:00,8/8/2017 1:30,False,False,False,False,False,False,False,False,Hawkins,TX ,Hawkins,TX 
9903,206590601,6/16/2017 15:26,6/16/2017 15:26,6/26/2017 9:19,6/26/2017 17:00,6/27/2017 3:00,453.23,425.0,28.23,130.8,DRV,,,False,1,Carrier 567581,Shipper 758,True,True,True,6/26/2017 17:00,6/27/2017 1:30,False,False,False,False,False,False,False,False,Hawkins,TX ,Hawkins,TX 
9904,206547273,7/24/2017 15:01,7/24/2017 15:02,7/26/2017 14:28,7/31/2017 16:00,8/1/2017 0:00,453.23,425.0,28.23,130.8,DRV,,,False,0,Carrier 567581,Shipper 758,True,True,True,7/31/2017 16:00,8/1/2017 0:00,False,False,False,False,False,False,False,False,Hawkins,TX ,Hawkins,TX 
9905,206589417,7/20/2017 13:32,7/20/2017 13:33,7/24/2017 10:44,7/30/2017 17:00,7/31/2017 1:30,453.23,425.0,28.23,130.8,DRV,,,False,0,Carrier 567581,Shipper 758,True,True,True,7/30/2017 17:00,7/31/2017 1:30,False,False,False,False,False,False,False,False,Hawkins,TX ,Hawkins,TX 
9906,206589657,3/14/2017 12:46,3/14/2017 12:46,3/17/2017 10:48,3/20/2017 15:00,3/21/2017 7:00,453.23,400.0,53.23,130.8,DRV,3.0,,False,0,Carrier 1278326,Shipper 758,True,True,True,3/20/2017 15:00,3/21/2017 8:00,False,False,False,False,False,False,False,False,Hawkins,TX ,Hawkins,TX 
9907,206748601,7/18/2017 13:24,7/18/2017 13:24,7/21/2017 9:28,7/25/2017 17:00,7/26/2017 1:30,453.23,425.0,28.23,130.8,DRV,,,False,0,Carrier 567581,Shipper 758,True,True,True,7/25/2017 17:00,7/26/2017 1:30,False,False,False,False,False,False,False,False,Hawkins,TX ,Hawkins,TX 
9908,206533577,3/14/2017 13:02,3/14/2017 13:02,3/20/2017 9:34,3/20/2017 20:00,3/21/2017 5:40,453.23,425.0,28.23,130.8,DRV,,,False,0,Carrier 567581,Shipper 758,True,True,True,3/20/2017 20:00,3/21/2017 8:00,False,False,False,False,False,False,False,False,Hawkins,TX ,Hawkins,TX 
9909,206641137,7/24/2017 15:04,7/24/2017 15:05,7/26/2017 14:28,8/1/2017 17:00,8/2/2017 1:30,453.23,425.0,28.23,130.8,DRV,,,False,0,Carrier 567581,Shipper 758,True,True,True,8/1/2017 17:00,8/2/2017 1:30,False,False,False,False,False,False,False,False,Hawkins,TX ,Hawkins,TX 
9910,206497993,6/16/2017 15:23,6/16/2017 15:23,6/20/2017 9:38,6/22/2017 15:00,6/23/2017 1:40,453.23,425.0,28.23,130.8,DRV,,,False,0,Carrier 567581,Shipper 758,True,True,True,6/22/2017 15:00,6/23/2017 0:00,False,False,False,False,False,False,False,False,Hawkins,TX ,Hawkins,TX 
9911,206688561,3/24/2017 17:01,3/24/2017 17:02,3/30/2017 13:30,3/30/2017 20:00,3/31/2017 9:00,453.23,500.0,-46.77,130.8,DRV,3.0,,False,1,Carrier 16525,Shipper 758,True,True,True,3/30/2017 20:00,3/31/2017 8:00,False,False,False,False,False,False,False,False,Hawkins,TX ,Hawkins,TX 
9912,206617769,3/9/2017 11:15,3/9/2017 11:15,3/14/2017 16:05,3/15/2017 15:00,3/16/2017 8:00,453.23,450.0,3.23,130.8,DRV,4.0,,False,0,Carrier 1269258,Shipper 758,True,True,True,3/15/2017 15:00,3/16/2017 7:00,False,False,False,False,False,False,False,False,Hawkins,TX ,Hawkins,TX 
9913,206565441,5/30/2017 18:22,5/30/2017 18:22,6/2/2017 15:25,6/5/2017 13:00,6/5/2017 21:00,453.23,450.0,3.23,130.8,DRV,,,False,0,Carrier 1269258,Shipper 758,True,True,True,6/5/2017 13:00,6/5/2017 21:30,False,False,False,False,False,False,False,False,Hawkins,TX ,Hawkins,TX 
9914,206562561,3/14/2017 13:03,3/14/2017 13:03,3/20/2017 11:40,3/20/2017 20:00,3/21/2017 8:00,453.23,450.0,3.23,130.8,DRV,3.0,,False,0,Carrier 1085416,Shipper 758,True,True,True,3/20/2017 20:00,3/21/2017 8:00,False,False,False,False,False,False,False,False,Hawkins,TX ,Hawkins,TX 
9915,206533609,6/16/2017 15:17,6/16/2017 15:17,6/19/2017 8:15,6/20/2017 14:00,6/21/2017 1:30,453.23,575.0,-121.77,130.8,DRV,,,False,0,Carrier 567581,Shipper 758,True,False,False,6/20/2017 14:00,6/21/2017 0:00,False,False,False,False,False,False,False,False,Hawkins,TX ,Hawkins,TX 
9916,206532009,7/20/2017 8:51,7/20/2017 8:51,7/21/2017 9:31,7/26/2017 18:00,7/27/2017 4:00,453.23,425.0,28.23,130.8,DRV,,,False,0,Carrier 567581,Shipper 758,True,True,True,7/26/2017 18:00,7/27/2017 1:30,False,False,False,False,False,False,False,False,Hawkins,TX ,Hawkins,TX 
9917,206592049,5/16/2017 15:31,5/16/2017 15:31,5/22/2017 8:52,5/22/2017 15:00,5/23/2017 2:30,453.23,425.0,28.23,130.8,DRV,3.0,,False,0,Carrier 567581,Shipper 758,True,True,True,5/22/2017 15:00,5/23/2017 0:30,False,False,False,False,False,False,False,False,Hawkins,TX ,Hawkins,TX 
9918,206591481,7/28/2017 14:14,7/28/2017 14:14,8/1/2017 12:43,8/6/2017 17:00,8/7/2017 1:30,453.23,425.0,28.23,130.8,DRV,,,False,0,Carrier 567581,Shipper 758,True,True,True,8/6/2017 17:00,8/7/2017 1:30,False,False,False,False,False,False,False,False,Hawkins,TX ,Hawkins,TX 
9919,206588977,7/25/2017 13:39,7/25/2017 13:39,7/26/2017 14:26,8/2/2017 17:00,8/3/2017 1:30,453.23,425.0,28.23,130.8,DRV,,,False,0,Carrier 567581,Shipper 758,False,True,True,8/2/2017 17:00,8/3/2017 1:30,False,False,False,False,False,False,False,False,Hawkins,TX ,Hawkins,TX 
9920,206546713,5/10/2017 15:45,5/10/2017 15:45,5/22/2017 11:43,5/22/2017 14:00,5/23/2017 0:30,453.23,625.0,-171.77,130.8,DRV,,,False,2,Carrier 567581,Shipper 758,True,True,True,5/22/2017 14:00,5/23/2017 0:30,False,False,False,False,False,False,False,False,Hawkins,TX ,Hawkins,TX 
9921,206535001,7/31/2017 16:19,7/31/2017 16:19,8/1/2017 12:44,8/8/2017 17:00,8/9/2017 1:30,453.23,425.0,28.23,130.8,DRV,,,False,0,Carrier 567581,Shipper 758,True,True,True,8/8/2017 17:00,8/9/2017 1:30,False,False,False,False,False,False,False,False,Hawkins,TX ,Hawkins,TX 
9922,206533657,7/20/2017 13:28,7/20/2017 13:28,7/21/2017 9:36,7/27/2017 17:00,7/28/2017 1:30,453.23,425.0,28.23,130.8,DRV,,,False,0,Carrier 567581,Shipper 758,True,True,True,7/27/2017 17:00,7/28/2017 1:30,False,False,False,False,False,False,False,False,Hawkins,TX ,Hawkins,TX 
9923,206436225,7/18/2017 13:18,7/18/2017 13:18,7/24/2017 10:15,7/25/2017 18:00,7/25/2017 23:40,453.23,425.0,28.23,130.8,DRV,,,False,0,Carrier 1556250,Shipper 758,True,True,True,7/25/2017 18:00,7/26/2017 1:30,False,False,False,False,False,False,False,False,Hawkins,TX ,Hawkins,TX 
9924,206542009,7/25/2017 14:45,7/25/2017 14:45,8/1/2017 12:21,8/3/2017 17:00,8/4/2017 1:30,453.23,450.0,3.23,130.8,DRV,,,False,0,Carrier 1556250,Shipper 758,True,True,True,8/3/2017 17:00,8/4/2017 1:30,False,False,False,False,False,False,False,False,Hawkins,TX ,Hawkins,TX 
9925,206548401,3/22/2017 13:24,3/22/2017 13:24,3/24/2017 10:35,3/26/2017 16:00,3/27/2017 7:15,453.23,425.0,28.23,130.8,DRV,4.0,,False,0,Carrier 567581,Shipper 758,True,True,True,3/26/2017 16:00,3/27/2017 10:00,False,False,False,False,False,False,False,False,Hawkins,TX ,Hawkins,TX 
9926,206472553,7/25/2017 13:44,7/25/2017 13:44,7/26/2017 14:28,8/2/2017 16:00,8/3/2017 0:30,453.23,425.0,28.23,130.8,DRV,,,False,0,Carrier 567581,Shipper 758,True,True,True,8/2/2017 16:00,8/3/2017 0:30,False,False,False,False,False,False,False,False,Hawkins,TX ,Hawkins,TX 
9927,206434217,7/28/2017 14:57,7/28/2017 14:57,8/1/2017 12:44,8/7/2017 17:00,8/8/2017 4:30,453.23,425.0,28.23,130.8,DRV,,,False,0,Carrier 567581,Shipper 758,False,True,True,8/7/2017 17:00,8/8/2017 1:30,False,False,False,False,False,False,False,False,Hawkins,TX ,Hawkins,TX 
9928,206422697,3/9/2017 11:12,3/9/2017 11:12,3/15/2017 10:40,3/15/2017 16:00,3/16/2017 7:55,453.23,425.0,28.23,130.8,DRV,3.0,,False,1,Carrier 567581,Shipper 758,True,True,True,3/15/2017 16:00,3/16/2017 7:00,False,False,False,False,False,False,False,False,Hawkins,TX ,Hawkins,TX 
9929,206512625,7/25/2017 14:46,7/25/2017 14:47,7/26/2017 14:27,8/3/2017 16:00,8/4/2017 0:30,453.23,425.0,28.23,130.8,DRV,,,False,0,Carrier 567581,Shipper 758,True,True,True,8/3/2017 16:00,8/4/2017 0:30,False,False,False,False,False,False,False,False,Hawkins,TX ,Hawkins,TX 
9930,206462569,7/20/2017 8:47,7/20/2017 8:47,7/24/2017 10:15,7/26/2017 16:00,7/26/2017 22:30,453.23,425.0,28.23,130.8,DRV,,,False,0,Carrier 1556250,Shipper 758,True,True,True,7/26/2017 16:00,7/27/2017 0:30,False,False,False,False,False,False,False,False,Hawkins,TX ,Hawkins,TX 
9931,206478153,7/25/2017 13:40,7/25/2017 13:40,8/1/2017 12:21,8/2/2017 17:00,8/3/2017 1:30,453.23,450.0,3.23,130.8,DRV,,,False,0,Carrier 1556250,Shipper 758,True,True,True,8/2/2017 17:00,8/3/2017 1:30,False,False,False,False,False,False,False,False,Hawkins,TX ,Hawkins,TX 
9932,206472521,5/30/2017 18:29,5/30/2017 18:29,6/5/2017 9:01,6/5/2017 15:00,6/6/2017 1:30,453.23,425.0,28.23,130.8,DRV,,,False,0,Carrier 567581,Shipper 758,True,True,True,6/5/2017 15:00,6/6/2017 0:00,False,False,False,False,False,False,False,False,Hawkins,TX ,Hawkins,TX 
9933,206498713,7/31/2017 16:21,7/31/2017 16:21,8/1/2017 12:44,8/8/2017 17:00,8/9/2017 1:30,453.23,425.0,28.23,130.8,DRV,,,False,0,Carrier 567581,Shipper 758,True,True,True,8/8/2017 17:00,8/9/2017 1:30,False,False,False,False,False,False,False,False,Hawkins,TX ,Hawkins,TX 
9934,206428553,3/9/2017 11:11,3/9/2017 11:11,3/15/2017 17:13,3/15/2017 19:00,3/16/2017 9:00,453.23,425.0,28.23,130.8,DRV,3.0,,False,1,Carrier 1475092,Shipper 758,True,True,True,3/15/2017 19:00,3/16/2017 7:00,False,False,False,False,False,False,False,False,Hawkins,TX ,Hawkins,TX 
9935,206426761,7/25/2017 14:48,7/25/2017 14:48,7/26/2017 14:26,8/3/2017 17:00,8/4/2017 1:30,453.23,425.0,28.23,130.8,DRV,,,False,0,Carrier 567581,Shipper 758,True,True,True,8/3/2017 17:00,8/4/2017 1:30,False,False,False,False,False,False,False,False,Hawkins,TX ,Hawkins,TX 
9936,206430489,7/24/2017 15:00,7/24/2017 15:00,7/26/2017 14:28,7/31/2017 17:00,8/1/2017 1:30,453.23,425.0,28.23,130.8,DRV,,,False,0,Carrier 567581,Shipper 758,True,True,True,7/31/2017 17:00,8/1/2017 1:30,False,False,False,False,False,False,False,False,Hawkins,TX ,Hawkins,TX 
9937,206427225,7/18/2017 13:23,7/18/2017 13:23,7/21/2017 9:28,7/25/2017 17:00,7/26/2017 2:30,453.23,425.0,28.23,130.8,DRV,,,False,0,Carrier 567581,Shipper 758,True,True,True,7/25/2017 17:00,7/26/2017 0:30,False,False,False,False,False,False,False,False,Hawkins,TX ,Hawkins,TX 
9938,206657705,7/28/2017 14:58,7/28/2017 14:58,7/31/2017 7:23,8/7/2017 17:00,8/8/2017 2:50,453.23,400.0,53.23,130.8,DRV,,,False,0,Carrier 611154,Shipper 758,True,True,True,8/7/2017 17:00,8/8/2017 1:30,False,False,False,False,False,False,False,False,Hawkins,TX ,Hawkins,TX 
9939,206712817,7/24/2017 15:03,7/24/2017 15:03,7/25/2017 7:37,7/31/2017 17:00,8/1/2017 1:30,453.23,400.0,53.23,130.8,DRV,,,False,0,Carrier 611154,Shipper 758,True,True,True,7/31/2017 17:00,8/1/2017 1:30,False,False,False,False,False,False,False,False,Hawkins,TX ,Hawkins,TX 
9940,206657993,7/20/2017 13:34,7/20/2017 13:34,7/21/2017 7:23,7/30/2017 17:00,7/31/2017 4:30,453.23,408.0,45.23,130.8,DRV,,,False,0,Carrier 611154,Shipper 758,True,True,True,7/30/2017 17:00,7/31/2017 1:30,False,False,False,False,False,False,False,False,Hawkins,TX ,Hawkins,TX 
9941,206601161,7/18/2017 13:20,7/18/2017 13:20,7/19/2017 13:33,7/25/2017 17:00,7/26/2017 4:30,453.23,400.0,53.23,130.8,DRV,,,False,0,Carrier 611154,Shipper 758,True,True,True,7/25/2017 17:00,7/26/2017 1:30,False,False,False,False,False,False,False,False,Hawkins,TX ,Hawkins,TX 
9942,206652073,7/31/2017 16:20,7/31/2017 16:20,8/8/2017 10:01,8/8/2017 16:00,8/9/2017 0:00,453.23,600.0,-146.77,130.8,DRV,,,False,1,Carrier 546141,Shipper 758,False,True,True,8/8/2017 16:00,8/9/2017 0:00,False,False,False,False,False,False,False,False,Hawkins,TX ,Hawkins,TX 
9943,206651241,3/10/2017 13:54,3/10/2017 13:54,3/15/2017 16:58,3/16/2017 20:00,3/17/2017 12:20,453.23,450.0,3.23,130.8,DRV,,,False,0,Carrier 1065016,Shipper 758,False,True,True,3/16/2017 20:00,3/17/2017 9:00,False,False,False,False,False,False,False,False,Hawkins,TX ,Hawkins,TX 
9944,206554569,6/16/2017 15:27,6/16/2017 15:27,6/19/2017 19:44,6/22/2017 15:00,6/23/2017 1:45,453.23,400.0,53.23,130.8,DRV,,,False,0,Carrier 611154,Shipper 758,True,True,True,6/22/2017 15:00,6/23/2017 0:00,False,False,False,False,False,False,False,False,Hawkins,TX ,Hawkins,TX 
9945,206601129,3/24/2017 17:05,3/24/2017 17:06,3/30/2017 17:01,3/30/2017 20:00,3/31/2017 9:45,453.23,500.0,-46.77,130.8,DRV,,,False,0,Carrier 1693589,Shipper 758,True,True,True,3/30/2017 20:00,3/31/2017 8:00,False,False,False,False,False,False,False,False,Hawkins,TX ,Hawkins,TX 
9946,206551297,3/9/2017 11:14,3/9/2017 11:14,3/15/2017 10:40,3/15/2017 19:00,3/16/2017 8:00,453.23,400.0,53.23,130.8,DRV,3.0,,False,1,Carrier 611154,Shipper 758,True,True,True,3/15/2017 19:00,3/16/2017 7:00,False,False,False,False,False,False,False,False,Hawkins,TX ,Hawkins,TX 
9947,206657969,3/27/2017 15:22,3/27/2017 15:23,3/29/2017 11:35,4/2/2017 19:00,4/3/2017 7:45,453.23,400.0,53.23,130.8,DRV,4.0,,False,0,Carrier 611154,Shipper 758,True,True,True,4/2/2017 19:00,4/3/2017 8:00,False,False,False,False,False,False,False,False,Hawkins,TX ,Hawkins,TX 
9948,206601817,7/18/2017 13:21,7/18/2017 13:21,7/19/2017 14:21,7/25/2017 16:00,7/26/2017 3:30,453.23,400.0,53.23,130.8,DRV,,,False,0,Carrier 1693589,Shipper 758,False,True,True,7/25/2017 16:00,7/26/2017 0:30,False,False,False,False,False,False,False,False,Hawkins,TX ,Hawkins,TX 
9949,206553577,5/16/2017 15:35,5/16/2017 15:35,5/17/2017 14:56,5/23/2017 17:00,5/24/2017 4:20,453.23,420.0,33.23,130.8,DRV,4.0,,False,0,Carrier 611154,Shipper 758,True,True,True,5/23/2017 17:00,5/24/2017 1:30,False,False,False,False,False,False,False,False,Hawkins,TX ,Hawkins,TX 
9950,206542153,5/16/2017 15:52,5/16/2017 15:52,5/18/2017 16:14,5/22/2017 14:00,5/23/2017 1:30,453.23,400.0,53.23,130.8,DRV,3.0,,False,0,Carrier 1693589,Shipper 758,True,True,True,5/22/2017 14:00,5/22/2017 23:30,False,False,False,False,False,False,False,False,Hawkins,TX ,Hawkins,TX 
9951,206500297,5/30/2017 18:25,5/30/2017 18:25,6/2/2017 15:41,6/5/2017 17:00,6/5/2017 23:00,453.23,400.0,53.23,130.8,DRV,,,False,0,Carrier 1693589,Shipper 758,True,True,True,6/5/2017 17:00,6/6/2017 1:30,False,False,False,False,False,False,False,False,Hawkins,TX ,Hawkins,TX 
9952,206657185,3/15/2017 13:10,3/15/2017 13:10,3/20/2017 8:41,3/21/2017 19:00,3/22/2017 7:45,453.23,400.0,53.23,130.8,DRV,4.0,,False,0,Carrier 611154,Shipper 758,True,True,True,3/21/2017 19:00,3/22/2017 8:00,False,False,False,False,False,False,False,False,Hawkins,TX ,Hawkins,TX 
9953,206648681,7/20/2017 13:46,7/20/2017 13:46,7/25/2017 10:26,7/25/2017 16:00,7/25/2017 23:30,453.23,600.0,-146.77,130.8,DRV,,,False,0,Carrier 546141,Shipper 758,True,True,True,7/25/2017 16:00,7/26/2017 0:30,False,False,False,False,False,False,False,False,Hawkins,TX ,Hawkins,TX 
9954,206651289,7/25/2017 13:43,7/25/2017 13:43,8/1/2017 15:32,8/2/2017 17:00,8/3/2017 1:30,453.23,600.0,-146.77,130.8,DRV,,,False,0,Carrier 546141,Shipper 758,False,True,True,8/2/2017 17:00,8/3/2017 1:30,False,False,False,False,False,False,False,False,Hawkins,TX ,Hawkins,TX 
9955,206567257,3/9/2017 11:17,3/9/2017 11:17,3/15/2017 11:01,3/15/2017 15:00,3/16/2017 8:00,453.23,450.0,3.23,130.8,DRV,3.0,,False,1,Carrier 1085416,Shipper 758,True,True,True,3/15/2017 15:00,3/16/2017 7:00,False,False,False,False,False,False,False,False,Hawkins,TX ,Hawkins,TX 
9956,206535385,3/10/2017 13:03,3/10/2017 13:03,3/19/2017 15:17,3/19/2017 17:00,3/20/2017 12:00,453.23,450.0,3.23,130.8,DRV,,,False,1,Carrier 1269258,Shipper 758,True,True,True,3/19/2017 17:00,3/20/2017 10:00,False,False,False,False,False,False,False,False,Hawkins,TX ,Hawkins,TX 
9957,206533305,3/24/2017 17:03,3/24/2017 17:03,3/29/2017 9:59,3/30/2017 21:00,3/31/2017 10:00,453.23,450.0,3.23,130.8,DRV,4.0,,False,0,Carrier 1269258,Shipper 758,True,True,True,3/30/2017 21:00,3/31/2017 7:00,False,False,False,False,False,False,False,False,Hawkins,TX ,Hawkins,TX 
9958,206531577,3/14/2017 12:42,3/14/2017 12:42,3/20/2017 11:14,3/20/2017 19:00,3/21/2017 9:30,453.23,450.0,3.23,130.8,DRV,3.0,,False,1,Carrier 48458,Shipper 758,True,True,True,3/20/2017 19:00,3/21/2017 8:00,False,False,False,False,False,False,False,False,Hawkins,TX ,Hawkins,TX 
9959,206485737,3/9/2017 9:06,3/9/2017 9:06,3/17/2017 9:10,3/17/2017 15:00,3/20/2017 8:30,453.23,425.0,28.23,130.8,DRV,3.0,,False,1,Carrier 735522,Shipper 758,True,True,True,3/17/2017 15:00,3/20/2017 8:00,False,False,False,False,False,False,False,False,Hawkins,TX ,Hawkins,TX 
9960,206504889,7/28/2017 14:25,7/28/2017 14:25,8/1/2017 12:21,8/6/2017 17:00,8/7/2017 1:00,453.23,450.0,3.23,130.8,DRV,,,False,0,Carrier 1556250,Shipper 758,True,True,True,8/6/2017 17:00,8/7/2017 1:00,False,False,False,False,False,False,False,False,Hawkins,TX ,Hawkins,TX 
9961,206551329,7/31/2017 16:19,7/31/2017 16:19,8/1/2017 2:19,8/8/2017 17:00,8/9/2017 1:30,453.23,400.0,53.23,130.8,DRV,,,False,0,Carrier 611154,Shipper 758,True,True,True,8/8/2017 17:00,8/9/2017 1:30,False,False,False,False,False,False,False,False,Hawkins,TX ,Hawkins,TX 
9962,206552313,5/16/2017 15:42,5/16/2017 15:42,5/18/2017 16:13,5/23/2017 15:00,5/24/2017 1:30,453.23,400.0,53.23,130.8,DRV,3.0,,False,0,Carrier 1693589,Shipper 758,True,True,True,5/23/2017 15:00,5/24/2017 0:00,False,False,False,False,False,False,False,False,Hawkins,TX ,Hawkins,TX 
9963,206431009,7/28/2017 14:07,7/28/2017 14:10,7/31/2017 9:50,8/6/2017 16:00,8/7/2017 0:00,453.23,425.0,28.23,130.8,DRV,,,False,0,Carrier 1556250,Shipper 758,True,True,True,8/6/2017 16:00,8/7/2017 0:00,False,False,False,False,False,False,False,False,Hawkins,TX ,Hawkins,TX 
9964,206600337,5/16/2017 15:48,5/16/2017 15:48,5/18/2017 14:04,5/22/2017 17:00,5/23/2017 3:30,453.23,400.0,53.23,130.8,DRV,4.0,,False,0,Carrier 611154,Shipper 758,True,True,True,5/22/2017 17:00,5/23/2017 1:30,False,False,False,False,False,False,False,False,Hawkins,TX ,Hawkins,TX 
9965,206484585,6/16/2017 15:15,6/16/2017 15:15,6/19/2017 7:20,6/20/2017 14:00,6/21/2017 2:20,453.23,400.0,53.23,130.8,DRV,,,False,0,Carrier 611154,Shipper 758,False,True,True,6/20/2017 14:00,6/21/2017 0:30,False,False,False,False,False,False,False,False,Hawkins,TX ,Hawkins,TX 
9966,206650441,7/28/2017 14:54,7/28/2017 14:56,8/4/2017 15:42,8/7/2017 16:00,8/8/2017 0:30,453.23,612.0,-158.77,130.8,DRV,,,False,0,Carrier 546141,Shipper 758,True,True,True,8/7/2017 16:00,8/8/2017 0:30,False,False,False,False,False,False,False,False,Hawkins,TX ,Hawkins,TX 
9967,206648649,3/27/2017 15:21,3/27/2017 15:21,3/29/2017 19:06,4/2/2017 19:00,4/3/2017 8:59,453.23,425.0,28.23,130.8,DRV,5.0,,False,0,Carrier 1065016,Shipper 758,False,True,True,4/2/2017 19:00,4/3/2017 7:00,False,False,False,False,False,False,False,False,Hawkins,TX ,Hawkins,TX 
9968,206759425,7/20/2017 13:26,7/20/2017 13:26,7/26/2017 16:27,7/27/2017 16:00,7/28/2017 0:30,453.23,400.0,53.23,130.8,DRV,,,False,0,Carrier 63760,Shipper 758,False,True,True,7/27/2017 16:00,7/28/2017 0:30,False,False,False,False,False,False,False,False,Hawkins,TX ,Hawkins,TX 
9969,206598153,7/24/2017 14:56,7/24/2017 14:56,7/31/2017 9:14,7/31/2017 17:00,7/31/2017 23:14,453.23,425.0,28.23,130.8,DRV,,,False,0,Carrier 1065016,Shipper 758,False,True,True,7/31/2017 17:00,8/1/2017 1:00,False,False,False,False,False,False,False,False,Hawkins,TX ,Hawkins,TX 
9970,206491057,7/24/2017 15:10,7/24/2017 15:10,7/25/2017 7:37,8/1/2017 17:00,8/2/2017 1:30,453.23,400.0,53.23,130.8,DRV,,,False,0,Carrier 611154,Shipper 758,True,True,True,8/1/2017 17:00,8/2/2017 1:30,False,False,False,False,False,False,False,False,Hawkins,TX ,Hawkins,TX 
9971,206479113,3/14/2017 12:21,3/14/2017 12:21,3/17/2017 10:17,3/20/2017 20:00,3/21/2017 9:30,453.23,400.0,53.23,130.8,DRV,3.0,,False,0,Carrier 611154,Shipper 758,True,True,True,3/20/2017 20:00,3/21/2017 8:00,False,False,False,False,False,False,False,False,Hawkins,TX ,Hawkins,TX 
9972,206776057,3/22/2017 15:52,3/22/2017 15:52,3/31/2017 13:33,4/2/2017 21:00,4/3/2017 14:00,453.23,600.0,-146.77,130.8,DRV,4.0,,False,0,Carrier 546141,Shipper 758,False,True,True,4/2/2017 21:00,4/3/2017 10:00,False,False,False,False,False,False,False,False,Hawkins,TX ,Hawkins,TX 
9973,206709025,7/24/2017 15:06,7/24/2017 15:06,7/31/2017 17:24,8/1/2017 17:00,8/2/2017 1:00,453.23,600.0,-146.77,130.8,DRV,,,False,0,Carrier 546141,Shipper 758,True,True,True,8/1/2017 17:00,8/2/2017 1:00,False,False,False,False,False,False,False,False,Hawkins,TX ,Hawkins,TX 
9974,206652601,5/16/2017 15:36,5/16/2017 15:36,5/18/2017 20:07,5/23/2017 14:00,5/23/2017 23:00,453.23,425.0,28.23,130.8,DRV,,,False,0,Carrier 1065016,Shipper 758,False,True,True,5/23/2017 14:00,5/23/2017 23:00,False,False,False,False,False,False,False,False,Hawkins,TX ,Hawkins,TX 
9975,206421897,6/16/2017 15:19,6/16/2017 15:19,6/21/2017 11:03,6/22/2017 14:00,6/22/2017 21:15,453.23,400.0,53.23,130.8,DRV,,,False,0,Carrier 1693589,Shipper 758,True,True,True,6/22/2017 14:00,6/22/2017 22:00,False,False,False,False,False,False,False,False,Hawkins,TX ,Hawkins,TX 
9976,206438065,5/30/2017 18:20,5/30/2017 18:20,5/31/2017 9:39,6/5/2017 15:00,6/6/2017 2:00,453.23,400.0,53.23,130.8,DRV,,,False,0,Carrier 611154,Shipper 758,True,True,True,6/5/2017 15:00,6/6/2017 0:00,False,False,False,False,False,False,False,False,Hawkins,TX ,Hawkins,TX 
9977,206528161,3/9/2017 9:03,3/9/2017 9:03,3/14/2017 11:15,3/17/2017 17:00,3/20/2017 8:00,453.23,400.0,53.23,130.8,DRV,,,False,1,Carrier 611154,Shipper 758,True,True,True,3/17/2017 17:00,3/20/2017 8:00,False,False,False,False,False,False,False,False,Hawkins,TX ,Hawkins,TX 
9978,206594737,3/24/2017 17:11,3/24/2017 17:11,3/30/2017 17:12,3/30/2017 21:00,3/31/2017 9:00,453.23,600.0,-146.77,130.8,DRV,,,False,0,Carrier 546141,Shipper 758,True,True,True,3/30/2017 21:00,3/31/2017 7:00,False,False,False,False,False,False,False,False,Hawkins,TX ,Hawkins,TX 
9979,206649745,3/24/2017 17:00,3/24/2017 17:00,3/30/2017 17:12,3/30/2017 21:00,3/31/2017 10:00,453.23,600.0,-146.77,130.8,DRV,3.0,,False,0,Carrier 546141,Shipper 758,True,True,True,3/30/2017 21:00,3/31/2017 8:00,False,False,False,False,False,False,False,False,Hawkins,TX ,Hawkins,TX 
9980,206540793,3/14/2017 12:35,3/14/2017 12:35,3/17/2017 12:19,3/20/2017 19:00,3/21/2017 7:20,453.23,425.0,28.23,130.8,DRV,4.0,,False,0,Carrier 1065016,Shipper 758,False,True,True,3/20/2017 19:00,3/21/2017 8:00,False,False,False,False,False,False,False,False,Hawkins,TX ,Hawkins,TX 
9981,206598417,7/28/2017 14:24,7/28/2017 14:24,8/4/2017 9:20,8/6/2017 17:00,8/7/2017 1:30,453.23,600.0,-146.77,130.8,DRV,,,False,1,Carrier 546141,Shipper 758,True,True,True,8/6/2017 17:00,8/7/2017 1:30,False,False,False,False,False,False,False,False,Hawkins,TX ,Hawkins,TX 
9982,206466153,7/24/2017 14:58,7/24/2017 14:58,7/31/2017 9:16,7/31/2017 16:00,8/1/2017 0:00,453.23,600.0,-146.77,130.8,DRV,,,False,0,Carrier 546141,Shipper 758,False,True,True,7/31/2017 16:00,8/1/2017 0:00,False,False,False,False,False,False,False,False,Hawkins,TX ,Hawkins,TX 
9983,206470729,7/20/2017 13:29,7/20/2017 13:29,7/27/2017 9:38,7/27/2017 17:00,7/28/2017 1:30,453.23,600.0,-146.77,130.8,DRV,,,False,0,Carrier 546141,Shipper 758,True,True,True,7/27/2017 17:00,7/28/2017 1:30,False,False,False,False,False,False,False,False,Hawkins,TX ,Hawkins,TX 
9984,206432921,7/20/2017 13:30,7/20/2017 13:30,7/27/2017 9:38,7/27/2017 18:00,7/28/2017 1:30,453.23,600.0,-146.77,130.8,DRV,,,False,0,Carrier 546141,Shipper 758,True,True,True,7/27/2017 18:00,7/28/2017 1:30,False,False,False,False,False,False,False,False,Hawkins,TX ,Hawkins,TX 
9985,206433329,7/20/2017 8:48,7/20/2017 8:48,7/24/2017 16:47,7/26/2017 16:00,7/26/2017 23:15,453.23,425.0,28.23,130.8,DRV,,,False,0,Carrier 1065016,Shipper 758,True,True,True,7/26/2017 16:00,7/27/2017 0:00,False,False,False,False,False,False,False,False,Hawkins,TX ,Hawkins,TX 
9986,206433345,7/25/2017 13:36,7/25/2017 13:36,8/1/2017 15:32,8/2/2017 17:00,8/3/2017 1:00,453.23,600.0,-146.77,130.8,DRV,,,False,0,Carrier 546141,Shipper 758,False,True,True,8/2/2017 17:00,8/3/2017 1:00,False,False,False,False,False,False,False,False,Hawkins,TX ,Hawkins,TX 
9987,206586369,5/16/2017 15:45,5/16/2017 15:46,5/19/2017 12:02,5/23/2017 13:00,5/23/2017 21:30,453.23,450.0,3.23,130.8,DRV,,,False,0,Carrier 804788,Shipper 758,True,True,True,5/23/2017 13:00,5/23/2017 21:00,False,False,False,False,False,False,False,False,Hawkins,TX ,Hawkins,TX 
9988,206696817,5/16/2017 17:19,5/16/2017 17:19,5/19/2017 11:34,5/22/2017 13:00,5/22/2017 23:40,453.23,450.0,3.23,130.8,DRV,,,False,0,Carrier 804788,Shipper 758,True,True,True,5/22/2017 13:00,5/22/2017 23:00,False,False,False,False,False,False,False,False,Hawkins,TX ,Hawkins,TX 
9989,206692217,6/1/2017 14:17,6/1/2017 14:18,6/1/2017 17:44,6/4/2017 13:00,6/5/2017 0:00,453.23,450.0,3.23,130.8,DRV,,,False,0,Carrier 804788,Shipper 758,True,True,True,6/4/2017 13:00,6/4/2017 22:00,False,False,False,False,False,False,False,False,Hawkins,TX ,Hawkins,TX 
9990,206636537,7/31/2017 16:17,7/31/2017 16:17,8/3/2017 17:01,8/8/2017 17:00,8/8/2017 21:30,453.23,450.0,3.23,130.8,DRV,,,False,0,Carrier 804788,Shipper 758,True,True,True,8/8/2017 17:00,8/9/2017 1:00,False,False,False,False,False,False,False,False,Hawkins,TX ,Hawkins,TX 
9991,206541929,7/28/2017 14:59,7/28/2017 14:59,8/3/2017 16:59,8/7/2017 17:00,8/7/2017 23:30,453.23,450.0,3.23,130.8,DRV,,,False,0,Carrier 804788,Shipper 758,True,True,True,8/7/2017 17:00,8/8/2017 1:30,False,False,False,False,False,False,False,False,Hawkins,TX ,Hawkins,TX 
9992,206632865,7/24/2017 15:07,7/24/2017 15:07,7/31/2017 16:49,8/1/2017 17:00,8/1/2017 22:00,453.23,450.0,3.23,130.8,DRV,,,False,0,Carrier 804788,Shipper 758,True,True,True,8/1/2017 17:00,8/2/2017 1:30,False,False,False,False,False,False,False,False,Hawkins,TX ,Hawkins,TX 
9993,206516713,3/24/2017 17:07,3/24/2017 17:08,3/30/2017 14:14,3/30/2017 20:00,3/31/2017 12:00,453.23,450.0,3.23,130.8,DRV,2.0,,False,0,Carrier 53723,Shipper 758,True,False,False,3/30/2017 20:00,3/31/2017 8:00,False,False,False,False,False,False,False,False,Hawkins,TX ,Hawkins,TX 
9994,206543513,3/10/2017 13:01,3/10/2017 13:01,3/17/2017 14:29,3/19/2017 19:00,3/20/2017 10:30,453.23,450.0,3.23,130.8,DRV,3.0,,False,1,Carrier 804788,Shipper 758,True,True,True,3/19/2017 19:00,3/20/2017 8:00,False,False,False,False,False,False,False,False,Hawkins,TX ,Hawkins,TX 
9995,206527129,5/30/2017 18:18,5/30/2017 18:18,5/31/2017 9:44,6/6/2017 14:00,6/6/2017 22:30,453.23,450.0,3.23,130.8,DRV,,,False,0,Carrier 804788,Shipper 758,True,True,True,6/6/2017 14:00,6/6/2017 22:00,False,False,False,False,False,False,False,False,Hawkins,TX ,Hawkins,TX 
9996,206544161,6/16/2017 15:22,6/16/2017 15:22,6/19/2017 15:48,6/22/2017 14:00,6/23/2017 1:30,453.23,450.0,3.23,130.8,DRV,,,False,0,Carrier 804788,Shipper 758,True,True,True,6/22/2017 14:00,6/22/2017 23:00,False,False,False,False,False,False,False,False,Hawkins,TX ,Hawkins,TX 
9997,206492785,5/16/2017 15:40,5/16/2017 15:40,5/19/2017 12:02,5/23/2017 14:00,5/23/2017 23:10,453.23,450.0,3.23,130.8,DRV,,,False,0,Carrier 804788,Shipper 758,True,True,True,5/23/2017 14:00,5/23/2017 23:00,False,False,False,False,False,False,False,False,Hawkins,TX ,Hawkins,TX 
9998,206475121,5/30/2017 18:16,5/30/2017 18:16,6/6/2017 15:16,6/6/2017 14:00,6/7/2017 0:00,453.23,550.0,-96.77,130.8,DRV,,,False,1,Carrier 742049,Shipper 758,False,True,True,6/6/2017 14:00,6/6/2017 23:00,False,False,False,False,False,False,False,False,Hawkins,TX ,Hawkins,TX 
9999,206474505,5/30/2017 18:24,5/30/2017 18:24,5/31/2017 9:45,6/5/2017 14:00,6/5/2017 22:00,453.23,450.0,3.23,130.8,DRV,,,False,0,Carrier 804788,Shipper 758,True,True,True,6/5/2017 14:00,6/5/2017 22:30,False,False,False,False,False,False,False,False,Hawkins,TX ,Hawkins,TX 
10000,206509777,5/16/2017 15:55,5/16/2017 15:55,5/19/2017 11:35,5/22/2017 14:00,5/22/2017 22:45,453.23,450.0,3.23,130.8,DRV,,,False,0,Carrier 804788,Shipper 758,True,True,True,5/22/2017 14:00,5/22/2017 23:00,False,False,False,False,False,False,False,False,Hawkins,TX ,Hawkins,TX 
10001,206728009,3/22/2017 13:22,3/22/2017 13:22,3/24/2017 10:55,3/26/2017 16:00,3/27/2017 13:50,453.23,0.0,0.0,130.8,DRV,,,False,0,Carrier 1693493,Shipper 758,True,True,True,3/26/2017 16:00,3/27/2017 10:00,False,False,False,False,False,False,False,False,Hawkins,TX ,Hawkins,TX 
10002,206571169,3/14/2017 12:32,3/14/2017 12:33,3/20/2017 12:54,3/20/2017 20:00,3/21/2017 10:40,453.23,400.0,53.23,130.8,DRV,3.0,,False,0,Carrier 1695157,Shipper 758,True,True,True,3/20/2017 20:00,3/21/2017 8:00,False,False,False,False,False,False,False,False,Hawkins,TX ,Hawkins,TX 
10003,206667185,9/11/2017 11:23,9/11/2017 11:23,9/13/2017 11:00,9/14/2017 20:00,9/15/2017 10:30,453.07,425.0,28.07,24.5,RFR,,,False,0,Carrier 1460328,Shipper 758,True,True,True,9/14/2017 20:00,9/15/2017 9:00,False,False,False,False,False,False,False,False,Ontario,CA ,Ontario,CA 
10004,206618897,9/18/2017 13:33,9/18/2017 13:39,9/19/2017 11:17,9/26/2017 19:00,9/27/2017 12:00,453.07,425.0,28.07,24.5,RFR,,,False,0,Carrier 1460328,Shipper 758,True,True,True,9/26/2017 21:00,9/27/2017 9:00,False,False,False,False,False,False,False,False,Ontario,CA ,Ontario,CA 
10005,206513201,9/1/2017 14:19,9/1/2017 14:19,9/8/2017 15:20,9/11/2017 18:00,9/12/2017 12:00,453.07,425.0,28.07,24.5,RFR,,,False,1,Carrier 1460328,Shipper 758,True,True,True,9/11/2017 21:00,9/12/2017 9:00,False,False,False,False,False,False,False,False,Ontario,CA ,Ontario,CA 
10006,206617785,8/29/2017 11:03,8/29/2017 11:03,8/30/2017 9:43,9/5/2017 19:00,9/6/2017 12:00,452.66,453.0,-0.34,24.5,RFR,,,False,0,Carrier 1460328,Shipper 758,False,True,True,9/5/2017 19:00,9/6/2017 9:00,False,False,False,False,False,False,False,False,Ontario,CA ,Ontario,CA 
10007,206537753,8/30/2017 8:31,8/30/2017 8:31,8/30/2017 15:32,9/6/2017 20:00,9/7/2017 10:00,452.66,425.0,27.66,24.5,RFR,,,False,0,Carrier 1460328,Shipper 758,True,True,True,9/6/2017 20:00,9/7/2017 9:00,False,False,False,False,False,False,False,False,Ontario,CA ,Ontario,CA 
10008,206567353,8/30/2017 17:13,8/30/2017 17:13,9/5/2017 9:44,9/7/2017 21:00,9/8/2017 10:05,452.66,425.0,27.66,24.5,RFR,,,False,0,Carrier 1460328,Shipper 758,True,True,True,9/7/2017 21:00,9/8/2017 9:00,False,False,False,False,False,False,False,False,Ontario,CA ,Ontario,CA 
10009,206641449,1/16/2017 17:40,1/16/2017 17:40,1/27/2017 10:50,1/29/2017 20:00,1/30/2017 8:30,452.45,425.0,27.45,140.0,DRV,,,False,0,Carrier 567581,Shipper 758,,,,1/29/2017 20:00,1/30/2017 8:00,False,False,False,False,False,False,False,False,Hawkins,TX ,Hawkins,TX 
10010,206748553,1/16/2017 17:32,1/16/2017 17:32,1/20/2017 9:16,1/22/2017 6:00,1/23/2017 8:30,452.45,425.0,27.45,140.0,DRV,,,False,0,Carrier 567581,Shipper 758,True,True,True,1/22/2017 6:00,1/23/2017 8:00,False,False,False,False,False,False,False,False,Hawkins,TX ,Hawkins,TX 
10011,206701513,2/13/2017 12:04,2/13/2017 12:04,2/17/2017 12:07,2/19/2017 14:00,2/20/2017 10:10,452.45,425.0,27.45,0.0,DRV,,,False,0,Carrier 567581,Shipper 758,True,True,True,2/19/2017 14:00,2/20/2017 8:00,False,False,False,False,False,False,False,False,Hawkins,TX ,Hawkins,TX 
10012,206701785,1/11/2017 13:55,1/11/2017 13:55,1/13/2017 8:34,1/16/2017 15:00,1/17/2017 10:00,452.45,425.0,27.45,140.0,DRV,3.0,,False,0,Carrier 567581,Shipper 758,True,True,True,1/16/2017 15:00,1/17/2017 8:00,False,False,False,False,False,False,False,False,Hawkins,TX ,Hawkins,TX 
10013,206641481,2/7/2017 15:14,2/7/2017 15:14,2/10/2017 14:09,2/13/2017 20:00,2/14/2017 10:00,452.45,425.0,27.45,140.0,DRV,,,False,0,Carrier 567581,Shipper 758,True,True,True,2/13/2017 20:00,2/14/2017 9:00,False,False,False,False,False,False,False,False,Hawkins,TX ,Hawkins,TX 
10014,206547977,1/5/2017 17:37,1/5/2017 17:37,1/9/2017 13:53,1/11/2017 13:00,1/12/2017 9:00,452.45,425.0,27.45,140.0,DRV,2.0,,False,0,Carrier 567581,Shipper 758,,,,1/11/2017 13:00,1/12/2017 8:00,False,False,False,False,False,False,False,False,Hawkins,TX ,Hawkins,TX 
10015,206589609,1/18/2017 10:32,1/18/2017 10:32,1/23/2017 16:33,1/24/2017 13:00,1/25/2017 9:00,452.45,425.0,27.45,140.0,DRV,,,False,0,Carrier 567581,Shipper 758,True,True,True,1/24/2017 13:00,1/25/2017 8:00,False,False,False,False,False,False,False,False,Hawkins,TX ,Hawkins,TX 
10016,206640633,2/3/2017 14:48,2/3/2017 14:48,2/8/2017 15:25,2/9/2017 16:00,2/10/2017 10:10,452.45,400.0,52.45,140.0,DRV,3.0,,False,0,Carrier 1340531,Shipper 758,True,True,True,2/9/2017 16:00,2/10/2017 7:00,False,False,False,False,False,False,False,False,Hawkins,TX ,Hawkins,TX 
10017,206588633,1/16/2017 17:34,1/16/2017 17:34,1/20/2017 9:16,1/22/2017 19:00,1/23/2017 15:30,452.45,425.0,27.45,140.0,DRV,,,False,0,Carrier 567581,Shipper 758,True,False,False,1/22/2017 19:00,1/23/2017 8:00,False,False,False,False,False,False,False,False,Hawkins,TX ,Hawkins,TX 
10018,206588313,2/7/2017 15:28,2/7/2017 15:28,2/9/2017 17:29,2/13/2017 19:00,2/14/2017 10:00,452.45,400.0,52.45,140.0,DRV,,,False,1,Carrier 1340531,Shipper 758,True,True,True,2/13/2017 19:00,2/14/2017 8:00,False,False,False,False,False,False,False,False,Hawkins,TX ,Hawkins,TX 
10019,206547177,1/23/2017 12:16,1/23/2017 12:16,1/30/2017 8:11,1/30/2017 19:00,1/31/2017 9:30,452.45,425.0,27.45,140.0,DRV,,,False,0,Carrier 567581,Shipper 758,True,True,True,1/30/2017 19:00,1/31/2017 10:00,False,False,False,False,False,False,False,False,Hawkins,TX ,Hawkins,TX 
10020,206642993,1/5/2017 17:26,1/5/2017 17:26,1/9/2017 13:53,1/11/2017 13:00,1/12/2017 9:00,452.45,425.0,27.45,140.0,DRV,3.0,,False,0,Carrier 567581,Shipper 758,,,,1/11/2017 13:00,1/12/2017 8:00,False,False,False,False,False,False,False,False,Hawkins,TX ,Hawkins,TX 
10021,206641841,2/10/2017 13:29,2/10/2017 13:29,2/15/2017 13:12,2/16/2017 15:00,2/17/2017 9:00,452.45,425.0,27.45,0.0,DRV,4.0,,False,0,Carrier 567581,Shipper 758,True,True,True,2/16/2017 15:00,2/17/2017 8:00,False,False,False,False,False,False,False,False,Hawkins,TX ,Hawkins,TX 
10022,206506313,2/8/2017 15:16,2/8/2017 15:16,2/13/2017 19:22,2/14/2017 21:00,2/15/2017 9:00,452.45,425.0,27.45,140.0,DRV,,,False,0,Carrier 567581,Shipper 758,True,True,True,2/14/2017 21:00,2/15/2017 10:00,False,False,False,False,False,False,False,False,Hawkins,TX ,Hawkins,TX 
10023,206642337,2/3/2017 15:02,2/3/2017 15:02,2/8/2017 15:22,2/9/2017 19:00,2/10/2017 9:00,452.45,400.0,52.45,140.0,DRV,,,False,0,Carrier 1334642,Shipper 758,True,True,True,2/9/2017 19:00,2/10/2017 8:00,False,False,False,False,False,False,False,False,Hawkins,TX ,Hawkins,TX 
10024,206533545,1/18/2017 14:42,1/18/2017 14:42,1/23/2017 11:10,1/25/2017 13:00,1/26/2017 8:30,452.45,425.0,27.45,140.0,DRV,,,False,0,Carrier 567581,Shipper 758,True,True,True,1/25/2017 13:00,1/26/2017 7:00,False,False,False,False,False,False,False,False,Hawkins,TX ,Hawkins,TX 
10025,206589617,1/25/2017 15:04,1/25/2017 15:04,1/30/2017 13:44,1/31/2017 19:00,2/1/2017 10:15,452.45,435.0,17.45,140.0,DRV,,,False,0,Carrier 505379,Shipper 758,True,True,True,1/31/2017 19:00,2/1/2017 8:00,False,False,False,False,False,False,False,False,Hawkins,TX ,Hawkins,TX 
10026,206547993,2/7/2017 15:20,2/7/2017 15:20,2/10/2017 14:09,2/13/2017 20:00,2/14/2017 10:00,452.45,425.0,27.45,140.0,DRV,,,False,0,Carrier 567581,Shipper 758,True,True,True,2/13/2017 20:00,2/14/2017 8:00,False,False,False,False,False,False,False,False,Hawkins,TX ,Hawkins,TX 
10027,206590177,1/11/2017 14:03,1/11/2017 14:03,1/16/2017 9:53,1/16/2017 13:00,1/17/2017 10:45,452.45,400.0,52.45,140.0,DRV,,,False,0,Carrier 1682404,Shipper 758,True,False,False,1/16/2017 13:00,1/17/2017 7:00,False,False,False,False,False,False,False,False,Hawkins,TX ,Hawkins,TX 
10028,206589625,2/8/2017 15:20,2/8/2017 15:20,2/13/2017 19:22,2/14/2017 21:00,2/15/2017 9:00,452.45,425.0,27.45,140.0,DRV,,,False,0,Carrier 567581,Shipper 758,True,True,True,2/14/2017 21:00,2/15/2017 10:00,False,False,False,False,False,False,False,False,Hawkins,TX ,Hawkins,TX 
10029,206588281,1/25/2017 15:13,1/25/2017 15:13,1/31/2017 10:42,1/31/2017 13:00,2/1/2017 10:30,452.45,425.0,27.45,140.0,DRV,,,False,0,Carrier 1033481,Shipper 758,True,True,True,1/31/2017 13:00,2/1/2017 8:00,False,False,False,False,False,False,False,False,Hawkins,TX ,Hawkins,TX 
10030,206547193,2/8/2017 15:22,2/8/2017 15:23,2/13/2017 19:22,2/14/2017 20:00,2/15/2017 9:00,452.45,425.0,27.45,140.0,DRV,,,False,0,Carrier 567581,Shipper 758,True,True,True,2/14/2017 20:00,2/15/2017 10:00,False,False,False,False,False,False,False,False,Hawkins,TX ,Hawkins,TX 
10031,206496681,1/11/2017 13:56,1/11/2017 13:57,1/13/2017 8:35,1/16/2017 13:00,1/17/2017 10:13,452.45,425.0,27.45,140.0,DRV,,,False,0,Carrier 567581,Shipper 758,True,False,False,1/16/2017 13:00,1/17/2017 8:00,False,False,False,False,False,False,False,False,Hawkins,TX ,Hawkins,TX 
10032,206546865,1/25/2017 14:47,1/25/2017 14:47,1/30/2017 14:30,1/30/2017 20:00,1/31/2017 14:45,452.45,430.0,22.45,140.0,DRV,,,False,0,Carrier 1340531,Shipper 758,True,True,True,1/30/2017 20:00,1/31/2017 10:00,False,False,False,False,False,False,False,False,Hawkins,TX ,Hawkins,TX 
10033,206518041,2/10/2017 13:23,2/10/2017 13:23,2/15/2017 13:12,2/16/2017 19:00,2/17/2017 10:00,452.45,425.0,27.45,0.0,DRV,4.0,,False,0,Carrier 567581,Shipper 758,True,True,True,2/16/2017 19:00,2/17/2017 8:00,False,False,False,False,False,False,False,False,Hawkins,TX ,Hawkins,TX 
10034,206512665,2/13/2017 12:07,2/13/2017 12:07,2/17/2017 12:07,2/19/2017 14:00,2/20/2017 10:10,452.45,425.0,27.45,0.0,DRV,,,False,0,Carrier 567581,Shipper 758,True,True,True,2/19/2017 14:00,2/20/2017 8:00,False,False,False,False,False,False,False,False,Hawkins,TX ,Hawkins,TX 
10035,206422761,1/26/2017 14:35,1/26/2017 14:35,1/31/2017 10:45,2/1/2017 17:00,2/2/2017 8:40,452.45,425.0,27.45,140.0,DRV,4.0,,False,0,Carrier 567581,Shipper 758,True,True,True,2/1/2017 17:00,2/2/2017 8:00,False,False,False,False,False,False,False,False,Hawkins,TX ,Hawkins,TX 
10036,206422313,1/11/2017 13:50,1/11/2017 13:51,1/16/2017 15:25,1/16/2017 15:00,1/17/2017 9:00,452.45,450.0,2.45,140.0,DRV,3.0,,False,0,Carrier 1681614,Shipper 758,False,True,True,1/16/2017 15:00,1/17/2017 8:00,False,False,False,False,False,False,False,False,Hawkins,TX ,Hawkins,TX 
10037,206496689,1/16/2017 17:14,1/16/2017 17:15,1/20/2017 9:16,1/22/2017 16:00,1/23/2017 8:30,452.45,425.0,27.45,140.0,DRV,,,False,0,Carrier 567581,Shipper 758,True,True,True,1/22/2017 16:00,1/23/2017 10:00,False,False,False,False,False,False,False,False,Hawkins,TX ,Hawkins,TX 
10038,206485297,1/26/2017 14:55,1/26/2017 14:55,1/31/2017 10:45,2/1/2017 15:00,2/2/2017 9:30,452.45,425.0,27.45,140.0,DRV,,,False,0,Carrier 567581,Shipper 758,True,True,True,2/1/2017 15:00,2/2/2017 7:00,False,False,False,False,False,False,False,False,Hawkins,TX ,Hawkins,TX 
10039,206488817,1/11/2017 14:12,1/11/2017 14:12,1/18/2017 17:22,1/18/2017 17:00,1/19/2017 17:15,452.45,450.0,2.45,140.0,DRV,,,False,3,Carrier 98363,Shipper 758,False,False,False,1/18/2017 17:00,1/19/2017 8:00,False,False,False,False,False,False,False,False,Hawkins,TX ,Hawkins,TX 
10040,206430409,2/13/2017 12:11,2/13/2017 12:12,2/16/2017 12:43,2/19/2017 19:00,2/20/2017 10:10,452.45,400.0,52.45,0.0,DRV,2.0,,False,0,Carrier 1340531,Shipper 758,True,True,True,2/19/2017 19:00,2/20/2017 8:00,False,False,False,False,False,False,False,False,Hawkins,TX ,Hawkins,TX 
10041,206429449,1/16/2017 17:44,1/16/2017 17:44,1/30/2017 8:11,1/30/2017 16:00,1/31/2017 12:30,452.45,425.0,27.45,140.0,DRV,,,False,2,Carrier 567581,Shipper 758,True,True,True,1/30/2017 16:00,1/31/2017 10:00,False,False,False,False,False,False,False,False,Hawkins,TX ,Hawkins,TX 
10042,206422345,2/9/2017 13:13,2/9/2017 13:13,2/14/2017 15:49,2/15/2017 20:00,2/16/2017 8:00,452.45,425.0,27.45,0.0,DRV,,,False,1,Carrier 567581,Shipper 758,True,True,True,2/15/2017 20:00,2/16/2017 9:00,False,False,False,False,False,False,False,False,Hawkins,TX ,Hawkins,TX 
10043,206472505,2/7/2017 15:08,2/7/2017 15:09,2/10/2017 14:09,2/12/2017 14:00,2/13/2017 9:30,452.45,425.0,27.45,140.0,DRV,3.0,,False,0,Carrier 567581,Shipper 758,True,True,True,2/12/2017 14:00,2/13/2017 12:00,False,False,False,False,False,False,False,False,Hawkins,TX ,Hawkins,TX 
10044,206429465,2/7/2017 15:30,2/7/2017 15:30,2/10/2017 14:09,2/13/2017 20:00,2/14/2017 10:00,452.45,425.0,27.45,140.0,DRV,,,False,0,Carrier 567581,Shipper 758,True,True,True,2/13/2017 20:00,2/14/2017 8:00,False,False,False,False,False,False,False,False,Hawkins,TX ,Hawkins,TX 
10045,206425401,1/27/2017 13:53,1/27/2017 13:53,2/3/2017 17:34,2/6/2017 19:00,2/7/2017 9:00,452.45,425.0,27.45,140.0,DRV,,,False,1,Carrier 567581,Shipper 758,True,True,True,2/6/2017 19:00,2/7/2017 8:00,False,False,False,False,False,False,False,False,Hawkins,TX ,Hawkins,TX 
10046,206425377,1/5/2017 17:45,1/5/2017 17:45,1/11/2017 12:11,1/11/2017 14:00,1/12/2017 9:30,452.45,400.0,52.45,140.0,DRV,,,False,0,Carrier 1079162,Shipper 758,True,False,False,1/11/2017 14:00,1/12/2017 7:00,False,False,False,False,False,False,False,False,Hawkins,TX ,Hawkins,TX 
10047,206428545,2/3/2017 14:36,2/3/2017 14:36,2/7/2017 17:09,2/9/2017 14:00,2/10/2017 7:00,452.45,435.0,17.45,140.0,DRV,,,False,0,Carrier 505379,Shipper 758,False,True,True,2/9/2017 14:00,2/10/2017 6:00,False,False,False,False,False,False,False,False,Hawkins,TX ,Hawkins,TX 
10048,206423681,1/27/2017 13:57,1/27/2017 13:57,1/30/2017 18:06,2/2/2017 19:00,2/3/2017 8:45,452.45,435.0,17.45,140.0,DRV,,,False,0,Carrier 505379,Shipper 758,True,True,True,2/2/2017 19:00,2/3/2017 9:00,False,False,False,False,False,False,False,False,Hawkins,TX ,Hawkins,TX 
10049,206712001,2/7/2017 15:11,2/7/2017 15:11,2/9/2017 15:23,2/12/2017 14:00,2/13/2017 13:50,452.45,400.0,52.45,140.0,DRV,,,False,0,Carrier 611154,Shipper 758,True,True,True,2/12/2017 14:00,2/13/2017 11:00,False,False,False,False,False,False,False,False,Hawkins,TX ,Hawkins,TX 
10050,206659393,2/10/2017 13:28,2/10/2017 13:28,2/20/2017 8:43,2/20/2017 19:00,2/21/2017 10:15,452.45,400.0,52.45,0.0,DRV,,,False,1,Carrier 611154,Shipper 758,True,True,True,2/20/2017 19:00,2/21/2017 8:00,False,False,False,False,False,False,False,False,Hawkins,TX ,Hawkins,TX 
10051,206758105,2/10/2017 13:20,2/10/2017 13:20,2/15/2017 8:38,2/16/2017 19:00,2/17/2017 11:00,452.45,425.0,27.45,0.0,DRV,,,False,0,Carrier 1443765,Shipper 758,True,True,True,2/16/2017 19:00,2/17/2017 8:00,False,False,False,False,False,False,False,False,Hawkins,TX ,Hawkins,TX 
10052,206776041,2/8/2017 15:17,2/8/2017 15:18,2/10/2017 8:35,2/14/2017 14:00,2/15/2017 9:30,452.45,450.0,2.45,140.0,DRV,3.0,,False,0,Carrier 503422,Shipper 758,True,True,True,2/14/2017 14:00,2/15/2017 7:00,False,False,False,False,False,False,False,False,Hawkins,TX ,Hawkins,TX 
10053,206705769,2/13/2017 12:02,2/13/2017 12:02,2/17/2017 11:32,2/19/2017 13:00,2/20/2017 12:30,452.45,425.0,27.45,0.0,DRV,,,False,0,Carrier 1443765,Shipper 758,True,True,True,2/19/2017 13:00,2/20/2017 8:00,False,False,False,False,False,False,False,False,Hawkins,TX ,Hawkins,TX 
10054,206650329,2/7/2017 15:16,2/7/2017 15:16,2/9/2017 18:14,2/12/2017 14:00,2/13/2017 13:20,452.45,425.0,27.45,140.0,DRV,,,False,1,Carrier 1065016,Shipper 758,True,True,True,2/12/2017 14:00,2/13/2017 11:30,False,False,False,False,False,False,False,False,Hawkins,TX ,Hawkins,TX 
10055,206529809,1/5/2017 17:46,1/5/2017 17:48,1/10/2017 8:45,1/11/2017 14:00,1/12/2017 7:30,452.45,400.0,52.45,140.0,DRV,4.0,,False,0,Carrier 991147,Shipper 758,True,True,True,1/11/2017 14:00,1/12/2017 7:00,False,False,False,False,False,False,False,False,Hawkins,TX ,Hawkins,TX 
10056,206501681,1/25/2017 14:43,1/25/2017 14:43,1/30/2017 16:48,1/30/2017 20:00,2/3/2017 11:00,452.45,0.0,0.0,140.0,DRV,,,False,0,Carrier 1269258,Shipper 758,True,True,True,1/30/2017 20:00,2/3/2017 9:00,False,False,False,False,False,False,False,False,Hawkins,TX ,Hawkins,TX 
10057,206519313,1/11/2017 14:08,1/11/2017 14:08,1/16/2017 11:07,1/16/2017 14:00,1/17/2017 11:30,452.45,425.0,27.45,140.0,DRV,2.0,,False,0,Carrier 40356,Shipper 758,False,True,True,1/16/2017 14:00,1/17/2017 8:00,False,False,False,False,False,False,False,False,Hawkins,TX ,Hawkins,TX 
10058,206516945,1/26/2017 14:21,1/26/2017 14:21,1/31/2017 7:42,2/1/2017 19:00,2/2/2017 8:42,452.45,400.0,52.45,140.0,DRV,,,False,0,Carrier 442086,Shipper 758,True,True,True,2/1/2017 19:00,2/2/2017 8:00,False,False,False,False,False,False,False,False,Hawkins,TX ,Hawkins,TX 
10059,206466401,1/11/2017 14:05,1/11/2017 14:05,1/16/2017 12:28,1/16/2017 15:00,1/17/2017 9:00,452.45,450.0,2.45,140.0,DRV,3.0,,False,0,Carrier 1085416,Shipper 758,True,True,True,1/16/2017 15:00,1/17/2017 7:00,False,False,False,False,False,False,False,False,Hawkins,TX ,Hawkins,TX 
10060,206551777,1/11/2017 14:16,1/11/2017 14:16,1/12/2017 18:21,1/17/2017 14:00,1/18/2017 8:00,452.45,400.0,52.45,140.0,DRV,5.0,,False,0,Carrier 611154,Shipper 758,True,True,True,1/17/2017 14:00,1/18/2017 7:00,False,False,False,False,False,False,False,False,Hawkins,TX ,Hawkins,TX 
10061,206430161,1/25/2017 14:49,1/25/2017 14:49,1/30/2017 15:39,1/30/2017 20:00,1/31/2017 15:15,452.45,425.0,27.45,140.0,DRV,,,False,0,Carrier 772844,Shipper 758,True,True,True,1/30/2017 20:00,1/31/2017 10:00,False,False,False,False,False,False,False,False,Hawkins,TX ,Hawkins,TX 
10062,206552273,2/13/2017 12:09,2/13/2017 12:09,2/16/2017 12:10,2/19/2017 19:00,2/20/2017 10:10,452.45,400.0,52.45,0.0,DRV,,,False,0,Carrier 611154,Shipper 758,True,True,True,2/19/2017 19:00,2/20/2017 8:00,False,False,False,False,False,False,False,False,Hawkins,TX ,Hawkins,TX 
10063,206479081,1/11/2017 14:14,1/11/2017 14:15,1/19/2017 11:16,1/20/2017 16:00,1/23/2017 14:05,452.45,400.0,52.45,140.0,DRV,,,False,1,Carrier 611154,Shipper 758,True,True,True,1/20/2017 16:00,1/23/2017 12:00,False,False,False,False,False,False,False,False,Hawkins,TX ,Hawkins,TX 
10064,206438249,1/5/2017 17:58,1/5/2017 17:58,1/9/2017 13:28,1/11/2017 15:00,1/12/2017 10:00,452.45,400.0,52.45,140.0,DRV,5.0,,False,0,Carrier 611154,Shipper 758,,,,1/11/2017 15:00,1/12/2017 8:00,False,False,False,False,False,False,False,False,Hawkins,TX ,Hawkins,TX 
10065,206507441,2/7/2017 15:22,2/7/2017 15:23,2/9/2017 17:12,2/13/2017 19:00,2/14/2017 11:20,452.45,400.0,52.45,140.0,DRV,,,False,0,Carrier 611154,Shipper 758,True,True,True,2/13/2017 19:00,2/14/2017 8:00,False,False,False,False,False,False,False,False,Hawkins,TX ,Hawkins,TX 
10066,206485913,1/3/2017 12:00,1/3/2017 12:00,1/3/2017 13:14,1/5/2017 13:00,1/6/2017 8:30,452.45,400.0,52.45,140.0,DRV,4.0,,False,0,Carrier 611154,Shipper 758,True,True,True,1/5/2017 13:00,1/6/2017 8:00,False,False,False,False,False,False,False,False,Hawkins,TX ,Hawkins,TX 
10067,206491169,2/9/2017 13:23,2/9/2017 13:23,2/14/2017 12:46,2/15/2017 20:00,2/16/2017 11:00,452.45,400.0,52.45,0.0,DRV,,,False,0,Carrier 611154,Shipper 758,True,True,True,2/15/2017 20:00,2/16/2017 8:00,False,False,False,False,False,False,False,False,Hawkins,TX ,Hawkins,TX 
10068,206467873,2/8/2017 15:01,2/8/2017 15:01,2/13/2017 19:24,2/14/2017 20:00,2/15/2017 9:45,452.45,400.0,52.45,140.0,DRV,,,False,0,Carrier 611154,Shipper 758,True,True,True,2/14/2017 20:00,2/15/2017 10:00,False,False,False,False,False,False,False,False,Hawkins,TX ,Hawkins,TX 
10069,206520009,1/5/2017 17:39,1/5/2017 17:39,1/10/2017 14:32,1/11/2017 13:00,1/12/2017 8:45,452.45,450.0,2.45,140.0,DRV,5.0,,False,0,Carrier 503422,Shipper 758,True,True,True,1/11/2017 13:00,1/12/2017 7:00,False,False,False,False,False,False,False,False,Hawkins,TX ,Hawkins,TX 
10070,206533505,2/9/2017 13:20,2/9/2017 13:20,2/15/2017 8:33,2/15/2017 11:00,2/16/2017 7:50,452.45,425.0,27.45,0.0,DRV,3.0,,False,1,Carrier 1443765,Shipper 758,True,True,True,2/15/2017 11:00,2/16/2017 8:00,False,False,False,False,False,False,False,False,Hawkins,TX ,Hawkins,TX 
10071,206422657,1/18/2017 15:00,1/18/2017 15:00,1/23/2017 11:49,1/25/2017 17:00,1/26/2017 8:55,452.45,400.0,52.45,140.0,DRV,,,False,0,Carrier 611154,Shipper 758,True,True,True,1/25/2017 17:00,1/26/2017 7:00,False,False,False,False,False,False,False,False,Hawkins,TX ,Hawkins,TX 
10072,206469481,1/18/2017 10:35,1/18/2017 10:35,1/23/2017 15:48,1/24/2017 14:00,1/25/2017 8:54,452.45,425.0,27.45,140.0,DRV,,,False,0,Carrier 1065016,Shipper 758,True,True,True,1/24/2017 14:00,1/25/2017 8:00,False,False,False,False,False,False,False,False,Hawkins,TX ,Hawkins,TX 
10073,206469977,1/25/2017 15:08,1/25/2017 15:08,1/30/2017 16:28,1/31/2017 16:00,2/1/2017 9:51,452.45,425.0,27.45,140.0,DRV,,,False,0,Carrier 1065016,Shipper 758,True,True,True,1/31/2017 16:00,2/1/2017 8:00,False,False,False,False,False,False,False,False,Hawkins,TX ,Hawkins,TX 
10074,206696777,1/11/2017 14:19,1/11/2017 14:19,1/16/2017 11:48,1/17/2017 13:00,1/18/2017 8:45,452.45,400.0,52.45,140.0,DRV,5.0,,False,0,Carrier 678129,Shipper 758,True,True,True,1/17/2017 13:00,1/18/2017 7:00,False,False,False,False,False,False,False,False,Hawkins,TX ,Hawkins,TX 
10075,206544129,1/11/2017 14:01,1/11/2017 14:01,1/16/2017 15:02,1/16/2017 16:00,1/17/2017 14:00,452.45,450.0,2.45,140.0,DRV,,,False,0,Carrier 32166,Shipper 758,False,False,False,1/16/2017 16:00,1/17/2017 8:00,False,False,False,False,False,False,False,False,Hawkins,TX ,Hawkins,TX 
10076,206537697,1/26/2017 14:39,1/26/2017 14:41,2/1/2017 9:01,2/1/2017 16:00,2/2/2017 11:00,452.45,400.0,52.45,140.0,DRV,,,False,0,Carrier 495998,Shipper 758,True,True,True,2/1/2017 16:00,2/2/2017 8:00,False,False,False,False,False,False,False,False,Hawkins,TX ,Hawkins,TX 
10077,206537809,2/9/2017 13:10,2/9/2017 13:10,2/14/2017 14:30,2/15/2017 21:00,2/16/2017 11:15,452.45,400.0,52.45,0.0,DRV,2.0,,False,0,Carrier 495998,Shipper 758,True,True,True,2/15/2017 21:00,2/16/2017 9:00,False,False,False,False,False,False,False,False,Hawkins,TX ,Hawkins,TX 
10078,206522321,1/25/2017 15:10,1/25/2017 15:10,1/31/2017 13:36,1/31/2017 14:00,2/1/2017 10:40,452.45,400.0,52.45,140.0,DRV,,,False,1,Carrier 1693554,Shipper 758,False,True,True,1/31/2017 14:00,2/1/2017 8:00,False,False,False,False,False,False,False,False,Hawkins,TX ,Hawkins,TX 
10079,206607657,2/9/2017 13:16,2/9/2017 13:16,2/14/2017 14:55,2/15/2017 21:00,2/16/2017 8:00,452.45,400.0,52.45,0.0,DRV,,,False,0,Carrier 1693545,Shipper 758,True,True,True,2/15/2017 21:00,2/16/2017 9:00,False,False,False,False,False,False,False,False,Hawkins,TX ,Hawkins,TX 
10080,206606593,1/18/2017 10:30,1/18/2017 10:30,1/24/2017 16:01,1/24/2017 16:00,1/25/2017 12:45,452.45,400.0,52.45,140.0,DRV,,,False,1,Carrier 113308,Shipper 758,True,True,True,1/24/2017 16:00,1/25/2017 8:00,False,False,False,False,False,False,False,False,Hawkins,TX ,Hawkins,TX 
10081,206664801,1/6/2017 11:37,1/6/2017 11:37,1/10/2017 14:16,1/11/2017 14:00,1/12/2017 10:00,452.45,400.0,52.45,140.0,DRV,2.0,,False,0,Carrier 113308,Shipper 758,True,True,True,1/11/2017 14:00,1/12/2017 8:00,False,False,False,False,False,False,False,False,Hawkins,TX ,Hawkins,TX 
10082,206609441,2/10/2017 13:22,2/10/2017 13:22,2/14/2017 16:00,2/16/2017 19:00,2/17/2017 20:40,452.45,400.0,52.45,0.0,DRV,,,False,0,Carrier 1693545,Shipper 758,True,True,True,2/16/2017 19:00,2/17/2017 8:00,False,False,False,False,False,False,False,False,Hawkins,TX ,Hawkins,TX 
10083,206557585,1/26/2017 14:32,1/26/2017 14:33,1/31/2017 12:45,2/1/2017 18:00,2/2/2017 9:45,452.45,425.0,27.45,140.0,DRV,,,False,0,Carrier 816774,Shipper 758,True,True,True,2/1/2017 18:00,2/2/2017 8:00,False,False,False,False,False,False,False,False,Hawkins,TX ,Hawkins,TX 
10084,206734089,2/3/2017 14:37,2/3/2017 14:37,2/9/2017 13:47,2/9/2017 17:00,2/10/2017 10:45,452.45,425.0,27.45,140.0,DRV,3.0,,False,1,Carrier 1069377,Shipper 758,True,True,True,2/9/2017 17:00,2/10/2017 9:00,False,False,False,False,False,False,False,False,Hawkins,TX ,Hawkins,TX 
10085,206487569,2/8/2017 14:55,2/8/2017 14:55,2/14/2017 14:09,2/14/2017 21:00,2/15/2017 11:50,452.45,400.0,52.45,140.0,DRV,,,False,0,Carrier 1693545,Shipper 758,True,False,False,2/14/2017 21:00,2/15/2017 10:00,False,False,False,False,False,False,False,False,Hawkins,TX ,Hawkins,TX 
10086,206569625,2/7/2017 15:17,2/7/2017 15:18,2/10/2017 16:54,2/12/2017 13:00,2/13/2017 16:15,452.45,400.0,52.45,140.0,DRV,,,False,1,Carrier 1693565,Shipper 758,False,True,True,2/12/2017 13:00,2/13/2017 11:00,False,False,False,False,False,False,False,False,Hawkins,TX ,Hawkins,TX 
10087,206573689,2/7/2017 15:32,2/7/2017 15:33,2/10/2017 15:38,2/13/2017 19:00,2/14/2017 10:50,452.45,425.0,27.45,140.0,DRV,,,False,0,Carrier 817834,Shipper 758,True,True,True,2/13/2017 19:00,2/14/2017 8:00,False,False,False,False,False,False,False,False,Hawkins,TX ,Hawkins,TX 
10088,206531321,1/25/2017 15:17,1/25/2017 15:18,1/30/2017 12:39,1/31/2017 17:00,2/1/2017 11:50,452.45,425.0,27.45,140.0,DRV,2.0,,False,0,Carrier 817834,Shipper 758,True,False,False,1/31/2017 17:00,2/1/2017 9:00,False,False,False,False,False,False,False,False,Hawkins,TX ,Hawkins,TX 
10089,206609433,2/1/2017 0:03,2/1/2017 0:03,2/7/2017 15:38,2/9/2017 17:00,2/10/2017 19:30,452.4,450.0,2.4,350.7,DRV,2.0,,False,0,Carrier 919999,Shipper 860,True,True,True,2/9/2017 19:00,2/10/2017 23:00,False,False,False,False,False,False,False,False,Livermore,CA ,Livermore,CA 
10090,206434041,8/25/2017 11:17,8/25/2017 11:17,8/28/2017 11:58,8/31/2017 19:00,9/1/2017 12:20,452.26,425.0,27.26,24.5,RFR,,,False,0,Carrier 1460328,Shipper 758,False,True,True,8/31/2017 19:00,9/1/2017 9:00,False,False,False,False,False,False,False,False,Ontario,CA ,Ontario,CA 
10091,206640553,7/17/2017 13:04,7/17/2017 13:04,7/21/2017 9:28,7/24/2017 17:00,7/25/2017 1:30,452.06,425.0,27.06,130.8,DRV,,,False,0,Carrier 567581,Shipper 758,True,True,True,7/24/2017 17:00,7/25/2017 1:00,False,False,False,False,False,False,False,False,Hawkins,TX ,Hawkins,TX 
10092,206642057,6/28/2017 13:10,6/28/2017 13:10,7/5/2017 8:50,7/5/2017 17:00,7/6/2017 2:05,452.06,425.0,27.06,130.8,DRV,,,False,0,Carrier 567581,Shipper 758,False,True,True,7/5/2017 17:00,7/6/2017 1:30,False,False,False,False,False,False,False,False,Hawkins,TX ,Hawkins,TX 
10093,206589385,7/10/2017 17:58,7/10/2017 17:58,7/12/2017 10:50,7/17/2017 18:00,7/18/2017 4:30,452.06,425.0,27.06,130.8,DRV,,,False,0,Carrier 567581,Shipper 758,True,True,True,7/17/2017 18:00,7/18/2017 1:30,False,False,False,False,False,False,False,False,Hawkins,TX ,Hawkins,TX 
10094,206588969,6/28/2017 13:36,6/28/2017 13:36,7/10/2017 10:33,7/11/2017 17:00,7/12/2017 4:30,452.06,425.0,27.06,130.8,DRV,,,False,0,Carrier 567581,Shipper 758,True,True,True,7/11/2017 17:00,7/12/2017 1:30,False,False,False,False,False,False,False,False,Hawkins,TX ,Hawkins,TX 
10095,206588777,7/17/2017 13:08,7/17/2017 13:08,7/21/2017 9:28,7/24/2017 17:00,7/25/2017 4:00,452.06,425.0,27.06,130.8,DRV,,,False,0,Carrier 567581,Shipper 758,True,True,True,7/24/2017 17:00,7/25/2017 1:30,False,False,False,False,False,False,False,False,Hawkins,TX ,Hawkins,TX 
10096,206704377,7/10/2017 17:59,7/10/2017 17:59,7/12/2017 10:50,7/17/2017 17:00,7/18/2017 1:30,452.06,425.0,27.06,130.8,DRV,,,False,0,Carrier 567581,Shipper 758,True,True,True,7/17/2017 17:00,7/18/2017 1:30,False,False,False,False,False,False,False,False,Hawkins,TX ,Hawkins,TX 
10097,206703993,7/17/2017 13:03,7/17/2017 13:03,7/19/2017 11:41,7/23/2017 17:00,7/24/2017 3:00,452.06,425.0,27.06,130.8,DRV,,,False,0,Carrier 567581,Shipper 758,True,True,True,7/23/2017 17:00,7/24/2017 1:30,False,False,False,False,False,False,False,False,Hawkins,TX ,Hawkins,TX 
10098,206698937,7/12/2017 14:22,7/12/2017 14:22,7/13/2017 11:25,7/18/2017 17:00,7/19/2017 4:00,452.06,425.0,27.06,130.8,DRV,,,False,0,Carrier 567581,Shipper 758,True,True,True,7/18/2017 17:00,7/19/2017 1:30,False,False,False,False,False,False,False,False,Hawkins,TX ,Hawkins,TX 
10099,206544937,6/28/2017 13:33,6/28/2017 13:33,7/7/2017 9:48,7/10/2017 17:00,7/11/2017 1:00,452.06,425.0,27.06,130.8,DRV,,,False,0,Carrier 567581,Shipper 758,True,True,True,7/10/2017 17:00,7/11/2017 1:00,False,False,False,False,False,False,False,False,Hawkins,TX ,Hawkins,TX 
10100,206628313,6/28/2017 13:34,6/28/2017 13:34,7/10/2017 8:57,7/11/2017 16:00,7/12/2017 3:30,452.06,425.0,27.06,130.8,DRV,,,False,0,Carrier 1556250,Shipper 758,True,True,True,7/11/2017 16:00,7/12/2017 0:30,False,False,False,False,False,False,False,False,Hawkins,TX ,Hawkins,TX 
10101,206551177,7/5/2017 11:42,7/5/2017 11:42,7/11/2017 10:17,7/12/2017 17:00,7/13/2017 1:05,452.06,425.0,27.06,130.8,DRV,,,False,0,Carrier 1556250,Shipper 758,True,True,True,7/12/2017 17:00,7/13/2017 1:30,False,False,False,False,False,False,False,False,Hawkins,TX ,Hawkins,TX 
10102,206542281,6/28/2017 13:13,6/28/2017 13:13,7/6/2017 10:59,7/6/2017 15:00,7/6/2017 23:50,452.06,425.0,27.06,130.8,DRV,,,False,0,Carrier 1556250,Shipper 758,True,True,True,7/6/2017 15:00,7/6/2017 23:30,False,False,False,False,False,False,False,False,Hawkins,TX ,Hawkins,TX 
10103,206579817,6/28/2017 13:02,6/28/2017 13:02,7/6/2017 10:41,7/9/2017 19:00,7/10/2017 3:00,452.06,500.0,-47.94,130.8,DRV,,,False,2,Carrier 1556250,Shipper 758,True,True,True,7/9/2017 19:00,7/10/2017 1:30,False,False,False,False,False,False,False,False,Hawkins,TX ,Hawkins,TX 
10104,206628945,6/28/2017 13:12,6/28/2017 13:12,7/3/2017 10:22,7/5/2017 17:00,7/5/2017 21:05,452.06,425.0,27.06,130.8,DRV,,,False,0,Carrier 1556250,Shipper 758,True,True,True,7/5/2017 17:00,7/6/2017 1:30,False,False,False,False,False,False,False,False,Hawkins,TX ,Hawkins,TX 
10105,206522089,7/17/2017 12:59,7/17/2017 12:59,7/19/2017 11:41,7/23/2017 17:00,7/24/2017 3:00,452.06,425.0,27.06,130.8,DRV,,,False,0,Carrier 567581,Shipper 758,True,True,True,7/23/2017 17:00,7/24/2017 0:30,False,False,False,False,False,False,False,False,Hawkins,TX ,Hawkins,TX 
10106,206506345,6/26/2017 18:04,6/26/2017 18:04,6/30/2017 12:36,7/3/2017 17:00,7/4/2017 4:00,452.06,600.0,-147.94,130.8,DRV,,,False,0,Carrier 567581,Shipper 758,True,True,True,7/3/2017 17:00,7/4/2017 1:00,False,False,False,False,False,False,False,False,Hawkins,TX ,Hawkins,TX 
10107,206548089,6/26/2017 18:02,6/26/2017 18:02,6/30/2017 11:17,7/3/2017 17:00,7/4/2017 7:00,452.06,600.0,-147.94,130.8,DRV,,,False,0,Carrier 567581,Shipper 758,False,True,True,7/3/2017 17:00,7/4/2017 1:00,False,False,False,False,False,False,False,False,Hawkins,TX ,Hawkins,TX 
10108,206547257,6/28/2017 13:39,6/28/2017 13:39,7/10/2017 10:28,7/11/2017 17:00,7/12/2017 1:30,452.06,425.0,27.06,130.8,DRV,,,False,1,Carrier 567581,Shipper 758,True,True,True,7/11/2017 17:00,7/12/2017 1:30,False,False,False,False,False,False,False,False,Hawkins,TX ,Hawkins,TX 
10109,206523801,7/12/2017 14:33,7/12/2017 14:34,7/13/2017 11:31,7/19/2017 17:00,7/20/2017 4:00,452.06,425.0,27.06,130.8,DRV,,,False,0,Carrier 567581,Shipper 758,True,True,True,7/19/2017 17:00,7/20/2017 1:30,False,False,False,False,False,False,False,False,Hawkins,TX ,Hawkins,TX 
10110,206473449,6/28/2017 13:30,6/28/2017 13:30,7/7/2017 9:49,7/10/2017 17:00,7/11/2017 1:30,452.06,425.0,27.06,130.8,DRV,,,False,0,Carrier 567581,Shipper 758,True,True,True,7/10/2017 17:00,7/11/2017 1:30,False,False,False,False,False,False,False,False,Hawkins,TX ,Hawkins,TX 
10111,206473137,6/28/2017 9:53,6/28/2017 9:53,6/28/2017 15:49,6/29/2017 19:00,6/30/2017 4:00,452.06,450.0,2.06,130.8,DRV,,,False,0,Carrier 567581,Shipper 758,True,True,True,6/29/2017 19:00,6/30/2017 1:00,False,False,False,False,False,False,False,False,Hawkins,TX ,Hawkins,TX 
10112,206488969,7/12/2017 14:18,7/12/2017 14:18,7/18/2017 10:59,7/18/2017 16:00,7/19/2017 0:30,452.06,450.0,2.06,130.8,DRV,,,False,0,Carrier 1695401,Shipper 758,True,True,True,7/18/2017 16:00,7/18/2017 23:30,False,False,False,False,False,False,False,False,Hawkins,TX ,Hawkins,TX 
10113,206472089,7/12/2017 14:35,7/12/2017 14:35,7/13/2017 11:31,7/19/2017 17:00,7/20/2017 4:00,452.06,425.0,27.06,130.8,DRV,,,False,0,Carrier 567581,Shipper 758,True,True,True,7/19/2017 17:00,7/20/2017 1:30,False,False,False,False,False,False,False,False,Hawkins,TX ,Hawkins,TX 
10114,206651561,7/10/2017 18:01,7/10/2017 18:01,7/14/2017 11:39,7/16/2017 17:00,7/17/2017 3:05,452.06,600.0,-147.94,130.8,DRV,,,False,0,Carrier 546141,Shipper 758,True,True,True,7/16/2017 17:00,7/17/2017 1:30,False,False,False,False,False,False,False,False,Hawkins,TX ,Hawkins,TX 
10115,206556681,6/23/2017 16:03,6/23/2017 16:03,6/26/2017 14:40,6/29/2017 17:00,6/30/2017 2:00,452.06,400.0,52.06,130.8,DRV,,,False,0,Carrier 611154,Shipper 758,True,True,True,6/29/2017 17:00,6/30/2017 1:30,False,False,False,False,False,False,False,False,Hawkins,TX ,Hawkins,TX 
10116,206600809,6/28/2017 13:17,6/28/2017 13:17,6/29/2017 12:11,7/6/2017 16:00,7/7/2017 1:10,452.06,400.0,52.06,130.8,DRV,,,False,0,Carrier 1693589,Shipper 758,True,True,True,7/6/2017 16:00,7/7/2017 0:30,False,False,False,False,False,False,False,False,Hawkins,TX ,Hawkins,TX 
10117,206712801,6/26/2017 18:03,6/26/2017 18:03,6/27/2017 14:40,7/3/2017 16:00,7/3/2017 23:35,452.06,400.0,52.06,130.8,DRV,,,False,0,Carrier 1693589,Shipper 758,True,True,True,7/3/2017 16:00,7/4/2017 1:30,False,False,False,False,False,False,False,False,Hawkins,TX ,Hawkins,TX 
10118,206658361,6/20/2017 13:44,6/20/2017 13:44,6/21/2017 8:01,6/26/2017 17:00,6/27/2017 3:20,452.06,400.0,52.06,130.8,DRV,,,False,0,Carrier 611154,Shipper 758,True,True,True,6/26/2017 17:00,6/27/2017 1:30,False,False,False,False,False,False,False,False,Hawkins,TX ,Hawkins,TX 
10119,206648665,7/5/2017 11:40,7/5/2017 11:40,7/12/2017 13:15,7/12/2017 17:00,7/13/2017 1:30,452.06,600.0,-147.94,130.8,DRV,,,False,1,Carrier 546141,Shipper 758,False,True,True,7/12/2017 17:00,7/13/2017 1:30,False,False,False,False,False,False,False,False,Hawkins,TX ,Hawkins,TX 
10120,206759409,7/12/2017 14:17,7/12/2017 14:17,7/14/2017 14:59,7/18/2017 17:00,7/19/2017 4:00,452.06,425.0,27.06,130.8,DRV,,,False,0,Carrier 1065016,Shipper 758,True,True,True,7/18/2017 17:00,7/19/2017 1:30,False,False,False,False,False,False,False,False,Hawkins,TX ,Hawkins,TX 
10121,206565985,7/17/2017 10:16,7/17/2017 10:16,7/20/2017 9:55,7/20/2017 17:00,7/21/2017 4:30,452.06,450.0,2.06,130.8,DRV,,,False,1,Carrier 1269258,Shipper 758,True,True,True,7/20/2017 17:00,7/21/2017 1:30,False,False,False,False,False,False,False,False,Hawkins,TX ,Hawkins,TX 
10122,206552793,6/28/2017 13:16,6/28/2017 13:17,6/29/2017 7:36,7/6/2017 17:00,7/7/2017 3:50,452.06,400.0,52.06,130.8,DRV,,,False,0,Carrier 611154,Shipper 758,True,True,True,7/6/2017 17:00,7/7/2017 1:30,False,False,False,False,False,False,False,False,Hawkins,TX ,Hawkins,TX 
10123,206555441,7/5/2017 11:44,7/5/2017 11:44,7/5/2017 14:24,7/12/2017 17:00,7/13/2017 3:00,452.06,400.0,52.06,130.8,DRV,,,False,0,Carrier 611154,Shipper 758,True,True,True,7/12/2017 17:00,7/13/2017 1:30,False,False,False,False,False,False,False,False,Hawkins,TX ,Hawkins,TX 
10124,206521121,7/17/2017 13:01,7/17/2017 13:02,7/19/2017 9:04,7/23/2017 17:00,7/24/2017 23:30,452.06,500.0,-47.94,130.8,DRV,,,False,0,Carrier 1556250,Shipper 758,True,False,False,7/23/2017 17:00,7/24/2017 1:30,False,False,False,False,False,False,False,False,Hawkins,TX ,Hawkins,TX 
10125,206491329,7/10/2017 17:55,7/10/2017 17:55,7/11/2017 7:33,7/17/2017 17:00,7/18/2017 4:30,452.06,400.0,52.06,130.8,DRV,,,False,0,Carrier 611154,Shipper 758,True,True,True,7/17/2017 17:00,7/18/2017 1:30,False,False,False,False,False,False,False,False,Hawkins,TX ,Hawkins,TX 
10126,206552505,7/11/2017 15:28,7/11/2017 15:29,7/12/2017 7:38,7/18/2017 17:00,7/19/2017 4:00,452.06,400.0,52.06,130.8,DRV,,,False,0,Carrier 611154,Shipper 758,True,True,True,7/18/2017 17:00,7/19/2017 1:30,False,False,False,False,False,False,False,False,Hawkins,TX ,Hawkins,TX 
10127,206551865,7/5/2017 11:43,7/5/2017 11:43,7/6/2017 11:29,7/12/2017 16:00,7/13/2017 23:30,452.06,400.0,52.06,130.8,DRV,,,False,0,Carrier 1693589,Shipper 758,True,True,True,7/12/2017 16:00,7/14/2017 0:00,False,False,False,False,False,False,False,False,Hawkins,TX ,Hawkins,TX 
10128,206528177,6/28/2017 13:38,6/28/2017 13:38,7/10/2017 11:09,7/11/2017 15:00,7/11/2017 22:00,452.06,400.0,52.06,130.8,DRV,,,False,0,Carrier 1693589,Shipper 758,True,True,True,7/11/2017 15:00,7/11/2017 23:00,False,False,False,False,False,False,False,False,Hawkins,TX ,Hawkins,TX 
10129,206484273,6/28/2017 13:25,6/28/2017 13:25,6/29/2017 7:38,7/10/2017 17:00,7/11/2017 4:00,452.06,400.0,52.06,130.8,DRV,,,False,0,Carrier 611154,Shipper 758,True,True,True,7/10/2017 17:00,7/11/2017 1:30,False,False,False,False,False,False,False,False,Hawkins,TX ,Hawkins,TX 
10130,206466953,6/28/2017 13:35,6/28/2017 13:35,6/29/2017 7:40,7/11/2017 17:00,7/12/2017 2:25,452.06,400.0,52.06,130.8,DRV,,,False,0,Carrier 611154,Shipper 758,True,True,True,7/11/2017 17:00,7/12/2017 1:30,False,False,False,False,False,False,False,False,Hawkins,TX ,Hawkins,TX 
10131,206422473,6/26/2017 17:41,6/26/2017 17:41,6/29/2017 7:34,7/5/2017 17:00,7/6/2017 3:55,452.06,400.0,52.06,130.8,DRV,,,False,0,Carrier 611154,Shipper 758,True,True,True,7/5/2017 17:00,7/6/2017 1:30,False,False,False,False,False,False,False,False,Hawkins,TX ,Hawkins,TX 
10132,206708721,7/10/2017 17:54,7/10/2017 17:54,7/17/2017 11:45,7/17/2017 17:00,7/20/2017 0:55,452.06,600.0,-147.94,130.8,DRV,,,False,1,Carrier 546141,Shipper 758,False,True,True,7/17/2017 17:00,7/19/2017 21:00,False,False,False,False,False,False,False,False,Hawkins,TX ,Hawkins,TX 
10133,206530825,6/28/2017 13:23,6/28/2017 13:23,7/7/2017 11:40,7/10/2017 16:00,7/11/2017 0:15,452.06,600.0,-147.94,130.8,DRV,,,False,0,Carrier 546141,Shipper 758,False,True,True,7/10/2017 16:00,7/11/2017 0:30,False,False,False,False,False,False,False,False,Hawkins,TX ,Hawkins,TX 
10134,206425113,6/26/2017 18:00,6/26/2017 18:00,6/27/2017 14:03,7/3/2017 17:00,7/4/2017 4:00,452.06,400.0,52.06,130.8,DRV,,,False,0,Carrier 611154,Shipper 758,True,True,True,7/3/2017 17:00,7/4/2017 1:30,False,False,False,False,False,False,False,False,Hawkins,TX ,Hawkins,TX 
10135,206438073,7/10/2017 18:00,7/10/2017 18:00,7/11/2017 10:27,7/16/2017 17:00,7/17/2017 3:30,452.06,500.0,-47.94,130.8,DRV,,,False,1,Carrier 1693589,Shipper 758,True,True,True,7/16/2017 17:00,7/17/2017 1:30,False,False,False,False,False,False,False,False,Hawkins,TX ,Hawkins,TX 
10136,206473313,7/17/2017 13:05,7/17/2017 13:05,7/18/2017 7:43,7/24/2017 17:00,7/25/2017 3:15,452.06,400.0,52.06,130.8,DRV,,,False,0,Carrier 611154,Shipper 758,True,True,True,7/24/2017 17:00,7/25/2017 1:30,False,False,False,False,False,False,False,False,Hawkins,TX ,Hawkins,TX 
10137,206595257,6/28/2017 13:20,6/28/2017 13:21,7/7/2017 11:39,7/10/2017 16:00,7/11/2017 1:30,452.06,600.0,-147.94,130.8,DRV,,,False,0,Carrier 546141,Shipper 758,True,True,True,7/10/2017 16:00,7/11/2017 0:00,False,False,False,False,False,False,False,False,Hawkins,TX ,Hawkins,TX 
10138,206596753,7/12/2017 14:20,7/12/2017 14:20,7/18/2017 9:14,7/18/2017 17:00,7/19/2017 4:00,452.06,600.0,-147.94,130.8,DRV,,,False,1,Carrier 546141,Shipper 758,False,False,False,7/18/2017 17:00,7/19/2017 1:00,False,False,False,False,False,False,False,False,Hawkins,TX ,Hawkins,TX 
10139,206428841,6/28/2017 13:15,6/28/2017 13:15,7/6/2017 10:55,7/6/2017 17:00,7/8/2017 3:00,452.06,600.0,-147.94,130.8,DRV,,,False,1,Carrier 546141,Shipper 758,False,True,True,7/6/2017 17:00,7/7/2017 1:00,False,False,False,False,False,False,False,False,Hawkins,TX ,Hawkins,TX 
10140,206492849,6/28/2017 13:05,6/28/2017 13:06,7/3/2017 13:39,7/5/2017 15:00,7/5/2017 21:30,452.06,450.0,2.06,130.8,DRV,,,False,0,Carrier 804788,Shipper 758,True,True,True,7/5/2017 15:00,7/5/2017 23:00,False,False,False,False,False,False,False,False,Hawkins,TX ,Hawkins,TX 
10141,206495641,7/12/2017 14:15,7/12/2017 14:15,7/18/2017 9:25,7/19/2017 16:00,7/19/2017 23:15,452.06,450.0,2.06,130.8,DRV,,,False,0,Carrier 804788,Shipper 758,True,True,True,7/19/2017 16:00,7/20/2017 0:30,False,False,False,False,False,False,False,False,Hawkins,TX ,Hawkins,TX 
10142,206428361,7/17/2017 13:08,7/17/2017 13:08,7/24/2017 10:06,7/24/2017 16:00,7/26/2017 3:00,452.06,50.0,402.06,130.8,DRV,,,False,0,Carrier 1008888,Shipper 758,True,True,True,7/24/2017 16:00,7/25/2017 23:30,False,False,False,False,False,False,False,False,Hawkins,TX ,Hawkins,TX 
10143,206494433,7/17/2017 13:06,7/17/2017 13:06,7/24/2017 10:29,7/24/2017 18:00,7/25/2017 1:30,452.06,450.0,2.06,130.8,DRV,,,False,0,Carrier 816774,Shipper 758,True,True,True,7/24/2017 18:00,7/25/2017 1:30,False,False,False,False,False,False,False,False,Hawkins,TX ,Hawkins,TX 
10144,206562345,8/16/2017 17:07,8/16/2017 17:07,8/21/2017 11:01,8/22/2017 23:00,8/23/2017 12:45,452.04,437.0,15.04,24.5,RFR,,,False,0,Carrier 1460328,Shipper 758,True,True,True,8/22/2017 23:00,8/23/2017 9:00,False,False,False,False,False,False,False,False,Ontario,CA ,Ontario,CA 
10145,206622585,8/9/2017 18:48,8/9/2017 18:48,8/11/2017 12:14,8/16/2017 19:00,8/17/2017 13:00,452.04,502.0,-49.96,24.5,RFR,,,False,0,Carrier 83941,Shipper 758,True,True,True,8/16/2017 19:00,8/17/2017 9:00,False,False,False,False,False,False,False,False,Ontario,CA ,Ontario,CA 
10146,206422833,5/1/2017 12:54,5/1/2017 12:54,5/3/2017 13:35,5/4/2017 9:00,5/4/2017 14:00,451.76,410.0,41.76,51.6,DRV,3.0,,False,0,Carrier 106263,Shipper 1175,True,True,True,5/4/2017 10:00,5/4/2017 16:30,False,False,False,False,False,False,False,False,Hillsborough Township,NJ ,Hillsborough Township,NJ 
10147,206589641,2/16/2017 12:57,2/16/2017 12:57,2/21/2017 10:28,2/21/2017 8:00,2/22/2017 11:00,450.0,500.0,-50.0,143.1,DRV,,,False,0,Carrier 2058,Shipper 560,True,False,False,2/21/2017 14:00,2/22/2017 8:00,False,False,False,False,False,False,False,False,Wanaque,NJ ,Wanaque,NJ 
10148,206472921,2/16/2017 14:41,2/16/2017 14:55,2/16/2017 16:52,2/17/2017 8:00,2/17/2017 16:40,450.0,425.0,25.0,115.5,DRV,,,False,0,Carrier 1693576,Shipper 1063,True,True,True,2/17/2017 8:00,2/17/2017 17:00,False,False,False,False,False,False,False,False,Tennille,GA ,Tennille,GA 
10149,206536553,2/16/2017 12:58,2/16/2017 12:58,2/21/2017 11:22,2/21/2017 8:00,2/22/2017 11:30,450.0,475.0,-25.0,143.1,DRV,2.0,,False,0,Carrier 1215337,Shipper 560,True,False,False,2/21/2017 14:00,2/22/2017 9:00,False,False,False,False,False,False,False,False,Wanaque,NJ ,Wanaque,NJ 
10150,206705697,2/16/2017 12:54,2/16/2017 12:54,2/20/2017 12:48,2/20/2017 7:00,2/21/2017 9:45,450.0,450.0,0.0,143.1,DRV,,,False,1,Carrier 1636290,Shipper 560,True,False,False,2/20/2017 14:00,2/20/2017 12:00,False,False,False,False,False,False,False,False,Wanaque,NJ ,Wanaque,NJ 
10151,206607689,2/21/2017 9:55,2/21/2017 9:55,2/22/2017 10:47,2/22/2017 8:00,2/23/2017 8:45,450.0,440.0,10.0,143.1,DRV,,,False,0,Carrier 1077427,Shipper 560,True,True,True,2/22/2017 14:00,2/23/2017 8:00,False,False,False,False,False,False,False,False,Wanaque,NJ ,Wanaque,NJ 
10152,206570361,8/1/2017 7:51,8/1/2017 7:51,8/1/2017 14:37,8/2/2017 7:00,8/2/2017 14:00,450.0,400.0,50.0,104.7,DRV,,,False,0,Carrier 102130,Shipper 765,True,True,True,8/2/2017 14:30,8/2/2017 14:00,False,False,False,False,False,False,False,False,Mount Vernon,OH ,Mount Vernon,OH 
10153,206570361,8/1/2017 7:51,8/1/2017 7:51,8/1/2017 14:37,8/2/2017 7:00,8/2/2017 14:00,450.0,400.0,50.0,104.7,DRV,,,False,0,Carrier 102130,Shipper 764,True,True,True,8/2/2017 14:30,8/2/2017 14:00,False,False,False,False,False,False,False,False,Mount Vernon,OH ,Mount Vernon,OH 
10154,206426097,3/7/2017 10:27,3/7/2017 10:28,3/7/2017 10:47,3/6/2017 17:00,3/7/2017 7:30,450.0,425.0,25.0,460.2,DRV,,,False,0,Carrier 1215413,Shipper 585,True,True,True,3/6/2017 18:00,3/7/2017 7:00,False,False,False,False,False,False,False,False,Plant City,FL ,Plant City,FL 
10155,206560849,7/7/2017 16:27,7/7/2017 16:27,7/7/2017 16:32,7/10/2017 8:00,7/10/2017 13:29,450.0,300.0,150.0,65.4,DRV,,,False,0,Carrier 50297,Shipper 585,True,False,False,7/10/2017 8:00,7/10/2017 10:00,False,False,False,False,False,False,False,False,Orlando,FL ,Orlando,FL 
10156,206644969,2/2/2017 10:34,2/2/2017 10:34,2/7/2017 14:58,2/8/2017 16:00,2/9/2017 10:00,449.85,425.0,24.85,140.0,DRV,3.0,,False,0,Carrier 567581,Shipper 758,True,True,True,2/8/2017 16:00,2/9/2017 7:00,False,False,False,False,False,False,False,False,Hawkins,TX ,Hawkins,TX 
10157,206588297,2/2/2017 10:35,2/2/2017 10:36,2/7/2017 14:58,2/8/2017 17:00,2/9/2017 10:00,449.85,545.0,-95.15,140.0,DRV,,,False,0,Carrier 567581,Shipper 758,True,True,True,2/8/2017 17:00,2/9/2017 8:00,False,False,False,False,False,False,False,False,Hawkins,TX ,Hawkins,TX 
10158,206591081,3/16/2017 13:51,3/16/2017 13:52,3/22/2017 10:12,3/22/2017 13:00,3/23/2017 7:00,449.85,425.0,24.85,130.8,DRV,,,False,0,Carrier 567581,Shipper 758,True,True,True,3/22/2017 13:00,3/23/2017 8:00,False,False,False,False,False,False,False,False,Hawkins,TX ,Hawkins,TX 
10159,206592025,2/2/2017 10:31,2/2/2017 10:32,2/7/2017 14:58,2/8/2017 15:00,2/9/2017 9:00,449.85,425.0,24.85,140.0,DRV,3.0,,False,0,Carrier 567581,Shipper 758,True,True,True,2/8/2017 15:00,2/9/2017 7:00,False,False,False,False,False,False,False,False,Hawkins,TX ,Hawkins,TX 
10160,206591065,2/9/2017 13:25,2/9/2017 13:25,2/14/2017 15:21,2/15/2017 21:00,2/16/2017 9:15,449.85,400.0,49.85,0.0,DRV,,,False,1,Carrier 1340531,Shipper 758,True,True,True,2/15/2017 21:00,2/16/2017 8:00,False,False,False,False,False,False,False,False,Hawkins,TX ,Hawkins,TX 
10161,206667161,3/16/2017 12:12,3/16/2017 12:12,3/21/2017 11:30,3/22/2017 15:00,3/23/2017 12:30,449.85,450.0,-0.15,130.8,DRV,3.0,,False,0,Carrier 1269258,Shipper 758,True,True,True,3/22/2017 15:00,3/23/2017 8:00,False,False,False,False,False,False,False,False,Hawkins,TX ,Hawkins,TX 
10162,206542761,3/17/2017 15:52,3/17/2017 15:52,3/22/2017 15:07,3/23/2017 19:00,3/24/2017 10:20,449.85,450.0,-0.15,130.8,DRV,4.0,,False,0,Carrier 964546,Shipper 758,True,True,True,3/23/2017 19:00,3/24/2017 10:00,False,False,False,False,False,False,False,False,Hawkins,TX ,Hawkins,TX 
10163,206590545,2/2/2017 10:29,2/2/2017 10:29,2/7/2017 17:09,2/8/2017 18:00,2/9/2017 9:40,449.85,435.0,14.85,140.0,DRV,4.0,,False,0,Carrier 505379,Shipper 758,True,True,True,2/8/2017 18:00,2/9/2017 7:00,False,False,False,False,False,False,False,False,Hawkins,TX ,Hawkins,TX 
10164,206512497,3/17/2017 15:45,3/17/2017 15:45,3/22/2017 12:03,3/23/2017 15:00,3/24/2017 10:30,449.85,400.0,49.85,130.8,DRV,4.0,,False,0,Carrier 1269258,Shipper 758,True,True,True,3/23/2017 15:00,3/24/2017 10:00,False,False,False,False,False,False,False,False,Hawkins,TX ,Hawkins,TX 
10165,206486177,2/2/2017 10:34,2/2/2017 10:35,2/7/2017 17:16,2/8/2017 19:00,2/9/2017 10:15,449.85,400.0,49.85,140.0,DRV,2.0,,False,0,Carrier 735522,Shipper 758,True,True,True,2/8/2017 19:00,2/9/2017 7:00,False,False,False,False,False,False,False,False,Hawkins,TX ,Hawkins,TX 
10166,206601873,3/17/2017 16:00,3/17/2017 16:00,3/21/2017 8:59,3/23/2017 15:00,3/24/2017 9:30,449.85,400.0,49.85,130.8,DRV,,,False,0,Carrier 611154,Shipper 758,False,False,False,3/23/2017 15:00,3/24/2017 9:00,False,False,False,False,False,False,False,False,Hawkins,TX ,Hawkins,TX 
10167,206479089,2/3/2017 14:18,2/3/2017 14:18,2/9/2017 9:26,2/9/2017 16:00,2/10/2017 12:50,449.85,460.0,-10.15,140.0,DRV,,,False,1,Carrier 611154,Shipper 758,True,True,True,2/9/2017 16:00,2/10/2017 8:00,False,False,False,False,False,False,False,False,Hawkins,TX ,Hawkins,TX 
10168,206758241,3/17/2017 15:48,3/17/2017 15:49,3/23/2017 15:18,3/23/2017 20:00,3/24/2017 11:00,449.85,475.0,-25.15,130.8,DRV,,,False,0,Carrier 1534652,Shipper 758,True,True,True,3/23/2017 20:00,3/24/2017 11:00,False,False,False,False,False,False,False,False,Hawkins,TX ,Hawkins,TX 
10169,206540809,3/17/2017 15:50,3/17/2017 15:50,3/21/2017 14:13,3/23/2017 15:00,3/24/2017 10:15,449.85,425.0,24.85,130.8,DRV,,,False,0,Carrier 1065016,Shipper 758,False,True,True,3/23/2017 15:00,3/24/2017 10:00,False,False,False,False,False,False,False,False,Hawkins,TX ,Hawkins,TX 
10170,206651249,3/17/2017 15:58,3/17/2017 15:58,3/23/2017 19:49,3/23/2017 20:00,3/24/2017 14:00,449.85,450.0,-0.15,130.8,DRV,,,False,0,Carrier 546141,Shipper 758,True,False,False,3/23/2017 20:00,3/24/2017 10:00,False,False,False,False,False,False,False,False,Hawkins,TX ,Hawkins,TX 
10171,206611449,3/16/2017 13:47,3/16/2017 13:47,3/22/2017 14:06,3/22/2017 15:00,3/23/2017 9:30,449.85,425.0,24.85,130.8,DRV,,,False,0,Carrier 816774,Shipper 758,True,True,True,3/22/2017 15:00,3/23/2017 8:00,False,False,False,False,False,False,False,False,Hawkins,TX ,Hawkins,TX 
10172,206570033,3/16/2017 13:50,3/16/2017 13:50,3/22/2017 17:36,3/22/2017 15:00,3/23/2017 9:30,449.85,500.0,-50.15,130.8,DRV,3.0,,False,2,Carrier 1695159,Shipper 758,True,True,True,3/22/2017 15:00,3/23/2017 8:00,False,False,False,False,False,False,False,False,Hawkins,TX ,Hawkins,TX 
10173,206572001,3/16/2017 13:48,3/16/2017 13:48,3/22/2017 11:47,3/22/2017 15:00,3/23/2017 8:00,449.85,400.0,49.85,130.8,DRV,3.0,,False,0,Carrier 1693493,Shipper 758,True,True,True,3/22/2017 15:00,3/23/2017 8:00,False,False,False,False,False,False,False,False,Hawkins,TX ,Hawkins,TX 
10174,206517513,4/17/2017 12:00,4/17/2017 12:44,4/17/2017 15:36,4/18/2017 8:00,4/18/2017 11:40,449.16,425.0,24.16,35.6,DRV,4.0,,False,0,Carrier 72458,Shipper 1052,True,True,True,4/18/2017 11:00,4/18/2017 14:00,False,False,False,False,False,False,False,False,St. Louis,MO ,St. Louis,MO 
10175,206426505,8/4/2017 8:55,8/4/2017 8:55,8/4/2017 14:10,8/8/2017 8:00,8/9/2017 9:00,445.15,450.0,-4.85,50.6,DRV,,,False,0,Carrier 97236,Shipper 968,,,,8/8/2017 16:30,8/9/2017 16:30,False,False,False,False,False,False,False,False,Stamford,CT ,Stamford,CT 
10176,206704441,5/1/2017 10:36,5/1/2017 10:37,5/1/2017 13:08,5/2/2017 8:00,5/2/2017 15:55,443.04,425.0,18.04,50.6,DRV,3.0,,False,0,Carrier 1057935,Shipper 968,True,True,True,5/2/2017 12:00,5/2/2017 16:30,False,False,False,False,False,False,False,False,Stamford,CT ,Stamford,CT 
10177,206553753,7/24/2017 9:38,7/24/2017 9:38,7/31/2017 9:37,7/31/2017 9:00,7/31/2017 18:30,442.12,650.0,-207.88,51.6,DRV,,,False,2,Carrier 288241,Shipper 1175,False,False,False,7/31/2017 10:00,7/31/2017 15:00,False,False,False,False,False,False,False,False,Hillsborough Township,NJ ,Hillsborough Township,NJ 
10178,206431001,7/6/2017 10:53,7/6/2017 10:53,7/6/2017 12:30,7/6/2017 17:30,7/7/2017 9:20,442.0,425.0,17.0,241.3,DRV,,,False,1,Carrier 1314803,Shipper 923,True,True,True,7/6/2017 18:00,7/7/2017 15:00,False,False,False,False,False,False,False,False,Medley,FL ,Medley,FL 
10179,206575649,7/12/2017 8:46,7/12/2017 8:48,7/12/2017 12:49,7/12/2017 8:00,7/13/2017 13:00,442.0,350.0,92.0,241.3,DRV,,,False,0,Carrier 1695396,Shipper 923,True,True,True,7/12/2017 15:00,7/13/2017 14:00,False,False,False,False,False,False,False,False,Medley,FL ,Medley,FL 
10180,206665161,1/23/2017 15:03,1/23/2017 15:03,1/25/2017 12:11,1/25/2017 8:30,1/26/2017 11:00,441.95,500.0,-58.05,137.3,DRV,,,False,0,Carrier 820065,Shipper 840,,,,1/25/2017 16:00,1/26/2017 15:30,False,False,False,False,False,False,False,False,Davenport,IA ,Davenport,IA 
10181,206521129,7/27/2017 14:34,7/27/2017 14:34,8/4/2017 12:47,8/7/2017 8:00,8/7/2017 13:15,441.47,400.0,41.47,81.0,DRV,,,False,0,Carrier 958291,Shipper 968,,,,8/7/2017 11:00,8/7/2017 16:30,False,False,False,False,False,False,False,False,Pennsauken Township,NJ ,Pennsauken Township,NJ 
10182,206689929,11/17/2017 12:15,11/17/2017 12:15,11/20/2017 8:44,11/22/2017 8:00,11/27/2017 14:00,441.45,375.0,66.45,46.3,DRV,,,False,0,Carrier 958291,Shipper 968,False,True,True,11/22/2017 12:00,11/27/2017 16:00,False,False,False,False,False,True,False,False,Newton,NJ ,Newton,NJ 
10183,206705777,2/20/2017 14:52,2/20/2017 14:53,2/21/2017 9:32,2/22/2017 8:00,2/22/2017 13:57,440.32,400.0,40.32,50.6,DRV,,,False,0,Carrier 1281522,Shipper 968,True,True,True,2/22/2017 12:00,2/22/2017 16:00,False,False,False,False,False,False,False,False,Stamford,CT ,Stamford,CT 
10184,206573737,5/22/2017 14:49,5/22/2017 14:49,5/24/2017 11:16,5/25/2017 8:00,5/25/2017 15:30,440.28,400.0,40.28,50.6,DRV,,,False,0,Carrier 97236,Shipper 968,True,True,True,5/25/2017 12:00,5/25/2017 16:30,False,False,False,False,False,False,False,False,Stamford,CT ,Stamford,CT 
10185,206566985,3/23/2017 18:59,3/23/2017 18:59,3/24/2017 9:18,3/24/2017 6:00,3/27/2017 10:00,437.72,400.0,37.72,194.6,DRV,,,False,0,Carrier 540532,Shipper 810,False,False,False,3/24/2017 7:30,3/27/2017 8:00,False,False,False,False,False,False,False,False,West Palm Beach,FL ,West Palm Beach,FL 
10186,206507273,11/8/2017 14:40,11/8/2017 14:40,11/9/2017 13:48,11/10/2017 8:00,11/10/2017 15:00,435.7,475.0,-39.3,81.0,DRV,,,False,0,Carrier 97236,Shipper 968,True,True,True,11/10/2017 12:00,11/10/2017 16:30,False,False,False,False,False,True,False,False,Pennsauken Township,NJ ,Pennsauken Township,NJ 
10187,206567121,7/31/2017 12:41,7/31/2017 12:41,8/1/2017 9:48,8/2/2017 7:00,8/2/2017 14:30,435.63,400.0,35.63,125.2,DRV,,,False,0,Carrier 1215412,Shipper 1357,True,True,True,8/2/2017 7:00,8/2/2017 14:00,False,False,False,False,False,False,False,False,Gaston,SC ,Gaston,SC 
10188,206548121,7/31/2017 12:29,7/31/2017 12:35,7/31/2017 14:45,8/1/2017 10:00,8/1/2017 12:00,435.63,450.0,-14.37,125.2,DRV,,,False,0,Carrier 155063,Shipper 1357,True,True,True,8/1/2017 10:00,8/2/2017 10:00,False,False,False,False,False,False,False,False,Gaston,SC ,Gaston,SC 
10189,206427825,7/31/2017 12:40,7/31/2017 12:40,7/31/2017 14:26,8/1/2017 13:00,8/2/2017 14:00,435.63,400.0,35.63,125.2,DRV,,,False,0,Carrier 115190,Shipper 1357,True,True,True,8/1/2017 13:00,8/2/2017 13:00,False,False,False,False,False,False,False,False,Gaston,SC ,Gaston,SC 
10190,206503713,7/31/2017 12:38,7/31/2017 12:38,7/31/2017 15:45,8/1/2017 14:00,8/2/2017 13:00,435.63,425.0,10.63,125.2,DRV,,,False,0,Carrier 115190,Shipper 1357,True,True,True,8/1/2017 14:00,8/2/2017 12:00,False,False,False,False,False,False,False,False,Gaston,SC ,Gaston,SC 
10191,206541041,4/7/2017 13:37,4/7/2017 13:37,4/26/2017 11:50,4/26/2017 13:30,4/27/2017 12:00,434.21,700.0,-265.79,125.9,DRV,,,False,2,Carrier 77344,Shipper 841,True,True,True,4/26/2017 13:30,4/27/2017 9:30,False,False,False,False,False,False,False,False,Nashville,TN ,Nashville,TN 
10192,206496009,4/13/2017 11:41,4/13/2017 11:41,4/13/2017 16:07,4/14/2017 8:00,4/14/2017 14:00,434.05,400.0,34.05,50.6,DRV,4.0,,False,0,Carrier 97236,Shipper 968,True,True,True,4/14/2017 12:00,4/14/2017 16:00,False,False,False,False,False,False,False,False,Stamford,CT ,Stamford,CT 
10193,206505505,4/12/2017 11:02,4/12/2017 11:05,4/17/2017 17:04,4/18/2017 12:00,4/19/2017 11:30,433.43,430.0,3.43,125.9,DRV,4.0,,False,0,Carrier 366056,Shipper 841,True,True,True,4/18/2017 12:00,4/19/2017 9:30,False,False,False,False,False,False,False,False,Nashville,TN ,Nashville,TN 
10194,206463073,4/12/2017 12:18,4/12/2017 12:18,5/2/2017 12:19,5/3/2017 9:00,5/4/2017 11:00,433.43,500.0,-66.57,125.9,DRV,3.0,,False,0,Carrier 1381910,Shipper 841,False,True,True,5/3/2017 9:00,5/4/2017 9:30,False,False,False,False,False,False,False,False,Nashville,TN ,Nashville,TN 
10195,206542745,1/24/2017 9:42,1/24/2017 9:43,1/24/2017 15:35,1/25/2017 8:00,1/25/2017 20:00,433.31,400.0,33.31,64.9,DRV,,,False,0,Carrier 1641256,Shipper 1052,True,True,True,1/25/2017 15:00,1/25/2017 23:55,False,False,False,False,False,False,False,False,Philadelphia,PA ,Philadelphia,PA 
10196,206542897,1/24/2017 9:48,1/24/2017 9:48,1/25/2017 15:23,1/26/2017 8:00,1/26/2017 15:35,433.31,400.0,33.31,64.9,DRV,,,False,0,Carrier 101147,Shipper 1052,True,True,True,1/26/2017 15:00,1/26/2017 23:55,False,False,False,False,False,False,False,False,Philadelphia,PA ,Philadelphia,PA 
10197,206692641,1/24/2017 9:48,1/24/2017 9:49,1/25/2017 15:24,1/27/2017 8:00,1/27/2017 19:05,433.31,400.0,33.31,64.9,DRV,,,False,1,Carrier 101147,Shipper 1052,True,True,True,1/27/2017 15:00,1/27/2017 23:55,False,False,False,False,False,False,False,False,Philadelphia,PA ,Philadelphia,PA 
10198,206422665,1/24/2017 9:46,1/24/2017 9:46,1/24/2017 15:14,1/26/2017 8:00,1/26/2017 14:00,433.31,400.0,33.31,64.9,DRV,,,False,0,Carrier 1084218,Shipper 1052,,,,1/26/2017 15:00,1/26/2017 23:55,False,False,False,False,False,False,False,False,Philadelphia,PA ,Philadelphia,PA 
10199,206551273,1/24/2017 9:49,1/24/2017 9:49,1/24/2017 15:14,1/27/2017 8:00,1/27/2017 16:45,433.31,400.0,33.31,64.9,DRV,,,False,0,Carrier 1084218,Shipper 1052,True,True,True,1/27/2017 15:00,1/27/2017 23:55,False,False,False,False,False,False,False,False,Philadelphia,PA ,Philadelphia,PA 
10200,206628905,5/31/2017 13:46,5/31/2017 13:46,6/2/2017 16:28,6/5/2017 7:00,6/6/2017 12:00,429.76,400.0,29.76,120.8,DRV,,,False,0,Carrier 1169602,Shipper 765,False,True,True,6/5/2017 9:00,6/6/2017 15:00,False,False,False,False,False,False,False,False,Mount Vernon,OH ,Mount Vernon,OH 
10201,206628905,5/31/2017 13:46,5/31/2017 13:46,6/2/2017 16:28,6/5/2017 7:00,6/6/2017 12:00,429.76,400.0,29.76,120.8,DRV,,,False,0,Carrier 1169602,Shipper 764,False,True,True,6/5/2017 9:00,6/6/2017 15:00,False,False,False,False,False,False,False,False,Mount Vernon,OH ,Mount Vernon,OH 
10202,206538929,5/31/2017 13:45,5/31/2017 13:45,6/2/2017 14:52,6/5/2017 7:00,6/6/2017 9:00,429.76,400.0,29.76,120.8,DRV,,,False,0,Carrier 1378825,Shipper 765,True,True,True,6/5/2017 9:00,6/6/2017 15:00,False,False,False,False,False,False,False,False,Mount Vernon,OH ,Mount Vernon,OH 
10203,206538929,5/31/2017 13:45,5/31/2017 13:45,6/2/2017 14:52,6/5/2017 7:00,6/6/2017 9:00,429.76,400.0,29.76,120.8,DRV,,,False,0,Carrier 1378825,Shipper 764,True,True,True,6/5/2017 9:00,6/6/2017 15:00,False,False,False,False,False,False,False,False,Mount Vernon,OH ,Mount Vernon,OH 
10204,206544921,5/31/2017 13:50,5/31/2017 13:50,6/5/2017 12:41,6/6/2017 7:00,6/6/2017 13:00,429.76,425.0,4.76,120.8,DRV,,,False,0,Carrier 68114,Shipper 765,True,True,True,6/6/2017 9:00,6/6/2017 15:00,False,False,False,False,False,False,False,False,Mount Vernon,OH ,Mount Vernon,OH 
10205,206544921,5/31/2017 13:50,5/31/2017 13:50,6/5/2017 12:41,6/6/2017 7:00,6/6/2017 13:00,429.76,425.0,4.76,120.8,DRV,,,False,0,Carrier 68114,Shipper 764,True,True,True,6/6/2017 9:00,6/6/2017 15:00,False,False,False,False,False,False,False,False,Mount Vernon,OH ,Mount Vernon,OH 
10206,206501105,5/31/2017 13:49,5/31/2017 13:49,6/5/2017 14:12,6/6/2017 7:00,6/6/2017 15:00,429.76,450.0,-20.24,120.8,DRV,,,False,0,Carrier 107817,Shipper 765,True,True,True,6/6/2017 9:00,6/6/2017 15:00,False,False,False,False,False,False,False,False,Mount Vernon,OH ,Mount Vernon,OH 
10207,206501105,5/31/2017 13:49,5/31/2017 13:49,6/5/2017 14:12,6/6/2017 7:00,6/6/2017 15:00,429.76,450.0,-20.24,120.8,DRV,,,False,0,Carrier 107817,Shipper 764,True,True,True,6/6/2017 9:00,6/6/2017 15:00,False,False,False,False,False,False,False,False,Mount Vernon,OH ,Mount Vernon,OH 
10208,206557681,5/31/2017 13:48,5/31/2017 13:49,6/5/2017 13:46,6/6/2017 7:00,6/6/2017 10:17,429.76,500.0,-70.24,120.8,DRV,,,False,0,Carrier 1048028,Shipper 765,True,True,True,6/6/2017 9:00,6/6/2017 15:00,False,False,False,False,False,False,False,False,Mount Vernon,OH ,Mount Vernon,OH 
10209,206424929,5/31/2017 13:48,5/31/2017 13:48,6/2/2017 16:56,6/5/2017 7:00,6/5/2017 15:00,429.76,500.0,-70.24,120.8,DRV,,,False,0,Carrier 1048028,Shipper 765,False,True,True,6/5/2017 9:00,6/5/2017 15:00,False,False,False,False,False,False,False,False,Mount Vernon,OH ,Mount Vernon,OH 
10210,206557681,5/31/2017 13:48,5/31/2017 13:49,6/5/2017 13:46,6/6/2017 7:00,6/6/2017 10:17,429.76,500.0,-70.24,120.8,DRV,,,False,0,Carrier 1048028,Shipper 764,True,True,True,6/6/2017 9:00,6/6/2017 15:00,False,False,False,False,False,False,False,False,Mount Vernon,OH ,Mount Vernon,OH 
10211,206424929,5/31/2017 13:48,5/31/2017 13:48,6/2/2017 16:56,6/5/2017 7:00,6/5/2017 15:00,429.76,500.0,-70.24,120.8,DRV,,,False,0,Carrier 1048028,Shipper 764,False,True,True,6/5/2017 9:00,6/5/2017 15:00,False,False,False,False,False,False,False,False,Mount Vernon,OH ,Mount Vernon,OH 
10212,206576865,4/24/2017 11:05,4/24/2017 11:05,4/25/2017 11:48,4/27/2017 10:00,4/28/2017 23:19,429.0,574.0,-145.0,232.3,DRV,,,False,0,Carrier 641522,Shipper 758,True,True,True,4/27/2017 21:00,4/28/2017 22:00,False,False,False,False,False,False,False,False,Taft,CA ,Taft,CA 
10213,206507001,3/20/2017 8:41,3/20/2017 8:41,3/20/2017 13:21,3/21/2017 8:00,3/22/2017 11:30,428.19,400.0,28.19,50.6,DRV,,,False,0,Carrier 97236,Shipper 968,False,False,False,3/21/2017 12:00,3/22/2017 8:00,False,False,False,False,False,False,False,False,Stamford,CT ,Stamford,CT 
10214,206481401,10/26/2017 9:03,10/26/2017 9:04,10/27/2017 8:11,10/30/2017 7:00,10/30/2017 15:25,425.5,450.0,-24.5,73.9,DRV,,,False,0,Carrier 97236,Shipper 968,True,True,True,10/30/2017 12:00,10/30/2017 16:30,False,False,False,False,False,True,False,False,Ocean Township,NJ ,Ocean Township,NJ 
10215,206438289,2/22/2017 15:37,2/22/2017 15:37,2/23/2017 18:05,2/27/2017 11:00,2/27/2017 17:15,425.0,425.0,0.0,142.9,DRV,3.0,,False,0,Carrier 941668,Shipper 1184,True,True,True,2/27/2017 11:00,2/27/2017 16:00,False,False,False,False,False,False,False,False,Romeoville,IL ,Romeoville,IL 
10216,206572841,4/25/2017 14:49,4/25/2017 14:50,4/26/2017 14:59,4/27/2017 11:00,4/27/2017 16:30,422.39,425.0,-2.61,89.2,DRV,,,False,1,Carrier 107026,Shipper 971,True,True,True,4/27/2017 11:00,4/27/2017 16:00,False,False,False,False,False,False,False,False,Lancaster,TX ,Lancaster,TX 
10217,206586377,5/24/2017 13:11,5/24/2017 13:11,5/24/2017 16:55,5/25/2017 7:00,5/26/2017 12:30,421.73,500.0,-78.27,134.7,DRV,,,False,0,Carrier 1071312,Shipper 765,True,True,True,5/25/2017 15:00,5/26/2017 14:30,False,False,False,False,False,False,False,False,Toledo,OH ,Toledo,OH 
10218,206586377,5/24/2017 13:11,5/24/2017 13:11,5/24/2017 16:55,5/25/2017 7:00,5/26/2017 12:30,421.73,500.0,-78.27,134.7,DRV,,,False,0,Carrier 1071312,Shipper 764,True,True,True,5/25/2017 15:00,5/26/2017 14:30,False,False,False,False,False,False,False,False,Toledo,OH ,Toledo,OH 
10219,206491137,1/25/2017 14:01,1/25/2017 14:01,1/27/2017 10:11,1/30/2017 8:00,1/30/2017 17:00,420.7,400.0,20.7,64.9,DRV,,,False,0,Carrier 1084218,Shipper 1052,,,,1/30/2017 15:00,1/30/2017 23:55,False,False,False,False,False,False,False,False,Philadelphia,PA ,Philadelphia,PA 
10220,206505497,1/25/2017 13:51,1/25/2017 13:52,1/27/2017 10:11,1/30/2017 8:00,1/30/2017 20:00,420.7,400.0,20.7,64.9,DRV,,,False,0,Carrier 1084218,Shipper 1052,,,,1/30/2017 15:00,1/30/2017 23:55,False,False,False,False,False,False,False,False,Philadelphia,PA ,Philadelphia,PA 
10221,206561257,1/6/2017 15:40,1/6/2017 15:41,1/10/2017 11:02,1/11/2017 9:00,1/11/2017 17:00,419.71,365.0,54.71,31.0,DRV,,,False,0,Carrier 1391018,Shipper 1044,True,True,True,1/11/2017 11:00,1/11/2017 14:00,False,False,False,False,False,False,False,False,Saint Michael,MN ,Saint Michael,MN 
10222,206476209,5/25/2017 11:11,5/25/2017 11:11,5/25/2017 17:05,5/26/2017 7:00,5/30/2017 9:30,419.24,400.0,19.24,120.8,DRV,,,False,0,Carrier 1378825,Shipper 765,False,True,True,5/26/2017 9:00,5/30/2017 12:00,False,False,False,False,False,False,False,False,Mount Vernon,OH ,Mount Vernon,OH 
10223,206476209,5/25/2017 11:11,5/25/2017 11:11,5/25/2017 17:05,5/26/2017 7:00,5/30/2017 9:30,419.24,400.0,19.24,120.8,DRV,,,False,0,Carrier 1378825,Shipper 764,False,True,True,5/26/2017 9:00,5/30/2017 12:00,False,False,False,False,False,False,False,False,Mount Vernon,OH ,Mount Vernon,OH 
10224,206726953,7/5/2017 10:32,7/5/2017 10:32,7/5/2017 12:09,7/6/2017 8:00,7/6/2017 17:30,419.11,450.0,-30.89,50.6,DRV,,,False,0,Carrier 97236,Shipper 968,True,True,True,7/6/2017 12:30,7/6/2017 16:30,False,False,False,False,False,False,False,False,Stamford,CT ,Stamford,CT 
10225,206512761,7/31/2017 14:06,7/31/2017 14:06,8/1/2017 14:37,8/2/2017 7:00,8/2/2017 13:00,412.65,400.0,12.65,104.7,DRV,,,False,0,Carrier 102130,Shipper 765,True,True,True,8/2/2017 10:00,8/2/2017 14:30,False,False,False,False,False,False,False,False,Botkins,OH ,Botkins,OH 
10226,206512761,7/31/2017 14:06,7/31/2017 14:06,8/1/2017 14:37,8/2/2017 7:00,8/2/2017 13:00,412.65,400.0,12.65,104.7,DRV,,,False,0,Carrier 102130,Shipper 764,True,True,True,8/2/2017 10:00,8/2/2017 14:30,False,False,False,False,False,False,False,False,Botkins,OH ,Botkins,OH 
10227,206586625,2/7/2017 13:29,2/7/2017 13:29,2/13/2017 9:42,2/13/2017 8:00,2/13/2017 18:30,412.32,400.0,12.32,64.9,DRV,,,False,1,Carrier 101147,Shipper 1052,True,True,True,2/13/2017 15:00,2/13/2017 18:00,False,False,False,False,False,False,False,False,Philadelphia,PA ,Philadelphia,PA 
10228,206692649,2/7/2017 13:33,2/7/2017 13:33,2/13/2017 9:42,2/15/2017 8:00,2/15/2017 20:35,412.32,400.0,12.32,64.9,DRV,,,False,1,Carrier 101147,Shipper 1052,True,False,False,2/15/2017 15:00,2/15/2017 18:00,False,False,False,False,False,False,False,False,Philadelphia,PA ,Philadelphia,PA 
10229,206600281,2/7/2017 13:28,2/7/2017 13:28,2/7/2017 17:21,2/13/2017 8:00,2/13/2017 14:00,412.32,400.0,12.32,64.9,DRV,,,False,0,Carrier 1084218,Shipper 1052,True,True,True,2/13/2017 15:00,2/13/2017 18:00,False,False,False,False,False,False,False,False,Philadelphia,PA ,Philadelphia,PA 
10230,206553033,2/7/2017 13:24,2/7/2017 13:24,2/7/2017 17:22,2/9/2017 8:00,2/9/2017 16:30,412.32,400.0,12.32,64.9,DRV,,,False,0,Carrier 1084218,Shipper 1052,True,True,True,2/9/2017 15:00,2/9/2017 18:00,False,False,False,False,False,False,False,False,Philadelphia,PA ,Philadelphia,PA 
10231,206430737,2/7/2017 13:22,2/7/2017 13:22,2/8/2017 16:38,2/9/2017 8:00,2/9/2017 13:30,412.32,375.0,37.32,64.9,DRV,,,False,0,Carrier 62745,Shipper 1052,True,True,True,2/9/2017 15:00,2/9/2017 18:00,False,False,False,False,False,False,False,False,Philadelphia,PA ,Philadelphia,PA 
10232,206428033,2/7/2017 13:32,2/7/2017 13:32,2/14/2017 16:38,2/15/2017 8:00,2/15/2017 18:00,412.32,400.0,12.32,64.9,DRV,,,False,0,Carrier 1215337,Shipper 1052,True,True,True,2/15/2017 15:00,2/15/2017 18:00,False,False,False,False,False,False,False,False,Philadelphia,PA ,Philadelphia,PA 
10233,206468177,2/7/2017 13:21,2/7/2017 13:21,2/8/2017 8:56,2/8/2017 8:00,2/8/2017 13:00,412.32,400.0,12.32,64.9,DRV,2.0,,False,0,Carrier 1058662,Shipper 1052,True,True,True,2/8/2017 15:00,2/8/2017 15:00,False,False,False,False,False,False,False,False,Philadelphia,PA ,Philadelphia,PA 
10234,206466321,2/7/2017 13:27,2/7/2017 13:27,2/7/2017 17:21,2/10/2017 8:00,2/10/2017 16:00,412.32,400.0,12.32,64.9,DRV,4.0,,False,0,Carrier 1084218,Shipper 1052,True,True,True,2/10/2017 15:00,2/10/2017 18:00,False,False,False,False,False,False,False,False,Philadelphia,PA ,Philadelphia,PA 
10235,206422441,2/7/2017 13:31,2/7/2017 13:31,2/7/2017 17:21,2/14/2017 8:00,2/14/2017 17:00,412.32,400.0,12.32,64.9,DRV,,,False,0,Carrier 1084218,Shipper 1052,True,True,True,2/14/2017 15:00,2/14/2017 18:00,False,False,False,False,False,False,False,False,Philadelphia,PA ,Philadelphia,PA 
10236,206484737,2/7/2017 13:30,2/7/2017 13:30,2/9/2017 12:46,2/14/2017 8:00,2/14/2017 11:11,412.32,375.0,37.32,64.9,DRV,,,False,0,Carrier 1150261,Shipper 1052,True,True,True,2/14/2017 15:00,2/14/2017 18:00,False,False,False,False,False,False,False,False,Philadelphia,PA ,Philadelphia,PA 
10237,206664817,2/7/2017 13:26,2/7/2017 13:26,2/9/2017 14:45,2/10/2017 8:00,2/10/2017 18:20,412.32,375.0,37.32,64.9,DRV,,,False,1,Carrier 1150261,Shipper 1052,True,True,True,2/10/2017 15:00,2/10/2017 18:00,False,False,False,False,False,False,False,False,Philadelphia,PA ,Philadelphia,PA 
10238,206468273,2/15/2017 10:50,2/15/2017 10:52,2/20/2017 8:34,2/21/2017 8:00,2/21/2017 11:40,412.32,375.0,37.32,64.9,DRV,,,False,0,Carrier 1150261,Shipper 1052,True,True,True,2/21/2017 15:00,2/21/2017 18:00,False,False,False,False,False,False,False,False,Philadelphia,PA ,Philadelphia,PA 
10239,206425449,2/15/2017 10:56,2/15/2017 10:56,2/20/2017 11:57,2/22/2017 8:00,2/22/2017 11:39,412.32,375.0,37.32,64.9,DRV,,,False,0,Carrier 1150261,Shipper 1052,True,True,True,2/22/2017 15:00,2/22/2017 18:00,False,False,False,False,False,False,False,False,Philadelphia,PA ,Philadelphia,PA 
10240,206505913,2/7/2017 13:18,2/7/2017 13:19,2/8/2017 8:58,2/8/2017 8:00,2/8/2017 17:50,412.32,400.0,12.32,64.9,DRV,3.0,,False,0,Carrier 1693562,Shipper 1052,True,True,True,2/8/2017 12:00,2/8/2017 18:00,False,False,False,False,False,False,False,False,Philadelphia,PA ,Philadelphia,PA 
10241,206435737,6/6/2017 10:32,6/6/2017 10:32,6/6/2017 14:55,6/8/2017 9:00,6/8/2017 15:00,411.3,400.0,11.3,91.4,DRV,,,False,0,Carrier 1580986,Shipper 765,True,True,True,6/8/2017 10:00,6/8/2017 14:30,False,False,False,False,False,False,False,False,Parma,OH ,Parma,OH 
10242,206435737,6/6/2017 10:32,6/6/2017 10:32,6/6/2017 14:55,6/8/2017 9:00,6/8/2017 15:00,411.3,400.0,11.3,91.4,DRV,,,False,0,Carrier 1580986,Shipper 764,True,True,True,6/8/2017 10:00,6/8/2017 14:30,False,False,False,False,False,False,False,False,Parma,OH ,Parma,OH 
10243,206571673,4/26/2017 10:33,4/26/2017 10:33,4/27/2017 14:06,5/1/2017 11:00,5/2/2017 11:00,409.78,325.0,84.78,89.2,DRV,3.0,,False,0,Carrier 660799,Shipper 971,False,True,True,5/1/2017 11:00,5/2/2017 9:00,False,False,False,False,False,False,False,False,Lancaster,TX ,Lancaster,TX 
10244,206703929,2/15/2017 17:35,2/15/2017 17:36,2/16/2017 12:50,2/17/2017 8:00,2/17/2017 14:15,409.2,400.0,9.2,125.8,DRV,,,False,0,Carrier 1075872,Shipper 762,True,True,True,2/17/2017 14:00,2/17/2017 15:30,False,False,False,False,False,False,False,False,Bremen,IN ,Bremen,IN 
10245,206547233,5/2/2017 13:49,5/2/2017 13:49,5/4/2017 13:34,5/5/2017 9:00,5/5/2017 9:29,408.45,650.0,-241.55,105.2,DRV,,,False,0,Carrier 1695249,Shipper 1249,True,True,True,5/5/2017 9:00,5/5/2017 14:00,False,False,False,False,False,False,False,False,Cartersville,GA ,Cartersville,GA 
10246,206547233,5/2/2017 13:49,5/2/2017 13:49,5/4/2017 13:34,5/5/2017 9:00,5/5/2017 9:29,408.45,650.0,-241.55,105.2,DRV,,,False,0,Carrier 1695249,Shipper 1375,True,True,True,5/5/2017 9:00,5/5/2017 14:00,False,False,False,False,False,False,False,False,Cartersville,GA ,Cartersville,GA 
10247,206547233,5/2/2017 13:49,5/2/2017 13:49,5/4/2017 13:34,5/5/2017 9:00,5/5/2017 9:29,408.45,650.0,-241.55,105.2,DRV,,,False,0,Carrier 1695249,Shipper 1386,True,True,True,5/5/2017 9:00,5/5/2017 14:00,False,False,False,False,False,False,False,False,Cartersville,GA ,Cartersville,GA 
10248,206547233,5/2/2017 13:49,5/2/2017 13:49,5/4/2017 13:34,5/5/2017 9:00,5/5/2017 9:29,408.45,650.0,-241.55,105.2,DRV,,,False,0,Carrier 1695249,Shipper 1248,True,True,True,5/5/2017 9:00,5/5/2017 14:00,False,False,False,False,False,False,False,False,Cartersville,GA ,Cartersville,GA 
10249,206547233,5/2/2017 13:49,5/2/2017 13:49,5/4/2017 13:34,5/5/2017 9:00,5/5/2017 9:29,408.45,650.0,-241.55,105.2,DRV,,,False,0,Carrier 1695249,Shipper 1387,True,True,True,5/5/2017 9:00,5/5/2017 14:00,False,False,False,False,False,False,False,False,Cartersville,GA ,Cartersville,GA 
10250,206547233,5/2/2017 13:49,5/2/2017 13:49,5/4/2017 13:34,5/5/2017 9:00,5/5/2017 9:29,408.45,650.0,-241.55,105.2,DRV,,,False,0,Carrier 1695249,Shipper 1388,True,True,True,5/5/2017 9:00,5/5/2017 14:00,False,False,False,False,False,False,False,False,Cartersville,GA ,Cartersville,GA 
10251,206547225,4/20/2017 10:21,4/20/2017 10:21,4/20/2017 13:04,4/21/2017 11:00,4/21/2017 18:00,408.19,440.0,-31.81,89.2,DRV,3.0,,False,0,Carrier 1334642,Shipper 971,True,True,True,4/21/2017 11:00,4/21/2017 16:00,False,False,False,False,False,False,False,False,Lancaster,TX ,Lancaster,TX 
10252,206537497,5/27/2017 11:15,5/27/2017 11:16,5/31/2017 10:37,5/31/2017 7:00,6/1/2017 15:00,406.84,600.0,-193.16,120.8,DRV,,,False,2,Carrier 1085758,Shipper 765,True,True,True,5/31/2017 14:00,6/1/2017 15:00,False,False,False,False,False,False,False,False,Mount Vernon,OH ,Mount Vernon,OH 
10253,206537497,5/27/2017 11:15,5/27/2017 11:16,5/31/2017 10:37,5/31/2017 7:00,6/1/2017 15:00,406.84,600.0,-193.16,120.8,DRV,,,False,2,Carrier 1085758,Shipper 764,True,True,True,5/31/2017 14:00,6/1/2017 15:00,False,False,False,False,False,False,False,False,Mount Vernon,OH ,Mount Vernon,OH 
10254,206694233,6/8/2017 9:28,6/8/2017 9:28,6/8/2017 13:57,6/9/2017 8:00,6/9/2017 13:30,400.34,400.0,0.34,58.5,DRV,,,False,0,Carrier 1012039,Shipper 751,True,True,True,6/9/2017 12:00,6/9/2017 16:00,False,False,False,False,False,False,False,False,Cartersville,GA ,Cartersville,GA 
10255,206502513,6/8/2017 9:24,6/8/2017 9:24,6/8/2017 13:33,6/9/2017 8:00,6/9/2017 14:02,400.34,400.0,0.34,58.5,DRV,,,False,0,Carrier 16424,Shipper 751,True,True,True,6/9/2017 12:00,6/9/2017 16:00,False,False,False,False,False,False,False,False,Cartersville,GA ,Cartersville,GA 
10256,206601433,1/10/2017 12:55,1/10/2017 12:55,1/12/2017 18:24,1/18/2017 15:00,1/19/2017 8:02,400.0,350.0,50.0,186.7,DRV,,,False,0,Carrier 34822,Shipper 585,False,False,False,1/18/2017 15:00,1/19/2017 6:00,False,False,False,False,False,False,False,False,Plant City,FL ,Plant City,FL 
10257,206491049,6/7/2017 13:19,6/7/2017 13:20,6/12/2017 11:51,6/12/2017 7:00,6/13/2017 9:00,393.61,400.0,-6.39,49.2,DRV,,,False,1,Carrier 1058662,Shipper 1175,False,True,True,6/12/2017 10:00,6/13/2017 15:00,False,False,False,False,False,False,False,False,Newark,DE ,Newark,DE 
10258,206485777,6/19/2017 10:38,6/19/2017 10:39,6/19/2017 14:04,6/20/2017 13:00,6/20/2017 15:40,387.1,375.0,12.1,2.6,DRV,,,False,0,Carrier 54660,Shipper 751,True,True,True,6/20/2017 13:00,6/20/2017 15:00,False,False,False,False,False,False,False,False,Conover,NC ,Conover,NC 
10259,206584721,5/19/2017 12:57,5/19/2017 12:57,5/22/2017 13:16,5/23/2017 8:00,5/23/2017 14:00,380.89,350.0,30.89,23.9,DRV,,,False,0,Carrier 101147,Shipper 1175,True,True,True,5/23/2017 12:00,5/23/2017 16:30,False,False,False,False,False,False,False,False,Chester,PA ,Chester,PA 
10260,206466721,2/17/2017 15:33,2/17/2017 15:34,2/21/2017 11:40,2/21/2017 9:00,2/21/2017 17:30,377.68,300.0,77.68,16.0,DRV,3.0,,False,0,Carrier 1058232,Shipper 762,True,True,True,2/21/2017 15:00,2/21/2017 16:00,False,False,False,False,False,False,False,False,Hawthorne,CA ,Hawthorne,CA 
10261,206510881,4/19/2017 12:55,4/19/2017 12:55,4/21/2017 10:35,4/24/2017 9:30,4/24/2017 14:51,375.0,400.0,-25.0,38.7,DRV,,,False,0,Carrier 62745,Shipper 1184,True,True,True,4/24/2017 9:30,4/24/2017 15:00,False,False,False,False,False,False,False,False,Kutztown,PA ,Kutztown,PA 
10262,206590561,4/19/2017 13:04,4/19/2017 13:04,4/21/2017 11:41,4/25/2017 9:30,4/25/2017 16:19,375.0,400.0,-25.0,38.7,DRV,,,False,0,Carrier 1693390,Shipper 1184,True,True,True,4/25/2017 9:30,4/25/2017 14:00,False,False,False,False,False,False,False,False,Kutztown,PA ,Kutztown,PA 
10263,206489841,4/19/2017 13:08,4/19/2017 13:08,4/24/2017 10:27,4/25/2017 11:45,4/25/2017 16:19,375.0,400.0,-25.0,38.7,DRV,,,False,0,Carrier 1693390,Shipper 1184,True,True,True,4/25/2017 11:45,4/25/2017 15:00,False,False,False,False,False,False,False,False,Kutztown,PA ,Kutztown,PA 
10264,206594137,1/25/2017 12:58,1/25/2017 12:59,1/25/2017 16:16,1/26/2017 12:00,1/26/2017 13:00,373.9,300.0,73.9,10.3,DRV,,,False,1,Carrier 88679,Shipper 989,True,True,True,1/26/2017 12:00,1/26/2017 18:00,False,False,False,False,False,False,False,False,Perrysburg,OH ,Perrysburg,OH 
10265,206648921,4/10/2017 17:04,4/10/2017 17:04,4/11/2017 16:08,4/11/2017 0:00,4/12/2017 8:30,372.43,500.0,-127.57,105.2,DRV,4.0,,False,0,Carrier 1636145,Shipper 1249,True,True,True,4/12/2017 8:00,4/12/2017 12:00,False,False,False,False,False,False,False,False,Cartersville,GA ,Cartersville,GA 
10266,206648921,4/10/2017 17:04,4/10/2017 17:04,4/11/2017 16:08,4/11/2017 0:00,4/12/2017 8:30,372.43,500.0,-127.57,105.2,DRV,4.0,,False,0,Carrier 1636145,Shipper 1375,True,True,True,4/12/2017 8:00,4/12/2017 12:00,False,False,False,False,False,False,False,False,Cartersville,GA ,Cartersville,GA 
10267,206648921,4/10/2017 17:04,4/10/2017 17:04,4/11/2017 16:08,4/11/2017 0:00,4/12/2017 8:30,372.43,500.0,-127.57,105.2,DRV,4.0,,False,0,Carrier 1636145,Shipper 1386,True,True,True,4/12/2017 8:00,4/12/2017 12:00,False,False,False,False,False,False,False,False,Cartersville,GA ,Cartersville,GA 
10268,206648921,4/10/2017 17:04,4/10/2017 17:04,4/11/2017 16:08,4/11/2017 0:00,4/12/2017 8:30,372.43,500.0,-127.57,105.2,DRV,4.0,,False,0,Carrier 1636145,Shipper 1248,True,True,True,4/12/2017 8:00,4/12/2017 12:00,False,False,False,False,False,False,False,False,Cartersville,GA ,Cartersville,GA 
10269,206648921,4/10/2017 17:04,4/10/2017 17:04,4/11/2017 16:08,4/11/2017 0:00,4/12/2017 8:30,372.43,500.0,-127.57,105.2,DRV,4.0,,False,0,Carrier 1636145,Shipper 1387,True,True,True,4/12/2017 8:00,4/12/2017 12:00,False,False,False,False,False,False,False,False,Cartersville,GA ,Cartersville,GA 
10270,206648921,4/10/2017 17:04,4/10/2017 17:04,4/11/2017 16:08,4/11/2017 0:00,4/12/2017 8:30,372.43,500.0,-127.57,105.2,DRV,4.0,,False,0,Carrier 1636145,Shipper 1388,True,True,True,4/12/2017 8:00,4/12/2017 12:00,False,False,False,False,False,False,False,False,Cartersville,GA ,Cartersville,GA 
10271,206594161,3/28/2017 15:01,3/28/2017 15:01,3/28/2017 15:25,3/29/2017 8:00,3/29/2017 15:00,350.0,350.0,0.0,4.6,DRV,,,False,0,Carrier 1641,Shipper 744,True,True,True,3/29/2017 9:00,3/30/2017 12:00,False,False,False,False,False,False,False,False,Conover,NC ,Conover,NC 
10272,206542273,6/20/2017 9:40,6/20/2017 9:40,6/20/2017 14:52,6/20/2017 8:00,6/21/2017 2:00,250.0,150.0,100.0,339.2,DRV,,,False,0,Carrier 1314803,Shipper 1249,True,True,True,6/20/2017 18:00,6/21/2017 13:00,False,False,False,False,False,False,False,False,Pleasant Prairie,WI ,Pleasant Prairie,WI 
10273,206617417,6/27/2017 16:10,6/27/2017 16:11,6/29/2017 10:40,6/30/2017 8:00,7/2/2017 8:05,250.0,150.0,100.0,994.0,DRV,,,False,0,Carrier 1063962,Shipper 1249,True,True,True,6/30/2017 16:00,7/2/2017 12:00,False,False,False,False,False,False,False,False,Green Bay,WI ,Green Bay,WI 
10274,206585217,7/21/2017 14:04,7/21/2017 14:04,7/24/2017 9:41,7/24/2017 18:30,7/25/2017 10:44,250.0,0.0,0.0,751.5,RFR,,,False,0,Carrier 746100,Shipper 1498,True,True,True,7/24/2017 18:30,7/25/2017 16:00,False,False,False,False,False,False,False,True,Garfield,NM ,Garfield,NM 
10275,206640977,5/30/2017 16:46,5/30/2017 16:46,6/7/2017 15:26,5/31/2017 21:00,6/1/2017 6:00,250.0,150.0,100.0,390.1,RFR,,,False,1,Carrier 1553265,Shipper 1249,True,True,True,5/31/2017 21:00,6/1/2017 14:30,False,False,False,False,False,False,False,False,Colonial Heights,VA ,Colonial Heights,VA 
10276,206462577,8/1/2017 16:20,8/1/2017 16:20,8/2/2017 7:01,8/2/2017 11:00,8/3/2017 7:05,250.0,150.0,100.0,300.0,DRV,,,False,0,Carrier 1290175,Shipper 1249,True,True,True,8/2/2017 15:00,8/3/2017 11:00,False,False,False,False,False,False,False,False,Baldwinsville,NY ,Baldwinsville,NY 
10277,206485793,9/7/2017 16:35,9/7/2017 16:35,9/8/2017 12:08,9/10/2017 16:00,9/11/2017 7:00,250.0,150.0,100.0,608.2,DRV,,,False,0,Carrier 1077712,Shipper 1249,True,True,True,9/10/2017 16:00,9/11/2017 13:00,False,False,False,False,False,False,False,False,St. Louis,MO ,St. Louis,MO 
10278,206617417,6/27/2017 16:10,6/27/2017 16:11,6/29/2017 10:40,6/30/2017 8:00,7/2/2017 8:05,250.0,150.0,100.0,994.0,DRV,,,False,0,Carrier 1063962,Shipper 1375,True,True,True,6/30/2017 16:00,7/2/2017 12:00,False,False,False,False,False,False,False,False,Green Bay,WI ,Green Bay,WI 
10279,206640977,5/30/2017 16:46,5/30/2017 16:46,6/7/2017 15:26,5/31/2017 21:00,6/1/2017 6:00,250.0,150.0,100.0,390.1,RFR,,,False,1,Carrier 1553265,Shipper 1375,True,True,True,5/31/2017 21:00,6/1/2017 14:30,False,False,False,False,False,False,False,False,Colonial Heights,VA ,Colonial Heights,VA 
10280,206542273,6/20/2017 9:40,6/20/2017 9:40,6/20/2017 14:52,6/20/2017 8:00,6/21/2017 2:00,250.0,150.0,100.0,339.2,DRV,,,False,0,Carrier 1314803,Shipper 1375,True,True,True,6/20/2017 18:00,6/21/2017 13:00,False,False,False,False,False,False,False,False,Pleasant Prairie,WI ,Pleasant Prairie,WI 
10281,206601193,11/27/2017 16:31,11/27/2017 16:31,11/28/2017 15:34,11/29/2017 15:00,12/1/2017 9:00,250.0,150.0,100.0,1346.6,DRV,,,False,0,Carrier 1064000,Shipper 1249,True,True,True,11/29/2017 15:00,12/1/2017 13:00,False,False,False,False,False,False,False,False,Fairfield,CA ,Fairfield,CA 
10282,206599993,7/31/2017 16:48,7/31/2017 16:48,8/3/2017 12:21,8/3/2017 12:00,8/4/2017 5:00,250.0,188.99,61.01,328.9,RFR,,,False,1,Carrier 1291555,Shipper 1249,True,True,True,8/3/2017 12:00,8/4/2017 11:30,False,False,False,False,False,False,False,False,Newark,NJ ,Newark,NJ 
10283,206584737,6/20/2017 9:31,6/20/2017 9:31,6/20/2017 14:25,6/21/2017 9:00,6/22/2017 14:00,250.0,150.0,100.0,632.1,DRV,,,False,0,Carrier 1035879,Shipper 1249,True,True,True,6/21/2017 17:00,6/22/2017 14:00,False,False,False,False,False,False,False,False,De Soto,KS ,De Soto,KS 
10284,206462577,8/1/2017 16:20,8/1/2017 16:20,8/2/2017 7:01,8/2/2017 11:00,8/3/2017 7:05,250.0,150.0,100.0,300.0,DRV,,,False,0,Carrier 1290175,Shipper 1375,True,True,True,8/2/2017 15:00,8/3/2017 11:00,False,False,False,False,False,False,False,False,Baldwinsville,NY ,Baldwinsville,NY 
10285,206484377,6/20/2017 10:56,6/20/2017 10:56,6/21/2017 9:41,6/26/2017 8:00,6/28/2017 12:00,250.0,150.0,100.0,1032.9,DRV,,,False,0,Carrier 57804,Shipper 1249,True,True,True,6/26/2017 18:00,6/28/2017 12:00,False,False,False,False,False,False,False,False,Pleasant Prairie,WI ,Pleasant Prairie,WI 
10286,206485793,9/7/2017 16:35,9/7/2017 16:35,9/8/2017 12:08,9/10/2017 16:00,9/11/2017 7:00,250.0,150.0,100.0,608.2,DRV,,,False,0,Carrier 1077712,Shipper 1375,True,True,True,9/10/2017 16:00,9/11/2017 13:00,False,False,False,False,False,False,False,False,St. Louis,MO ,St. Louis,MO 
10287,206526449,8/2/2017 14:52,8/2/2017 14:52,8/9/2017 14:38,8/10/2017 12:00,8/11/2017 8:00,250.0,150.0,100.0,553.1,DRV,,,False,0,Carrier 1050238,Shipper 1249,True,True,True,8/10/2017 12:00,8/11/2017 8:00,False,False,False,False,False,False,False,False,Carlisle,PA ,Carlisle,PA 
10288,206601193,11/27/2017 16:31,11/27/2017 16:31,11/28/2017 15:34,11/29/2017 15:00,12/1/2017 9:00,250.0,150.0,100.0,1346.6,DRV,,,False,0,Carrier 1064000,Shipper 1375,True,True,True,11/29/2017 15:00,12/1/2017 13:00,False,False,False,False,False,False,False,False,Fairfield,CA ,Fairfield,CA 
10289,206599993,7/31/2017 16:48,7/31/2017 16:48,8/3/2017 12:21,8/3/2017 12:00,8/4/2017 5:00,250.0,188.99,61.01,328.9,RFR,,,False,1,Carrier 1291555,Shipper 1375,True,True,True,8/3/2017 12:00,8/4/2017 11:30,False,False,False,False,False,False,False,False,Newark,NJ ,Newark,NJ 
10290,206484377,6/20/2017 10:56,6/20/2017 10:56,6/21/2017 9:41,6/26/2017 8:00,6/28/2017 12:00,250.0,150.0,100.0,1032.9,DRV,,,False,0,Carrier 57804,Shipper 1375,True,True,True,6/26/2017 18:00,6/28/2017 12:00,False,False,False,False,False,False,False,False,Pleasant Prairie,WI ,Pleasant Prairie,WI 
10291,206475129,6/20/2017 10:08,6/20/2017 10:08,6/21/2017 18:34,6/22/2017 9:00,6/23/2017 9:00,250.0,150.0,100.0,632.1,DRV,,,False,1,Carrier 1035879,Shipper 1249,True,True,True,6/22/2017 17:00,6/23/2017 16:00,False,False,False,False,False,False,False,False,De Soto,KS ,De Soto,KS 
10292,206617417,6/27/2017 16:10,6/27/2017 16:11,6/29/2017 10:40,6/30/2017 8:00,7/2/2017 8:05,250.0,150.0,100.0,994.0,DRV,,,False,0,Carrier 1063962,Shipper 1386,True,True,True,6/30/2017 16:00,7/2/2017 12:00,False,False,False,False,False,False,False,False,Green Bay,WI ,Green Bay,WI 
10293,206640977,5/30/2017 16:46,5/30/2017 16:46,6/7/2017 15:26,5/31/2017 21:00,6/1/2017 6:00,250.0,150.0,100.0,390.1,RFR,,,False,1,Carrier 1553265,Shipper 1386,True,True,True,5/31/2017 21:00,6/1/2017 14:30,False,False,False,False,False,False,False,False,Colonial Heights,VA ,Colonial Heights,VA 
10294,206542273,6/20/2017 9:40,6/20/2017 9:40,6/20/2017 14:52,6/20/2017 8:00,6/21/2017 2:00,250.0,150.0,100.0,339.2,DRV,,,False,0,Carrier 1314803,Shipper 1386,True,True,True,6/20/2017 18:00,6/21/2017 13:00,False,False,False,False,False,False,False,False,Pleasant Prairie,WI ,Pleasant Prairie,WI 
10295,206601193,11/27/2017 16:31,11/27/2017 16:31,11/28/2017 15:34,11/29/2017 15:00,12/1/2017 9:00,250.0,150.0,100.0,1346.6,DRV,,,False,0,Carrier 1064000,Shipper 1386,True,True,True,11/29/2017 15:00,12/1/2017 13:00,False,False,False,False,False,False,False,False,Fairfield,CA ,Fairfield,CA 
10296,206640977,5/30/2017 16:46,5/30/2017 16:46,6/7/2017 15:26,5/31/2017 21:00,6/1/2017 6:00,250.0,150.0,100.0,390.1,RFR,,,False,1,Carrier 1553265,Shipper 1248,True,True,True,5/31/2017 21:00,6/1/2017 14:30,False,False,False,False,False,False,False,False,Colonial Heights,VA ,Colonial Heights,VA 
10297,206485793,9/7/2017 16:35,9/7/2017 16:35,9/8/2017 12:08,9/10/2017 16:00,9/11/2017 7:00,250.0,150.0,100.0,608.2,DRV,,,False,0,Carrier 1077712,Shipper 1386,True,True,True,9/10/2017 16:00,9/11/2017 13:00,False,False,False,False,False,False,False,False,St. Louis,MO ,St. Louis,MO 
10298,206617417,6/27/2017 16:10,6/27/2017 16:11,6/29/2017 10:40,6/30/2017 8:00,7/2/2017 8:05,250.0,150.0,100.0,994.0,DRV,,,False,0,Carrier 1063962,Shipper 1248,True,True,True,6/30/2017 16:00,7/2/2017 12:00,False,False,False,False,False,False,False,False,Green Bay,WI ,Green Bay,WI 
10299,206599993,7/31/2017 16:48,7/31/2017 16:48,8/3/2017 12:21,8/3/2017 12:00,8/4/2017 5:00,250.0,188.99,61.01,328.9,RFR,,,False,1,Carrier 1291555,Shipper 1386,True,True,True,8/3/2017 12:00,8/4/2017 11:30,False,False,False,False,False,False,False,False,Newark,NJ ,Newark,NJ 
10300,206462577,8/1/2017 16:20,8/1/2017 16:20,8/2/2017 7:01,8/2/2017 11:00,8/3/2017 7:05,250.0,150.0,100.0,300.0,DRV,,,False,0,Carrier 1290175,Shipper 1386,True,True,True,8/2/2017 15:00,8/3/2017 11:00,False,False,False,False,False,False,False,False,Baldwinsville,NY ,Baldwinsville,NY 
10301,206584737,6/20/2017 9:31,6/20/2017 9:31,6/20/2017 14:25,6/21/2017 9:00,6/22/2017 14:00,250.0,150.0,100.0,632.1,DRV,,,False,0,Carrier 1035879,Shipper 1375,True,True,True,6/21/2017 17:00,6/22/2017 14:00,False,False,False,False,False,False,False,False,De Soto,KS ,De Soto,KS 
10302,206484377,6/20/2017 10:56,6/20/2017 10:56,6/21/2017 9:41,6/26/2017 8:00,6/28/2017 12:00,250.0,150.0,100.0,1032.9,DRV,,,False,0,Carrier 57804,Shipper 1386,True,True,True,6/26/2017 18:00,6/28/2017 12:00,False,False,False,False,False,False,False,False,Pleasant Prairie,WI ,Pleasant Prairie,WI 
10303,206485793,9/7/2017 16:35,9/7/2017 16:35,9/8/2017 12:08,9/10/2017 16:00,9/11/2017 7:00,250.0,150.0,100.0,608.2,DRV,,,False,0,Carrier 1077712,Shipper 1248,True,True,True,9/10/2017 16:00,9/11/2017 13:00,False,False,False,False,False,False,False,False,St. Louis,MO ,St. Louis,MO 
10304,206542273,6/20/2017 9:40,6/20/2017 9:40,6/20/2017 14:52,6/20/2017 8:00,6/21/2017 2:00,250.0,150.0,100.0,339.2,DRV,,,False,0,Carrier 1314803,Shipper 1248,True,True,True,6/20/2017 18:00,6/21/2017 13:00,False,False,False,False,False,False,False,False,Pleasant Prairie,WI ,Pleasant Prairie,WI 
10305,206526449,8/2/2017 14:52,8/2/2017 14:52,8/9/2017 14:38,8/10/2017 12:00,8/11/2017 8:00,250.0,150.0,100.0,553.1,DRV,,,False,0,Carrier 1050238,Shipper 1375,True,True,True,8/10/2017 12:00,8/11/2017 8:00,False,False,False,False,False,False,False,False,Carlisle,PA ,Carlisle,PA 
10306,206617417,6/27/2017 16:10,6/27/2017 16:11,6/29/2017 10:40,6/30/2017 8:00,7/2/2017 8:05,250.0,150.0,100.0,994.0,DRV,,,False,0,Carrier 1063962,Shipper 1387,True,True,True,6/30/2017 16:00,7/2/2017 12:00,False,False,False,False,False,False,False,False,Green Bay,WI ,Green Bay,WI 
10307,206475129,6/20/2017 10:08,6/20/2017 10:08,6/21/2017 18:34,6/22/2017 9:00,6/23/2017 9:00,250.0,150.0,100.0,632.1,DRV,,,False,1,Carrier 1035879,Shipper 1375,True,True,True,6/22/2017 17:00,6/23/2017 16:00,False,False,False,False,False,False,False,False,De Soto,KS ,De Soto,KS 
10308,206601193,11/27/2017 16:31,11/27/2017 16:31,11/28/2017 15:34,11/29/2017 15:00,12/1/2017 9:00,250.0,150.0,100.0,1346.6,DRV,,,False,0,Carrier 1064000,Shipper 1248,True,True,True,11/29/2017 15:00,12/1/2017 13:00,False,False,False,False,False,False,False,False,Fairfield,CA ,Fairfield,CA 
10309,206640977,5/30/2017 16:46,5/30/2017 16:46,6/7/2017 15:26,5/31/2017 21:00,6/1/2017 6:00,250.0,150.0,100.0,390.1,RFR,,,False,1,Carrier 1553265,Shipper 1387,True,True,True,5/31/2017 21:00,6/1/2017 14:30,False,False,False,False,False,False,False,False,Colonial Heights,VA ,Colonial Heights,VA 
10310,206599993,7/31/2017 16:48,7/31/2017 16:48,8/3/2017 12:21,8/3/2017 12:00,8/4/2017 5:00,250.0,188.99,61.01,328.9,RFR,,,False,1,Carrier 1291555,Shipper 1248,True,True,True,8/3/2017 12:00,8/4/2017 11:30,False,False,False,False,False,False,False,False,Newark,NJ ,Newark,NJ 
10311,206462577,8/1/2017 16:20,8/1/2017 16:20,8/2/2017 7:01,8/2/2017 11:00,8/3/2017 7:05,250.0,150.0,100.0,300.0,DRV,,,False,0,Carrier 1290175,Shipper 1248,True,True,True,8/2/2017 15:00,8/3/2017 11:00,False,False,False,False,False,False,False,False,Baldwinsville,NY ,Baldwinsville,NY 
10312,206484377,6/20/2017 10:56,6/20/2017 10:56,6/21/2017 9:41,6/26/2017 8:00,6/28/2017 12:00,250.0,150.0,100.0,1032.9,DRV,,,False,0,Carrier 57804,Shipper 1248,True,True,True,6/26/2017 18:00,6/28/2017 12:00,False,False,False,False,False,False,False,False,Pleasant Prairie,WI ,Pleasant Prairie,WI 
10313,206542273,6/20/2017 9:40,6/20/2017 9:40,6/20/2017 14:52,6/20/2017 8:00,6/21/2017 2:00,250.0,150.0,100.0,339.2,DRV,,,False,0,Carrier 1314803,Shipper 1387,True,True,True,6/20/2017 18:00,6/21/2017 13:00,False,False,False,False,False,False,False,False,Pleasant Prairie,WI ,Pleasant Prairie,WI 
10314,206485793,9/7/2017 16:35,9/7/2017 16:35,9/8/2017 12:08,9/10/2017 16:00,9/11/2017 7:00,250.0,150.0,100.0,608.2,DRV,,,False,0,Carrier 1077712,Shipper 1387,True,True,True,9/10/2017 16:00,9/11/2017 13:00,False,False,False,False,False,False,False,False,St. Louis,MO ,St. Louis,MO 
10315,206601193,11/27/2017 16:31,11/27/2017 16:31,11/28/2017 15:34,11/29/2017 15:00,12/1/2017 9:00,250.0,150.0,100.0,1346.6,DRV,,,False,0,Carrier 1064000,Shipper 1387,True,True,True,11/29/2017 15:00,12/1/2017 13:00,False,False,False,False,False,False,False,False,Fairfield,CA ,Fairfield,CA 
10316,206617417,6/27/2017 16:10,6/27/2017 16:11,6/29/2017 10:40,6/30/2017 8:00,7/2/2017 8:05,250.0,150.0,100.0,994.0,DRV,,,False,0,Carrier 1063962,Shipper 1388,True,True,True,6/30/2017 16:00,7/2/2017 12:00,False,False,False,False,False,False,False,False,Green Bay,WI ,Green Bay,WI 
10317,206622601,12/1/2017 16:35,12/1/2017 16:35,12/4/2017 9:44,12/7/2017 17:00,12/10/2017 6:00,250.0,150.0,100.0,2785.5,DRV,,,False,0,Carrier 1058714,Shipper 1249,True,True,True,12/7/2017 17:00,12/10/2017 6:00,False,False,False,False,False,False,False,False,Los Angeles,CA ,Los Angeles,CA 
10318,206726969,8/2/2017 14:58,8/2/2017 14:58,8/10/2017 10:36,8/10/2017 13:00,8/11/2017 7:00,250.0,150.0,100.0,553.1,DRV,,,False,1,Carrier 1428479,Shipper 1249,True,True,True,8/10/2017 13:00,8/11/2017 7:00,False,False,False,False,False,False,False,False,Carlisle,PA ,Carlisle,PA 
10319,206640977,5/30/2017 16:46,5/30/2017 16:46,6/7/2017 15:26,5/31/2017 21:00,6/1/2017 6:00,250.0,150.0,100.0,390.1,RFR,,,False,1,Carrier 1553265,Shipper 1388,True,True,True,5/31/2017 21:00,6/1/2017 14:30,False,False,False,False,False,False,False,False,Colonial Heights,VA ,Colonial Heights,VA 
10320,206599993,7/31/2017 16:48,7/31/2017 16:48,8/3/2017 12:21,8/3/2017 12:00,8/4/2017 5:00,250.0,188.99,61.01,328.9,RFR,,,False,1,Carrier 1291555,Shipper 1387,True,True,True,8/3/2017 12:00,8/4/2017 11:30,False,False,False,False,False,False,False,False,Newark,NJ ,Newark,NJ 
10321,206462577,8/1/2017 16:20,8/1/2017 16:20,8/2/2017 7:01,8/2/2017 11:00,8/3/2017 7:05,250.0,150.0,100.0,300.0,DRV,,,False,0,Carrier 1290175,Shipper 1387,True,True,True,8/2/2017 15:00,8/3/2017 11:00,False,False,False,False,False,False,False,False,Baldwinsville,NY ,Baldwinsville,NY 
10322,206484377,6/20/2017 10:56,6/20/2017 10:56,6/21/2017 9:41,6/26/2017 8:00,6/28/2017 12:00,250.0,150.0,100.0,1032.9,DRV,,,False,0,Carrier 57804,Shipper 1387,True,True,True,6/26/2017 18:00,6/28/2017 12:00,False,False,False,False,False,False,False,False,Pleasant Prairie,WI ,Pleasant Prairie,WI 
10323,206584737,6/20/2017 9:31,6/20/2017 9:31,6/20/2017 14:25,6/21/2017 9:00,6/22/2017 14:00,250.0,150.0,100.0,632.1,DRV,,,False,0,Carrier 1035879,Shipper 1386,True,True,True,6/21/2017 17:00,6/22/2017 14:00,False,False,False,False,False,False,False,False,De Soto,KS ,De Soto,KS 
10324,206485793,9/7/2017 16:35,9/7/2017 16:35,9/8/2017 12:08,9/10/2017 16:00,9/11/2017 7:00,250.0,150.0,100.0,608.2,DRV,,,False,0,Carrier 1077712,Shipper 1388,True,True,True,9/10/2017 16:00,9/11/2017 13:00,False,False,False,False,False,False,False,False,St. Louis,MO ,St. Louis,MO 
10325,206542273,6/20/2017 9:40,6/20/2017 9:40,6/20/2017 14:52,6/20/2017 8:00,6/21/2017 2:00,250.0,150.0,100.0,339.2,DRV,,,False,0,Carrier 1314803,Shipper 1388,True,True,True,6/20/2017 18:00,6/21/2017 13:00,False,False,False,False,False,False,False,False,Pleasant Prairie,WI ,Pleasant Prairie,WI 
10326,206622601,12/1/2017 16:35,12/1/2017 16:35,12/4/2017 9:44,12/7/2017 17:00,12/10/2017 6:00,250.0,150.0,100.0,2785.5,DRV,,,False,0,Carrier 1058714,Shipper 1375,True,True,True,12/7/2017 17:00,12/10/2017 6:00,False,False,False,False,False,False,False,False,Los Angeles,CA ,Los Angeles,CA 
10327,206526449,8/2/2017 14:52,8/2/2017 14:52,8/9/2017 14:38,8/10/2017 12:00,8/11/2017 8:00,250.0,150.0,100.0,553.1,DRV,,,False,0,Carrier 1050238,Shipper 1386,True,True,True,8/10/2017 12:00,8/11/2017 8:00,False,False,False,False,False,False,False,False,Carlisle,PA ,Carlisle,PA 
10328,206726969,8/2/2017 14:58,8/2/2017 14:58,8/10/2017 10:36,8/10/2017 13:00,8/11/2017 7:00,250.0,150.0,100.0,553.1,DRV,,,False,1,Carrier 1428479,Shipper 1375,True,True,True,8/10/2017 13:00,8/11/2017 7:00,False,False,False,False,False,False,False,False,Carlisle,PA ,Carlisle,PA 
10329,206475129,6/20/2017 10:08,6/20/2017 10:08,6/21/2017 18:34,6/22/2017 9:00,6/23/2017 9:00,250.0,150.0,100.0,632.1,DRV,,,False,1,Carrier 1035879,Shipper 1386,True,True,True,6/22/2017 17:00,6/23/2017 16:00,False,False,False,False,False,False,False,False,De Soto,KS ,De Soto,KS 
10330,206601193,11/27/2017 16:31,11/27/2017 16:31,11/28/2017 15:34,11/29/2017 15:00,12/1/2017 9:00,250.0,150.0,100.0,1346.6,DRV,,,False,0,Carrier 1064000,Shipper 1388,True,True,True,11/29/2017 15:00,12/1/2017 13:00,False,False,False,False,False,False,False,False,Fairfield,CA ,Fairfield,CA 
10331,206599993,7/31/2017 16:48,7/31/2017 16:48,8/3/2017 12:21,8/3/2017 12:00,8/4/2017 5:00,250.0,188.99,61.01,328.9,RFR,,,False,1,Carrier 1291555,Shipper 1388,True,True,True,8/3/2017 12:00,8/4/2017 11:30,False,False,False,False,False,False,False,False,Newark,NJ ,Newark,NJ 
10332,206462577,8/1/2017 16:20,8/1/2017 16:20,8/2/2017 7:01,8/2/2017 11:00,8/3/2017 7:05,250.0,150.0,100.0,300.0,DRV,,,False,0,Carrier 1290175,Shipper 1388,True,True,True,8/2/2017 15:00,8/3/2017 11:00,False,False,False,False,False,False,False,False,Baldwinsville,NY ,Baldwinsville,NY 
10333,206622601,12/1/2017 16:35,12/1/2017 16:35,12/4/2017 9:44,12/7/2017 17:00,12/10/2017 6:00,250.0,150.0,100.0,2785.5,DRV,,,False,0,Carrier 1058714,Shipper 1386,True,True,True,12/7/2017 17:00,12/10/2017 6:00,False,False,False,False,False,False,False,False,Los Angeles,CA ,Los Angeles,CA 
10334,206484377,6/20/2017 10:56,6/20/2017 10:56,6/21/2017 9:41,6/26/2017 8:00,6/28/2017 12:00,250.0,150.0,100.0,1032.9,DRV,,,False,0,Carrier 57804,Shipper 1388,True,True,True,6/26/2017 18:00,6/28/2017 12:00,False,False,False,False,False,False,False,False,Pleasant Prairie,WI ,Pleasant Prairie,WI 
10335,206584737,6/20/2017 9:31,6/20/2017 9:31,6/20/2017 14:25,6/21/2017 9:00,6/22/2017 14:00,250.0,150.0,100.0,632.1,DRV,,,False,0,Carrier 1035879,Shipper 1248,True,True,True,6/21/2017 17:00,6/22/2017 14:00,False,False,False,False,False,False,False,False,De Soto,KS ,De Soto,KS 
10336,206526449,8/2/2017 14:52,8/2/2017 14:52,8/9/2017 14:38,8/10/2017 12:00,8/11/2017 8:00,250.0,150.0,100.0,553.1,DRV,,,False,0,Carrier 1050238,Shipper 1248,True,True,True,8/10/2017 12:00,8/11/2017 8:00,False,False,False,False,False,False,False,False,Carlisle,PA ,Carlisle,PA 
10337,206475129,6/20/2017 10:08,6/20/2017 10:08,6/21/2017 18:34,6/22/2017 9:00,6/23/2017 9:00,250.0,150.0,100.0,632.1,DRV,,,False,1,Carrier 1035879,Shipper 1248,True,True,True,6/22/2017 17:00,6/23/2017 16:00,False,False,False,False,False,False,False,False,De Soto,KS ,De Soto,KS 
10338,206726969,8/2/2017 14:58,8/2/2017 14:58,8/10/2017 10:36,8/10/2017 13:00,8/11/2017 7:00,250.0,150.0,100.0,553.1,DRV,,,False,1,Carrier 1428479,Shipper 1386,True,True,True,8/10/2017 13:00,8/11/2017 7:00,False,False,False,False,False,False,False,False,Carlisle,PA ,Carlisle,PA 
10339,206622601,12/1/2017 16:35,12/1/2017 16:35,12/4/2017 9:44,12/7/2017 17:00,12/10/2017 6:00,250.0,150.0,100.0,2785.5,DRV,,,False,0,Carrier 1058714,Shipper 1248,True,True,True,12/7/2017 17:00,12/10/2017 6:00,False,False,False,False,False,False,False,False,Los Angeles,CA ,Los Angeles,CA 
10340,206726969,8/2/2017 14:58,8/2/2017 14:58,8/10/2017 10:36,8/10/2017 13:00,8/11/2017 7:00,250.0,150.0,100.0,553.1,DRV,,,False,1,Carrier 1428479,Shipper 1248,True,True,True,8/10/2017 13:00,8/11/2017 7:00,False,False,False,False,False,False,False,False,Carlisle,PA ,Carlisle,PA 
10341,206584737,6/20/2017 9:31,6/20/2017 9:31,6/20/2017 14:25,6/21/2017 9:00,6/22/2017 14:00,250.0,150.0,100.0,632.1,DRV,,,False,0,Carrier 1035879,Shipper 1387,True,True,True,6/21/2017 17:00,6/22/2017 14:00,False,False,False,False,False,False,False,False,De Soto,KS ,De Soto,KS 
10342,206622601,12/1/2017 16:35,12/1/2017 16:35,12/4/2017 9:44,12/7/2017 17:00,12/10/2017 6:00,250.0,150.0,100.0,2785.5,DRV,,,False,0,Carrier 1058714,Shipper 1387,True,True,True,12/7/2017 17:00,12/10/2017 6:00,False,False,False,False,False,False,False,False,Los Angeles,CA ,Los Angeles,CA 
10343,206526449,8/2/2017 14:52,8/2/2017 14:52,8/9/2017 14:38,8/10/2017 12:00,8/11/2017 8:00,250.0,150.0,100.0,553.1,DRV,,,False,0,Carrier 1050238,Shipper 1387,True,True,True,8/10/2017 12:00,8/11/2017 8:00,False,False,False,False,False,False,False,False,Carlisle,PA ,Carlisle,PA 
10344,206726969,8/2/2017 14:58,8/2/2017 14:58,8/10/2017 10:36,8/10/2017 13:00,8/11/2017 7:00,250.0,150.0,100.0,553.1,DRV,,,False,1,Carrier 1428479,Shipper 1387,True,True,True,8/10/2017 13:00,8/11/2017 7:00,False,False,False,False,False,False,False,False,Carlisle,PA ,Carlisle,PA 
10345,206475129,6/20/2017 10:08,6/20/2017 10:08,6/21/2017 18:34,6/22/2017 9:00,6/23/2017 9:00,250.0,150.0,100.0,632.1,DRV,,,False,1,Carrier 1035879,Shipper 1387,True,True,True,6/22/2017 17:00,6/23/2017 16:00,False,False,False,False,False,False,False,False,De Soto,KS ,De Soto,KS 
10346,206622601,12/1/2017 16:35,12/1/2017 16:35,12/4/2017 9:44,12/7/2017 17:00,12/10/2017 6:00,250.0,150.0,100.0,2785.5,DRV,,,False,0,Carrier 1058714,Shipper 1388,True,True,True,12/7/2017 17:00,12/10/2017 6:00,False,False,False,False,False,False,False,False,Los Angeles,CA ,Los Angeles,CA 
10347,206726969,8/2/2017 14:58,8/2/2017 14:58,8/10/2017 10:36,8/10/2017 13:00,8/11/2017 7:00,250.0,150.0,100.0,553.1,DRV,,,False,1,Carrier 1428479,Shipper 1388,True,True,True,8/10/2017 13:00,8/11/2017 7:00,False,False,False,False,False,False,False,False,Carlisle,PA ,Carlisle,PA 
10348,206584737,6/20/2017 9:31,6/20/2017 9:31,6/20/2017 14:25,6/21/2017 9:00,6/22/2017 14:00,250.0,150.0,100.0,632.1,DRV,,,False,0,Carrier 1035879,Shipper 1388,True,True,True,6/21/2017 17:00,6/22/2017 14:00,False,False,False,False,False,False,False,False,De Soto,KS ,De Soto,KS 
10349,206526449,8/2/2017 14:52,8/2/2017 14:52,8/9/2017 14:38,8/10/2017 12:00,8/11/2017 8:00,250.0,150.0,100.0,553.1,DRV,,,False,0,Carrier 1050238,Shipper 1388,True,True,True,8/10/2017 12:00,8/11/2017 8:00,False,False,False,False,False,False,False,False,Carlisle,PA ,Carlisle,PA 
10350,206475129,6/20/2017 10:08,6/20/2017 10:08,6/21/2017 18:34,6/22/2017 9:00,6/23/2017 9:00,250.0,150.0,100.0,632.1,DRV,,,False,1,Carrier 1035879,Shipper 1388,True,True,True,6/22/2017 17:00,6/23/2017 16:00,False,False,False,False,False,False,False,False,De Soto,KS ,De Soto,KS 
10351,206619449,12/15/2017 15:10,12/15/2017 15:10,12/15/2017 15:34,12/15/2017 18:00,12/18/2017 9:00,200.0,150.0,50.0,563.6,DRV,,dat_in,False,0,Carrier 15344,Shipper 1644,True,True,True,12/15/2017 18:00,12/18/2017 9:00,False,False,False,False,False,False,False,False,Lakewood,NY ,Lakewood,NY 
10352,206636585,10/18/2017 12:23,10/18/2017 12:23,10/19/2017 9:06,10/19/2017 15:00,10/20/2017 6:30,200.0,150.0,50.0,480.4,DRV,,,False,0,Carrier 4928,Shipper 1644,True,True,True,10/19/2017 15:00,10/20/2017 11:00,False,False,False,False,False,False,False,False,Newark,DE ,Newark,DE 
10353,206544361,9/23/2017 9:10,9/23/2017 9:11,9/25/2017 11:49,9/25/2017 15:00,9/26/2017 11:00,200.0,150.0,50.0,263.2,DRV,,,False,0,Carrier 4928,Shipper 1644,True,True,True,9/25/2017 15:00,9/26/2017 11:00,False,False,False,False,False,False,False,False,Jamestown,NY ,Jamestown,NY 
10354,206649585,11/27/2017 15:12,11/27/2017 15:13,11/29/2017 12:56,11/29/2017 14:00,12/2/2017 14:00,200.0,200.0,0.0,1750.8,DRV,,,False,1,Carrier 1239696,Shipper 1644,True,True,True,11/29/2017 14:00,12/2/2017 14:00,False,False,False,False,False,False,False,False,Lakewood,NY ,Lakewood,NY 
10355,206708737,8/18/2017 17:38,8/18/2017 17:39,,9/5/2017 6:00,9/1/2017 13:34,200.0,150.0,50.0,2895.4,RFR,,,False,1,,Shipper 1590,,,,9/5/2017 18:00,9/6/2017 15:00,False,False,False,False,False,False,False,True,Vineland,NJ ,Vineland,NJ 
10356,206553785,11/27/2017 16:58,11/27/2017 16:58,11/28/2017 8:45,12/1/2017 14:30,12/2/2017 20:30,200.0,150.0,50.0,1445.9,DRV,,,True,0,Carrier 1687657,Shipper 1644,True,True,True,12/1/2017 14:30,12/2/2017 20:30,False,False,False,False,False,False,False,False,North Charleston,SC ,North Charleston,SC 
10357,206573785,12/11/2017 8:52,12/11/2017 8:53,12/11/2017 9:18,12/11/2017 14:00,12/12/2017 14:00,200.0,150.0,50.0,579.5,DRV,,carrier_capacity,True,0,Carrier 19121,Shipper 1644,True,True,True,12/11/2017 14:00,12/12/2017 14:00,False,False,False,False,False,False,False,False,Brighton,MI ,Brighton,MI 
10358,206428505,12/15/2017 9:59,12/15/2017 9:59,12/15/2017 10:32,12/18/2017 13:00,12/20/2017 20:00,200.0,150.0,50.0,1376.5,DRV,,,True,0,Carrier 19121,Shipper 1644,True,True,True,12/18/2017 13:00,12/20/2017 20:00,False,False,False,False,False,False,False,False,Del Rio,TX ,Del Rio,TX 
10359,206570401,11/24/2017 9:12,11/24/2017 9:12,11/24/2017 9:46,11/27/2017 13:00,12/1/2017 9:00,199.92,150.0,49.92,2278.0,DRV,,,False,0,Carrier 1058714,Shipper 1644,True,True,True,11/27/2017 13:00,12/1/2017 9:00,False,False,False,False,False,False,False,False,Decatur,IN ,Decatur,IN 
10360,206507425,1/18/2017 15:33,1/18/2017 15:33,6/7/2017 18:13,1/19/2017 8:00,1/20/2017 19:00,150.0,150.0,0.0,252.6,DRV,,,False,1,Carrier 55977,Shipper 766,True,False,False,1/19/2017 15:00,1/20/2017 13:00,False,False,False,False,False,False,False,False,Louisville,KY ,Louisville,KY 
10361,206747641,1/5/2017 14:02,1/5/2017 14:02,1/5/2017 15:39,1/5/2017 15:00,1/6/2017 12:10,150.0,150.0,0.0,140.0,DRV,4.0,,False,0,Carrier 718215,Shipper 758,True,True,True,1/5/2017 18:00,1/6/2017 12:00,False,False,False,False,False,False,False,True,Kent,WA ,Kent,WA 
10362,206642033,5/1/2017 13:16,5/1/2017 13:16,6/7/2017 18:27,5/7/2017 14:00,5/7/2017 23:00,150.0,150.01,-0.01,130.8,DRV,,,False,1,Carrier 567581,Shipper 758,True,True,True,5/7/2017 14:00,5/7/2017 23:00,False,False,False,False,False,False,False,False,Hawkins,TX ,Hawkins,TX 
10363,206689857,8/29/2017 10:10,8/29/2017 10:10,8/29/2017 13:49,9/5/2017 17:00,9/6/2017 1:30,150.0,150.0,0.0,130.8,DRV,,,False,0,Carrier 1556250,Shipper 758,True,True,True,9/5/2017 17:00,9/6/2017 1:30,False,False,False,False,False,False,False,False,Hawkins,TX ,Hawkins,TX 
10364,206468369,12/27/2017 10:52,12/27/2017 10:52,1/2/2018 12:21,1/4/2018 17:00,1/4/2018 18:57,150.0,150.0,0.0,130.8,DRV,,,False,0,Carrier 611154,Shipper 758,True,True,True,1/4/2018 17:00,1/5/2018 2:30,False,False,False,False,False,False,False,False,Hawkins,TX ,Hawkins,TX 
10365,206438025,5/1/2017 13:25,5/1/2017 13:26,,5/7/2017 15:00,5/8/2017 0:00,150.0,575.0,-425.0,130.8,DRV,,,False,2,,Shipper 758,True,True,True,5/7/2017 15:00,5/8/2017 0:00,False,False,False,False,False,False,False,False,Hawkins,TX ,Hawkins,TX 
10366,206543865,8/11/2017 12:52,8/11/2017 12:52,8/15/2017 11:23,8/14/2017 17:00,8/15/2017 1:30,150.0,150.0,0.0,130.8,DRV,,,False,1,Carrier 804788,Shipper 758,True,True,True,8/14/2017 17:00,8/15/2017 1:30,False,False,False,False,False,False,False,False,Hawkins,TX ,Hawkins,TX 
10367,206666745,4/20/2017 10:00,4/20/2017 10:01,4/20/2017 11:16,4/21/2017 14:00,4/24/2017 9:00,150.0,150.0,0.0,1089.1,DRV,,,False,0,Carrier 25475,Shipper 585,,,,4/21/2017 17:00,4/24/2017 9:00,False,False,False,False,False,False,False,False,Plant City,FL ,Plant City,FL 
10368,206570841,12/7/2017 13:08,12/7/2017 13:08,12/13/2017 13:14,12/13/2017 18:00,12/14/2017 19:45,125.0,150.0,-25.0,284.1,DRV,,,False,0,Carrier 1467037,Shipper 758,True,True,True,12/13/2017 18:00,12/14/2017 19:45,False,False,False,False,False,False,False,False,Kent,WA ,Kent,WA 
10369,206584729,5/31/2017 10:34,5/31/2017 10:35,6/7/2017 15:42,6/1/2017 8:00,6/2/2017 11:00,50.0,1150.0,-1100.0,564.8,DRV,,,False,1,Carrier 1044218,Shipper 841,True,True,True,6/1/2017 16:00,6/2/2017 11:00,False,False,False,False,False,False,False,False,Rome City,IN ,Rome City,IN 
10370,206577673,9/27/2017 16:43,9/27/2017 16:43,9/28/2017 10:40,9/30/2017 14:00,9/29/2017 15:14,0.0,0.0,0.0,1332.1,DRV,,,False,0,Carrier 154563,Shipper 1249,,,,9/30/2017 14:00,10/2/2017 23:00,False,False,False,False,False,False,False,True,Williamsburg,VA ,Williamsburg,VA 
10371,206576449,11/2/2017 9:07,11/2/2017 9:07,11/2/2017 14:13,11/3/2017 8:00,11/2/2017 14:39,0.0,0.0,0.0,342.7,DRV,,,False,0,Carrier 1679937,Shipper 1249,,,,11/3/2017 18:00,11/4/2017 23:00,False,False,False,False,False,False,False,True,Merrimack,NH ,Merrimack,NH 
10372,206545337,10/25/2017 14:46,10/25/2017 14:46,,10/27/2017 12:00,10/25/2017 16:49,0.0,0.0,0.0,111.9,DRV,,,False,0,,Shipper 810,,,,10/27/2017 14:00,10/27/2017 18:00,False,False,False,False,False,False,False,True,Merced,CA ,Merced,CA 
10373,206470905,2/13/2017 12:29,2/13/2017 12:29,,2/14/2017 9:00,2/13/2017 14:59,0.0,0.0,0.0,921.7,RFR,,,False,0,,Shipper 810,,,,2/14/2017 17:00,2/15/2017 18:00,False,False,False,False,False,False,False,True,Portsmouth,VA ,Portsmouth,VA 
10374,206759369,3/30/2017 17:38,3/30/2017 17:38,,4/4/2017 9:00,3/31/2017 10:36,0.0,0.0,0.0,87.6,DRV,,,False,0,,Shipper 762,,,,4/4/2017 17:00,4/4/2017 17:00,False,False,False,False,False,False,False,True,York,PA ,York,PA 
10375,206527369,3/30/2017 17:27,3/30/2017 17:28,,4/3/2017 9:00,3/31/2017 10:38,0.0,0.0,0.0,87.6,DRV,,,False,0,,Shipper 762,,,,4/3/2017 17:00,4/3/2017 17:00,False,False,False,False,False,False,False,True,York,PA ,York,PA 
10376,206549889,3/30/2017 17:29,3/30/2017 17:29,,4/3/2017 9:00,3/31/2017 10:38,0.0,0.0,0.0,87.6,DRV,,,False,0,,Shipper 762,,,,4/3/2017 17:00,4/3/2017 17:00,False,False,False,False,False,False,False,True,York,PA ,York,PA 
10377,206536321,3/30/2017 17:30,3/30/2017 17:30,,4/3/2017 9:00,3/31/2017 10:38,0.0,0.0,0.0,87.6,DRV,,,False,0,,Shipper 762,,,,4/3/2017 17:00,4/3/2017 17:00,False,False,False,False,False,False,False,True,York,PA ,York,PA 
10378,206470657,3/30/2017 17:36,3/30/2017 17:36,,4/4/2017 9:00,3/31/2017 10:38,0.0,0.0,0.0,87.6,DRV,,,False,0,,Shipper 762,,,,4/4/2017 17:00,4/4/2017 17:00,False,False,False,False,False,False,False,True,York,PA ,York,PA 
10379,206528617,6/27/2017 14:45,6/27/2017 14:45,,6/29/2017 10:00,6/27/2017 16:30,0.0,0.0,0.0,298.7,DRV,,,False,0,,Shipper 762,,,,6/29/2017 18:00,6/29/2017 17:00,False,False,False,False,False,False,False,True,Quincy,IL ,Quincy,IL 
10380,206428057,3/30/2017 17:37,3/30/2017 17:37,,4/4/2017 9:00,3/31/2017 10:37,0.0,0.0,0.0,87.6,DRV,,,False,0,,Shipper 762,,,,4/4/2017 17:00,4/4/2017 17:00,False,False,False,False,False,False,False,True,York,PA ,York,PA 
10381,206709681,3/30/2017 17:25,3/30/2017 17:26,,4/3/2017 9:00,3/31/2017 10:38,0.0,0.0,0.0,87.6,DRV,,,False,0,,Shipper 762,,,,4/3/2017 17:00,4/3/2017 17:00,False,False,False,False,False,False,False,True,York,PA ,York,PA 
10382,206708785,3/30/2017 17:37,3/30/2017 17:37,,4/4/2017 9:00,3/31/2017 10:36,0.0,0.0,0.0,87.6,DRV,,,False,0,,Shipper 762,,,,4/4/2017 17:00,4/4/2017 17:00,False,False,False,False,False,False,False,True,York,PA ,York,PA 
10383,206549873,1/18/2017 10:54,1/18/2017 10:55,,1/20/2017 9:00,1/18/2017 11:35,0.0,0.0,0.0,839.6,DRV,,,False,0,,Shipper 762,,,,1/20/2017 17:00,1/21/2017 18:00,False,False,False,False,False,False,False,True,Miami,FL ,Miami,FL 
10384,206651257,3/30/2017 17:15,3/30/2017 17:15,,4/3/2017 9:00,3/31/2017 10:38,0.0,0.0,0.0,87.6,DRV,,,False,0,,Shipper 762,,,,4/3/2017 17:00,4/3/2017 17:00,False,False,False,False,False,False,False,True,York,PA ,York,PA 
10385,206523577,7/13/2017 16:29,7/13/2017 16:29,,7/17/2017 8:00,7/17/2017 9:06,0.0,0.0,0.0,849.6,DRV,,,False,0,,Shipper 762,,,,7/17/2017 16:00,7/19/2017 14:00,False,False,False,False,False,False,False,True,Atlanta,GA ,Atlanta,GA 
10386,206466129,3/30/2017 17:36,3/30/2017 17:36,,4/4/2017 9:00,3/31/2017 10:37,0.0,0.0,0.0,87.6,DRV,,,False,0,,Shipper 762,,,,4/4/2017 17:00,4/4/2017 17:00,False,False,False,False,False,False,False,True,York,PA ,York,PA 
10387,206536393,7/28/2017 11:14,7/28/2017 11:15,,7/31/2017 9:00,7/28/2017 15:56,0.0,0.0,0.0,2720.1,RFR,,,False,0,,Shipper 780,,,,7/31/2017 17:00,8/4/2017 20:00,False,False,False,False,False,False,False,True,Pompano Beach,FL ,Pompano Beach,FL 
10388,206650449,10/3/2017 14:49,10/3/2017 14:49,,10/4/2017 9:00,10/3/2017 14:51,0.0,0.0,0.0,1011.9,RFR,,,False,0,,Shipper 780,,,,10/4/2017 17:00,10/5/2017 17:00,False,False,False,False,False,True,False,True,Timberville,VA ,Timberville,VA 
10389,206536593,3/23/2017 11:45,3/23/2017 11:46,,3/24/2017 9:00,3/23/2017 12:03,0.0,0.0,0.0,593.1,DRV,,,False,0,,Shipper 989,,,,3/24/2017 17:00,3/25/2017 17:00,False,False,False,False,False,False,False,True,Harleysville,PA ,Harleysville,PA 
10390,206754249,10/5/2017 16:05,10/5/2017 16:05,,10/7/2017 11:00,10/6/2017 9:39,0.0,0.0,0.0,2682.3,DRV,,,False,0,,Shipper 832,,,,10/7/2017 21:00,10/12/2017 9:30,False,False,False,False,False,False,False,True,Maricopa,AZ ,Maricopa,AZ 
10391,206548801,3/24/2017 16:17,3/24/2017 16:18,,4/1/2017 11:00,4/10/2017 9:02,0.0,0.0,0.0,3139.0,RFR,,,False,1,,Shipper 832,,,,4/1/2017 20:00,4/6/2017 9:30,False,False,False,False,False,False,False,True,Fresno,CA ,Fresno,CA 
10392,206523729,10/5/2017 15:57,10/5/2017 15:57,,10/7/2017 12:00,10/5/2017 15:59,0.0,0.0,0.0,2611.4,RFR,,,False,0,,Shipper 832,,,,10/7/2017 14:00,10/11/2017 11:00,False,False,False,False,False,False,False,True,Tucson,AZ ,Tucson,AZ 
10393,206435601,11/9/2017 16:17,11/9/2017 16:17,,11/10/2017 8:00,11/9/2017 16:18,0.0,0.0,0.0,118.2,RFR,,,False,0,,Shipper 832,,,,11/10/2017 10:00,11/10/2017 15:00,False,False,False,False,False,False,False,True,Taunton,MA ,Taunton,MA 
10394,206651265,5/4/2017 10:06,5/4/2017 10:06,,5/5/2017 9:00,5/4/2017 13:07,0.0,0.0,0.0,345.7,DRV,,,False,0,,Shipper 1173,,,,5/5/2017 17:00,5/5/2017 17:00,False,False,False,False,False,False,False,True,Latrobe,PA ,Latrobe,PA 
10395,206707225,6/30/2017 14:20,6/30/2017 14:20,,7/6/2017 9:00,6/30/2017 14:23,0.0,0.0,0.0,333.9,DRV,,,False,0,,Shipper 1173,,,,7/6/2017 17:00,7/6/2017 17:00,False,False,False,False,False,False,False,True,Baltimore,MD ,Baltimore,MD 
10396,206489361,7/31/2017 11:11,7/31/2017 11:11,8/1/2017 11:03,8/2/2017 14:00,8/1/2017 14:17,0.0,0.0,0.0,269.1,DRV,,,False,0,Carrier 1384655,Shipper 1357,,,,8/2/2017 14:00,8/3/2017 13:00,False,False,False,False,False,False,False,True,Savannah,GA ,Savannah,GA 
10397,206534097,5/22/2017 14:39,5/22/2017 14:39,5/23/2017 9:11,5/23/2017 11:00,5/24/2017 17:47,0.0,150.0,0.0,226.8,DRV,,,False,0,Carrier 49679,Shipper 1249,,,,5/23/2017 12:00,5/23/2017 14:30,False,False,False,False,False,False,False,True,La Porte,TX ,La Porte,TX 
10398,206469593,7/11/2017 15:49,7/11/2017 15:49,,7/12/2017 12:00,7/11/2017 15:59,0.0,0.0,0.0,335.7,DRV,,,False,0,,Shipper 1173,,,,7/12/2017 14:00,7/13/2017 4:00,False,False,False,False,False,False,False,True,Baltimore,MD ,Baltimore,MD 
10399,206708849,7/18/2017 17:48,7/18/2017 17:49,,7/19/2017 19:00,7/20/2017 13:07,0.0,0.0,0.0,365.0,DRV,,,False,0,,Shipper 398,,,,7/19/2017 19:00,7/20/2017 15:00,False,False,False,False,False,False,False,True,Buffalo,NY ,Buffalo,NY 
10400,206598137,7/18/2017 17:44,7/18/2017 17:44,,7/19/2017 19:00,7/20/2017 13:21,0.0,0.0,0.0,363.7,DRV,,,False,0,,Shipper 398,,,,7/19/2017 19:00,7/20/2017 15:00,False,False,False,False,False,False,False,True,Buffalo,NY ,Buffalo,NY 
10401,206471001,9/28/2017 17:33,9/28/2017 17:33,,10/16/2017 10:00,9/29/2017 11:41,0.0,0.0,0.0,428.8,RFR,,,False,0,,Shipper 1044,,,,10/16/2017 18:00,10/16/2017 18:00,False,False,False,False,False,False,False,True,Eagan,MN ,Eagan,MN 
10402,206530569,4/5/2017 11:41,4/5/2017 12:11,,4/6/2017 10:00,4/5/2017 15:20,0.0,0.0,0.0,340.6,DRV,,,False,0,,Shipper 1048,,,,4/6/2017 18:00,4/6/2017 18:00,False,False,False,False,False,False,False,True,Laredo,TX ,Laredo,TX 
10403,206469633,5/15/2017 10:39,5/15/2017 10:40,5/25/2017 15:07,5/18/2017 11:00,5/30/2017 11:28,0.0,0.0,0.0,367.0,DRV,,,False,1,,Shipper 1048,,,,5/18/2017 18:00,5/19/2017 13:00,False,False,False,False,False,False,False,True,Laredo,TX ,Laredo,TX 
10404,206435281,1/3/2017 19:09,1/3/2017 19:10,,1/5/2017 15:00,1/5/2017 12:09,0.0,0.0,0.0,340.6,DRV,,,False,1,,Shipper 1048,,,,1/5/2017 18:00,1/6/2017 9:00,False,False,False,False,False,False,False,True,Laredo,TX ,Laredo,TX 
10405,206470889,1/3/2017 18:00,1/3/2017 18:00,,1/4/2017 15:00,1/4/2017 16:44,0.0,0.0,0.0,335.7,DRV,,,False,1,,Shipper 1048,,,,1/4/2017 18:00,1/5/2017 10:00,False,False,False,False,False,False,False,True,Laredo,TX ,Laredo,TX 
10406,206652585,4/6/2017 14:05,4/6/2017 14:05,,4/7/2017 11:00,4/7/2017 10:07,0.0,0.0,0.0,1247.2,DRV,,,False,0,,Shipper 923,,,,4/7/2017 11:00,4/9/2017 17:00,False,False,False,False,False,False,False,True,Medley,FL ,Medley,FL 
10407,206650409,6/9/2017 11:32,6/9/2017 11:33,,6/12/2017 12:00,6/13/2017 15:05,0.0,0.0,0.0,284.9,DRV,,,False,0,,Shipper 1070,,,,6/12/2017 20:00,6/12/2017 20:00,False,False,False,False,False,False,False,True,Wellton,AZ ,Wellton,AZ 
10408,206705713,5/1/2017 20:21,5/1/2017 20:21,,5/4/2017 9:00,5/2/2017 15:23,0.0,0.0,0.0,24.8,DRV,,,False,0,,Shipper 1453,,,,5/4/2017 17:00,5/4/2017 17:00,False,False,False,False,False,False,False,True,Brooklyn,NY ,Brooklyn,NY 
10409,206648313,10/23/2017 11:29,10/23/2017 11:30,,10/25/2017 8:00,10/25/2017 8:13,0.0,0.0,0.0,24.2,DRV,,,False,1,,Shipper 1453,,,,10/25/2017 12:00,10/25/2017 16:00,False,False,False,False,False,True,False,True,Bronx,NY ,Bronx,NY 
10410,206528649,11/3/2017 12:57,11/3/2017 12:58,,11/6/2017 9:00,11/3/2017 13:31,0.0,0.0,0.0,167.0,DRV,,,False,0,,Shipper 1662,,,,11/6/2017 17:00,11/6/2017 17:00,False,False,False,False,False,True,False,True,New York,NY ,New York,NY 
10411,206468001,11/3/2017 11:52,11/3/2017 12:06,,11/6/2017 9:00,11/3/2017 13:22,0.0,0.0,0.0,167.0,DRV,,,False,0,,Shipper 1662,,,,11/6/2017 17:00,11/6/2017 17:00,False,False,False,False,False,True,False,True,New York,NY ,New York,NY 
10412,206649801,8/29/2017 10:25,8/29/2017 10:25,,8/31/2017 9:00,8/29/2017 10:34,0.0,0.0,0.0,232.2,DRV,,,False,0,,Shipper 968,,,,8/31/2017 17:00,8/31/2017 17:00,False,False,False,False,False,False,False,True,Everett,MA ,Everett,MA 
10413,206649545,8/29/2017 10:45,8/29/2017 10:45,,8/31/2017 9:00,8/29/2017 10:47,0.0,0.0,0.0,232.2,DRV,,,False,0,,Shipper 968,,,,8/31/2017 17:00,8/31/2017 17:00,False,False,False,False,False,False,False,True,Everett,MA ,Everett,MA 
10414,206475649,9/18/2017 17:14,9/18/2017 17:14,9/19/2017 12:42,9/20/2017 14:00,9/19/2017 17:28,0.0,0.0,0.0,348.2,DRV,,,False,0,Carrier 1396793,Shipper 1249,,,,9/20/2017 14:00,9/21/2017 14:00,False,False,False,False,False,False,False,True,Baldwinsville,NY ,Baldwinsville,NY 
10415,206648281,8/11/2017 8:02,8/11/2017 8:03,,8/15/2017 6:00,8/11/2017 11:50,0.0,0.0,0.0,232.2,DRV,,,False,0,,Shipper 968,,,,8/15/2017 15:00,8/16/2017 16:30,False,False,False,False,False,False,False,True,Everett,MA ,Everett,MA 
10416,206594473,6/9/2017 7:58,6/9/2017 7:58,,6/12/2017 9:00,6/9/2017 8:13,0.0,0.0,0.0,232.2,DRV,,,False,0,,Shipper 968,,,,6/12/2017 17:00,6/12/2017 17:00,False,False,False,False,False,False,False,True,Everett,MA ,Everett,MA 
10417,206549185,2/6/2017 16:23,2/6/2017 16:23,,2/8/2017 9:00,2/6/2017 16:44,0.0,0.0,0.0,232.2,DRV,,,False,0,,Shipper 968,,,,2/8/2017 17:00,2/8/2017 17:00,False,False,False,False,False,False,False,True,Everett,MA ,Everett,MA 
10418,206776137,12/4/2017 17:06,12/4/2017 17:06,,12/6/2017 16:00,12/6/2017 9:21,0.0,0.0,0.0,2847.9,DRV,,,False,1,,Shipper 1249,,,,12/6/2017 16:00,12/11/2017 6:00,False,False,False,False,False,False,False,True,Fairfield,CA ,Fairfield,CA 
10419,206775113,9/14/2017 17:26,9/14/2017 17:26,,9/17/2017 14:00,9/15/2017 9:25,0.0,0.0,0.0,449.5,RFR,,,False,0,,Shipper 1249,,,,9/17/2017 14:00,9/18/2017 17:00,False,False,False,False,False,False,False,True,Fort Collins,CO ,Fort Collins,CO 
10420,206774089,6/27/2017 17:24,6/27/2017 17:25,,7/2/2017 10:00,6/27/2017 17:25,0.0,0.0,0.0,749.8,DRV,,,False,0,,Shipper 1249,,,,7/2/2017 12:00,7/3/2017 12:00,False,False,False,False,False,False,False,True,Pleasant Prairie,WI ,Pleasant Prairie,WI 
10421,206758345,12/29/2017 12:52,12/29/2017 12:52,,1/2/2018 12:00,12/29/2017 13:03,0.0,0.0,0.0,328.8,DRV,,,False,0,,Shipper 1249,,,,1/2/2018 14:00,1/3/2018 4:00,False,False,False,False,False,False,False,True,Johnstown,PA ,Johnstown,PA 
10422,206758281,6/26/2017 14:39,6/26/2017 14:40,,6/27/2017 9:00,6/26/2017 15:25,0.0,0.0,0.0,165.5,DRV,,,False,0,,Shipper 1249,,,,6/27/2017 17:00,6/27/2017 17:00,False,False,False,False,False,False,False,True,Williamsburg,VA ,Williamsburg,VA 
10423,206774081,6/9/2017 16:34,6/9/2017 16:35,,6/12/2017 16:00,6/9/2017 17:42,0.0,0.0,0.0,219.3,DRV,,,False,0,,Shipper 1249,,,,6/12/2017 16:00,6/13/2017 17:00,False,False,False,False,False,False,False,True,Cartersville,GA ,Cartersville,GA 
10424,206759489,11/1/2017 16:15,11/1/2017 16:15,,11/3/2017 18:00,11/2/2017 15:33,0.0,0.0,0.0,1122.2,RFR,,,False,0,,Shipper 1249,,,,11/3/2017 18:00,11/6/2017 15:00,False,False,False,False,False,False,False,True,Fairfield,CA ,Fairfield,CA 
10425,206776089,8/1/2017 11:54,8/1/2017 11:54,,8/1/2017 12:00,8/1/2017 12:02,0.0,0.0,0.0,250.6,DRV,,,False,0,,Shipper 1249,,,,8/1/2017 14:00,8/2/2017 0:00,False,False,False,False,False,False,False,True,Merrimack,NH ,Merrimack,NH 
10426,206775193,12/18/2017 18:19,12/18/2017 18:19,,12/20/2017 15:00,12/19/2017 8:42,0.0,0.0,0.0,334.9,RFR,,,False,0,,Shipper 1249,,,,12/20/2017 17:00,12/21/2017 7:00,False,False,False,False,False,False,False,True,St. Louis,MO ,St. Louis,MO 
10427,206708825,5/22/2017 15:19,5/22/2017 15:19,,5/23/2017 4:00,5/22/2017 15:54,0.0,0.0,0.0,323.0,RFR,,,False,0,,Shipper 1249,,,,5/23/2017 4:00,5/24/2017 23:00,False,False,False,False,False,False,False,True,Jacksonville,FL ,Jacksonville,FL 
10428,206759401,7/7/2017 16:20,7/7/2017 16:20,,7/12/2017 9:00,7/10/2017 11:53,0.0,0.0,0.0,89.5,DRV,,,False,0,,Shipper 1249,,,,7/12/2017 17:00,7/13/2017 6:00,False,False,False,False,False,False,False,True,Newark,NJ ,Newark,NJ 
10429,206758313,9/19/2017 9:32,9/19/2017 9:32,,9/29/2017 16:00,9/27/2017 16:53,0.0,0.0,0.0,351.9,DRV,,,False,0,,Shipper 1249,,,,9/29/2017 16:00,10/2/2017 15:00,False,False,False,False,False,False,False,True,Colonial Heights,VA ,Colonial Heights,VA 
10430,206754793,7/26/2017 10:59,7/26/2017 10:59,,7/31/2017 2:00,7/26/2017 15:01,0.0,0.0,0.0,170.3,DRV,,,False,0,,Shipper 1249,,,,7/31/2017 2:00,7/31/2017 16:00,False,False,False,False,False,False,False,True,Aurora,CO ,Aurora,CO 
10431,206652649,10/20/2017 17:31,10/20/2017 17:31,,10/24/2017 17:00,10/23/2017 11:04,0.0,0.0,0.0,1409.6,RFR,,,False,0,,Shipper 1249,,,,10/24/2017 17:00,10/26/2017 23:00,False,False,False,False,False,False,False,True,Fort Collins,CO ,Fort Collins,CO 
10432,206652009,6/6/2017 16:52,6/6/2017 16:52,,6/9/2017 9:00,6/7/2017 11:48,0.0,0.0,0.0,266.6,DRV,,,False,0,,Shipper 1249,,,,6/9/2017 17:00,6/9/2017 12:00,False,False,False,False,False,False,False,True,Jacksonville,FL ,Jacksonville,FL 
10433,206649001,9/8/2017 19:25,9/8/2017 19:25,,9/11/2017 22:00,9/11/2017 8:59,0.0,0.0,0.0,357.5,DRV,,,False,0,,Shipper 1249,,,,9/12/2017 0:00,9/12/2017 15:00,False,False,False,False,False,False,False,True,Williamsburg,VA ,Williamsburg,VA 
10434,206756937,9/15/2017 16:54,9/15/2017 16:54,,9/18/2017 18:00,9/15/2017 17:41,0.0,0.0,0.0,867.8,RFR,,,False,0,,Shipper 1249,,,,9/18/2017 18:00,9/20/2017 15:30,False,False,False,False,False,False,False,True,Fort Collins,CO ,Fort Collins,CO 
10435,206709065,9/27/2017 16:35,9/27/2017 16:35,,9/29/2017 16:00,9/28/2017 11:08,0.0,0.0,0.0,1529.2,DRV,,,False,0,,Shipper 1249,,,,9/29/2017 16:00,10/2/2017 16:00,False,False,False,False,False,False,False,True,Fairfield,CA ,Fairfield,CA 
10436,206705801,4/10/2017 17:00,4/10/2017 17:00,,4/17/2017 17:00,4/14/2017 9:57,0.0,0.0,0.0,199.5,DRV,,,False,0,,Shipper 1249,,,,4/17/2017 17:00,4/18/2017 11:00,False,False,False,False,False,False,False,True,Williamsburg,VA ,Williamsburg,VA 
10437,206512873,10/25/2017 13:02,10/25/2017 13:03,10/25/2017 13:23,10/26/2017 8:00,10/30/2017 14:45,0.0,4200.0,0.0,2270.8,DRV,,,False,0,Carrier 1617460,Shipper 1644,True,False,False,10/26/2017 8:00,10/28/2017 14:00,False,False,False,False,False,False,False,False,Indianapolis,IN ,Indianapolis,IN 
10438,206690321,10/25/2017 13:40,10/25/2017 13:40,10/25/2017 15:32,10/26/2017 14:00,10/26/2017 7:34,0.0,0.0,0.0,2863.1,DRV,,,False,0,Carrier 1243047,Shipper 1644,,,,10/26/2017 14:00,10/29/2017 16:00,False,False,False,False,False,False,False,True,Maxton,NC ,Maxton,NC 
10439,206488841,12/5/2017 16:41,12/5/2017 16:41,12/7/2017 12:19,12/8/2017 17:00,12/12/2017 11:00,0.0,150.0,0.0,2847.9,RFR,,ts_in,False,0,Carrier 1030395,Shipper 1249,True,True,True,12/8/2017 17:00,12/12/2017 11:00,False,False,False,False,False,False,False,False,Fairfield,CA ,Fairfield,CA 
10440,206649753,3/27/2017 17:53,3/27/2017 17:53,,4/3/2017 21:00,3/29/2017 17:06,0.0,0.0,0.0,395.5,RFR,,,False,0,,Shipper 1249,,,,4/3/2017 21:00,4/4/2017 16:00,False,False,False,False,False,False,False,True,Granite City,IL ,Granite City,IL 
10441,206649497,5/12/2017 12:52,5/12/2017 12:52,,5/13/2017 20:00,5/12/2017 17:08,0.0,0.0,0.0,396.9,DRV,,,False,0,,Shipper 1249,,,,5/13/2017 20:00,5/18/2017 8:30,False,False,False,False,False,False,False,True,Houston,TX ,Houston,TX 
10442,206647449,5/15/2017 13:34,5/15/2017 13:35,,5/17/2017 10:00,5/15/2017 13:35,0.0,0.0,0.0,389.2,DRV,,,False,0,,Shipper 1249,,,,5/17/2017 18:00,5/17/2017 18:00,False,False,False,False,False,False,False,True,La Porte,TX ,La Porte,TX 
10443,206647001,12/18/2017 17:40,12/18/2017 17:41,,12/20/2017 9:00,12/18/2017 18:53,0.0,0.0,0.0,172.1,DRV,,,False,0,,Shipper 1249,,,,12/20/2017 11:00,12/20/2017 18:00,False,False,False,False,False,False,False,True,Jacksonville,FL ,Jacksonville,FL 
10444,206754825,12/6/2017 18:03,12/6/2017 18:03,,12/7/2017 15:00,12/7/2017 8:16,0.0,0.0,0.0,1602.1,DRV,,,False,0,,Shipper 1644,,,,12/7/2017 15:00,12/8/2017 8:00,False,False,False,False,False,False,False,True,Del Rio,TX ,Del Rio,TX 
10445,206709769,12/19/2017 8:39,12/19/2017 8:39,,12/19/2017 16:00,12/19/2017 16:59,0.0,0.0,0.0,1607.7,DRV,,,False,0,,Shipper 1644,,,,12/19/2017 16:00,12/23/2017 14:00,False,False,False,False,False,False,False,True,Trenton,MO ,Trenton,MO 
10446,206758337,12/8/2017 8:39,12/8/2017 8:39,,12/8/2017 13:00,12/8/2017 9:00,0.0,0.0,0.0,527.7,DRV,,,False,0,,Shipper 1644,,,,12/8/2017 13:00,12/11/2017 10:00,False,False,False,False,False,False,False,True,Xenia,OH ,Xenia,OH 
10447,206707265,10/9/2017 11:48,10/9/2017 11:48,,10/11/2017 15:00,10/9/2017 11:49,0.0,0.0,0.0,1112.5,DRV,,,False,0,,Shipper 1644,,,,10/11/2017 17:00,10/12/2017 11:00,False,False,False,False,False,False,False,True,Hawkins,TX ,Hawkins,TX 
10448,206652169,12/19/2017 8:46,12/19/2017 8:46,,12/19/2017 16:00,12/19/2017 16:59,0.0,0.0,0.0,1607.7,DRV,,,False,0,,Shipper 1644,,,,12/19/2017 16:00,12/23/2017 14:00,False,False,False,False,False,False,False,True,Trenton,MO ,Trenton,MO 
10449,206650473,11/17/2017 11:51,11/17/2017 11:51,,11/18/2017 15:00,11/17/2017 17:04,0.0,0.0,0.0,232.8,DRV,,,False,1,,Shipper 1644,,,,11/18/2017 15:00,11/19/2017 3:00,False,False,False,False,False,False,False,True,Brighton,MI ,Brighton,MI 
10450,206648745,12/8/2017 8:35,12/8/2017 8:35,,12/8/2017 13:00,12/8/2017 9:01,0.0,0.0,0.0,2183.6,DRV,,,False,0,,Shipper 1644,,,,12/8/2017 13:00,12/12/2017 10:00,False,False,False,False,False,False,False,True,Xenia,OH ,Xenia,OH 
10451,206647081,10/27/2017 12:46,10/27/2017 12:46,,10/30/2017 13:00,10/31/2017 8:56,0.0,150.0,0.0,565.7,DRV,,,False,1,,Shipper 1644,,,,10/30/2017 13:00,10/31/2017 16:00,False,False,False,False,False,False,False,True,Decatur,IN ,Decatur,IN 
10452,206650457,10/23/2017 9:28,10/23/2017 9:28,,10/25/2017 12:00,10/24/2017 16:03,0.0,0.0,0.0,565.7,DRV,,,False,0,,Shipper 1644,,,,10/25/2017 12:00,10/26/2017 12:00,False,False,False,False,False,False,False,True,Decatur,IN ,Decatur,IN 
10453,206582473,7/24/2017 16:59,7/24/2017 16:59,7/25/2017 13:15,7/25/2017 18:00,7/25/2017 18:35,0.0,250.0,0.0,471.2,RFR,,,False,0,Carrier 1268215,Shipper 1249,True,True,True,7/25/2017 18:00,7/26/2017 11:00,False,False,False,False,False,False,False,False,Granite City,IL ,Granite City,IL 
10454,206482641,12/19/2017 8:51,12/19/2017 8:51,12/21/2017 14:15,12/26/2017 14:00,12/26/2017 14:33,0.0,0.0,0.0,279.9,DRV,,,False,0,Carrier 45414,Shipper 1249,,,,12/26/2017 14:00,12/27/2017 8:00,False,False,False,False,False,False,False,True,Cartersville,GA ,Cartersville,GA 
10455,206598593,10/9/2017 11:53,10/9/2017 11:53,,10/12/2017 14:00,10/9/2017 12:11,0.0,0.0,0.0,410.8,DRV,,,False,0,,Shipper 1644,,,,10/12/2017 16:00,10/13/2017 12:00,False,False,False,False,False,False,False,True,Statesville,NC ,Statesville,NC 
10456,206469697,10/20/2017 9:00,10/20/2017 9:00,,10/26/2017 15:00,10/23/2017 14:04,0.0,0.0,0.0,2591.7,DRV,,,False,0,,Shipper 1644,,,,10/26/2017 15:00,10/31/2017 9:00,False,False,False,False,False,False,False,True,Lakewood,NY ,Lakewood,NY 
10457,206427329,11/27/2017 14:30,11/27/2017 14:30,,11/28/2017 14:00,11/27/2017 14:35,0.0,0.0,0.0,2777.3,DRV,,,False,0,,Shipper 1644,,,,11/28/2017 16:00,12/3/2017 17:00,False,False,False,False,False,False,False,True,Concord,NC ,Concord,NC 
10458,206548841,12/5/2017 11:54,12/5/2017 11:54,,12/6/2017 13:00,12/6/2017 15:41,0.0,0.0,0.0,536.4,DRV,,,False,0,,Shipper 1644,,,,12/6/2017 13:00,12/7/2017 17:00,False,False,False,False,False,False,False,True,Decatur,IN ,Decatur,IN 
10459,206596825,11/21/2017 16:40,11/21/2017 16:40,,11/26/2017 15:00,11/21/2017 16:42,0.0,0.0,0.0,1319.8,DRV,,,False,0,,Shipper 1644,,,,11/26/2017 17:00,11/29/2017 2:00,False,False,False,False,False,False,False,True,Canton,NC ,Canton,NC 
10460,206545689,11/16/2017 12:38,11/16/2017 12:38,,11/17/2017 17:00,11/16/2017 12:47,0.0,0.0,0.0,1478.7,DRV,,,False,0,,Shipper 1644,,,,11/17/2017 19:00,11/20/2017 11:00,False,False,False,False,False,False,False,True,Dublin,VA ,Dublin,VA 
10461,206534345,12/12/2017 17:19,12/12/2017 17:19,,12/14/2017 12:00,12/13/2017 18:14,0.0,0.0,0.0,1376.5,DRV,,,False,0,,Shipper 1644,,,,12/14/2017 12:00,12/16/2017 14:00,False,False,False,False,False,False,False,True,Del Rio,TX ,Del Rio,TX 
10462,206529417,12/13/2017 18:25,12/13/2017 18:25,,12/19/2017 13:00,12/15/2017 10:17,0.0,0.0,0.0,551.4,DRV,,,False,0,,Shipper 1644,,,,12/19/2017 13:00,12/20/2017 15:00,False,False,False,False,False,False,False,True,Bolingbrook,IL ,Bolingbrook,IL 
10463,206470345,10/30/2017 9:33,10/30/2017 9:33,,11/1/2017 16:00,10/31/2017 13:17,0.0,0.0,0.0,2551.9,DRV,,,False,0,,Shipper 1644,,,,11/1/2017 16:00,11/6/2017 12:00,False,False,False,False,False,False,False,True,Erie,PA ,Erie,PA 
10464,206469705,11/10/2017 12:53,11/10/2017 12:53,,11/17/2017 20:00,11/10/2017 12:53,0.0,0.0,0.0,1319.8,DRV,,,False,0,,Shipper 1644,,,,11/17/2017 22:00,11/20/2017 7:00,False,False,False,False,False,False,False,True,Canton,NC ,Canton,NC 
10465,206432969,10/20/2017 15:12,10/20/2017 15:12,,10/24/2017 14:00,10/24/2017 16:13,0.0,0.0,0.0,201.3,DRV,,,False,1,,Shipper 1644,,,,10/24/2017 14:00,10/25/2017 10:00,False,False,False,False,False,False,False,True,Decatur,IN ,Decatur,IN 
10466,206758329,12/6/2017 9:36,12/6/2017 9:36,,12/7/2017 13:00,12/6/2017 9:41,0.0,0.0,0.0,783.9,DRV,,,False,0,,Shipper 1644,,,,12/7/2017 15:00,12/9/2017 1:00,False,False,False,False,False,False,False,True,Naperville,IL ,Naperville,IL 
10467,206756985,12/8/2017 8:29,12/8/2017 8:29,,12/8/2017 13:00,12/8/2017 8:32,0.0,0.0,0.0,2487.3,DRV,,,False,0,,Shipper 1644,,,,12/8/2017 13:00,12/12/2017 13:00,False,False,False,False,False,False,False,True,Morganton,NC ,Morganton,NC 
10468,206646969,10/26/2017 19:25,10/26/2017 19:25,,10/27/2017 16:00,10/27/2017 12:27,0.0,0.0,0.0,964.8,DRV,,,False,0,,Shipper 1644,,,,10/27/2017 16:00,10/29/2017 13:00,False,False,False,False,False,False,False,True,Trenton,MO ,Trenton,MO 
10469,206775137,9/27/2017 8:32,9/27/2017 8:32,,9/28/2017 14:00,9/27/2017 10:12,0.0,0.0,0.0,698.3,DRV,,,False,0,,Shipper 1644,,,,9/28/2017 14:00,9/29/2017 12:00,False,False,False,False,False,False,False,True,Portage,IN ,Portage,IN 
10470,206756961,11/20/2017 8:25,11/20/2017 8:25,,11/22/2017 14:00,11/20/2017 9:48,0.0,0.0,0.0,1330.9,DRV,,,False,0,,Shipper 1644,,,,11/22/2017 14:00,11/25/2017 2:00,False,False,False,False,False,False,False,True,Indianapolis,IN ,Indianapolis,IN 
10471,206650593,10/20/2017 17:17,10/20/2017 17:17,,10/27/2017 16:00,10/20/2017 17:20,0.0,0.0,0.0,1464.4,DRV,,,False,0,,Shipper 1644,,,,10/27/2017 18:00,10/30/2017 9:00,False,False,False,False,False,False,False,True,Rancho Cucamonga,CA ,Rancho Cucamonga,CA 
10472,206649825,11/2/2017 9:27,11/2/2017 9:27,,11/8/2017 14:00,11/2/2017 10:35,0.0,0.0,0.0,2487.3,DRV,,,False,0,,Shipper 1644,,,,11/8/2017 16:00,11/13/2017 4:00,False,False,False,False,False,False,False,True,Morganton,NC ,Morganton,NC 
10473,206545825,12/26/2017 15:33,12/26/2017 15:33,,12/29/2017 15:00,12/26/2017 15:44,0.0,0.0,0.0,2487.3,DRV,,,False,0,,Shipper 1644,,,,12/29/2017 17:00,1/3/2018 5:00,False,False,False,False,False,False,False,True,Morganton,NC ,Morganton,NC 
10474,206759505,11/27/2017 16:10,11/27/2017 16:10,,11/30/2017 17:00,11/30/2017 16:34,0.0,0.0,0.0,1461.7,DRV,,,False,0,,Shipper 1644,,,,11/30/2017 17:00,12/2/2017 10:00,False,False,False,False,False,False,False,True,Ontario,CA ,Ontario,CA 
10475,206754257,10/27/2017 12:42,10/27/2017 12:42,,10/30/2017 12:00,10/31/2017 8:41,0.0,0.0,0.0,565.7,DRV,,,False,0,,Shipper 1644,,,,10/30/2017 12:00,10/31/2017 15:00,False,False,False,False,False,False,False,True,Decatur,IN ,Decatur,IN 
10476,206597841,12/4/2017 9:19,12/4/2017 9:19,,12/6/2017 15:00,12/4/2017 10:25,0.0,0.0,0.0,749.6,DRV,,,False,0,,Shipper 1644,,,,12/6/2017 17:00,12/8/2017 1:00,False,False,False,False,False,False,False,True,Rensselaer,IN ,Rensselaer,IN 
10477,206545713,12/29/2017 11:02,12/29/2017 11:02,,1/3/2018 8:00,1/3/2018 15:28,0.0,0.0,0.0,2852.8,DRV,,,False,2,,Shipper 1644,,,,1/3/2018 17:00,1/7/2018 20:00,False,False,False,False,False,False,False,True,Manning,SC ,Manning,SC 
10478,206652105,9/25/2017 16:24,9/25/2017 16:24,,9/30/2017 17:00,9/26/2017 10:52,0.0,0.0,0.0,714.9,DRV,,,False,0,,Shipper 1249,,,,9/30/2017 17:00,10/2/2017 14:00,False,False,False,False,False,False,False,True,Fort Collins,CO ,Fort Collins,CO 
10479,206651273,6/6/2017 16:50,6/6/2017 16:50,,6/8/2017 0:00,6/7/2017 11:48,0.0,0.0,0.0,266.6,DRV,,,False,0,,Shipper 1249,,,,6/8/2017 0:00,6/8/2017 12:00,False,False,False,False,False,False,False,True,Jacksonville,FL ,Jacksonville,FL 
10480,206648969,6/6/2017 17:26,6/6/2017 17:26,,6/8/2017 10:00,6/6/2017 17:28,0.0,0.0,0.0,422.0,RFR,,,False,0,,Shipper 1249,,,,6/8/2017 18:00,6/8/2017 18:00,False,False,False,False,False,False,False,True,La Porte,TX ,La Porte,TX 
10481,206756929,7/19/2017 16:27,7/19/2017 16:27,,7/22/2017 13:00,7/19/2017 16:30,0.0,0.0,0.0,877.1,DRV,,,False,0,,Shipper 1249,,,,7/22/2017 15:00,7/24/2017 5:00,False,False,False,False,False,False,False,True,Granite City,IL ,Granite City,IL 
10482,206709057,9/11/2017 16:40,9/11/2017 16:40,,9/12/2017 12:00,9/11/2017 16:41,0.0,0.0,0.0,212.5,DRV,,,False,0,,Shipper 1249,,,,9/12/2017 14:00,9/12/2017 23:00,False,False,False,False,False,False,False,True,Lewistown,PA ,Lewistown,PA 
10483,206705857,9/25/2017 17:00,9/25/2017 17:00,,9/29/2017 11:00,9/28/2017 11:59,0.0,0.0,0.0,850.9,DRV,,,False,1,,Shipper 1249,,,,9/29/2017 11:00,10/2/2017 4:00,False,False,False,False,False,False,False,True,Newark,NJ ,Newark,NJ 
10484,206650561,5/10/2017 13:46,5/10/2017 13:46,,5/12/2017 10:00,5/10/2017 16:03,0.0,0.0,0.0,226.8,DRV,,,False,0,,Shipper 1249,,,,5/12/2017 18:00,5/13/2017 16:00,False,False,False,False,False,False,False,True,La Porte,TX ,La Porte,TX 
10485,206649857,12/4/2017 9:44,12/4/2017 9:44,,12/6/2017 10:00,12/4/2017 15:30,0.0,0.0,0.0,161.8,DRV,,,False,0,,Shipper 1249,,,,12/6/2017 10:00,12/6/2017 17:00,False,False,False,False,False,False,False,True,Fort Collins,CO ,Fort Collins,CO 
10486,206647489,9/26/2017 17:00,9/26/2017 17:00,,9/28/2017 7:00,9/26/2017 17:28,0.0,0.0,0.0,911.9,DRV,,,False,0,,Shipper 1249,,,,9/28/2017 9:00,9/30/2017 0:00,False,False,False,False,False,False,False,True,St. Louis,MO ,St. Louis,MO 
10487,206598529,4/3/2017 16:31,4/3/2017 16:31,,4/5/2017 9:00,4/3/2017 16:34,0.0,0.0,0.0,267.6,DRV,,,False,0,,Shipper 1249,,,,4/5/2017 17:00,4/5/2017 17:00,False,False,False,False,False,False,False,True,Baldwinsville,NY ,Baldwinsville,NY 
10488,206595521,4/17/2017 16:49,4/17/2017 16:49,,4/19/2017 23:00,4/18/2017 11:51,0.0,0.0,0.0,387.7,DRV,,,False,0,,Shipper 1249,,,,4/19/2017 23:00,4/19/2017 17:00,False,False,False,False,False,False,False,True,Jacksonville,FL ,Jacksonville,FL 
10489,206545801,9/20/2017 17:11,9/20/2017 17:11,,9/23/2017 6:04,9/20/2017 18:32,0.0,0.0,0.0,402.7,DRV,,,False,0,,Shipper 1249,,,,9/23/2017 8:04,9/24/2017 1:04,False,False,False,False,False,False,False,True,Fort Collins,CO ,Fort Collins,CO 
10490,206759393,5/31/2017 11:54,5/31/2017 11:57,,6/5/2017 16:00,6/2/2017 13:13,0.0,0.0,0.0,447.0,DRV,,,False,0,,Shipper 1249,,,,6/5/2017 15:00,6/6/2017 9:00,False,False,False,False,False,False,False,True,Baldwinsville,NY ,Baldwinsville,NY 
10491,206596777,9/18/2017 17:56,9/18/2017 17:56,,9/21/2017 8:00,9/19/2017 17:57,0.0,0.0,0.0,232.5,DRV,,,False,0,,Shipper 1249,,,,9/21/2017 16:00,9/22/2017 21:00,False,False,False,False,False,False,False,True,Erie,PA ,Erie,PA 
10492,206597721,5/15/2017 12:58,5/15/2017 12:58,,5/18/2017 2:00,5/16/2017 14:39,0.0,0.0,0.0,135.2,RFR,,,False,1,,Shipper 1249,,,,5/18/2017 2:00,5/18/2017 11:00,False,False,False,False,False,False,False,True,Colonial Heights,VA ,Colonial Heights,VA 
10493,206596761,9/11/2017 16:50,9/11/2017 16:50,,9/13/2017 12:00,9/11/2017 16:53,0.0,0.0,0.0,1162.2,DRV,,,False,0,,Shipper 1249,,,,9/13/2017 14:00,9/15/2017 16:00,False,False,False,False,False,False,False,True,Greeley,CO ,Greeley,CO 
10494,206595353,12/29/2017 12:52,12/29/2017 12:52,,1/2/2018 12:00,12/29/2017 13:02,0.0,0.0,0.0,328.8,DRV,,,False,0,,Shipper 1249,,,,1/2/2018 14:00,1/3/2018 4:00,False,False,False,False,False,False,False,True,Johnstown,PA ,Johnstown,PA 
10495,206754809,9/26/2017 16:24,9/26/2017 16:24,,9/28/2017 12:00,9/27/2017 8:24,0.0,0.0,0.0,728.5,DRV,,,False,0,,Shipper 1249,,,,9/28/2017 12:00,9/29/2017 16:00,False,False,False,False,False,False,False,True,Fort Collins,CO ,Fort Collins,CO 
10496,206708833,6/6/2017 16:55,6/6/2017 16:56,,6/9/2017 9:00,6/7/2017 11:48,0.0,0.0,0.0,266.6,DRV,,,False,0,,Shipper 1249,,,,6/9/2017 17:00,6/9/2017 12:00,False,False,False,False,False,False,False,True,Jacksonville,FL ,Jacksonville,FL 
10497,206577673,9/27/2017 16:43,9/27/2017 16:43,9/28/2017 10:40,9/30/2017 14:00,9/29/2017 15:14,0.0,0.0,0.0,1332.1,DRV,,,False,0,Carrier 154563,Shipper 1375,,,,9/30/2017 14:00,10/2/2017 23:00,False,False,False,False,False,False,False,True,Williamsburg,VA ,Williamsburg,VA 
10498,206576449,11/2/2017 9:07,11/2/2017 9:07,11/2/2017 14:13,11/3/2017 8:00,11/2/2017 14:39,0.0,0.0,0.0,342.7,DRV,,,False,0,Carrier 1679937,Shipper 1375,,,,11/3/2017 18:00,11/4/2017 23:00,False,False,False,False,False,False,False,True,Merrimack,NH ,Merrimack,NH 
10499,206651321,9/14/2017 17:31,9/14/2017 17:31,,9/17/2017 16:00,9/15/2017 9:25,0.0,0.0,0.0,409.2,RFR,,,False,0,,Shipper 1249,,,,9/17/2017 16:00,9/18/2017 11:00,False,False,False,False,False,False,False,True,Fort Collins,CO ,Fort Collins,CO 
10500,206775121,9/15/2017 16:51,9/15/2017 16:51,,9/19/2017 4:00,9/15/2017 17:19,0.0,0.0,0.0,273.7,DRV,,,False,0,,Shipper 1249,,,,9/19/2017 6:00,9/19/2017 17:00,False,False,False,False,False,False,False,True,St. Louis,MO ,St. Louis,MO 
10501,206774161,12/4/2017 10:11,12/4/2017 10:12,,12/5/2017 12:00,12/4/2017 14:18,0.0,0.0,0.0,384.2,DRV,,,False,0,,Shipper 1249,,,,12/5/2017 12:00,12/6/2017 8:30,False,False,False,False,False,False,False,True,Williamsburg,VA ,Williamsburg,VA 
10502,206774097,7/31/2017 15:22,7/31/2017 15:22,,8/1/2017 8:00,7/31/2017 15:29,0.0,0.0,0.0,654.8,DRV,,,False,0,,Shipper 1249,,,,8/1/2017 10:00,8/2/2017 14:00,False,False,False,False,False,False,False,True,Romulus,MI ,Romulus,MI 
10503,206529353,6/9/2017 16:18,6/9/2017 16:18,,6/13/2017 17:00,6/12/2017 14:18,0.0,0.0,0.0,1130.0,DRV,,,False,0,,Shipper 1249,,,,6/13/2017 17:00,6/15/2017 8:30,False,False,False,False,False,False,False,True,Houston,TX ,Houston,TX 
10504,206650617,12/18/2017 23:39,12/18/2017 23:39,,12/20/2017 12:00,12/19/2017 14:52,0.0,0.0,0.0,148.5,DRV,,,False,0,,Shipper 1249,,,,12/20/2017 14:00,12/20/2017 20:00,False,False,False,False,False,False,False,True,Portland,OR ,Portland,OR 
10505,206648953,5/2/2017 13:52,5/2/2017 13:52,,5/4/2017 9:00,5/2/2017 16:56,0.0,0.0,0.0,105.2,DRV,,,False,0,,Shipper 1249,,,,5/4/2017 9:00,5/4/2017 14:00,False,False,False,False,False,False,False,True,Cartersville,GA ,Cartersville,GA 
10506,206648697,9/20/2017 17:03,9/20/2017 17:04,,9/23/2017 13:00,9/20/2017 18:12,0.0,0.0,0.0,629.5,DRV,,,False,0,,Shipper 1249,,,,9/23/2017 15:00,9/24/2017 18:00,False,False,False,False,False,False,False,True,Fort Collins,CO ,Fort Collins,CO 
10507,206545705,12/18/2017 16:29,12/18/2017 16:29,,12/19/2017 13:00,12/19/2017 10:19,0.0,0.0,0.0,175.6,DRV,,,False,0,,Shipper 1249,,,,12/19/2017 13:00,12/20/2017 6:45,False,False,False,False,False,False,False,True,Cartersville,GA ,Cartersville,GA 
10508,206649841,11/16/2017 16:31,11/16/2017 16:31,,11/18/2017 19:00,11/20/2017 9:16,0.0,0.0,0.0,735.9,DRV,,,False,0,,Shipper 1249,,,,11/18/2017 19:00,11/20/2017 11:00,False,False,False,False,False,False,False,True,Fairfield,CA ,Fairfield,CA 
10509,206649521,5/30/2017 11:34,5/30/2017 11:34,,6/1/2017 9:00,5/30/2017 12:06,0.0,0.0,0.0,354.3,RFR,,,False,0,,Shipper 1249,,,,6/1/2017 17:00,6/2/2017 15:00,False,False,False,False,False,False,False,True,Newark,NJ ,Newark,NJ 
10510,206648753,12/18/2017 15:21,12/18/2017 15:21,,12/18/2017 21:00,12/18/2017 15:22,0.0,0.0,0.0,653.9,DRV,,,False,0,,Shipper 1249,,,,12/18/2017 21:00,12/21/2017 3:00,False,False,False,False,False,False,False,True,Dunkirk,IN ,Dunkirk,IN 
10511,206469993,3/1/2017 8:29,3/1/2017 8:32,,3/7/2017 9:00,3/2/2017 10:09,0.0,0.0,0.0,524.5,DRV,,,False,0,,Shipper 1342,,,,3/7/2017 17:00,3/7/2017 18:00,False,False,False,False,False,False,False,True,Conover,NC ,Conover,NC 
10512,206649529,6/5/2017 17:55,6/5/2017 17:55,,6/7/2017 7:00,6/6/2017 14:44,0.0,0.0,0.0,120.8,DRV,,,False,0,,Shipper 765,,,,6/7/2017 9:00,6/7/2017 15:00,False,False,False,False,False,False,False,True,Mount Vernon,OH ,Mount Vernon,OH 
10513,206594489,8/14/2017 15:53,8/14/2017 15:53,,8/25/2017 9:00,8/21/2017 10:08,0.0,0.0,0.0,566.3,DRV,,,False,0,,Shipper 765,,,,8/25/2017 15:00,8/28/2017 9:00,False,False,False,False,False,False,False,True,Olyphant,PA ,Olyphant,PA 
10514,206536377,6/5/2017 17:54,6/5/2017 17:54,,6/7/2017 7:00,6/6/2017 14:44,0.0,0.0,0.0,120.8,DRV,,,False,0,,Shipper 765,,,,6/7/2017 9:00,6/7/2017 15:00,False,False,False,False,False,False,False,True,Mount Vernon,OH ,Mount Vernon,OH 
10515,206470713,6/5/2017 17:55,6/5/2017 17:55,,6/7/2017 7:00,6/6/2017 14:43,0.0,0.0,0.0,120.8,DRV,,,False,0,,Shipper 765,,,,6/7/2017 9:00,6/7/2017 15:00,False,False,False,False,False,False,False,True,Mount Vernon,OH ,Mount Vernon,OH 
10516,206651313,9/11/2017 16:01,9/11/2017 16:01,,9/13/2017 8:00,9/12/2017 10:46,0.0,0.0,0.0,609.7,DRV,,,False,0,,Shipper 1517,,,,9/13/2017 15:30,9/14/2017 17:00,False,False,False,False,False,False,False,True,Kenilworth,NJ ,Kenilworth,NJ 
10517,206649529,6/5/2017 17:55,6/5/2017 17:55,,6/7/2017 7:00,6/6/2017 14:44,0.0,0.0,0.0,120.8,DRV,,,False,0,,Shipper 764,,,,6/7/2017 9:00,6/7/2017 15:00,False,False,False,False,False,False,False,True,Mount Vernon,OH ,Mount Vernon,OH 
10518,206594489,8/14/2017 15:53,8/14/2017 15:53,,8/25/2017 9:00,8/21/2017 10:08,0.0,0.0,0.0,566.3,DRV,,,False,0,,Shipper 764,,,,8/25/2017 15:00,8/28/2017 9:00,False,False,False,False,False,False,False,True,Olyphant,PA ,Olyphant,PA 
10519,206536377,6/5/2017 17:54,6/5/2017 17:54,,6/7/2017 7:00,6/6/2017 14:44,0.0,0.0,0.0,120.8,DRV,,,False,0,,Shipper 764,,,,6/7/2017 9:00,6/7/2017 15:00,False,False,False,False,False,False,False,True,Mount Vernon,OH ,Mount Vernon,OH 
10520,206470713,6/5/2017 17:55,6/5/2017 17:55,,6/7/2017 7:00,6/6/2017 14:43,0.0,0.0,0.0,120.8,DRV,,,False,0,,Shipper 764,,,,6/7/2017 9:00,6/7/2017 15:00,False,False,False,False,False,False,False,True,Mount Vernon,OH ,Mount Vernon,OH 
10521,206647473,7/24/2017 14:19,7/24/2017 14:19,,7/31/2017 9:00,7/24/2017 14:24,0.0,0.0,0.0,173.3,DRV,,,False,0,,Shipper 1249,,,,7/31/2017 11:00,7/31/2017 18:00,False,False,False,False,False,False,False,True,Fort Collins,CO ,Fort Collins,CO 
10522,206523721,9/18/2017 17:53,9/18/2017 17:53,,9/21/2017 8:00,9/19/2017 17:58,0.0,0.0,0.0,232.5,DRV,,,False,0,,Shipper 1249,,,,9/21/2017 15:00,9/22/2017 21:00,False,False,False,False,False,False,False,True,Erie,PA ,Erie,PA 
10523,206603849,12/12/2017 16:28,12/12/2017 16:29,12/13/2017 11:08,12/14/2017 16:00,12/14/2017 17:46,0.0,0.0,0.0,400.5,DRV,,,False,0,Carrier 941668,Shipper 1249,True,True,True,12/14/2017 16:00,12/15/2017 23:55,False,False,False,False,False,False,False,True,Jacksonville,FL ,Jacksonville,FL 
10524,206523593,9/7/2017 16:56,9/7/2017 16:56,,9/8/2017 12:00,9/7/2017 16:57,0.0,0.0,0.0,252.6,DRV,,,False,0,,Shipper 1249,,,,9/8/2017 14:00,9/9/2017 1:00,False,False,False,False,False,False,False,True,Newark,NJ ,Newark,NJ 
10525,206651553,6/23/2017 16:20,6/23/2017 16:21,,6/27/2017 21:00,6/26/2017 15:07,0.0,0.0,0.0,557.6,DRV,,,False,0,,Shipper 1249,,,,6/27/2017 21:00,6/28/2017 17:00,False,False,False,False,False,False,False,True,Fort Collins,CO ,Fort Collins,CO 
10526,206650465,11/8/2017 8:47,11/8/2017 8:47,,11/9/2017 17:00,11/9/2017 12:49,0.0,0.0,0.0,3081.4,RFR,,,False,0,,Shipper 1249,,,,11/9/2017 17:00,11/14/2017 12:00,False,False,False,False,False,False,False,True,Fairfield,CA ,Fairfield,CA 
10527,206650401,6/6/2017 17:00,6/6/2017 17:00,,6/9/2017 2:00,6/7/2017 11:48,0.0,0.0,0.0,266.6,DRV,,,False,0,,Shipper 1249,,,,6/9/2017 2:00,6/9/2017 12:00,False,False,False,False,False,False,False,True,Jacksonville,FL ,Jacksonville,FL 
10528,206536425,9/27/2017 17:08,9/27/2017 17:08,,10/1/2017 14:00,9/29/2017 15:00,0.0,0.0,0.0,1569.7,DRV,,,False,0,,Shipper 1249,,,,10/1/2017 14:00,10/4/2017 12:00,False,False,False,False,False,False,False,True,Williamsburg,VA ,Williamsburg,VA 
10529,206530601,5/22/2017 14:03,5/22/2017 14:04,5/22/2017 17:54,5/23/2017 5:00,5/23/2017 15:10,0.0,0.0,0.0,180.4,RFR,4.0,,False,0,Carrier 1054924,Shipper 1249,True,True,True,5/23/2017 5:00,5/23/2017 20:00,False,False,False,False,False,False,False,False,La Porte,TX ,La Porte,TX 
10530,206545793,8/23/2017 16:36,8/23/2017 16:36,,8/26/2017 18:00,8/23/2017 17:07,0.0,0.0,0.0,516.3,DRV,,,False,0,,Shipper 1249,,,,8/26/2017 20:00,8/27/2017 18:00,False,False,False,False,False,False,False,True,St. Louis,MO ,St. Louis,MO 
10531,206540865,5/12/2017 16:17,5/12/2017 16:17,,5/16/2017 9:00,5/12/2017 16:33,0.0,0.0,0.0,661.4,DRV,,,False,0,,Shipper 1249,,,,5/16/2017 17:00,5/17/2017 17:00,False,False,False,False,False,False,False,True,Cartersville,GA ,Cartersville,GA 
10532,206535489,6/26/2017 16:56,6/26/2017 16:57,,6/28/2017 18:00,6/27/2017 16:31,0.0,0.0,0.0,378.2,DRV,,,False,1,,Shipper 1249,,,,6/28/2017 18:00,6/29/2017 15:00,False,False,False,False,False,False,False,True,St. Louis,MO ,St. Louis,MO 
10533,206531201,12/12/2017 17:07,12/12/2017 17:07,,12/13/2017 18:00,12/12/2017 17:24,0.0,0.0,0.0,203.4,DRV,,,False,0,,Shipper 1249,,,,12/13/2017 20:00,12/14/2017 4:00,False,False,False,False,False,False,False,True,Jacksonville,FL ,Jacksonville,FL 
10534,206530817,6/6/2017 18:10,6/6/2017 18:10,,6/8/2017 12:00,6/7/2017 14:18,0.0,0.0,0.0,442.6,DRV,,,False,0,,Shipper 1249,,,,6/8/2017 20:00,6/8/2017 20:00,False,False,False,False,False,False,False,True,Van Nuys,CA ,Van Nuys,CA 
10535,206528641,9/18/2017 18:00,9/18/2017 18:00,,9/19/2017 12:00,9/18/2017 18:10,0.0,0.0,0.0,739.3,DRV,,,False,0,,Shipper 1249,,,,9/19/2017 14:00,9/20/2017 22:00,False,False,False,False,False,False,False,True,Pleasant Prairie,WI ,Pleasant Prairie,WI 
10536,206528449,4/28/2017 16:50,4/28/2017 16:50,,5/3/2017 11:00,4/28/2017 17:00,0.0,0.0,0.0,1769.0,DRV,,,False,0,,Shipper 1249,,,,5/3/2017 19:00,5/6/2017 17:00,False,False,False,False,False,False,False,True,Fort Collins,CO ,Fort Collins,CO 
10537,206594481,7/27/2017 16:22,7/27/2017 16:22,,7/31/2017 7:00,7/28/2017 13:56,0.0,0.0,0.0,82.3,DRV,,,False,0,,Shipper 1249,,,,7/31/2017 10:00,7/31/2017 13:00,False,False,False,False,False,False,False,True,Baldwinsville,NY ,Baldwinsville,NY 
10538,206593777,12/14/2017 16:38,12/14/2017 16:38,,12/17/2017 23:00,12/14/2017 17:27,0.0,0.0,0.0,1064.6,DRV,,,False,0,,Shipper 1249,,,,12/18/2017 1:00,12/19/2017 23:00,False,False,False,False,False,False,False,True,Newark,NJ ,Newark,NJ 
10539,206598457,10/16/2017 16:14,10/16/2017 16:14,,10/17/2017 19:00,10/16/2017 17:55,0.0,0.0,0.0,397.1,DRV,,,False,0,,Shipper 1249,,,,10/17/2017 19:00,10/18/2017 12:00,False,False,False,False,False,False,False,True,St. Louis,MO ,St. Louis,MO 
10540,206523585,8/28/2017 10:02,8/28/2017 10:02,,8/29/2017 23:00,8/28/2017 10:02,0.0,0.0,0.0,1026.7,RFR,,,False,0,,Shipper 1249,,,,8/30/2017 1:00,8/31/2017 21:00,False,False,False,False,False,False,False,True,Fort Collins,CO ,Fort Collins,CO 
10541,206759377,4/17/2017 16:54,4/17/2017 16:54,,4/19/2017 2:00,4/18/2017 11:52,0.0,0.0,0.0,387.7,DRV,,,False,0,,Shipper 1249,,,,4/19/2017 2:00,4/19/2017 17:00,False,False,False,False,False,False,False,True,Jacksonville,FL ,Jacksonville,FL 
10542,206758289,8/1/2017 16:24,8/1/2017 16:24,,8/2/2017 11:00,8/2/2017 12:11,0.0,0.0,0.0,300.0,DRV,,,False,0,,Shipper 1249,,,,8/2/2017 15:00,8/3/2017 11:00,False,False,False,False,False,False,False,True,Baldwinsville,NY ,Baldwinsville,NY 
10543,206754833,12/18/2017 18:43,12/18/2017 18:43,,12/20/2017 9:00,12/19/2017 8:38,0.0,0.0,0.0,380.5,DRV,,,False,0,,Shipper 1249,,,,12/20/2017 11:00,12/21/2017 13:00,False,False,False,False,False,False,False,True,Cartersville,GA ,Cartersville,GA 
10544,206597649,1/9/2017 12:40,1/9/2017 12:42,,1/10/2017 11:00,1/9/2017 14:28,0.0,0.0,0.0,157.5,RFR,,,False,0,,Shipper 1262,,,,1/10/2017 19:00,1/10/2017 19:00,False,False,False,False,False,False,False,True,Rio Rico,AZ ,Rio Rico,AZ 
10545,206595609,9/25/2017 13:52,9/25/2017 13:52,,9/28/2017 9:00,9/26/2017 9:32,0.0,0.0,0.0,61.8,DRV,,,False,0,,Shipper 1357,,,,9/28/2017 17:00,9/28/2017 17:00,False,False,False,False,False,False,False,True,Salisbury,NC ,Salisbury,NC 
10546,206549529,6/1/2017 12:15,6/1/2017 12:15,,6/6/2017 6:00,6/6/2017 10:01,0.0,0.0,0.0,380.0,DRV,,,False,0,,Shipper 1357,,,,6/6/2017 15:00,6/7/2017 9:00,False,False,False,False,False,False,False,True,Lexington,KY ,Lexington,KY 
10547,206709673,3/28/2017 13:27,3/28/2017 13:29,,4/4/2017 9:00,3/28/2017 14:21,0.0,0.0,0.0,406.1,DRV,,,False,0,,Shipper 1357,,,,4/4/2017 17:00,4/4/2017 17:00,False,False,False,False,False,False,False,True,Alexandria,VA ,Alexandria,VA 
10548,206598441,9/25/2017 13:49,9/25/2017 13:50,,9/27/2017 9:00,9/25/2017 14:15,0.0,0.0,0.0,125.2,DRV,,,False,0,,Shipper 1357,,,,9/27/2017 17:00,9/27/2017 17:00,False,False,False,False,False,False,False,True,Gaston,SC ,Gaston,SC 
10549,206596281,6/13/2017 15:05,6/13/2017 15:05,,6/16/2017 9:00,6/13/2017 16:05,0.0,0.0,0.0,189.2,DRV,,,False,0,,Shipper 1357,,,,6/16/2017 17:00,6/16/2017 17:00,False,False,False,False,False,False,False,True,Raleigh,NC ,Raleigh,NC 
10550,206426681,6/12/2017 14:16,6/12/2017 14:16,,6/15/2017 14:00,6/13/2017 16:05,0.0,0.0,0.0,189.2,DRV,,,False,0,,Shipper 1357,,,,6/15/2017 14:00,6/16/2017 12:00,False,False,False,False,False,False,False,True,Raleigh,NC ,Raleigh,NC 
10551,206776097,8/16/2017 10:48,8/16/2017 10:48,,8/22/2017 9:00,8/16/2017 11:00,0.0,0.0,0.0,135.3,DRV,,,False,0,,Shipper 1357,,,,8/22/2017 17:00,8/22/2017 17:00,False,False,False,False,False,False,False,True,Gastonia,NC ,Gastonia,NC 
10552,206429281,6/12/2017 14:14,6/12/2017 14:15,,6/14/2017 14:00,6/13/2017 16:05,0.0,0.0,0.0,189.2,DRV,,,False,1,,Shipper 1357,,,,6/14/2017 14:00,6/15/2017 11:00,False,False,False,False,False,False,False,True,Raleigh,NC ,Raleigh,NC 
10553,206754241,9/6/2017 13:18,9/6/2017 13:18,,9/7/2017 12:00,9/6/2017 13:22,0.0,0.0,0.0,137.5,RFR,,,False,0,,Shipper 1590,,,,9/7/2017 14:00,9/7/2017 20:00,False,False,False,False,False,False,False,True,Vineland,NJ ,Vineland,NJ 
10554,206758305,8/28/2017 13:52,8/28/2017 13:52,,9/5/2017 6:00,9/1/2017 13:33,0.0,0.0,0.0,2738.0,RFR,,,False,0,,Shipper 1590,,,,9/5/2017 18:00,9/6/2017 15:00,False,False,False,False,False,False,False,True,Vineland,NJ ,Vineland,NJ 
10555,206598113,5/15/2017 10:09,5/15/2017 10:10,,5/16/2017 10:00,5/15/2017 10:23,0.0,0.0,0.0,241.3,DRV,,,False,0,,Shipper 901,,,,5/16/2017 18:00,5/16/2017 18:00,False,False,False,False,False,False,False,True,Alton,IL ,Alton,IL 
10556,206648273,5/31/2017 14:23,5/31/2017 14:23,,6/2/2017 9:00,5/31/2017 14:35,0.0,0.0,0.0,333.9,RFR,,,False,0,,Shipper 1173,,,,6/2/2017 17:00,6/2/2017 17:00,False,False,False,False,False,False,False,True,Baltimore,MD ,Baltimore,MD 
10557,206595265,7/7/2017 13:59,7/7/2017 13:59,,7/10/2017 12:20,7/7/2017 14:03,0.0,0.0,0.0,233.1,DRV,,,False,0,,Shipper 560,,,,7/10/2017 14:20,7/11/2017 0:20,False,False,False,False,False,False,False,True,Wanaque,NJ ,Wanaque,NJ 
10558,206647417,2/16/2017 12:59,2/16/2017 12:59,6/7/2017 18:25,3/1/2017 8:00,3/2/2017 8:00,0.0,0.01,0.0,143.1,DRV,,,False,1,Carrier 1636290,Shipper 560,True,True,True,3/1/2017 14:00,3/2/2017 15:30,False,False,False,False,False,False,False,False,Wanaque,NJ ,Wanaque,NJ 
10559,206469545,3/10/2017 12:12,3/10/2017 12:12,,3/14/2017 9:00,3/22/2017 10:21,0.0,0.0,0.0,589.2,DRV,,,False,1,,Shipper 766,,,,3/14/2017 17:00,3/15/2017 21:00,False,False,False,False,False,False,False,True,Paris,TN ,Paris,TN 
10560,206475649,9/18/2017 17:14,9/18/2017 17:14,9/19/2017 12:42,9/20/2017 14:00,9/19/2017 17:28,0.0,0.0,0.0,348.2,DRV,,,False,0,Carrier 1396793,Shipper 1375,,,,9/20/2017 14:00,9/21/2017 14:00,False,False,False,False,False,False,False,True,Baldwinsville,NY ,Baldwinsville,NY 
10561,206433753,10/6/2017 14:47,10/6/2017 14:50,,10/10/2017 9:00,10/9/2017 11:57,0.0,0.0,0.0,16.0,DRV,,,False,0,,Shipper 1642,,,,10/10/2017 17:00,10/10/2017 17:00,False,False,False,False,False,True,False,True,Atlanta,GA ,Atlanta,GA 
10562,206754753,5/9/2017 14:55,5/9/2017 14:55,,5/11/2017 9:00,5/9/2017 15:48,0.0,0.0,0.0,758.6,RFR,,,False,0,,Shipper 1104,,,,5/11/2017 17:00,5/12/2017 17:00,False,False,False,False,False,False,False,True,Lake Park,GA ,Lake Park,GA 
10563,206549225,3/27/2017 15:22,3/27/2017 15:22,,3/29/2017 12:00,4/10/2017 9:49,0.0,0.0,0.0,135.7,DRV,,,False,1,,Shipper 1078,,,,3/29/2017 16:00,3/30/2017 14:30,False,False,False,False,False,False,False,True,Hackettstown,NJ ,Hackettstown,NJ 
10564,206776081,5/29/2017 17:09,5/29/2017 17:09,,5/31/2017 9:00,5/30/2017 11:16,0.0,0.0,0.0,135.7,DRV,,,False,0,,Shipper 1078,,,,5/31/2017 17:00,5/31/2017 17:00,False,False,False,False,False,False,False,True,Hackettstown,NJ ,Hackettstown,NJ 
10565,206530209,5/29/2017 17:11,5/29/2017 17:12,,6/1/2017 9:00,5/30/2017 11:17,0.0,0.0,0.0,135.4,DRV,,,False,0,,Shipper 1078,,,,6/1/2017 17:00,6/1/2017 17:00,False,False,False,False,False,False,False,True,York,PA ,York,PA 
10566,206470017,5/4/2017 17:24,5/4/2017 17:25,,5/8/2017 10:00,5/5/2017 10:23,0.0,0.0,0.0,990.4,DRV,,,False,0,,Shipper 1374,,,,5/8/2017 18:00,5/9/2017 18:00,False,False,False,False,False,False,False,True,Laredo,TX ,Laredo,TX 
10567,206435289,3/16/2017 13:59,3/16/2017 14:00,,3/20/2017 12:00,3/16/2017 14:14,0.0,0.0,0.0,404.9,DRV,,,False,0,,Shipper 866,,,,3/20/2017 20:00,3/20/2017 20:00,False,False,False,False,False,False,False,True,Pescadero,CA ,Pescadero,CA 
10568,206535537,10/23/2017 15:03,10/23/2017 15:03,,10/24/2017 12:00,10/23/2017 15:13,0.0,0.0,0.0,578.9,DRV,,,False,0,,Shipper 705,,,,10/24/2017 14:00,10/25/2017 15:00,False,False,False,False,False,False,False,True,Philadelphia,PA ,Philadelphia,PA 
10569,206649737,3/20/2017 9:26,3/20/2017 9:26,,3/20/2017 13:00,3/20/2017 13:43,0.0,0.0,0.0,1021.5,RFR,,,False,1,,Shipper 734,,,,3/20/2017 14:00,3/22/2017 5:00,False,False,False,False,False,False,False,True,Wilkes-Barre,PA ,Wilkes-Barre,PA 
10570,206596737,6/21/2017 12:49,6/21/2017 12:49,,6/23/2017 11:00,6/23/2017 16:13,0.0,0.0,0.0,1705.7,DRV,,,False,1,,Shipper 937,,,,6/23/2017 11:00,6/26/2017 16:00,False,False,False,False,False,False,False,True,Tampa,FL ,Tampa,FL 
10571,206596665,2/13/2017 10:28,2/13/2017 10:28,,2/14/2017 9:00,2/13/2017 10:54,0.0,0.0,0.0,1090.9,DRV,,,False,0,,Shipper 590,,,,2/14/2017 17:00,2/15/2017 18:00,False,False,False,False,False,False,False,True,Bridgewater,NJ ,Bridgewater,NJ 
10572,206708857,8/29/2017 10:25,8/29/2017 10:26,,8/30/2017 9:00,8/29/2017 10:34,0.0,0.0,0.0,232.2,DRV,,,False,0,,Shipper 968,,,,8/30/2017 17:00,8/30/2017 17:00,False,False,False,False,False,False,False,True,Everett,MA ,Everett,MA 
10573,206597753,8/11/2017 8:03,8/11/2017 8:03,,8/18/2017 9:00,8/11/2017 11:49,0.0,0.0,0.0,232.2,DRV,,,False,0,,Shipper 968,,,,8/18/2017 17:00,8/18/2017 17:00,False,False,False,False,False,False,False,True,Everett,MA ,Everett,MA 
10574,206648977,8/29/2017 10:42,8/29/2017 10:42,,8/31/2017 9:00,8/29/2017 10:44,0.0,0.0,0.0,232.2,DRV,,,False,0,,Shipper 968,,,,8/31/2017 17:00,8/31/2017 17:00,False,False,False,False,False,False,False,True,Everett,MA ,Everett,MA 
10575,206596321,10/23/2017 13:30,10/23/2017 13:30,,10/25/2017 9:00,10/24/2017 12:15,0.0,0.0,0.0,92.3,DRV,,,False,0,,Shipper 968,,,,10/25/2017 17:00,10/25/2017 16:30,False,False,False,False,False,True,False,True,New Haven,CT ,New Haven,CT 
10576,206536545,2/6/2017 16:21,2/6/2017 16:21,,2/8/2017 9:00,2/6/2017 16:44,0.0,0.0,0.0,232.2,DRV,,,False,0,,Shipper 968,,,,2/8/2017 17:00,2/8/2017 17:00,False,False,False,False,False,False,False,True,Everett,MA ,Everett,MA 
10577,206708809,4/24/2017 9:01,4/24/2017 9:01,,4/24/2017 9:00,4/24/2017 10:02,0.0,0.0,0.0,823.3,DRV,,,False,1,,Shipper 1052,,,,4/25/2017 16:00,4/26/2017 23:55,False,False,False,False,False,False,False,True,Braitwaite,LA ,Braitwaite,LA 
10578,206759361,3/9/2017 14:34,3/9/2017 14:42,,3/13/2017 9:00,3/9/2017 14:48,0.0,0.0,0.0,791.3,DRV,,,False,0,,Shipper 1052,,,,3/13/2017 17:00,3/14/2017 17:00,False,False,False,False,False,False,False,True,Hackensack,NJ ,Hackensack,NJ 
10579,206433289,5/31/2017 10:11,5/31/2017 10:11,,6/2/2017 9:00,6/1/2017 10:35,0.0,0.0,0.0,821.2,DRV,,,False,0,,Shipper 1052,,,,6/2/2017 15:00,6/5/2017 17:00,False,False,False,False,False,False,False,True,Stowe,PA ,Stowe,PA 
10580,206650417,6/20/2017 14:05,6/20/2017 14:05,,6/27/2017 9:00,6/20/2017 14:09,0.0,0.0,0.0,268.8,DRV,,,False,0,,Shipper 1052,,,,6/27/2017 17:00,6/27/2017 17:00,False,False,False,False,False,False,False,True,Philadelphia,PA ,Philadelphia,PA 
10581,206774969,2/15/2017 14:19,2/15/2017 14:21,,2/20/2017 9:00,2/15/2017 14:33,0.0,0.0,0.0,420.7,DRV,,,False,0,,Shipper 1052,,,,2/20/2017 17:00,2/20/2017 17:00,False,False,False,False,False,False,False,True,Philadelphia,PA ,Philadelphia,PA 
10582,206528473,5/31/2017 10:17,5/31/2017 10:17,,6/2/2017 9:00,6/1/2017 10:34,0.0,0.0,0.0,821.2,DRV,,,False,0,,Shipper 1052,,,,6/2/2017 15:00,6/3/2017 17:00,False,False,False,False,False,False,False,True,Stowe,PA ,Stowe,PA 
10583,206595217,3/24/2017 12:27,3/24/2017 12:27,,3/27/2017 9:00,3/24/2017 13:11,0.0,0.0,0.0,420.7,DRV,,,False,0,,Shipper 1052,,,,3/27/2017 17:00,3/27/2017 17:00,False,False,False,False,False,False,False,True,Philadelphia,PA ,Philadelphia,PA 
10584,206469969,1/24/2017 9:38,1/24/2017 9:38,,1/25/2017 9:00,1/24/2017 9:42,0.0,0.0,0.0,41.4,DRV,,,False,0,,Shipper 1052,,,,1/25/2017 17:00,1/25/2017 17:00,False,False,False,False,False,False,False,True,Philadelphia,PA ,Philadelphia,PA 
10585,206549177,1/12/2017 11:09,1/12/2017 11:10,,1/17/2017 9:00,1/12/2017 11:15,0.0,0.0,0.0,230.0,DRV,,,False,0,,Shipper 1052,,,,1/17/2017 17:00,1/17/2017 17:00,False,False,False,False,False,False,False,True,Philadelphia,PA ,Philadelphia,PA 
10586,206467969,9/15/2017 16:17,9/15/2017 16:17,,9/20/2017 12:00,9/15/2017 16:17,0.0,0.0,0.0,2809.8,RFR,,,False,0,,Shipper 1103,,,,9/20/2017 14:00,9/25/2017 11:00,False,False,False,False,False,False,False,True,Stockton,CA ,Stockton,CA 
10587,206759457,9/15/2017 17:17,9/15/2017 17:17,,9/21/2017 11:00,9/19/2017 11:38,0.0,0.0,0.0,2809.8,DRV,,,False,0,,Shipper 1103,,,,9/21/2017 20:00,9/26/2017 17:00,False,False,False,False,False,False,False,True,Stockton,CA ,Stockton,CA 
10588,206526953,11/3/2017 9:33,11/3/2017 9:33,,11/3/2017 9:00,11/3/2017 16:54,0.0,0.0,0.0,895.7,DRV,,,False,0,,Shipper 1644,,,,11/3/2017 17:00,11/6/2017 12:00,False,False,False,False,False,False,False,True,Laredo,TX ,Laredo,TX 
10589,206488841,12/5/2017 16:41,12/5/2017 16:41,12/7/2017 12:19,12/8/2017 17:00,12/12/2017 11:00,0.0,150.0,0.0,2847.9,RFR,,ts_in,False,0,Carrier 1030395,Shipper 1375,True,True,True,12/8/2017 17:00,12/12/2017 11:00,False,False,False,False,False,False,False,False,Fairfield,CA ,Fairfield,CA 
10590,206529401,9/27/2017 8:48,9/27/2017 8:48,,9/28/2017 11:00,9/27/2017 11:41,0.0,0.0,0.0,263.2,DRV,,,False,0,,Shipper 1644,,,,9/28/2017 13:00,9/29/2017 13:00,False,False,False,False,False,False,False,True,Jamestown,NY ,Jamestown,NY 
10591,206466873,12/11/2017 8:48,12/11/2017 8:48,,12/13/2017 13:00,12/11/2017 8:54,0.0,0.0,0.0,614.9,DRV,,,False,0,,Shipper 1644,,,,12/13/2017 15:00,12/14/2017 17:00,False,False,False,False,False,False,False,True,Kendallville,IN ,Kendallville,IN 
10592,206545809,10/6/2017 10:08,10/6/2017 10:08,,10/9/2017 15:00,10/6/2017 11:15,0.0,0.0,0.0,463.2,DRV,,,False,0,,Shipper 1644,,,,10/9/2017 15:00,10/10/2017 7:00,False,False,False,False,False,False,False,True,Mount Airy,NC ,Mount Airy,NC 
10593,206470353,11/3/2017 9:28,11/3/2017 9:28,,11/3/2017 15:00,11/3/2017 16:54,0.0,0.0,0.0,895.7,DRV,,,False,1,,Shipper 1644,,,,11/3/2017 15:00,11/6/2017 11:00,False,False,False,False,False,False,False,True,Laredo,TX ,Laredo,TX 
10594,206530273,10/20/2017 17:13,10/20/2017 17:13,,10/27/2017 16:00,10/20/2017 17:20,0.0,0.0,0.0,1464.4,DRV,,,False,0,,Shipper 1644,,,,10/27/2017 18:00,10/30/2017 9:00,False,False,False,False,False,False,False,True,Rancho Cucamonga,CA ,Rancho Cucamonga,CA 
10595,206470753,9/15/2017 12:45,9/15/2017 12:46,,9/20/2017 9:00,9/15/2017 17:28,0.0,0.0,0.0,634.5,DRV,,,False,0,,Shipper 1644,,,,9/20/2017 17:00,9/21/2017 17:00,False,False,False,False,False,False,False,True,Anderson,SC ,Anderson,SC 
10596,206438497,10/23/2017 6:12,10/23/2017 6:12,,10/25/2017 12:00,10/24/2017 16:04,0.0,0.0,0.0,565.7,DRV,,,False,0,,Shipper 1644,,,,10/25/2017 12:00,10/26/2017 5:00,False,False,False,False,False,False,False,True,Decatur,IN ,Decatur,IN 
10597,206433761,10/16/2017 10:42,10/16/2017 10:42,,10/20/2017 15:00,10/20/2017 10:36,0.0,0.0,0.0,1277.4,DRV,,,False,0,,Shipper 1644,,,,10/20/2017 15:00,10/23/2017 11:00,False,False,False,False,False,False,False,True,Piedmont,SC ,Piedmont,SC 
10598,206708761,1/26/2017 13:14,1/26/2017 14:14,,2/1/2017 10:00,1/26/2017 16:13,0.0,0.0,0.0,939.7,DRV,,,False,0,,Shipper 944,,,,2/1/2017 18:00,2/2/2017 18:00,False,False,False,False,False,False,False,True,McCook,NE ,McCook,NE 
10599,206705689,2/13/2017 10:07,2/13/2017 10:08,,2/16/2017 10:00,2/13/2017 11:07,0.0,0.0,0.0,641.2,DRV,,,False,0,,Shipper 944,,,,2/16/2017 18:00,2/17/2017 18:00,False,False,False,False,False,False,False,True,McCook,NE ,McCook,NE 
10600,206470921,4/3/2017 17:19,4/3/2017 17:20,,4/6/2017 10:00,4/4/2017 11:15,0.0,0.0,0.0,653.4,DRV,,,False,0,,Shipper 944,,,,4/6/2017 18:00,4/7/2017 18:00,False,False,False,False,False,False,False,True,McCook,NE ,McCook,NE 
10601,206649793,7/12/2017 14:43,7/12/2017 14:43,,7/19/2017 8:30,7/18/2017 15:29,0.0,0.0,0.0,598.7,DRV,,,False,1,,Shipper 1184,,,,7/19/2017 11:30,7/20/2017 8:00,False,False,False,False,False,False,False,True,Lebanon,IN ,Lebanon,IN 
10602,206754321,12/14/2017 16:55,12/14/2017 16:55,,12/20/2017 15:00,12/20/2017 8:56,0.0,0.0,0.0,364.9,DRV,,,False,1,,Shipper 1249,,,,12/20/2017 15:00,12/21/2017 8:30,False,False,False,False,False,False,False,True,Newark,NJ ,Newark,NJ 
10603,206707217,5/16/2017 17:29,5/16/2017 17:29,,5/17/2017 16:00,5/18/2017 10:12,0.0,0.0,0.0,86.1,RFR,,,False,1,,Shipper 1249,,,,5/17/2017 16:00,5/18/2017 13:30,False,False,False,False,False,False,False,True,Newark,NJ ,Newark,NJ 
10604,206598561,8/23/2017 16:16,8/23/2017 16:16,,8/25/2017 10:00,8/23/2017 16:47,0.0,0.0,0.0,519.8,DRV,,,False,0,,Shipper 1249,,,,8/25/2017 12:00,8/26/2017 10:00,False,False,False,False,False,False,False,True,St. Louis,MO ,St. Louis,MO 
10605,206652689,12/14/2017 16:45,12/14/2017 16:46,,12/19/2017 3:00,12/15/2017 10:28,0.0,0.0,0.0,438.7,RFR,,,False,0,,Shipper 1249,,,,12/19/2017 5:00,12/20/2017 13:00,False,False,False,False,False,False,False,True,Houston,TX ,Houston,TX 
10606,206652625,7/24/2017 17:07,7/24/2017 17:07,,7/26/2017 18:00,7/27/2017 15:29,0.0,0.0,0.0,2114.6,RFR,,,False,0,,Shipper 1249,,,,7/26/2017 18:00,8/1/2017 11:30,False,False,False,False,False,False,False,True,Fort Collins,CO ,Fort Collins,CO 
10607,206650385,5/31/2017 14:00,5/31/2017 14:01,,6/1/2017 16:00,5/31/2017 16:32,0.0,0.0,0.0,293.0,DRV,,,False,0,,Shipper 1249,,,,6/1/2017 16:00,6/2/2017 14:00,False,False,False,False,False,False,False,True,Fort Collins,CO ,Fort Collins,CO 
10608,206649553,9/7/2017 10:44,9/7/2017 10:45,,9/8/2017 8:00,9/7/2017 10:50,0.0,0.0,0.0,314.3,DRV,,,False,0,,Shipper 1249,,,,9/8/2017 10:00,9/8/2017 23:00,False,False,False,False,False,False,False,True,Rochester,NY ,Rochester,NY 
10609,206649489,4/19/2017 16:27,4/19/2017 16:28,,4/22/2017 10:00,4/19/2017 16:31,0.0,0.0,0.0,1225.0,DRV,,,False,0,,Shipper 1249,,,,4/22/2017 18:00,4/24/2017 17:00,False,False,False,False,False,False,False,True,St. Louis,MO ,St. Louis,MO 
10610,206647505,12/4/2017 16:55,12/4/2017 16:55,,12/6/2017 21:00,12/5/2017 17:49,0.0,0.0,0.0,2733.2,DRV,,,False,0,,Shipper 1249,,,,12/6/2017 21:00,12/11/2017 23:00,False,False,False,False,False,False,False,True,Fairfield,CA ,Fairfield,CA 
10611,206548825,10/20/2017 17:21,10/20/2017 17:21,,10/24/2017 17:00,10/20/2017 17:57,0.0,0.0,0.0,559.7,DRV,,,False,0,,Shipper 1249,,,,10/24/2017 17:00,10/25/2017 15:30,False,False,False,False,False,False,False,True,Los Angeles,CA ,Los Angeles,CA 
10612,206540889,6/9/2017 16:43,6/9/2017 16:43,,6/13/2017 14:00,6/12/2017 15:01,0.0,0.0,0.0,613.1,DRV,,,False,1,,Shipper 1249,,,,6/13/2017 14:00,6/14/2017 13:30,False,False,False,False,False,False,False,True,Houston,TX ,Houston,TX 
10613,206540825,3/27/2017 16:55,3/27/2017 16:55,,4/3/2017 21:00,3/31/2017 16:05,0.0,0.0,0.0,188.8,DRV,,,False,0,,Shipper 1249,,,,4/3/2017 21:00,4/4/2017 9:00,False,False,False,False,False,False,False,True,Colonial Heights,VA ,Colonial Heights,VA 
10614,206536409,9/18/2017 17:12,9/18/2017 17:12,,9/21/2017 8:03,9/18/2017 17:45,0.0,0.0,0.0,825.3,DRV,,,False,0,,Shipper 1249,,,,9/21/2017 10:03,9/22/2017 22:03,False,False,False,False,False,False,False,True,Newark,NJ ,Newark,NJ 
10615,206597729,6/9/2017 16:47,6/9/2017 16:47,,6/13/2017 9:00,6/9/2017 16:48,0.0,0.0,0.0,364.9,RFR,,,False,0,,Shipper 1249,,,,6/13/2017 17:00,6/13/2017 17:00,False,False,False,False,False,False,False,True,Newark,NJ ,Newark,NJ 
10616,206596769,9/15/2017 16:39,9/15/2017 16:39,,9/18/2017 23:00,9/15/2017 17:19,0.0,0.0,0.0,527.8,DRV,,,False,0,,Shipper 1249,,,,9/19/2017 1:00,9/19/2017 15:30,False,False,False,False,False,False,False,True,St. Louis,MO ,St. Louis,MO 
10617,206593761,11/9/2017 17:18,11/9/2017 17:18,,11/13/2017 0:00,11/10/2017 12:33,0.0,0.0,0.0,802.0,DRV,,,False,0,,Shipper 1249,,,,11/13/2017 0:00,11/14/2017 10:00,False,False,False,False,False,False,False,True,Aurora,CO ,Aurora,CO 
10618,206549921,6/6/2017 16:58,6/6/2017 16:58,,6/9/2017 9:00,6/7/2017 11:49,0.0,0.0,0.0,266.6,DRV,,,False,0,,Shipper 1249,,,,6/9/2017 17:00,6/9/2017 12:00,False,False,False,False,False,False,False,True,Jacksonville,FL ,Jacksonville,FL 
10619,206549473,4/10/2017 16:56,4/10/2017 16:56,,4/17/2017 16:00,4/14/2017 9:56,0.0,0.0,0.0,199.5,DRV,,,False,0,,Shipper 1249,,,,4/17/2017 16:00,4/18/2017 11:00,False,False,False,False,False,False,False,True,Williamsburg,VA ,Williamsburg,VA 
10620,206535513,9/15/2017 16:33,9/15/2017 16:33,,9/19/2017 15:00,9/18/2017 9:04,0.0,0.0,0.0,299.9,RFR,,,False,0,,Shipper 1249,,,,9/19/2017 15:00,9/20/2017 9:00,False,False,False,False,False,False,False,True,Colonial Heights,VA ,Colonial Heights,VA 
10621,206530841,8/1/2017 11:57,8/1/2017 11:57,,8/1/2017 12:00,8/1/2017 12:02,0.0,0.0,0.0,250.6,DRV,,,False,0,,Shipper 1249,,,,8/1/2017 14:00,8/2/2017 0:00,False,False,False,False,False,False,False,True,Merrimack,NH ,Merrimack,NH 
10622,206470721,6/6/2017 17:22,6/6/2017 17:22,,6/11/2017 17:00,6/8/2017 11:01,0.0,0.0,0.0,430.4,RFR,,,False,0,,Shipper 1249,,,,6/11/2017 17:00,6/12/2017 12:00,False,False,False,False,False,False,False,True,St. Louis,MO ,St. Louis,MO 
10623,206470337,10/24/2017 17:39,10/24/2017 17:39,,10/27/2017 16:00,10/24/2017 17:39,0.0,0.0,0.0,1787.6,DRV,,,False,0,,Shipper 1249,,,,10/27/2017 16:00,10/30/2017 16:00,False,False,False,False,False,False,False,True,St. Louis,MO ,St. Louis,MO 
10624,206533945,5/1/2017 16:33,5/1/2017 16:34,,5/3/2017 10:00,5/1/2017 16:39,0.0,0.0,0.0,384.3,RFR,,,False,0,,Shipper 1249,,,,5/3/2017 18:00,5/3/2017 17:00,False,False,False,False,False,False,False,True,Granite City,IL ,Granite City,IL 
10625,206598161,9/11/2017 16:44,9/11/2017 16:44,,10/4/2017 8:00,10/2/2017 16:11,0.0,0.0,0.0,212.5,DRV,,,False,1,,Shipper 1249,,,,10/4/2017 12:00,10/5/2017 23:00,False,False,False,False,False,False,False,True,Lewistown,PA ,Lewistown,PA 
10626,206482641,12/19/2017 8:51,12/19/2017 8:51,12/21/2017 14:15,12/26/2017 14:00,12/26/2017 14:33,0.0,0.0,0.0,279.9,DRV,,,False,0,Carrier 45414,Shipper 1375,,,,12/26/2017 14:00,12/27/2017 8:00,False,False,False,False,False,False,False,True,Cartersville,GA ,Cartersville,GA 
10627,206536369,5/24/2017 17:31,5/24/2017 17:31,,5/24/2017 23:00,5/24/2017 17:42,0.0,0.0,0.0,99.5,RFR,,,False,0,,Shipper 1249,,,,5/24/2017 23:00,5/26/2017 17:00,False,False,False,False,False,False,False,True,Newark,NJ ,Newark,NJ 
10628,206535473,5/26/2017 16:02,5/26/2017 16:03,,6/2/2017 18:00,5/31/2017 16:43,0.0,0.0,0.0,381.1,DRV,,,False,0,,Shipper 1249,,,,6/2/2017 18:00,6/5/2017 10:00,False,False,False,False,False,False,False,True,Williamsburg,VA ,Williamsburg,VA 
10629,206549521,5/30/2017 11:31,5/30/2017 11:32,,6/7/2017 1:00,5/31/2017 17:56,0.0,0.0,0.0,354.3,RFR,,,False,0,,Shipper 1249,,,,6/7/2017 1:00,6/7/2017 15:00,False,False,False,False,False,False,False,True,Newark,NJ ,Newark,NJ 
10630,206545313,9/8/2017 19:22,9/8/2017 19:22,,9/11/2017 12:00,9/8/2017 19:24,0.0,0.0,0.0,293.2,DRV,,,False,0,,Shipper 1249,,,,9/11/2017 14:00,9/12/2017 2:00,False,False,False,False,False,False,False,True,Colonial Heights,VA ,Colonial Heights,VA 
10631,206540897,7/27/2017 16:43,7/27/2017 16:43,,7/29/2017 19:00,7/31/2017 9:29,0.0,0.0,0.0,794.6,DRV,,,False,1,,Shipper 1249,,,,7/29/2017 19:00,7/31/2017 11:00,False,False,False,False,False,False,False,True,Los Angeles,CA ,Los Angeles,CA 
10632,206536609,5/12/2017 16:12,5/12/2017 16:12,,5/16/2017 9:00,5/12/2017 16:30,0.0,0.0,0.0,1168.2,DRV,,,False,0,,Shipper 1249,,,,5/16/2017 17:00,5/18/2017 17:00,False,False,False,False,False,False,False,True,Jacksonville,FL ,Jacksonville,FL 
10633,206530593,5/10/2017 13:08,5/10/2017 13:09,,5/12/2017 10:00,5/10/2017 13:34,0.0,0.0,0.0,332.8,RFR,,,False,0,,Shipper 1249,,,,5/12/2017 18:00,5/12/2017 18:00,False,False,False,False,False,False,False,True,Houston,TX ,Houston,TX 
10634,206536465,12/29/2017 12:52,12/29/2017 12:52,,1/2/2018 12:00,12/29/2017 13:02,0.0,0.0,0.0,328.8,DRV,,,False,0,,Shipper 1249,,,,1/2/2018 14:00,1/3/2018 4:00,False,False,False,False,False,False,False,True,Johnstown,PA ,Johnstown,PA 
10635,206536337,4/10/2017 16:50,4/10/2017 16:50,,4/17/2017 17:00,4/14/2017 9:57,0.0,0.0,0.0,199.5,DRV,,,False,0,,Shipper 1249,,,,4/17/2017 17:00,4/18/2017 11:00,False,False,False,False,False,False,False,True,Williamsburg,VA ,Williamsburg,VA 
10636,206529425,12/18/2017 18:39,12/18/2017 18:39,,12/19/2017 23:00,12/18/2017 18:40,0.0,0.0,0.0,391.2,DRV,,,False,0,,Shipper 1249,,,,12/20/2017 1:00,12/20/2017 18:00,False,False,False,False,False,False,False,True,Fort Collins,CO ,Fort Collins,CO 
10637,206529361,7/24/2017 14:19,7/24/2017 14:19,,7/31/2017 9:00,7/24/2017 14:24,0.0,0.0,0.0,173.3,DRV,,,False,0,,Shipper 1249,,,,7/31/2017 11:00,7/31/2017 18:00,False,False,False,False,False,False,False,True,Fort Collins,CO ,Fort Collins,CO 
10638,206533937,4/7/2017 16:47,4/7/2017 16:47,,4/11/2017 10:00,4/7/2017 16:48,0.0,0.0,0.0,625.2,RFR,,,False,0,,Shipper 1249,,,,4/11/2017 18:00,4/12/2017 18:00,False,False,False,False,False,False,False,True,Granite City,IL ,Granite City,IL 
10639,206528625,7/31/2017 15:54,7/31/2017 15:54,,8/10/2017 13:30,8/10/2017 15:46,0.0,0.0,0.0,348.2,DRV,,,False,0,,Shipper 1249,,,,8/10/2017 13:30,8/11/2017 9:00,False,False,False,False,False,False,False,True,Carlisle,PA ,Carlisle,PA 
10640,206433385,9/8/2017 19:29,9/8/2017 19:29,,9/11/2017 22:00,9/11/2017 8:58,0.0,0.0,0.0,357.5,DRV,,,False,0,,Shipper 1249,,,,9/12/2017 0:00,9/12/2017 15:00,False,False,False,False,False,False,False,True,Williamsburg,VA ,Williamsburg,VA 
10641,206426729,10/20/2017 16:44,10/20/2017 16:44,,10/24/2017 15:00,10/23/2017 16:35,0.0,0.0,0.0,339.5,RFR,,,False,0,,Shipper 1249,,,,10/24/2017 15:00,10/25/2017 9:00,False,False,False,False,False,False,False,True,Jacksonville,FL ,Jacksonville,FL 
10642,206470985,9/8/2017 19:19,9/8/2017 19:19,,9/11/2017 22:00,9/10/2017 19:29,0.0,0.0,0.0,377.1,DRV,,,False,0,,Shipper 1249,,,,9/12/2017 0:00,9/12/2017 16:00,False,False,False,False,False,False,False,True,Colonial Heights,VA ,Colonial Heights,VA 
10643,206470665,4/17/2017 16:51,4/17/2017 16:52,,4/19/2017 2:00,4/18/2017 11:52,0.0,0.0,0.0,387.7,DRV,,,False,0,,Shipper 1249,,,,4/19/2017 2:00,4/19/2017 17:00,False,False,False,False,False,False,False,True,Jacksonville,FL ,Jacksonville,FL 
10644,206470025,5/10/2017 13:16,5/10/2017 13:17,,5/12/2017 10:00,5/10/2017 13:35,0.0,0.0,0.0,438.4,RFR,,,False,0,,Shipper 1249,,,,5/12/2017 18:00,5/12/2017 18:00,False,False,False,False,False,False,False,True,La Porte,TX ,La Porte,TX 
10645,206471129,12/4/2017 10:16,12/4/2017 10:16,,12/5/2017 12:00,12/4/2017 17:54,0.0,0.0,0.0,555.6,DRV,,,False,0,,Shipper 1249,,,,12/5/2017 12:00,12/6/2017 7:45,False,False,False,False,False,False,False,True,Williamsburg,VA ,Williamsburg,VA 
10646,206470937,5/2/2017 13:46,5/2/2017 13:46,,5/4/2017 9:00,5/2/2017 13:50,0.0,0.0,0.0,105.2,DRV,,,False,0,,Shipper 1249,,,,5/4/2017 17:00,5/4/2017 17:00,False,False,False,False,False,False,False,True,Cartersville,GA ,Cartersville,GA 
10647,206438153,12/14/2017 16:26,12/14/2017 16:26,12/15/2017 10:28,12/16/2017 14:00,12/15/2017 17:59,0.0,0.0,0.0,1702.2,RFR,,,False,0,Carrier 920764,Shipper 1249,,,,12/16/2017 14:00,12/19/2017 16:00,False,False,False,False,False,False,False,True,Williamsburg,VA ,Williamsburg,VA 
10648,206534097,5/22/2017 14:39,5/22/2017 14:39,5/23/2017 9:11,5/23/2017 11:00,5/24/2017 17:47,0.0,150.0,0.0,226.8,DRV,,,False,0,Carrier 49679,Shipper 1375,,,,5/23/2017 12:00,5/23/2017 14:30,False,False,False,False,False,False,False,True,La Porte,TX ,La Porte,TX 
10649,206438041,6/27/2017 17:16,6/27/2017 17:17,,6/30/2017 10:00,6/27/2017 17:19,0.0,0.0,0.0,749.8,DRV,,,False,0,,Shipper 1249,,,,6/30/2017 18:00,7/1/2017 18:00,False,False,False,False,False,False,False,True,Pleasant Prairie,WI ,Pleasant Prairie,WI 
10650,206435545,4/10/2017 16:59,4/10/2017 17:00,,4/17/2017 16:00,4/14/2017 9:55,0.0,0.0,0.0,199.5,DRV,,,False,0,,Shipper 1249,,,,4/17/2017 16:00,4/18/2017 11:00,False,False,False,False,False,False,False,True,Williamsburg,VA ,Williamsburg,VA 
10651,206527761,12/19/2017 9:26,12/19/2017 9:26,,12/20/2017 11:00,12/19/2017 11:08,0.0,0.0,0.0,339.5,RFR,,,False,0,,Shipper 1249,,,,12/20/2017 13:00,12/21/2017 3:00,False,False,False,False,False,False,False,True,Jacksonville,FL ,Jacksonville,FL 
10652,206428825,6/6/2017 16:48,6/6/2017 16:48,,6/8/2017 0:00,6/7/2017 11:48,0.0,0.0,0.0,266.6,DRV,,,False,0,,Shipper 1249,,,,6/8/2017 0:00,6/8/2017 12:00,False,False,False,False,False,False,False,True,Jacksonville,FL ,Jacksonville,FL 
10653,206426649,4/10/2017 17:20,4/10/2017 17:20,,4/20/2017 6:00,4/17/2017 17:28,0.0,0.0,0.0,603.5,DRV,,,False,0,,Shipper 1249,,,,4/20/2017 6:00,4/21/2017 9:15,False,False,False,False,False,False,False,True,Colonial Heights,VA ,Colonial Heights,VA 
10654,206470705,5/24/2017 17:37,5/24/2017 17:37,,5/26/2017 9:00,5/24/2017 17:43,0.0,0.0,0.0,84.4,DRV,,,False,0,,Shipper 1249,,,,5/26/2017 17:00,5/26/2017 17:00,False,False,False,False,False,False,False,True,Newark,NJ ,Newark,NJ 
10655,206470321,9/27/2017 17:05,9/27/2017 17:05,,9/29/2017 14:00,9/28/2017 11:54,0.0,0.0,0.0,2899.0,DRV,,,False,0,,Shipper 1249,,,,9/29/2017 14:00,10/4/2017 21:00,False,False,False,False,False,False,False,True,Newark,NJ ,Newark,NJ 
10656,206469617,9/20/2017 17:19,9/20/2017 17:19,,9/25/2017 17:00,9/22/2017 15:30,0.0,0.0,0.0,205.8,DRV,,,False,0,,Shipper 1249,,,,9/25/2017 17:00,9/26/2017 11:30,False,False,False,False,False,False,False,True,Williamsburg,VA ,Williamsburg,VA 
10657,206467633,8/31/2017 13:00,8/31/2017 13:00,,8/31/2017 14:00,8/31/2017 13:03,0.0,0.0,0.0,337.4,DRV,,,False,0,,Shipper 1249,,,,8/31/2017 16:00,9/1/2017 6:00,False,False,False,False,False,False,False,True,Pleasant Prairie,WI ,Pleasant Prairie,WI 
10658,206470929,4/28/2017 15:25,4/28/2017 15:26,,5/2/2017 23:00,5/1/2017 14:03,0.0,0.0,0.0,222.1,DRV,,,False,0,,Shipper 1249,,,,5/2/2017 23:00,5/3/2017 13:00,False,False,False,False,False,False,False,True,Cartersville,GA ,Cartersville,GA 
10659,206470673,4/28/2017 16:54,4/28/2017 16:54,,5/1/2017 6:00,5/1/2017 12:26,0.0,0.0,0.0,121.4,DRV,,,False,0,,Shipper 1249,,,,5/1/2017 6:00,5/2/2017 17:00,False,False,False,False,False,False,False,True,Merrimack,NH ,Merrimack,NH 
10660,206428849,7/31/2017 14:45,7/31/2017 14:45,,8/3/2017 9:00,8/1/2017 17:46,0.0,0.0,0.0,699.6,RFR,,,False,0,,Shipper 1249,,,,8/3/2017 9:00,8/4/2017 17:00,False,False,False,False,False,False,False,True,Fort Collins,CO ,Fort Collins,CO 
10661,206428081,5/16/2017 14:52,5/16/2017 14:52,,5/17/2017 16:00,5/16/2017 17:26,0.0,0.0,0.0,86.1,RFR,,,False,0,,Shipper 1249,,,,5/17/2017 16:00,5/18/2017 13:30,False,False,False,False,False,False,False,True,Newark,NJ ,Newark,NJ 
10662,206426737,10/27/2017 16:56,10/27/2017 16:56,,11/3/2017 16:00,10/31/2017 18:01,0.0,0.0,0.0,889.1,DRV,,,False,0,,Shipper 1249,,,,11/3/2017 16:00,11/6/2017 14:00,False,False,False,False,False,False,False,True,Colonial Heights,VA ,Colonial Heights,VA 
10663,206470969,6/20/2017 10:15,6/20/2017 10:15,,6/23/2017 9:00,6/23/2017 8:09,0.0,0.0,0.0,278.5,DRV,,,False,1,,Shipper 1249,,,,6/23/2017 17:00,6/25/2017 0:00,False,False,False,False,False,False,False,True,De Soto,KS ,De Soto,KS 
10664,206467641,9/7/2017 16:56,9/7/2017 16:56,,9/8/2017 12:00,9/7/2017 16:56,0.0,0.0,0.0,252.6,DRV,,,False,0,,Shipper 1249,,,,9/8/2017 14:00,9/9/2017 1:00,False,False,False,False,False,False,False,True,Newark,NJ ,Newark,NJ 
10665,206438521,12/4/2017 9:52,12/4/2017 9:52,,12/5/2017 15:00,12/4/2017 14:40,0.0,0.0,0.0,1409.6,DRV,,,False,0,,Shipper 1249,,,,12/5/2017 15:00,12/7/2017 23:00,False,False,False,False,False,False,False,True,Fort Collins,CO ,Fort Collins,CO 
10666,206433273,4/28/2017 17:04,4/28/2017 17:04,,5/3/2017 12:00,5/2/2017 15:40,0.0,0.0,0.0,1769.0,DRV,,,False,0,,Shipper 1249,,,,5/3/2017 12:00,5/5/2017 15:00,False,False,False,False,False,False,False,True,Fort Collins,CO ,Fort Collins,CO 
10667,206433361,8/22/2017 16:29,8/22/2017 16:29,,8/25/2017 19:00,8/23/2017 16:48,0.0,0.0,0.0,629.4,RFR,,,False,0,,Shipper 1249,,,,8/25/2017 19:00,8/28/2017 17:30,False,False,False,False,False,False,False,True,Los Angeles,CA ,Los Angeles,CA 
10668,206424529,3/24/2017 16:37,3/24/2017 16:38,,3/29/2017 9:00,3/28/2017 9:14,0.0,0.0,0.0,666.3,RFR,,,False,0,,Shipper 1249,,,,3/29/2017 17:00,3/30/2017 14:00,False,False,False,False,False,False,False,True,Colonial Heights,VA ,Colonial Heights,VA 
10669,206553081,10/20/2017 17:34,10/20/2017 17:34,10/23/2017 12:41,10/25/2017 18:00,10/25/2017 9:53,0.0,0.0,0.0,1277.4,DRV,,,True,0,Carrier 1687657,Shipper 1644,,,,10/25/2017 18:00,10/28/2017 9:00,False,False,False,False,False,False,False,True,Piedmont,SC ,Piedmont,SC 
10670,206469601,9/11/2017 16:32,9/11/2017 16:32,,9/12/2017 23:00,9/11/2017 16:33,0.0,0.0,0.0,285.2,DRV,,,False,0,,Shipper 1249,,,,9/13/2017 1:00,9/13/2017 13:00,False,False,False,False,False,False,False,True,Newark,NJ ,Newark,NJ 
10671,206428065,4/21/2017 16:21,4/21/2017 16:21,,4/25/2017 2:00,4/24/2017 9:49,0.0,0.0,0.0,188.8,DRV,,,False,0,,Shipper 1249,,,,4/25/2017 2:00,4/25/2017 13:30,False,False,False,False,False,False,False,True,Colonial Heights,VA ,Colonial Heights,VA 
10672,206434177,8/1/2017 16:17,8/1/2017 16:17,,8/2/2017 11:00,8/2/2017 12:10,0.0,0.0,0.0,300.0,DRV,,,False,0,,Shipper 1249,,,,8/2/2017 15:00,8/2/2017 11:00,False,False,False,False,False,False,False,True,Baldwinsville,NY ,Baldwinsville,NY 
10673,206426689,6/26/2017 17:00,6/26/2017 17:01,,6/28/2017 18:00,6/28/2017 18:26,0.0,0.0,0.0,714.9,DRV,,,False,1,,Shipper 1249,,,,6/28/2017 18:00,6/30/2017 14:00,False,False,False,False,False,False,False,True,Fort Collins,CO ,Fort Collins,CO 
10674,206776137,12/4/2017 17:06,12/4/2017 17:06,,12/6/2017 16:00,12/6/2017 9:21,0.0,0.0,0.0,2847.9,DRV,,,False,1,,Shipper 1375,,,,12/6/2017 16:00,12/11/2017 6:00,False,False,False,False,False,False,False,True,Fairfield,CA ,Fairfield,CA 
10675,206775113,9/14/2017 17:26,9/14/2017 17:26,,9/17/2017 14:00,9/15/2017 9:25,0.0,0.0,0.0,449.5,RFR,,,False,0,,Shipper 1375,,,,9/17/2017 14:00,9/18/2017 17:00,False,False,False,False,False,False,False,True,Fort Collins,CO ,Fort Collins,CO 
10676,206774089,6/27/2017 17:24,6/27/2017 17:25,,7/2/2017 10:00,6/27/2017 17:25,0.0,0.0,0.0,749.8,DRV,,,False,0,,Shipper 1375,,,,7/2/2017 12:00,7/3/2017 12:00,False,False,False,False,False,False,False,True,Pleasant Prairie,WI ,Pleasant Prairie,WI 
10677,206758345,12/29/2017 12:52,12/29/2017 12:52,,1/2/2018 12:00,12/29/2017 13:03,0.0,0.0,0.0,328.8,DRV,,,False,0,,Shipper 1375,,,,1/2/2018 14:00,1/3/2018 4:00,False,False,False,False,False,False,False,True,Johnstown,PA ,Johnstown,PA 
10678,206758281,6/26/2017 14:39,6/26/2017 14:40,,6/27/2017 9:00,6/26/2017 15:25,0.0,0.0,0.0,165.5,DRV,,,False,0,,Shipper 1375,,,,6/27/2017 17:00,6/27/2017 17:00,False,False,False,False,False,False,False,True,Williamsburg,VA ,Williamsburg,VA 
10679,206774081,6/9/2017 16:34,6/9/2017 16:35,,6/12/2017 16:00,6/9/2017 17:42,0.0,0.0,0.0,219.3,DRV,,,False,0,,Shipper 1375,,,,6/12/2017 16:00,6/13/2017 17:00,False,False,False,False,False,False,False,True,Cartersville,GA ,Cartersville,GA 
10680,206759489,11/1/2017 16:15,11/1/2017 16:15,,11/3/2017 18:00,11/2/2017 15:33,0.0,0.0,0.0,1122.2,RFR,,,False,0,,Shipper 1375,,,,11/3/2017 18:00,11/6/2017 15:00,False,False,False,False,False,False,False,True,Fairfield,CA ,Fairfield,CA 
10681,206776089,8/1/2017 11:54,8/1/2017 11:54,,8/1/2017 12:00,8/1/2017 12:02,0.0,0.0,0.0,250.6,DRV,,,False,0,,Shipper 1375,,,,8/1/2017 14:00,8/2/2017 0:00,False,False,False,False,False,False,False,True,Merrimack,NH ,Merrimack,NH 
10682,206775193,12/18/2017 18:19,12/18/2017 18:19,,12/20/2017 15:00,12/19/2017 8:42,0.0,0.0,0.0,334.9,RFR,,,False,0,,Shipper 1375,,,,12/20/2017 17:00,12/21/2017 7:00,False,False,False,False,False,False,False,True,St. Louis,MO ,St. Louis,MO 
10683,206708825,5/22/2017 15:19,5/22/2017 15:19,,5/23/2017 4:00,5/22/2017 15:54,0.0,0.0,0.0,323.0,RFR,,,False,0,,Shipper 1375,,,,5/23/2017 4:00,5/24/2017 23:00,False,False,False,False,False,False,False,True,Jacksonville,FL ,Jacksonville,FL 
10684,206759401,7/7/2017 16:20,7/7/2017 16:20,,7/12/2017 9:00,7/10/2017 11:53,0.0,0.0,0.0,89.5,DRV,,,False,0,,Shipper 1375,,,,7/12/2017 17:00,7/13/2017 6:00,False,False,False,False,False,False,False,True,Newark,NJ ,Newark,NJ 
10685,206758313,9/19/2017 9:32,9/19/2017 9:32,,9/29/2017 16:00,9/27/2017 16:53,0.0,0.0,0.0,351.9,DRV,,,False,0,,Shipper 1375,,,,9/29/2017 16:00,10/2/2017 15:00,False,False,False,False,False,False,False,True,Colonial Heights,VA ,Colonial Heights,VA 
10686,206754793,7/26/2017 10:59,7/26/2017 10:59,,7/31/2017 2:00,7/26/2017 15:01,0.0,0.0,0.0,170.3,DRV,,,False,0,,Shipper 1375,,,,7/31/2017 2:00,7/31/2017 16:00,False,False,False,False,False,False,False,True,Aurora,CO ,Aurora,CO 
10687,206652649,10/20/2017 17:31,10/20/2017 17:31,,10/24/2017 17:00,10/23/2017 11:04,0.0,0.0,0.0,1409.6,RFR,,,False,0,,Shipper 1375,,,,10/24/2017 17:00,10/26/2017 23:00,False,False,False,False,False,False,False,True,Fort Collins,CO ,Fort Collins,CO 
10688,206652009,6/6/2017 16:52,6/6/2017 16:52,,6/9/2017 9:00,6/7/2017 11:48,0.0,0.0,0.0,266.6,DRV,,,False,0,,Shipper 1375,,,,6/9/2017 17:00,6/9/2017 12:00,False,False,False,False,False,False,False,True,Jacksonville,FL ,Jacksonville,FL 
10689,206649001,9/8/2017 19:25,9/8/2017 19:25,,9/11/2017 22:00,9/11/2017 8:59,0.0,0.0,0.0,357.5,DRV,,,False,0,,Shipper 1375,,,,9/12/2017 0:00,9/12/2017 15:00,False,False,False,False,False,False,False,True,Williamsburg,VA ,Williamsburg,VA 
10690,206756937,9/15/2017 16:54,9/15/2017 16:54,,9/18/2017 18:00,9/15/2017 17:41,0.0,0.0,0.0,867.8,RFR,,,False,0,,Shipper 1375,,,,9/18/2017 18:00,9/20/2017 15:30,False,False,False,False,False,False,False,True,Fort Collins,CO ,Fort Collins,CO 
10691,206709065,9/27/2017 16:35,9/27/2017 16:35,,9/29/2017 16:00,9/28/2017 11:08,0.0,0.0,0.0,1529.2,DRV,,,False,0,,Shipper 1375,,,,9/29/2017 16:00,10/2/2017 16:00,False,False,False,False,False,False,False,True,Fairfield,CA ,Fairfield,CA 
10692,206705801,4/10/2017 17:00,4/10/2017 17:00,,4/17/2017 17:00,4/14/2017 9:57,0.0,0.0,0.0,199.5,DRV,,,False,0,,Shipper 1375,,,,4/17/2017 17:00,4/18/2017 11:00,False,False,False,False,False,False,False,True,Williamsburg,VA ,Williamsburg,VA 
10693,206484929,10/10/2017 12:22,10/10/2017 12:22,10/13/2017 11:55,10/13/2017 10:00,10/13/2017 14:34,0.0,150.0,0.0,1395.6,DRV,,,False,0,Carrier 301725,Shipper 1374,True,True,True,10/13/2017 18:00,10/16/2017 15:45,False,False,False,False,False,False,False,False,Laredo,TX ,Laredo,TX 
10694,206569089,1/16/2017 17:27,1/16/2017 17:27,1/23/2017 8:41,1/23/2017 15:00,1/24/2017 11:00,0.0,150.0,0.0,140.0,DRV,,,False,0,Carrier 735522,Shipper 758,,,,1/23/2017 15:00,1/24/2017 11:00,False,False,False,False,False,False,False,False,Hawkins,TX ,Hawkins,TX 
10695,206649753,3/27/2017 17:53,3/27/2017 17:53,,4/3/2017 21:00,3/29/2017 17:06,0.0,0.0,0.0,395.5,RFR,,,False,0,,Shipper 1375,,,,4/3/2017 21:00,4/4/2017 16:00,False,False,False,False,False,False,False,True,Granite City,IL ,Granite City,IL 
10696,206649497,5/12/2017 12:52,5/12/2017 12:52,,5/13/2017 20:00,5/12/2017 17:08,0.0,0.0,0.0,396.9,DRV,,,False,0,,Shipper 1375,,,,5/13/2017 20:00,5/18/2017 8:30,False,False,False,False,False,False,False,True,Houston,TX ,Houston,TX 
10697,206647449,5/15/2017 13:34,5/15/2017 13:35,,5/17/2017 10:00,5/15/2017 13:35,0.0,0.0,0.0,389.2,DRV,,,False,0,,Shipper 1375,,,,5/17/2017 18:00,5/17/2017 18:00,False,False,False,False,False,False,False,True,La Porte,TX ,La Porte,TX 
10698,206647001,12/18/2017 17:40,12/18/2017 17:41,,12/20/2017 9:00,12/18/2017 18:53,0.0,0.0,0.0,172.1,DRV,,,False,0,,Shipper 1375,,,,12/20/2017 11:00,12/20/2017 18:00,False,False,False,False,False,False,False,True,Jacksonville,FL ,Jacksonville,FL 
10699,206652105,9/25/2017 16:24,9/25/2017 16:24,,9/30/2017 17:00,9/26/2017 10:52,0.0,0.0,0.0,714.9,DRV,,,False,0,,Shipper 1375,,,,9/30/2017 17:00,10/2/2017 14:00,False,False,False,False,False,False,False,True,Fort Collins,CO ,Fort Collins,CO 
10700,206651273,6/6/2017 16:50,6/6/2017 16:50,,6/8/2017 0:00,6/7/2017 11:48,0.0,0.0,0.0,266.6,DRV,,,False,0,,Shipper 1375,,,,6/8/2017 0:00,6/8/2017 12:00,False,False,False,False,False,False,False,True,Jacksonville,FL ,Jacksonville,FL 
10701,206648969,6/6/2017 17:26,6/6/2017 17:26,,6/8/2017 10:00,6/6/2017 17:28,0.0,0.0,0.0,422.0,RFR,,,False,0,,Shipper 1375,,,,6/8/2017 18:00,6/8/2017 18:00,False,False,False,False,False,False,False,True,La Porte,TX ,La Porte,TX 
10702,206756929,7/19/2017 16:27,7/19/2017 16:27,,7/22/2017 13:00,7/19/2017 16:30,0.0,0.0,0.0,877.1,DRV,,,False,0,,Shipper 1375,,,,7/22/2017 15:00,7/24/2017 5:00,False,False,False,False,False,False,False,True,Granite City,IL ,Granite City,IL 
10703,206709057,9/11/2017 16:40,9/11/2017 16:40,,9/12/2017 12:00,9/11/2017 16:41,0.0,0.0,0.0,212.5,DRV,,,False,0,,Shipper 1375,,,,9/12/2017 14:00,9/12/2017 23:00,False,False,False,False,False,False,False,True,Lewistown,PA ,Lewistown,PA 
10704,206705857,9/25/2017 17:00,9/25/2017 17:00,,9/29/2017 11:00,9/28/2017 11:59,0.0,0.0,0.0,850.9,DRV,,,False,1,,Shipper 1375,,,,9/29/2017 11:00,10/2/2017 4:00,False,False,False,False,False,False,False,True,Newark,NJ ,Newark,NJ 
10705,206650561,5/10/2017 13:46,5/10/2017 13:46,,5/12/2017 10:00,5/10/2017 16:03,0.0,0.0,0.0,226.8,DRV,,,False,0,,Shipper 1375,,,,5/12/2017 18:00,5/13/2017 16:00,False,False,False,False,False,False,False,True,La Porte,TX ,La Porte,TX 
10706,206649857,12/4/2017 9:44,12/4/2017 9:44,,12/6/2017 10:00,12/4/2017 15:30,0.0,0.0,0.0,161.8,DRV,,,False,0,,Shipper 1375,,,,12/6/2017 10:00,12/6/2017 17:00,False,False,False,False,False,False,False,True,Fort Collins,CO ,Fort Collins,CO 
10707,206647489,9/26/2017 17:00,9/26/2017 17:00,,9/28/2017 7:00,9/26/2017 17:28,0.0,0.0,0.0,911.9,DRV,,,False,0,,Shipper 1375,,,,9/28/2017 9:00,9/30/2017 0:00,False,False,False,False,False,False,False,True,St. Louis,MO ,St. Louis,MO 
10708,206598529,4/3/2017 16:31,4/3/2017 16:31,,4/5/2017 9:00,4/3/2017 16:34,0.0,0.0,0.0,267.6,DRV,,,False,0,,Shipper 1375,,,,4/5/2017 17:00,4/5/2017 17:00,False,False,False,False,False,False,False,True,Baldwinsville,NY ,Baldwinsville,NY 
10709,206595521,4/17/2017 16:49,4/17/2017 16:49,,4/19/2017 23:00,4/18/2017 11:51,0.0,0.0,0.0,387.7,DRV,,,False,0,,Shipper 1375,,,,4/19/2017 23:00,4/19/2017 17:00,False,False,False,False,False,False,False,True,Jacksonville,FL ,Jacksonville,FL 
10710,206545801,9/20/2017 17:11,9/20/2017 17:11,,9/23/2017 6:04,9/20/2017 18:32,0.0,0.0,0.0,402.7,DRV,,,False,0,,Shipper 1375,,,,9/23/2017 8:04,9/24/2017 1:04,False,False,False,False,False,False,False,True,Fort Collins,CO ,Fort Collins,CO 
10711,206759393,5/31/2017 11:54,5/31/2017 11:57,,6/5/2017 16:00,6/2/2017 13:13,0.0,0.0,0.0,447.0,DRV,,,False,0,,Shipper 1375,,,,6/5/2017 15:00,6/6/2017 9:00,False,False,False,False,False,False,False,True,Baldwinsville,NY ,Baldwinsville,NY 
10712,206596777,9/18/2017 17:56,9/18/2017 17:56,,9/21/2017 8:00,9/19/2017 17:57,0.0,0.0,0.0,232.5,DRV,,,False,0,,Shipper 1375,,,,9/21/2017 16:00,9/22/2017 21:00,False,False,False,False,False,False,False,True,Erie,PA ,Erie,PA 
10713,206597721,5/15/2017 12:58,5/15/2017 12:58,,5/18/2017 2:00,5/16/2017 14:39,0.0,0.0,0.0,135.2,RFR,,,False,1,,Shipper 1375,,,,5/18/2017 2:00,5/18/2017 11:00,False,False,False,False,False,False,False,True,Colonial Heights,VA ,Colonial Heights,VA 
10714,206596761,9/11/2017 16:50,9/11/2017 16:50,,9/13/2017 12:00,9/11/2017 16:53,0.0,0.0,0.0,1162.2,DRV,,,False,0,,Shipper 1375,,,,9/13/2017 14:00,9/15/2017 16:00,False,False,False,False,False,False,False,True,Greeley,CO ,Greeley,CO 
10715,206595353,12/29/2017 12:52,12/29/2017 12:52,,1/2/2018 12:00,12/29/2017 13:02,0.0,0.0,0.0,328.8,DRV,,,False,0,,Shipper 1375,,,,1/2/2018 14:00,1/3/2018 4:00,False,False,False,False,False,False,False,True,Johnstown,PA ,Johnstown,PA 
10716,206754809,9/26/2017 16:24,9/26/2017 16:24,,9/28/2017 12:00,9/27/2017 8:24,0.0,0.0,0.0,728.5,DRV,,,False,0,,Shipper 1375,,,,9/28/2017 12:00,9/29/2017 16:00,False,False,False,False,False,False,False,True,Fort Collins,CO ,Fort Collins,CO 
10717,206708833,6/6/2017 16:55,6/6/2017 16:56,,6/9/2017 9:00,6/7/2017 11:48,0.0,0.0,0.0,266.6,DRV,,,False,0,,Shipper 1375,,,,6/9/2017 17:00,6/9/2017 12:00,False,False,False,False,False,False,False,True,Jacksonville,FL ,Jacksonville,FL 
10718,206651321,9/14/2017 17:31,9/14/2017 17:31,,9/17/2017 16:00,9/15/2017 9:25,0.0,0.0,0.0,409.2,RFR,,,False,0,,Shipper 1375,,,,9/17/2017 16:00,9/18/2017 11:00,False,False,False,False,False,False,False,True,Fort Collins,CO ,Fort Collins,CO 
10719,206775121,9/15/2017 16:51,9/15/2017 16:51,,9/19/2017 4:00,9/15/2017 17:19,0.0,0.0,0.0,273.7,DRV,,,False,0,,Shipper 1375,,,,9/19/2017 6:00,9/19/2017 17:00,False,False,False,False,False,False,False,True,St. Louis,MO ,St. Louis,MO 
10720,206774161,12/4/2017 10:11,12/4/2017 10:12,,12/5/2017 12:00,12/4/2017 14:18,0.0,0.0,0.0,384.2,DRV,,,False,0,,Shipper 1375,,,,12/5/2017 12:00,12/6/2017 8:30,False,False,False,False,False,False,False,True,Williamsburg,VA ,Williamsburg,VA 
10721,206774097,7/31/2017 15:22,7/31/2017 15:22,,8/1/2017 8:00,7/31/2017 15:29,0.0,0.0,0.0,654.8,DRV,,,False,0,,Shipper 1375,,,,8/1/2017 10:00,8/2/2017 14:00,False,False,False,False,False,False,False,True,Romulus,MI ,Romulus,MI 
10722,206474273,12/15/2017 11:24,12/15/2017 11:24,12/15/2017 11:27,12/16/2017 12:00,12/17/2017 5:00,0.0,150.0,0.0,400.5,DRV,,livejobs,False,0,Carrier 941668,Shipper 1249,True,True,True,12/16/2017 14:00,12/17/2017 7:00,False,False,False,False,False,False,False,False,Jacksonville,FL ,Jacksonville,FL 
10723,206529353,6/9/2017 16:18,6/9/2017 16:18,,6/13/2017 17:00,6/12/2017 14:18,0.0,0.0,0.0,1130.0,DRV,,,False,0,,Shipper 1375,,,,6/13/2017 17:00,6/15/2017 8:30,False,False,False,False,False,False,False,True,Houston,TX ,Houston,TX 
10724,206650617,12/18/2017 23:39,12/18/2017 23:39,,12/20/2017 12:00,12/19/2017 14:52,0.0,0.0,0.0,148.5,DRV,,,False,0,,Shipper 1375,,,,12/20/2017 14:00,12/20/2017 20:00,False,False,False,False,False,False,False,True,Portland,OR ,Portland,OR 
10725,206648953,5/2/2017 13:52,5/2/2017 13:52,,5/4/2017 9:00,5/2/2017 16:56,0.0,0.0,0.0,105.2,DRV,,,False,0,,Shipper 1375,,,,5/4/2017 9:00,5/4/2017 14:00,False,False,False,False,False,False,False,True,Cartersville,GA ,Cartersville,GA 
10726,206648697,9/20/2017 17:03,9/20/2017 17:04,,9/23/2017 13:00,9/20/2017 18:12,0.0,0.0,0.0,629.5,DRV,,,False,0,,Shipper 1375,,,,9/23/2017 15:00,9/24/2017 18:00,False,False,False,False,False,False,False,True,Fort Collins,CO ,Fort Collins,CO 
10727,206545705,12/18/2017 16:29,12/18/2017 16:29,,12/19/2017 13:00,12/19/2017 10:19,0.0,0.0,0.0,175.6,DRV,,,False,0,,Shipper 1375,,,,12/19/2017 13:00,12/20/2017 6:45,False,False,False,False,False,False,False,True,Cartersville,GA ,Cartersville,GA 
10728,206649841,11/16/2017 16:31,11/16/2017 16:31,,11/18/2017 19:00,11/20/2017 9:16,0.0,0.0,0.0,735.9,DRV,,,False,0,,Shipper 1375,,,,11/18/2017 19:00,11/20/2017 11:00,False,False,False,False,False,False,False,True,Fairfield,CA ,Fairfield,CA 
10729,206649521,5/30/2017 11:34,5/30/2017 11:34,,6/1/2017 9:00,5/30/2017 12:06,0.0,0.0,0.0,354.3,RFR,,,False,0,,Shipper 1375,,,,6/1/2017 17:00,6/2/2017 15:00,False,False,False,False,False,False,False,True,Newark,NJ ,Newark,NJ 
10730,206648753,12/18/2017 15:21,12/18/2017 15:21,,12/18/2017 21:00,12/18/2017 15:22,0.0,0.0,0.0,653.9,DRV,,,False,0,,Shipper 1375,,,,12/18/2017 21:00,12/21/2017 3:00,False,False,False,False,False,False,False,True,Dunkirk,IN ,Dunkirk,IN 
10731,206647473,7/24/2017 14:19,7/24/2017 14:19,,7/31/2017 9:00,7/24/2017 14:24,0.0,0.0,0.0,173.3,DRV,,,False,0,,Shipper 1375,,,,7/31/2017 11:00,7/31/2017 18:00,False,False,False,False,False,False,False,True,Fort Collins,CO ,Fort Collins,CO 
10732,206523721,9/18/2017 17:53,9/18/2017 17:53,,9/21/2017 8:00,9/19/2017 17:58,0.0,0.0,0.0,232.5,DRV,,,False,0,,Shipper 1375,,,,9/21/2017 15:00,9/22/2017 21:00,False,False,False,False,False,False,False,True,Erie,PA ,Erie,PA 
10733,206523593,9/7/2017 16:56,9/7/2017 16:56,,9/8/2017 12:00,9/7/2017 16:57,0.0,0.0,0.0,252.6,DRV,,,False,0,,Shipper 1375,,,,9/8/2017 14:00,9/9/2017 1:00,False,False,False,False,False,False,False,True,Newark,NJ ,Newark,NJ 
10734,206651553,6/23/2017 16:20,6/23/2017 16:21,,6/27/2017 21:00,6/26/2017 15:07,0.0,0.0,0.0,557.6,DRV,,,False,0,,Shipper 1375,,,,6/27/2017 21:00,6/28/2017 17:00,False,False,False,False,False,False,False,True,Fort Collins,CO ,Fort Collins,CO 
10735,206650465,11/8/2017 8:47,11/8/2017 8:47,,11/9/2017 17:00,11/9/2017 12:49,0.0,0.0,0.0,3081.4,RFR,,,False,0,,Shipper 1375,,,,11/9/2017 17:00,11/14/2017 12:00,False,False,False,False,False,False,False,True,Fairfield,CA ,Fairfield,CA 
10736,206650401,6/6/2017 17:00,6/6/2017 17:00,,6/9/2017 2:00,6/7/2017 11:48,0.0,0.0,0.0,266.6,DRV,,,False,0,,Shipper 1375,,,,6/9/2017 2:00,6/9/2017 12:00,False,False,False,False,False,False,False,True,Jacksonville,FL ,Jacksonville,FL 
10737,206536425,9/27/2017 17:08,9/27/2017 17:08,,10/1/2017 14:00,9/29/2017 15:00,0.0,0.0,0.0,1569.7,DRV,,,False,0,,Shipper 1375,,,,10/1/2017 14:00,10/4/2017 12:00,False,False,False,False,False,False,False,True,Williamsburg,VA ,Williamsburg,VA 
10738,206530601,5/22/2017 14:03,5/22/2017 14:04,5/22/2017 17:54,5/23/2017 5:00,5/23/2017 15:10,0.0,0.0,0.0,180.4,RFR,4.0,,False,0,Carrier 1054924,Shipper 1375,True,True,True,5/23/2017 5:00,5/23/2017 20:00,False,False,False,False,False,False,False,False,La Porte,TX ,La Porte,TX 
10739,206545793,8/23/2017 16:36,8/23/2017 16:36,,8/26/2017 18:00,8/23/2017 17:07,0.0,0.0,0.0,516.3,DRV,,,False,0,,Shipper 1375,,,,8/26/2017 20:00,8/27/2017 18:00,False,False,False,False,False,False,False,True,St. Louis,MO ,St. Louis,MO 
10740,206540865,5/12/2017 16:17,5/12/2017 16:17,,5/16/2017 9:00,5/12/2017 16:33,0.0,0.0,0.0,661.4,DRV,,,False,0,,Shipper 1375,,,,5/16/2017 17:00,5/17/2017 17:00,False,False,False,False,False,False,False,True,Cartersville,GA ,Cartersville,GA 
10741,206535489,6/26/2017 16:56,6/26/2017 16:57,,6/28/2017 18:00,6/27/2017 16:31,0.0,0.0,0.0,378.2,DRV,,,False,1,,Shipper 1375,,,,6/28/2017 18:00,6/29/2017 15:00,False,False,False,False,False,False,False,True,St. Louis,MO ,St. Louis,MO 
10742,206531201,12/12/2017 17:07,12/12/2017 17:07,,12/13/2017 18:00,12/12/2017 17:24,0.0,0.0,0.0,203.4,DRV,,,False,0,,Shipper 1375,,,,12/13/2017 20:00,12/14/2017 4:00,False,False,False,False,False,False,False,True,Jacksonville,FL ,Jacksonville,FL 
10743,206530817,6/6/2017 18:10,6/6/2017 18:10,,6/8/2017 12:00,6/7/2017 14:18,0.0,0.0,0.0,442.6,DRV,,,False,0,,Shipper 1375,,,,6/8/2017 20:00,6/8/2017 20:00,False,False,False,False,False,False,False,True,Van Nuys,CA ,Van Nuys,CA 
10744,206603849,12/12/2017 16:28,12/12/2017 16:29,12/13/2017 11:08,12/14/2017 16:00,12/14/2017 17:46,0.0,0.0,0.0,400.5,DRV,,,False,0,Carrier 941668,Shipper 1375,True,True,True,12/14/2017 16:00,12/15/2017 23:55,False,False,False,False,False,False,False,True,Jacksonville,FL ,Jacksonville,FL 
10745,206430505,8/18/2017 13:53,8/18/2017 13:53,8/31/2017 15:14,9/5/2017 19:00,9/6/2017 3:30,0.0,150.0,0.0,130.8,DRV,,,False,1,Carrier 567581,Shipper 758,True,True,True,9/5/2017 19:00,9/6/2017 3:30,False,False,False,False,False,False,False,False,Hawkins,TX ,Hawkins,TX 
10746,206528641,9/18/2017 18:00,9/18/2017 18:00,,9/19/2017 12:00,9/18/2017 18:10,0.0,0.0,0.0,739.3,DRV,,,False,0,,Shipper 1375,,,,9/19/2017 14:00,9/20/2017 22:00,False,False,False,False,False,False,False,True,Pleasant Prairie,WI ,Pleasant Prairie,WI 
10747,206528449,4/28/2017 16:50,4/28/2017 16:50,,5/3/2017 11:00,4/28/2017 17:00,0.0,0.0,0.0,1769.0,DRV,,,False,0,,Shipper 1375,,,,5/3/2017 19:00,5/6/2017 17:00,False,False,False,False,False,False,False,True,Fort Collins,CO ,Fort Collins,CO 
10748,206594481,7/27/2017 16:22,7/27/2017 16:22,,7/31/2017 7:00,7/28/2017 13:56,0.0,0.0,0.0,82.3,DRV,,,False,0,,Shipper 1375,,,,7/31/2017 10:00,7/31/2017 13:00,False,False,False,False,False,False,False,True,Baldwinsville,NY ,Baldwinsville,NY 
10749,206593777,12/14/2017 16:38,12/14/2017 16:38,,12/17/2017 23:00,12/14/2017 17:27,0.0,0.0,0.0,1064.6,DRV,,,False,0,,Shipper 1375,,,,12/18/2017 1:00,12/19/2017 23:00,False,False,False,False,False,False,False,True,Newark,NJ ,Newark,NJ 
10750,206598457,10/16/2017 16:14,10/16/2017 16:14,,10/17/2017 19:00,10/16/2017 17:55,0.0,0.0,0.0,397.1,DRV,,,False,0,,Shipper 1375,,,,10/17/2017 19:00,10/18/2017 12:00,False,False,False,False,False,False,False,True,St. Louis,MO ,St. Louis,MO 
10751,206523585,8/28/2017 10:02,8/28/2017 10:02,,8/29/2017 23:00,8/28/2017 10:02,0.0,0.0,0.0,1026.7,RFR,,,False,0,,Shipper 1375,,,,8/30/2017 1:00,8/31/2017 21:00,False,False,False,False,False,False,False,True,Fort Collins,CO ,Fort Collins,CO 
10752,206759377,4/17/2017 16:54,4/17/2017 16:54,,4/19/2017 2:00,4/18/2017 11:52,0.0,0.0,0.0,387.7,DRV,,,False,0,,Shipper 1375,,,,4/19/2017 2:00,4/19/2017 17:00,False,False,False,False,False,False,False,True,Jacksonville,FL ,Jacksonville,FL 
10753,206758289,8/1/2017 16:24,8/1/2017 16:24,,8/2/2017 11:00,8/2/2017 12:11,0.0,0.0,0.0,300.0,DRV,,,False,0,,Shipper 1375,,,,8/2/2017 15:00,8/3/2017 11:00,False,False,False,False,False,False,False,True,Baldwinsville,NY ,Baldwinsville,NY 
10754,206754833,12/18/2017 18:43,12/18/2017 18:43,,12/20/2017 9:00,12/19/2017 8:38,0.0,0.0,0.0,380.5,DRV,,,False,0,,Shipper 1375,,,,12/20/2017 11:00,12/21/2017 13:00,False,False,False,False,False,False,False,True,Cartersville,GA ,Cartersville,GA 
10755,206754321,12/14/2017 16:55,12/14/2017 16:55,,12/20/2017 15:00,12/20/2017 8:56,0.0,0.0,0.0,364.9,DRV,,,False,1,,Shipper 1375,,,,12/20/2017 15:00,12/21/2017 8:30,False,False,False,False,False,False,False,True,Newark,NJ ,Newark,NJ 
10756,206707217,5/16/2017 17:29,5/16/2017 17:29,,5/17/2017 16:00,5/18/2017 10:12,0.0,0.0,0.0,86.1,RFR,,,False,1,,Shipper 1375,,,,5/17/2017 16:00,5/18/2017 13:30,False,False,False,False,False,False,False,True,Newark,NJ ,Newark,NJ 
10757,206598561,8/23/2017 16:16,8/23/2017 16:16,,8/25/2017 10:00,8/23/2017 16:47,0.0,0.0,0.0,519.8,DRV,,,False,0,,Shipper 1375,,,,8/25/2017 12:00,8/26/2017 10:00,False,False,False,False,False,False,False,True,St. Louis,MO ,St. Louis,MO 
10758,206652689,12/14/2017 16:45,12/14/2017 16:46,,12/19/2017 3:00,12/15/2017 10:28,0.0,0.0,0.0,438.7,RFR,,,False,0,,Shipper 1375,,,,12/19/2017 5:00,12/20/2017 13:00,False,False,False,False,False,False,False,True,Houston,TX ,Houston,TX 
10759,206652625,7/24/2017 17:07,7/24/2017 17:07,,7/26/2017 18:00,7/27/2017 15:29,0.0,0.0,0.0,2114.6,RFR,,,False,0,,Shipper 1375,,,,7/26/2017 18:00,8/1/2017 11:30,False,False,False,False,False,False,False,True,Fort Collins,CO ,Fort Collins,CO 
10760,206650385,5/31/2017 14:00,5/31/2017 14:01,,6/1/2017 16:00,5/31/2017 16:32,0.0,0.0,0.0,293.0,DRV,,,False,0,,Shipper 1375,,,,6/1/2017 16:00,6/2/2017 14:00,False,False,False,False,False,False,False,True,Fort Collins,CO ,Fort Collins,CO 
10761,206649553,9/7/2017 10:44,9/7/2017 10:45,,9/8/2017 8:00,9/7/2017 10:50,0.0,0.0,0.0,314.3,DRV,,,False,0,,Shipper 1375,,,,9/8/2017 10:00,9/8/2017 23:00,False,False,False,False,False,False,False,True,Rochester,NY ,Rochester,NY 
10762,206649489,4/19/2017 16:27,4/19/2017 16:28,,4/22/2017 10:00,4/19/2017 16:31,0.0,0.0,0.0,1225.0,DRV,,,False,0,,Shipper 1375,,,,4/22/2017 18:00,4/24/2017 17:00,False,False,False,False,False,False,False,True,St. Louis,MO ,St. Louis,MO 
10763,206647505,12/4/2017 16:55,12/4/2017 16:55,,12/6/2017 21:00,12/5/2017 17:49,0.0,0.0,0.0,2733.2,DRV,,,False,0,,Shipper 1375,,,,12/6/2017 21:00,12/11/2017 23:00,False,False,False,False,False,False,False,True,Fairfield,CA ,Fairfield,CA 
10764,206548825,10/20/2017 17:21,10/20/2017 17:21,,10/24/2017 17:00,10/20/2017 17:57,0.0,0.0,0.0,559.7,DRV,,,False,0,,Shipper 1375,,,,10/24/2017 17:00,10/25/2017 15:30,False,False,False,False,False,False,False,True,Los Angeles,CA ,Los Angeles,CA 
10765,206540889,6/9/2017 16:43,6/9/2017 16:43,,6/13/2017 14:00,6/12/2017 15:01,0.0,0.0,0.0,613.1,DRV,,,False,1,,Shipper 1375,,,,6/13/2017 14:00,6/14/2017 13:30,False,False,False,False,False,False,False,True,Houston,TX ,Houston,TX 
10766,206540825,3/27/2017 16:55,3/27/2017 16:55,,4/3/2017 21:00,3/31/2017 16:05,0.0,0.0,0.0,188.8,DRV,,,False,0,,Shipper 1375,,,,4/3/2017 21:00,4/4/2017 9:00,False,False,False,False,False,False,False,True,Colonial Heights,VA ,Colonial Heights,VA 
10767,206536409,9/18/2017 17:12,9/18/2017 17:12,,9/21/2017 8:03,9/18/2017 17:45,0.0,0.0,0.0,825.3,DRV,,,False,0,,Shipper 1375,,,,9/21/2017 10:03,9/22/2017 22:03,False,False,False,False,False,False,False,True,Newark,NJ ,Newark,NJ 
10768,206597729,6/9/2017 16:47,6/9/2017 16:47,,6/13/2017 9:00,6/9/2017 16:48,0.0,0.0,0.0,364.9,RFR,,,False,0,,Shipper 1375,,,,6/13/2017 17:00,6/13/2017 17:00,False,False,False,False,False,False,False,True,Newark,NJ ,Newark,NJ 
10769,206596769,9/15/2017 16:39,9/15/2017 16:39,,9/18/2017 23:00,9/15/2017 17:19,0.0,0.0,0.0,527.8,DRV,,,False,0,,Shipper 1375,,,,9/19/2017 1:00,9/19/2017 15:30,False,False,False,False,False,False,False,True,St. Louis,MO ,St. Louis,MO 
10770,206593761,11/9/2017 17:18,11/9/2017 17:18,,11/13/2017 0:00,11/10/2017 12:33,0.0,0.0,0.0,802.0,DRV,,,False,0,,Shipper 1375,,,,11/13/2017 0:00,11/14/2017 10:00,False,False,False,False,False,False,False,True,Aurora,CO ,Aurora,CO 
10771,206549921,6/6/2017 16:58,6/6/2017 16:58,,6/9/2017 9:00,6/7/2017 11:49,0.0,0.0,0.0,266.6,DRV,,,False,0,,Shipper 1375,,,,6/9/2017 17:00,6/9/2017 12:00,False,False,False,False,False,False,False,True,Jacksonville,FL ,Jacksonville,FL 
10772,206549473,4/10/2017 16:56,4/10/2017 16:56,,4/17/2017 16:00,4/14/2017 9:56,0.0,0.0,0.0,199.5,DRV,,,False,0,,Shipper 1375,,,,4/17/2017 16:00,4/18/2017 11:00,False,False,False,False,False,False,False,True,Williamsburg,VA ,Williamsburg,VA 
10773,206535513,9/15/2017 16:33,9/15/2017 16:33,,9/19/2017 15:00,9/18/2017 9:04,0.0,0.0,0.0,299.9,RFR,,,False,0,,Shipper 1375,,,,9/19/2017 15:00,9/20/2017 9:00,False,False,False,False,False,False,False,True,Colonial Heights,VA ,Colonial Heights,VA 
10774,206530841,8/1/2017 11:57,8/1/2017 11:57,,8/1/2017 12:00,8/1/2017 12:02,0.0,0.0,0.0,250.6,DRV,,,False,0,,Shipper 1375,,,,8/1/2017 14:00,8/2/2017 0:00,False,False,False,False,False,False,False,True,Merrimack,NH ,Merrimack,NH 
10775,206470721,6/6/2017 17:22,6/6/2017 17:22,,6/11/2017 17:00,6/8/2017 11:01,0.0,0.0,0.0,430.4,RFR,,,False,0,,Shipper 1375,,,,6/11/2017 17:00,6/12/2017 12:00,False,False,False,False,False,False,False,True,St. Louis,MO ,St. Louis,MO 
10776,206470337,10/24/2017 17:39,10/24/2017 17:39,,10/27/2017 16:00,10/24/2017 17:39,0.0,0.0,0.0,1787.6,DRV,,,False,0,,Shipper 1375,,,,10/27/2017 16:00,10/30/2017 16:00,False,False,False,False,False,False,False,True,St. Louis,MO ,St. Louis,MO 
10777,206533945,5/1/2017 16:33,5/1/2017 16:34,,5/3/2017 10:00,5/1/2017 16:39,0.0,0.0,0.0,384.3,RFR,,,False,0,,Shipper 1375,,,,5/3/2017 18:00,5/3/2017 17:00,False,False,False,False,False,False,False,True,Granite City,IL ,Granite City,IL 
10778,206598161,9/11/2017 16:44,9/11/2017 16:44,,10/4/2017 8:00,10/2/2017 16:11,0.0,0.0,0.0,212.5,DRV,,,False,1,,Shipper 1375,,,,10/4/2017 12:00,10/5/2017 23:00,False,False,False,False,False,False,False,True,Lewistown,PA ,Lewistown,PA 
10779,206536369,5/24/2017 17:31,5/24/2017 17:31,,5/24/2017 23:00,5/24/2017 17:42,0.0,0.0,0.0,99.5,RFR,,,False,0,,Shipper 1375,,,,5/24/2017 23:00,5/26/2017 17:00,False,False,False,False,False,False,False,True,Newark,NJ ,Newark,NJ 
10780,206535473,5/26/2017 16:02,5/26/2017 16:03,,6/2/2017 18:00,5/31/2017 16:43,0.0,0.0,0.0,381.1,DRV,,,False,0,,Shipper 1375,,,,6/2/2017 18:00,6/5/2017 10:00,False,False,False,False,False,False,False,True,Williamsburg,VA ,Williamsburg,VA 
10781,206549521,5/30/2017 11:31,5/30/2017 11:32,,6/7/2017 1:00,5/31/2017 17:56,0.0,0.0,0.0,354.3,RFR,,,False,0,,Shipper 1375,,,,6/7/2017 1:00,6/7/2017 15:00,False,False,False,False,False,False,False,True,Newark,NJ ,Newark,NJ 
10782,206545313,9/8/2017 19:22,9/8/2017 19:22,,9/11/2017 12:00,9/8/2017 19:24,0.0,0.0,0.0,293.2,DRV,,,False,0,,Shipper 1375,,,,9/11/2017 14:00,9/12/2017 2:00,False,False,False,False,False,False,False,True,Colonial Heights,VA ,Colonial Heights,VA 
10783,206540897,7/27/2017 16:43,7/27/2017 16:43,,7/29/2017 19:00,7/31/2017 9:29,0.0,0.0,0.0,794.6,DRV,,,False,1,,Shipper 1375,,,,7/29/2017 19:00,7/31/2017 11:00,False,False,False,False,False,False,False,True,Los Angeles,CA ,Los Angeles,CA 
10784,206536609,5/12/2017 16:12,5/12/2017 16:12,,5/16/2017 9:00,5/12/2017 16:30,0.0,0.0,0.0,1168.2,DRV,,,False,0,,Shipper 1375,,,,5/16/2017 17:00,5/18/2017 17:00,False,False,False,False,False,False,False,True,Jacksonville,FL ,Jacksonville,FL 
10785,206530593,5/10/2017 13:08,5/10/2017 13:09,,5/12/2017 10:00,5/10/2017 13:34,0.0,0.0,0.0,332.8,RFR,,,False,0,,Shipper 1375,,,,5/12/2017 18:00,5/12/2017 18:00,False,False,False,False,False,False,False,True,Houston,TX ,Houston,TX 
10786,206536465,12/29/2017 12:52,12/29/2017 12:52,,1/2/2018 12:00,12/29/2017 13:02,0.0,0.0,0.0,328.8,DRV,,,False,0,,Shipper 1375,,,,1/2/2018 14:00,1/3/2018 4:00,False,False,False,False,False,False,False,True,Johnstown,PA ,Johnstown,PA 
10787,206536337,4/10/2017 16:50,4/10/2017 16:50,,4/17/2017 17:00,4/14/2017 9:57,0.0,0.0,0.0,199.5,DRV,,,False,0,,Shipper 1375,,,,4/17/2017 17:00,4/18/2017 11:00,False,False,False,False,False,False,False,True,Williamsburg,VA ,Williamsburg,VA 
10788,206529425,12/18/2017 18:39,12/18/2017 18:39,,12/19/2017 23:00,12/18/2017 18:40,0.0,0.0,0.0,391.2,DRV,,,False,0,,Shipper 1375,,,,12/20/2017 1:00,12/20/2017 18:00,False,False,False,False,False,False,False,True,Fort Collins,CO ,Fort Collins,CO 
10789,206529361,7/24/2017 14:19,7/24/2017 14:19,,7/31/2017 9:00,7/24/2017 14:24,0.0,0.0,0.0,173.3,DRV,,,False,0,,Shipper 1375,,,,7/31/2017 11:00,7/31/2017 18:00,False,False,False,False,False,False,False,True,Fort Collins,CO ,Fort Collins,CO 
10790,206533937,4/7/2017 16:47,4/7/2017 16:47,,4/11/2017 10:00,4/7/2017 16:48,0.0,0.0,0.0,625.2,RFR,,,False,0,,Shipper 1375,,,,4/11/2017 18:00,4/12/2017 18:00,False,False,False,False,False,False,False,True,Granite City,IL ,Granite City,IL 
10791,206528625,7/31/2017 15:54,7/31/2017 15:54,,8/10/2017 13:30,8/10/2017 15:46,0.0,0.0,0.0,348.2,DRV,,,False,0,,Shipper 1375,,,,8/10/2017 13:30,8/11/2017 9:00,False,False,False,False,False,False,False,True,Carlisle,PA ,Carlisle,PA 
10792,206433385,9/8/2017 19:29,9/8/2017 19:29,,9/11/2017 22:00,9/11/2017 8:58,0.0,0.0,0.0,357.5,DRV,,,False,0,,Shipper 1375,,,,9/12/2017 0:00,9/12/2017 15:00,False,False,False,False,False,False,False,True,Williamsburg,VA ,Williamsburg,VA 
10793,206426729,10/20/2017 16:44,10/20/2017 16:44,,10/24/2017 15:00,10/23/2017 16:35,0.0,0.0,0.0,339.5,RFR,,,False,0,,Shipper 1375,,,,10/24/2017 15:00,10/25/2017 9:00,False,False,False,False,False,False,False,True,Jacksonville,FL ,Jacksonville,FL 
10794,206470985,9/8/2017 19:19,9/8/2017 19:19,,9/11/2017 22:00,9/10/2017 19:29,0.0,0.0,0.0,377.1,DRV,,,False,0,,Shipper 1375,,,,9/12/2017 0:00,9/12/2017 16:00,False,False,False,False,False,False,False,True,Colonial Heights,VA ,Colonial Heights,VA 
10795,206470665,4/17/2017 16:51,4/17/2017 16:52,,4/19/2017 2:00,4/18/2017 11:52,0.0,0.0,0.0,387.7,DRV,,,False,0,,Shipper 1375,,,,4/19/2017 2:00,4/19/2017 17:00,False,False,False,False,False,False,False,True,Jacksonville,FL ,Jacksonville,FL 
10796,206470025,5/10/2017 13:16,5/10/2017 13:17,,5/12/2017 10:00,5/10/2017 13:35,0.0,0.0,0.0,438.4,RFR,,,False,0,,Shipper 1375,,,,5/12/2017 18:00,5/12/2017 18:00,False,False,False,False,False,False,False,True,La Porte,TX ,La Porte,TX 
10797,206471129,12/4/2017 10:16,12/4/2017 10:16,,12/5/2017 12:00,12/4/2017 17:54,0.0,0.0,0.0,555.6,DRV,,,False,0,,Shipper 1375,,,,12/5/2017 12:00,12/6/2017 7:45,False,False,False,False,False,False,False,True,Williamsburg,VA ,Williamsburg,VA 
10798,206470937,5/2/2017 13:46,5/2/2017 13:46,,5/4/2017 9:00,5/2/2017 13:50,0.0,0.0,0.0,105.2,DRV,,,False,0,,Shipper 1375,,,,5/4/2017 17:00,5/4/2017 17:00,False,False,False,False,False,False,False,True,Cartersville,GA ,Cartersville,GA 
10799,206438041,6/27/2017 17:16,6/27/2017 17:17,,6/30/2017 10:00,6/27/2017 17:19,0.0,0.0,0.0,749.8,DRV,,,False,0,,Shipper 1375,,,,6/30/2017 18:00,7/1/2017 18:00,False,False,False,False,False,False,False,True,Pleasant Prairie,WI ,Pleasant Prairie,WI 
10800,206435545,4/10/2017 16:59,4/10/2017 17:00,,4/17/2017 16:00,4/14/2017 9:55,0.0,0.0,0.0,199.5,DRV,,,False,0,,Shipper 1375,,,,4/17/2017 16:00,4/18/2017 11:00,False,False,False,False,False,False,False,True,Williamsburg,VA ,Williamsburg,VA 
10801,206527761,12/19/2017 9:26,12/19/2017 9:26,,12/20/2017 11:00,12/19/2017 11:08,0.0,0.0,0.0,339.5,RFR,,,False,0,,Shipper 1375,,,,12/20/2017 13:00,12/21/2017 3:00,False,False,False,False,False,False,False,True,Jacksonville,FL ,Jacksonville,FL 
10802,206428825,6/6/2017 16:48,6/6/2017 16:48,,6/8/2017 0:00,6/7/2017 11:48,0.0,0.0,0.0,266.6,DRV,,,False,0,,Shipper 1375,,,,6/8/2017 0:00,6/8/2017 12:00,False,False,False,False,False,False,False,True,Jacksonville,FL ,Jacksonville,FL 
10803,206426649,4/10/2017 17:20,4/10/2017 17:20,,4/20/2017 6:00,4/17/2017 17:28,0.0,0.0,0.0,603.5,DRV,,,False,0,,Shipper 1375,,,,4/20/2017 6:00,4/21/2017 9:15,False,False,False,False,False,False,False,True,Colonial Heights,VA ,Colonial Heights,VA 
10804,206470705,5/24/2017 17:37,5/24/2017 17:37,,5/26/2017 9:00,5/24/2017 17:43,0.0,0.0,0.0,84.4,DRV,,,False,0,,Shipper 1375,,,,5/26/2017 17:00,5/26/2017 17:00,False,False,False,False,False,False,False,True,Newark,NJ ,Newark,NJ 
10805,206470321,9/27/2017 17:05,9/27/2017 17:05,,9/29/2017 14:00,9/28/2017 11:54,0.0,0.0,0.0,2899.0,DRV,,,False,0,,Shipper 1375,,,,9/29/2017 14:00,10/4/2017 21:00,False,False,False,False,False,False,False,True,Newark,NJ ,Newark,NJ 
10806,206469617,9/20/2017 17:19,9/20/2017 17:19,,9/25/2017 17:00,9/22/2017 15:30,0.0,0.0,0.0,205.8,DRV,,,False,0,,Shipper 1375,,,,9/25/2017 17:00,9/26/2017 11:30,False,False,False,False,False,False,False,True,Williamsburg,VA ,Williamsburg,VA 
10807,206467633,8/31/2017 13:00,8/31/2017 13:00,,8/31/2017 14:00,8/31/2017 13:03,0.0,0.0,0.0,337.4,DRV,,,False,0,,Shipper 1375,,,,8/31/2017 16:00,9/1/2017 6:00,False,False,False,False,False,False,False,True,Pleasant Prairie,WI ,Pleasant Prairie,WI 
10808,206470929,4/28/2017 15:25,4/28/2017 15:26,,5/2/2017 23:00,5/1/2017 14:03,0.0,0.0,0.0,222.1,DRV,,,False,0,,Shipper 1375,,,,5/2/2017 23:00,5/3/2017 13:00,False,False,False,False,False,False,False,True,Cartersville,GA ,Cartersville,GA 
10809,206470673,4/28/2017 16:54,4/28/2017 16:54,,5/1/2017 6:00,5/1/2017 12:26,0.0,0.0,0.0,121.4,DRV,,,False,0,,Shipper 1375,,,,5/1/2017 6:00,5/2/2017 17:00,False,False,False,False,False,False,False,True,Merrimack,NH ,Merrimack,NH 
10810,206428849,7/31/2017 14:45,7/31/2017 14:45,,8/3/2017 9:00,8/1/2017 17:46,0.0,0.0,0.0,699.6,RFR,,,False,0,,Shipper 1375,,,,8/3/2017 9:00,8/4/2017 17:00,False,False,False,False,False,False,False,True,Fort Collins,CO ,Fort Collins,CO 
10811,206428081,5/16/2017 14:52,5/16/2017 14:52,,5/17/2017 16:00,5/16/2017 17:26,0.0,0.0,0.0,86.1,RFR,,,False,0,,Shipper 1375,,,,5/17/2017 16:00,5/18/2017 13:30,False,False,False,False,False,False,False,True,Newark,NJ ,Newark,NJ 
10812,206426737,10/27/2017 16:56,10/27/2017 16:56,,11/3/2017 16:00,10/31/2017 18:01,0.0,0.0,0.0,889.1,DRV,,,False,0,,Shipper 1375,,,,11/3/2017 16:00,11/6/2017 14:00,False,False,False,False,False,False,False,True,Colonial Heights,VA ,Colonial Heights,VA 
10813,206470969,6/20/2017 10:15,6/20/2017 10:15,,6/23/2017 9:00,6/23/2017 8:09,0.0,0.0,0.0,278.5,DRV,,,False,1,,Shipper 1375,,,,6/23/2017 17:00,6/25/2017 0:00,False,False,False,False,False,False,False,True,De Soto,KS ,De Soto,KS 
10814,206467641,9/7/2017 16:56,9/7/2017 16:56,,9/8/2017 12:00,9/7/2017 16:56,0.0,0.0,0.0,252.6,DRV,,,False,0,,Shipper 1375,,,,9/8/2017 14:00,9/9/2017 1:00,False,False,False,False,False,False,False,True,Newark,NJ ,Newark,NJ 
10815,206438521,12/4/2017 9:52,12/4/2017 9:52,,12/5/2017 15:00,12/4/2017 14:40,0.0,0.0,0.0,1409.6,DRV,,,False,0,,Shipper 1375,,,,12/5/2017 15:00,12/7/2017 23:00,False,False,False,False,False,False,False,True,Fort Collins,CO ,Fort Collins,CO 
10816,206433273,4/28/2017 17:04,4/28/2017 17:04,,5/3/2017 12:00,5/2/2017 15:40,0.0,0.0,0.0,1769.0,DRV,,,False,0,,Shipper 1375,,,,5/3/2017 12:00,5/5/2017 15:00,False,False,False,False,False,False,False,True,Fort Collins,CO ,Fort Collins,CO 
10817,206433361,8/22/2017 16:29,8/22/2017 16:29,,8/25/2017 19:00,8/23/2017 16:48,0.0,0.0,0.0,629.4,RFR,,,False,0,,Shipper 1375,,,,8/25/2017 19:00,8/28/2017 17:30,False,False,False,False,False,False,False,True,Los Angeles,CA ,Los Angeles,CA 
10818,206424529,3/24/2017 16:37,3/24/2017 16:38,,3/29/2017 9:00,3/28/2017 9:14,0.0,0.0,0.0,666.3,RFR,,,False,0,,Shipper 1375,,,,3/29/2017 17:00,3/30/2017 14:00,False,False,False,False,False,False,False,True,Colonial Heights,VA ,Colonial Heights,VA 
10819,206469601,9/11/2017 16:32,9/11/2017 16:32,,9/12/2017 23:00,9/11/2017 16:33,0.0,0.0,0.0,285.2,DRV,,,False,0,,Shipper 1375,,,,9/13/2017 1:00,9/13/2017 13:00,False,False,False,False,False,False,False,True,Newark,NJ ,Newark,NJ 
10820,206428065,4/21/2017 16:21,4/21/2017 16:21,,4/25/2017 2:00,4/24/2017 9:49,0.0,0.0,0.0,188.8,DRV,,,False,0,,Shipper 1375,,,,4/25/2017 2:00,4/25/2017 13:30,False,False,False,False,False,False,False,True,Colonial Heights,VA ,Colonial Heights,VA 
10821,206434177,8/1/2017 16:17,8/1/2017 16:17,,8/2/2017 11:00,8/2/2017 12:10,0.0,0.0,0.0,300.0,DRV,,,False,0,,Shipper 1375,,,,8/2/2017 15:00,8/2/2017 11:00,False,False,False,False,False,False,False,True,Baldwinsville,NY ,Baldwinsville,NY 
10822,206426689,6/26/2017 17:00,6/26/2017 17:01,,6/28/2017 18:00,6/28/2017 18:26,0.0,0.0,0.0,714.9,DRV,,,False,1,,Shipper 1375,,,,6/28/2017 18:00,6/30/2017 14:00,False,False,False,False,False,False,False,True,Fort Collins,CO ,Fort Collins,CO 
10823,206708673,1/25/2017 9:33,1/25/2017 9:41,,1/26/2017 9:00,1/25/2017 10:59,0.0,0.0,0.0,637.0,DRV,,,False,0,,Shipper 841,,,,1/26/2017 17:00,1/27/2017 18:00,False,False,False,False,False,False,False,True,Tampa,FL ,Tampa,FL 
10824,206438153,12/14/2017 16:26,12/14/2017 16:26,12/15/2017 10:28,12/16/2017 14:00,12/15/2017 17:59,0.0,0.0,0.0,1702.2,RFR,,,False,0,Carrier 920764,Shipper 1375,,,,12/16/2017 14:00,12/19/2017 16:00,False,False,False,False,False,False,False,True,Williamsburg,VA ,Williamsburg,VA 
10825,206474273,12/15/2017 11:24,12/15/2017 11:24,12/15/2017 11:27,12/16/2017 12:00,12/17/2017 5:00,0.0,150.0,0.0,400.5,DRV,,livejobs,False,0,Carrier 941668,Shipper 1375,True,True,True,12/16/2017 14:00,12/17/2017 7:00,False,False,False,False,False,False,False,False,Jacksonville,FL ,Jacksonville,FL 
10826,206601929,8/22/2017 8:47,8/22/2017 8:47,8/28/2017 10:31,8/31/2017 17:00,8/30/2017 13:33,0.0,0.0,0.0,130.8,DRV,,,False,1,Carrier 611154,Shipper 758,,,,8/31/2017 17:00,9/1/2017 1:30,False,False,False,False,False,False,False,True,Hawkins,TX ,Hawkins,TX 
10827,206759473,10/2/2017 14:48,10/2/2017 14:48,,10/3/2017 9:00,10/3/2017 12:52,0.0,0.0,0.0,1688.7,DRV,,,False,0,,Shipper 1395,,,,10/3/2017 17:00,10/6/2017 19:30,False,False,False,False,False,False,False,True,Big Sandy,TX ,Big Sandy,TX 
10828,206759497,11/10/2017 11:28,11/10/2017 11:28,,11/16/2017 12:00,11/10/2017 16:11,0.0,0.0,0.0,130.8,DRV,,,False,0,,Shipper 758,,,,11/16/2017 14:00,11/16/2017 19:00,False,False,False,False,False,False,False,True,Hawkins,TX ,Hawkins,TX 
10829,206776065,4/5/2017 9:30,4/5/2017 9:30,,4/17/2017 19:00,4/7/2017 12:20,0.0,0.0,0.0,130.8,DRV,,,False,0,,Shipper 758,,,,4/17/2017 19:00,4/18/2017 7:00,False,False,False,False,False,False,False,True,Hawkins,TX ,Hawkins,TX 
10830,206775129,9/19/2017 11:05,9/19/2017 11:05,,9/27/2017 8:00,9/19/2017 13:37,0.0,0.0,0.0,810.9,DRV,,,False,0,,Shipper 758,,,,9/27/2017 10:00,9/29/2017 1:00,False,False,False,False,False,False,False,True,Atlanta,GA ,Atlanta,GA 
10831,206774169,12/29/2017 14:51,12/29/2017 14:51,,1/8/2018 11:00,1/8/2018 9:21,0.0,0.0,0.0,284.1,DRV,,,False,0,,Shipper 758,,,,1/8/2018 15:00,1/9/2018 20:30,False,False,False,False,False,False,False,True,Kent,WA ,Kent,WA 
10832,206759449,9/12/2017 13:43,9/12/2017 13:43,,9/18/2017 12:00,9/12/2017 14:22,0.0,0.0,0.0,130.8,DRV,,,False,0,,Shipper 758,,,,9/18/2017 14:00,9/18/2017 19:00,False,False,False,False,False,False,False,True,Hawkins,TX ,Hawkins,TX 
10833,206759385,5/11/2017 14:22,5/11/2017 14:22,,5/18/2017 10:00,5/11/2017 14:33,0.0,0.0,0.0,130.8,DRV,,,False,0,,Shipper 758,,,,5/18/2017 18:00,5/18/2017 18:00,False,False,False,False,False,False,False,True,Hawkins,TX ,Hawkins,TX 
10834,206758297,8/18/2017 13:49,8/18/2017 13:49,,8/31/2017 17:00,8/31/2017 12:58,0.0,0.0,0.0,130.8,DRV,,,False,2,,Shipper 758,,,,8/31/2017 17:00,9/1/2017 1:30,False,False,False,False,False,False,False,True,Hawkins,TX ,Hawkins,TX 
10835,206709657,2/15/2017 12:17,2/15/2017 12:17,,2/16/2017 12:00,2/15/2017 13:38,0.0,0.0,0.0,682.4,DRV,,,False,0,,Shipper 758,,,,2/16/2017 20:00,2/17/2017 19:00,False,False,False,False,False,False,False,True,Tracy,CA ,Tracy,CA 
10836,206708697,4/18/2017 12:52,4/18/2017 12:52,,4/20/2017 10:00,4/18/2017 12:54,0.0,0.0,0.0,130.8,DRV,,,False,0,,Shipper 758,,,,4/20/2017 18:00,4/20/2017 18:00,False,False,False,False,False,False,False,True,Hawkins,TX ,Hawkins,TX 
10837,206705881,12/8/2017 13:04,12/8/2017 13:04,,12/26/2017 18:00,12/21/2017 10:12,0.0,0.0,0.0,778.9,DRV,,,False,2,,Shipper 758,,,,12/26/2017 18:00,12/28/2017 10:00,False,False,False,False,False,False,False,True,Lodi,CA ,Lodi,CA 
10838,206705817,6/28/2017 9:48,6/28/2017 9:48,,6/29/2017 10:00,6/28/2017 12:14,0.0,0.0,0.0,130.8,DRV,,,False,0,,Shipper 758,,,,6/29/2017 18:00,6/29/2017 18:00,False,False,False,False,False,False,False,True,Hawkins,TX ,Hawkins,TX 
10839,206775145,10/26/2017 17:28,10/26/2017 17:28,,10/27/2017 7:00,10/27/2017 13:46,0.0,0.0,0.0,918.5,DRV,,,False,0,,Shipper 758,,,,10/27/2017 19:00,10/29/2017 2:00,False,False,False,False,False,False,False,True,Minneapolis,MN ,Minneapolis,MN 
10840,206775017,5/25/2017 18:22,5/25/2017 18:23,,5/30/2017 10:00,5/26/2017 18:01,0.0,0.0,0.0,130.8,DRV,,,False,0,,Shipper 758,,,,5/30/2017 18:00,6/1/2017 1:30,False,False,False,False,False,False,False,True,Hawkins,TX ,Hawkins,TX 
10841,206774057,5/3/2017 15:25,5/3/2017 15:26,,5/8/2017 12:00,5/3/2017 15:42,0.0,0.0,0.0,422.7,DRV,,,False,0,,Shipper 758,,,,5/8/2017 20:00,5/8/2017 20:00,False,False,False,False,False,False,False,True,Oxnard,CA ,Oxnard,CA 
10842,206756969,11/21/2017 10:53,11/21/2017 10:53,,11/27/2017 12:00,11/21/2017 11:12,0.0,0.0,0.0,1187.8,RFR,,,False,0,,Shipper 758,,,,11/27/2017 14:00,11/29/2017 17:00,False,False,False,False,False,False,False,True,Monte Vista,CO ,Monte Vista,CO 
10843,206754281,12/1/2017 14:34,12/1/2017 14:34,,12/12/2017 12:00,12/1/2017 15:30,0.0,0.0,0.0,778.9,RFR,,,False,0,,Shipper 758,,,,12/12/2017 14:00,12/14/2017 11:00,False,False,False,False,False,False,False,True,Lodi,CA ,Lodi,CA 
10844,206708841,6/14/2017 8:19,6/14/2017 8:19,,6/20/2017 12:00,6/14/2017 11:05,0.0,0.0,0.0,422.7,DRV,,,False,0,,Shipper 758,,,,6/20/2017 20:00,6/20/2017 20:00,False,False,False,False,False,False,False,True,Oxnard,CA ,Oxnard,CA 
10845,206707305,12/28/2017 18:40,12/28/2017 18:40,,12/29/2017 12:00,12/29/2017 8:47,0.0,0.0,0.0,522.5,DRV,,,False,0,,Shipper 758,,,,12/29/2017 14:00,12/30/2017 12:00,False,False,False,False,False,False,False,True,Denver,CO ,Denver,CO 
10846,206705705,4/18/2017 11:00,4/18/2017 11:01,,4/21/2017 10:00,4/18/2017 11:43,0.0,0.0,0.0,130.8,RFR,,,False,0,,Shipper 758,,,,4/21/2017 18:00,4/21/2017 18:00,False,False,False,False,False,False,False,True,Hawkins,TX ,Hawkins,TX 
10847,206553281,1/11/2017 14:45,1/11/2017 14:46,1/19/2017 11:12,1/23/2017 16:00,1/24/2017 15:00,0.0,150.0,0.0,140.0,DRV,,,False,1,Carrier 611154,Shipper 758,,,,1/23/2017 16:00,1/24/2017 9:00,False,False,False,False,False,False,False,False,Hawkins,TX ,Hawkins,TX 
10848,206650601,11/17/2017 11:39,11/17/2017 11:39,,11/30/2017 18:00,11/28/2017 10:45,0.0,0.0,0.0,130.8,DRV,,,False,2,,Shipper 758,,,,11/30/2017 18:00,12/1/2017 1:30,False,False,False,False,False,False,False,True,Hawkins,TX ,Hawkins,TX 
10849,206649833,11/10/2017 13:59,11/10/2017 13:59,,11/11/2017 12:00,11/10/2017 16:32,0.0,0.0,0.0,933.9,RFR,,,False,0,,Shipper 758,,,,11/11/2017 14:00,11/13/2017 6:00,False,False,False,False,False,False,False,True,Lewisville,ID ,Lewisville,ID 
10850,206754761,6/9/2017 10:48,6/9/2017 10:49,,6/13/2017 10:00,6/9/2017 13:12,0.0,0.0,0.0,130.8,DRV,,,False,0,,Shipper 758,,,,6/13/2017 18:00,6/13/2017 18:00,False,False,False,False,False,False,False,True,Hawkins,TX ,Hawkins,TX 
10851,206709705,5/4/2017 17:42,5/4/2017 17:42,,5/10/2017 10:00,5/5/2017 10:58,0.0,0.0,0.0,130.8,DRV,,,False,0,,Shipper 758,,,,5/10/2017 18:00,5/12/2017 0:30,False,False,False,False,False,False,False,True,Hawkins,TX ,Hawkins,TX 
10852,206707273,10/26/2017 17:30,10/26/2017 17:30,,10/27/2017 8:00,10/26/2017 17:31,0.0,0.0,0.0,918.5,DRV,,,False,0,,Shipper 758,,,,10/27/2017 10:00,10/29/2017 2:00,False,False,False,False,False,False,False,True,Minneapolis,MN ,Minneapolis,MN 
10853,206705865,11/17/2017 11:00,11/17/2017 11:00,,11/25/2017 12:00,11/17/2017 14:37,0.0,0.0,0.0,130.8,DRV,,,False,0,,Shipper 758,,,,11/25/2017 14:00,11/25/2017 19:00,False,False,False,False,False,False,False,True,Hawkins,TX ,Hawkins,TX 
10854,206652633,8/8/2017 12:46,8/8/2017 12:46,,8/13/2017 18:00,8/14/2017 10:40,0.0,0.0,0.0,130.8,DRV,,,False,1,,Shipper 758,,,,8/13/2017 18:00,8/14/2017 2:30,False,False,False,False,False,False,False,True,Hawkins,TX ,Hawkins,TX 
10855,206650521,1/9/2017 12:29,1/9/2017 12:29,,1/11/2017 12:00,1/9/2017 12:40,0.0,0.0,0.0,140.0,RFR,,,False,0,,Shipper 758,,,,1/11/2017 20:00,1/11/2017 20:00,False,False,False,False,False,False,False,True,Portland,OR ,Portland,OR 
10856,206648729,10/26/2017 11:13,10/26/2017 11:13,,11/6/2017 11:00,10/26/2017 11:17,0.0,0.0,0.0,1076.4,DRV,,,False,0,,Shipper 758,,,,11/6/2017 19:00,11/7/2017 20:00,False,False,False,False,False,False,False,True,Idaho Falls,ID ,Idaho Falls,ID 
10857,206776113,9/20/2017 11:24,9/20/2017 11:24,,10/4/2017 18:00,10/3/2017 18:19,0.0,0.0,0.0,778.9,RFR,,,False,0,,Shipper 758,,,,10/4/2017 18:00,10/6/2017 10:00,False,False,False,False,False,False,False,True,Lodi,CA ,Lodi,CA 
10858,206774961,1/16/2017 11:52,1/16/2017 11:52,,1/31/2017 10:00,1/18/2017 12:38,0.0,0.0,0.0,140.0,DRV,,,False,0,,Shipper 758,,,,1/31/2017 18:00,1/31/2017 18:00,False,False,False,False,False,False,False,True,Hawkins,TX ,Hawkins,TX 
10859,206774129,11/16/2017 17:47,11/16/2017 17:47,,11/20/2017 12:00,11/16/2017 17:49,0.0,0.0,0.0,1698.4,DRV,,,False,0,,Shipper 758,,,,11/20/2017 14:00,11/23/2017 16:00,False,False,False,False,False,False,False,True,Richmond,CA ,Richmond,CA 
10860,206756977,12/4/2017 9:47,12/4/2017 9:47,,12/14/2017 12:00,12/8/2017 15:22,0.0,0.0,0.0,284.1,DRV,,,False,0,,Shipper 758,,,,12/14/2017 14:00,12/15/2017 18:00,False,False,False,False,False,False,False,True,Kent,WA ,Kent,WA 
10861,206754801,9/15/2017 10:23,9/15/2017 10:23,,9/25/2017 8:00,9/15/2017 11:01,0.0,0.0,0.0,130.8,DRV,,,False,0,,Shipper 758,,,,9/25/2017 10:00,9/25/2017 15:00,False,False,False,False,False,False,False,True,Hawkins,TX ,Hawkins,TX 
10862,206651529,4/5/2017 16:58,4/5/2017 16:58,,4/26/2017 10:00,4/5/2017 17:25,0.0,0.0,0.0,130.8,DRV,,,False,0,,Shipper 758,,,,4/26/2017 18:00,4/26/2017 18:00,False,False,False,False,False,False,False,True,Hawkins,TX ,Hawkins,TX 
10863,206542145,1/16/2017 17:18,1/16/2017 17:18,1/23/2017 9:14,1/23/2017 13:00,1/23/2017 15:00,0.0,150.0,0.0,140.0,DRV,,,False,0,Carrier 1054148,Shipper 758,,,,1/23/2017 13:00,1/24/2017 10:00,False,False,False,False,False,False,False,False,Hawkins,TX ,Hawkins,TX 
10864,206577673,9/27/2017 16:43,9/27/2017 16:43,9/28/2017 10:40,9/30/2017 14:00,9/29/2017 15:14,0.0,0.0,0.0,1332.1,DRV,,,False,0,Carrier 154563,Shipper 1386,,,,9/30/2017 14:00,10/2/2017 23:00,False,False,False,False,False,False,False,True,Williamsburg,VA ,Williamsburg,VA 
10865,206576449,11/2/2017 9:07,11/2/2017 9:07,11/2/2017 14:13,11/3/2017 8:00,11/2/2017 14:39,0.0,0.0,0.0,342.7,DRV,,,False,0,Carrier 1679937,Shipper 1386,,,,11/3/2017 18:00,11/4/2017 23:00,False,False,False,False,False,False,False,True,Merrimack,NH ,Merrimack,NH 
10866,206501465,1/5/2017 13:58,1/5/2017 13:59,1/5/2017 15:41,1/5/2017 15:00,1/6/2017 12:09,0.0,150.0,0.0,140.0,DRV,4.0,,False,0,Carrier 754417,Shipper 758,True,True,True,1/5/2017 18:00,1/9/2017 12:00,False,False,False,False,False,False,False,True,Kent,WA ,Kent,WA 
10867,206651337,12/1/2017 15:30,12/1/2017 15:30,,12/12/2017 20:00,12/7/2017 12:36,0.0,0.0,0.0,778.9,DRV,,,False,0,,Shipper 758,,,,12/12/2017 20:00,12/14/2017 11:00,False,False,False,False,False,False,False,True,Lodi,CA ,Lodi,CA 
10868,206650377,5/11/2017 14:20,5/11/2017 14:21,,5/18/2017 10:00,5/11/2017 14:33,0.0,0.0,0.0,130.8,DRV,,,False,0,,Shipper 758,,,,5/18/2017 18:00,5/18/2017 18:00,False,False,False,False,False,False,False,True,Hawkins,TX ,Hawkins,TX 
10869,206650313,1/18/2017 12:58,1/18/2017 12:58,,1/19/2017 18:00,1/19/2017 11:15,0.0,0.0,0.0,140.0,DRV,,,False,0,,Shipper 758,,,,1/19/2017 20:30,1/24/2017 8:00,False,False,False,False,False,False,False,True,Walla Walla,WA ,Walla Walla,WA 
10870,206647433,3/28/2017 15:35,3/28/2017 15:35,,4/4/2017 12:00,3/29/2017 11:38,0.0,0.0,0.0,284.1,DRV,,,False,0,,Shipper 758,,,,4/4/2017 20:00,4/4/2017 20:00,False,False,False,False,False,False,False,True,Kent,WA ,Kent,WA 
10871,206709761,11/17/2017 12:05,11/17/2017 12:06,,11/30/2017 18:00,11/28/2017 9:31,0.0,0.0,0.0,130.8,DRV,,,False,0,,Shipper 758,,,,11/30/2017 18:00,12/1/2017 1:30,False,False,False,False,False,False,False,True,Hawkins,TX ,Hawkins,TX 
10872,206709697,4/24/2017 18:05,4/24/2017 18:05,,4/27/2017 12:00,4/25/2017 10:14,0.0,0.0,0.0,284.1,DRV,,,False,0,,Shipper 758,,,,4/27/2017 20:00,4/27/2017 20:00,False,False,False,False,False,False,False,True,Kent,WA ,Kent,WA 
10873,206598217,12/1/2017 14:28,12/1/2017 14:28,,12/12/2017 12:00,12/1/2017 14:29,0.0,0.0,0.0,1023.1,RFR,,,False,0,,Shipper 758,,,,12/12/2017 14:00,12/14/2017 11:00,False,False,False,False,False,False,False,True,Taft,CA ,Taft,CA 
10874,206596745,6/27/2017 9:21,6/27/2017 9:22,,7/3/2017 12:00,6/28/2017 12:55,0.0,0.0,0.0,284.1,RFR,,,False,0,,Shipper 758,,,,7/3/2017 20:00,7/3/2017 20:00,False,False,False,False,False,False,False,True,Kent,WA ,Kent,WA 
10875,206595657,12/15/2017 17:13,12/15/2017 17:13,,12/16/2017 17:00,12/18/2017 9:02,0.0,0.0,0.0,1108.9,RFR,,,False,0,,Shipper 758,,,,12/16/2017 17:00,12/18/2017 11:30,False,False,False,False,False,False,False,True,Thermal,CA ,Thermal,CA 
10876,206648705,9/22/2017 9:54,9/22/2017 9:54,,10/8/2017 8:00,9/22/2017 13:07,0.0,0.0,0.0,130.8,DRV,,,False,0,,Shipper 758,,,,10/8/2017 10:00,10/8/2017 15:00,False,False,False,False,False,False,False,True,Hawkins,TX ,Hawkins,TX 
10877,206648641,2/27/2017 12:18,2/27/2017 12:18,,3/3/2017 12:00,2/28/2017 18:06,0.0,0.0,0.0,1388.3,DRV,,,False,0,,Shipper 758,,,,3/3/2017 20:00,3/6/2017 8:00,False,False,False,False,False,False,False,True,Ontario,CA ,Ontario,CA 
10878,206647105,12/15/2017 12:45,12/15/2017 12:45,,12/20/2017 12:00,12/15/2017 12:46,0.0,0.0,0.0,137.2,RFR,,,False,0,,Shipper 758,,,,12/20/2017 14:00,12/20/2017 14:00,False,False,False,False,False,False,False,True,Hood River,OR ,Hood River,OR 
10879,206646977,11/8/2017 17:50,11/8/2017 17:50,,11/13/2017 12:00,11/8/2017 17:54,0.0,0.0,0.0,284.1,RFR,,,False,0,,Shipper 758,,,,11/13/2017 14:00,11/14/2017 2:00,False,False,False,False,False,False,False,True,Kent,WA ,Kent,WA 
10880,206594569,12/5/2017 11:14,12/5/2017 11:14,,12/13/2017 8:00,12/5/2017 11:25,0.0,0.0,0.0,344.4,DRV,,,False,0,,Shipper 758,,,,12/13/2017 10:00,12/14/2017 1:00,False,False,False,False,False,False,False,True,Cerritos,CA ,Cerritos,CA 
10881,206594505,8/30/2017 11:48,8/30/2017 11:48,,9/6/2017 17:00,9/6/2017 13:08,0.0,0.0,0.0,130.8,DRV,,,False,1,,Shipper 758,,,,9/6/2017 17:00,9/7/2017 1:00,False,False,False,False,False,False,False,True,Hawkins,TX ,Hawkins,TX 
10882,206597825,11/13/2017 15:45,11/13/2017 15:45,,11/15/2017 12:00,11/13/2017 15:56,0.0,0.0,0.0,130.8,DRV,,,False,0,,Shipper 758,,,,11/15/2017 14:00,11/15/2017 19:00,False,False,False,False,False,False,False,True,Hawkins,TX ,Hawkins,TX 
10883,206597761,8/28/2017 15:59,8/28/2017 15:59,,9/5/2017 15:00,9/1/2017 13:24,0.0,0.0,0.0,257.5,DRV,,,False,0,,Shipper 758,,,,9/5/2017 15:00,9/6/2017 7:30,False,False,False,False,False,False,False,True,Grapevine,TX ,Grapevine,TX 
10884,206596225,2/21/2017 8:37,2/21/2017 8:38,,3/2/2017 12:00,2/21/2017 9:47,0.0,0.0,0.0,574.7,DRV,,,False,0,,Shipper 758,,,,3/2/2017 20:00,3/3/2017 19:00,False,False,False,False,False,False,False,True,Fresno,CA ,Fresno,CA 
10885,206595649,12/7/2017 10:20,12/7/2017 10:20,,12/18/2017 12:00,12/7/2017 10:34,0.0,0.0,0.0,780.5,DRV,,,False,0,,Shipper 758,,,,12/18/2017 14:00,12/20/2017 0:00,False,False,False,False,False,False,False,True,Idaho Falls,ID ,Idaho Falls,ID 
10886,206595585,6/26/2017 18:06,6/26/2017 18:06,,7/3/2017 18:00,6/28/2017 16:56,0.0,0.0,0.0,130.8,DRV,,,False,0,,Shipper 758,,,,7/3/2017 18:00,7/4/2017 2:00,False,False,False,False,False,False,False,True,Hawkins,TX ,Hawkins,TX 
10887,206594753,5/4/2017 17:44,5/4/2017 17:44,,5/10/2017 10:00,5/5/2017 10:59,0.0,0.0,0.0,130.8,DRV,,,False,0,,Shipper 758,,,,5/10/2017 18:00,5/11/2017 0:00,False,False,False,False,False,False,False,True,Hawkins,TX ,Hawkins,TX 
10888,206549897,4/24/2017 18:09,4/24/2017 18:10,,4/27/2017 12:00,4/25/2017 10:14,0.0,0.0,0.0,284.1,RFR,,,False,0,,Shipper 758,,,,4/27/2017 20:00,4/27/2017 20:00,False,False,False,False,False,False,False,True,Kent,WA ,Kent,WA 
10889,206549513,5/24/2017 12:29,5/24/2017 12:29,,5/25/2017 14:00,5/24/2017 13:36,0.0,0.0,0.0,682.4,DRV,,,False,0,,Shipper 758,,,,5/25/2017 14:00,5/26/2017 20:00,False,False,False,False,False,False,False,True,Tracy,CA ,Tracy,CA 
10890,206594537,11/10/2017 17:05,11/10/2017 17:05,,11/26/2017 8:00,11/10/2017 17:55,0.0,0.0,0.0,506.4,DRV,,,False,0,,Shipper 758,,,,11/26/2017 10:00,11/27/2017 8:00,False,False,False,False,False,False,False,True,Idaho Falls,ID ,Idaho Falls,ID 
10891,206598425,8/16/2017 18:19,8/16/2017 18:19,,9/5/2017 18:30,9/1/2017 10:50,0.0,0.0,0.0,257.5,DRV,,,False,0,,Shipper 758,,,,9/5/2017 18:30,9/6/2017 6:00,False,False,False,False,False,False,False,True,Grapevine,TX ,Grapevine,TX 
10892,206598169,9/15/2017 10:14,9/15/2017 10:14,,9/26/2017 8:00,9/15/2017 10:56,0.0,0.0,0.0,130.8,DRV,,,False,0,,Shipper 758,,,,9/26/2017 10:00,9/26/2017 15:00,False,False,False,False,False,False,False,True,Hawkins,TX ,Hawkins,TX 
10893,206595289,9/15/2017 8:49,9/15/2017 8:49,,9/26/2017 8:00,9/15/2017 11:12,0.0,0.0,0.0,778.9,RFR,,,False,0,,Shipper 758,,,,9/26/2017 10:00,9/27/2017 19:00,False,False,False,False,False,False,False,True,Lodi,CA ,Lodi,CA 
10894,206774073,6/6/2017 14:46,6/6/2017 14:46,,6/13/2017 12:00,6/6/2017 14:54,0.0,0.0,0.0,271.5,DRV,,,False,0,,Shipper 758,,,,6/13/2017 20:00,6/13/2017 20:00,False,False,False,False,False,False,False,True,Cabazon,CA ,Cabazon,CA 
10895,206475649,9/18/2017 17:14,9/18/2017 17:14,9/19/2017 12:42,9/20/2017 14:00,9/19/2017 17:28,0.0,0.0,0.0,348.2,DRV,,,False,0,Carrier 1396793,Shipper 1386,,,,9/20/2017 14:00,9/21/2017 14:00,False,False,False,False,False,False,False,True,Baldwinsville,NY ,Baldwinsville,NY 
10896,206756921,5/30/2017 19:43,5/30/2017 19:44,,6/9/2017 12:00,5/30/2017 19:45,0.0,0.0,0.0,271.5,DRV,,,False,0,,Shipper 758,,,,6/9/2017 20:00,6/9/2017 20:00,False,False,False,False,False,False,False,True,Cabazon,CA ,Cabazon,CA 
10897,206709729,8/4/2017 13:52,8/4/2017 13:52,,8/10/2017 12:00,8/4/2017 14:11,0.0,0.0,0.0,232.3,DRV,,,False,0,,Shipper 758,,,,8/10/2017 14:00,8/11/2017 0:00,False,False,False,False,False,False,False,True,Taft,CA ,Taft,CA 
10898,206709665,3/7/2017 11:00,3/7/2017 11:00,,3/10/2017 12:00,3/8/2017 17:08,0.0,0.0,0.0,1388.3,DRV,,,False,0,,Shipper 758,,,,3/10/2017 20:00,3/13/2017 8:00,False,False,False,False,False,False,False,True,Ontario,CA ,Ontario,CA 
10899,206708705,5/16/2017 16:19,5/16/2017 16:20,,5/23/2017 19:00,5/22/2017 14:25,0.0,0.0,0.0,311.5,DRV,,,False,0,,Shipper 758,,,,5/23/2017 19:00,5/24/2017 21:00,False,False,False,False,False,False,False,True,Kent,WA ,Kent,WA 
10900,206707297,11/20/2017 17:13,11/20/2017 17:13,,12/2/2017 12:00,11/20/2017 17:15,0.0,0.0,0.0,778.9,RFR,,,False,0,,Shipper 758,,,,12/2/2017 14:00,12/3/2017 23:00,False,False,False,False,False,False,False,True,Lodi,CA ,Lodi,CA 
10901,206705721,5/4/2017 17:46,5/4/2017 17:46,,5/10/2017 10:00,5/5/2017 10:58,0.0,0.0,0.0,130.8,DRV,,,False,0,,Shipper 758,,,,5/10/2017 18:00,5/10/2017 18:00,False,False,False,False,False,False,False,True,Hawkins,TX ,Hawkins,TX 
10902,206652153,11/28/2017 16:53,11/28/2017 16:53,,12/5/2017 12:00,11/28/2017 16:55,0.0,0.0,0.0,132.7,DRV,,,False,0,,Shipper 758,,,,12/5/2017 14:00,12/5/2017 19:00,False,False,False,False,False,False,False,True,Winnsboro,TX ,Winnsboro,TX 
10903,206775057,8/17/2017 9:33,8/17/2017 9:33,,8/18/2017 12:00,8/17/2017 10:04,0.0,0.0,0.0,2074.2,RFR,,,False,0,,Shipper 758,,,,8/18/2017 14:00,8/22/2017 9:00,False,False,False,False,False,False,False,True,Geneva,IL ,Geneva,IL 
10904,206536457,11/28/2017 17:18,11/28/2017 17:18,,12/3/2017 12:05,11/28/2017 17:30,0.0,0.0,0.0,526.0,DRV,,,False,0,,Shipper 758,,,,12/3/2017 14:05,12/4/2017 12:05,False,False,False,False,False,False,False,True,Henderson,NV ,Henderson,NV 
10905,206530505,11/21/2017 10:46,11/21/2017 10:46,,11/24/2017 12:00,11/21/2017 11:08,0.0,0.0,0.0,1187.8,RFR,,,False,0,,Shipper 758,,,,11/24/2017 14:00,11/26/2017 17:00,False,False,False,False,False,False,False,True,Monte Vista,CO ,Monte Vista,CO 
10906,206650553,4/24/2017 17:52,4/24/2017 17:52,,4/26/2017 12:00,4/25/2017 10:13,0.0,0.0,0.0,284.1,RFR,,,False,0,,Shipper 758,,,,4/26/2017 20:00,4/26/2017 12:00,False,False,False,False,False,False,False,True,Kent,WA ,Kent,WA 
10907,206650425,7/17/2017 12:43,7/17/2017 12:43,,7/19/2017 12:00,7/17/2017 12:46,0.0,0.0,0.0,239.8,DRV,,,False,0,,Shipper 758,,,,7/19/2017 14:00,7/20/2017 0:00,False,False,False,False,False,False,False,True,Dallas,TX ,Dallas,TX 
10908,206649849,11/21/2017 12:09,11/21/2017 12:09,,11/22/2017 12:00,11/21/2017 12:16,0.0,0.0,0.0,165.5,RFR,,,False,0,,Shipper 758,,,,11/22/2017 14:00,11/22/2017 21:00,False,False,False,False,False,False,False,True,Wray,CO ,Wray,CO 
10909,206647481,8/18/2017 13:41,8/18/2017 13:41,,9/5/2017 17:00,9/5/2017 12:59,0.0,0.0,0.0,130.8,DRV,,,False,1,,Shipper 758,,,,9/5/2017 17:00,9/6/2017 1:30,False,False,False,False,False,False,False,True,Hawkins,TX ,Hawkins,TX 
10910,206647097,11/28/2017 16:55,11/28/2017 16:55,,12/5/2017 12:00,11/28/2017 16:55,0.0,0.0,0.0,132.7,DRV,,,False,0,,Shipper 758,,,,12/5/2017 14:00,12/5/2017 19:00,False,False,False,False,False,False,False,True,Winnsboro,TX ,Winnsboro,TX 
10911,206545321,10/6/2017 11:31,10/6/2017 11:31,,10/19/2017 8:00,10/9/2017 14:39,0.0,0.0,0.0,130.8,DRV,,,False,0,,Shipper 758,,,,10/19/2017 10:00,10/20/2017 1:30,False,False,False,False,False,False,False,True,Hawkins,TX ,Hawkins,TX 
10912,206540905,8/30/2017 11:54,8/30/2017 11:54,,9/7/2017 17:00,9/7/2017 9:46,0.0,0.0,0.0,130.8,DRV,,,False,1,,Shipper 758,,,,9/7/2017 17:00,9/8/2017 1:30,False,False,False,False,False,False,False,True,Hawkins,TX ,Hawkins,TX 
10913,206650609,12/5/2017 14:56,12/5/2017 14:56,,12/13/2017 12:00,12/7/2017 15:29,0.0,0.0,0.0,108.0,RFR,,,False,0,,Shipper 758,,,,12/13/2017 12:00,12/13/2017 18:00,False,False,False,False,False,False,False,True,Oxnard,CA ,Oxnard,CA 
10914,206650353,3/31/2017 17:26,3/31/2017 17:26,,4/18/2017 10:00,3/31/2017 18:02,0.0,0.0,0.0,130.8,DRV,,,False,0,,Shipper 758,,,,4/18/2017 18:00,4/18/2017 18:00,False,False,False,False,False,False,False,True,Hawkins,TX ,Hawkins,TX 
10915,206647409,1/18/2017 15:12,1/18/2017 15:12,,1/19/2017 11:00,1/19/2017 11:15,0.0,0.0,0.0,140.0,DRV,,,False,0,,Shipper 758,,,,1/19/2017 17:30,1/20/2017 20:00,False,False,False,False,False,False,False,True,Walla Walla,WA ,Walla Walla,WA 
10916,206526921,9/15/2017 10:18,9/15/2017 10:18,,9/25/2017 8:00,9/15/2017 11:45,0.0,0.0,0.0,130.8,DRV,,,False,0,,Shipper 758,,,,9/25/2017 10:00,9/25/2017 15:00,False,False,False,False,False,False,False,True,Hawkins,TX ,Hawkins,TX 
10917,206651297,8/25/2017 13:43,8/25/2017 13:43,,9/1/2017 12:00,8/29/2017 12:44,0.0,0.0,0.0,526.0,DRV,,,False,0,,Shipper 758,,,,9/1/2017 14:00,9/1/2017 23:30,False,False,False,False,False,False,False,True,Henderson,NV ,Henderson,NV 
10918,206647457,6/13/2017 15:35,6/13/2017 15:36,,6/19/2017 22:00,6/15/2017 17:21,0.0,0.0,0.0,271.5,DRV,,,False,0,,Shipper 758,,,,6/19/2017 22:00,6/20/2017 19:00,False,False,False,False,False,False,False,True,Cabazon,CA ,Cabazon,CA 
10919,206646945,9/14/2017 14:21,9/14/2017 14:22,,9/15/2017 10:00,9/15/2017 10:28,0.0,0.0,0.0,130.8,DRV,,,False,0,,Shipper 758,,,,9/15/2017 18:00,9/15/2017 18:00,False,False,False,False,False,False,False,True,Hawkins,TX ,Hawkins,TX 
10920,206535337,3/15/2017 14:42,3/15/2017 14:44,,4/3/2017 11:00,3/15/2017 14:46,0.0,0.0,0.0,563.0,DRV,,,False,0,,Shipper 758,,,,4/3/2017 19:00,4/4/2017 18:00,False,False,False,False,False,False,False,True,Denver,CO ,Denver,CO 
10921,206533929,4/4/2017 17:01,4/4/2017 17:01,,4/11/2017 12:00,4/4/2017 17:07,0.0,0.0,0.0,284.1,DRV,,,False,0,,Shipper 758,,,,4/11/2017 20:00,4/11/2017 20:00,False,False,False,False,False,False,False,True,Kent,WA ,Kent,WA 
10922,206523561,6/9/2017 10:58,6/9/2017 10:58,,6/13/2017 10:00,6/9/2017 13:12,0.0,0.0,0.0,130.8,DRV,,,False,0,,Shipper 758,,,,6/13/2017 18:00,6/13/2017 18:00,False,False,False,False,False,False,False,True,Hawkins,TX ,Hawkins,TX 
10923,206536385,7/13/2017 16:35,7/13/2017 16:35,,7/18/2017 12:00,7/13/2017 16:41,0.0,0.0,0.0,526.0,DRV,,,False,0,,Shipper 758,,,,7/18/2017 20:00,7/18/2017 20:00,False,False,False,False,False,False,False,True,Henderson,NV ,Henderson,NV 
10924,206535553,11/29/2017 15:25,11/29/2017 15:25,,12/6/2017 12:00,11/29/2017 16:01,0.0,0.0,0.0,130.8,DRV,,,False,0,,Shipper 758,,,,12/6/2017 14:00,12/6/2017 19:00,False,False,False,False,False,False,False,True,Hawkins,TX ,Hawkins,TX 
10925,206599153,1/19/2017 13:32,1/19/2017 13:32,,1/30/2017 12:00,1/27/2017 11:09,0.0,0.0,0.0,140.0,DRV,,,False,0,,Shipper 758,,,,1/30/2017 20:00,1/31/2017 19:00,False,False,False,False,False,False,False,True,Tracy,CA ,Tracy,CA 
10926,206598129,7/3/2017 12:36,7/3/2017 12:36,,7/13/2017 12:00,7/3/2017 12:38,0.0,0.0,0.0,284.1,DRV,,,False,0,,Shipper 758,,,,7/13/2017 20:00,7/13/2017 20:00,False,False,False,False,False,False,False,True,Kent,WA ,Kent,WA 
10927,206596337,11/28/2017 16:52,11/28/2017 16:52,,12/5/2017 12:00,11/28/2017 16:55,0.0,0.0,0.0,132.7,DRV,,,False,0,,Shipper 758,,,,12/5/2017 14:00,12/5/2017 19:00,False,False,False,False,False,False,False,True,Winnsboro,TX ,Winnsboro,TX 
10928,206603849,12/12/2017 16:28,12/12/2017 16:29,12/13/2017 11:08,12/14/2017 16:00,12/14/2017 17:46,0.0,0.0,0.0,400.5,DRV,,,False,0,Carrier 941668,Shipper 1386,True,True,True,12/14/2017 16:00,12/15/2017 23:55,False,False,False,False,False,False,False,True,Jacksonville,FL ,Jacksonville,FL 
10929,206534097,5/22/2017 14:39,5/22/2017 14:39,5/23/2017 9:11,5/23/2017 11:00,5/24/2017 17:47,0.0,150.0,0.0,226.8,DRV,,,False,0,Carrier 49679,Shipper 1386,,,,5/23/2017 12:00,5/23/2017 14:30,False,False,False,False,False,False,False,True,La Porte,TX ,La Porte,TX 
10930,206582473,7/24/2017 16:59,7/24/2017 16:59,7/25/2017 13:15,7/25/2017 18:00,7/25/2017 18:35,0.0,250.0,0.0,471.2,RFR,,,False,0,Carrier 1268215,Shipper 1375,True,True,True,7/25/2017 18:00,7/26/2017 11:00,False,False,False,False,False,False,False,False,Granite City,IL ,Granite City,IL 
10931,206488841,12/5/2017 16:41,12/5/2017 16:41,12/7/2017 12:19,12/8/2017 17:00,12/12/2017 11:00,0.0,150.0,0.0,2847.9,RFR,,ts_in,False,0,Carrier 1030395,Shipper 1386,True,True,True,12/8/2017 17:00,12/12/2017 11:00,False,False,False,False,False,False,False,False,Fairfield,CA ,Fairfield,CA 
10932,206596273,6/9/2017 12:13,6/9/2017 12:13,,6/13/2017 10:00,6/9/2017 13:12,0.0,0.0,0.0,130.8,DRV,,,False,0,,Shipper 758,,,,6/13/2017 18:00,6/13/2017 18:00,False,False,False,False,False,False,False,True,Hawkins,TX ,Hawkins,TX 
10933,206595633,10/18/2017 14:32,10/18/2017 14:32,,10/25/2017 12:00,10/18/2017 17:36,0.0,0.0,0.0,1172.0,DRV,,,False,0,,Shipper 758,,,,10/25/2017 20:00,10/27/2017 20:00,False,False,False,False,False,False,False,True,La Pine,OR ,La Pine,OR 
10934,206595313,11/13/2017 9:09,11/13/2017 9:09,,11/16/2017 15:00,11/16/2017 18:01,0.0,0.0,0.0,0.0,RFR,,,False,0,,Shipper 758,,,,11/16/2017 15:00,11/16/2017 21:00,False,False,False,False,False,False,False,True,Tracy,CA ,Tracy,CA 
10935,206598713,12/15/2017 13:21,12/15/2017 13:21,,12/21/2017 12:00,12/15/2017 13:51,0.0,0.0,0.0,130.8,DRV,,,False,0,,Shipper 758,,,,12/21/2017 14:00,12/21/2017 19:00,False,False,False,False,False,False,False,True,Hawkins,TX ,Hawkins,TX 
10936,206598201,10/18/2017 15:11,10/18/2017 15:11,,10/27/2017 12:00,10/18/2017 15:21,0.0,0.0,0.0,1147.5,DRV,,,False,0,,Shipper 758,,,,10/27/2017 14:00,10/29/2017 14:00,False,False,False,False,False,False,False,True,La Pine,OR ,La Pine,OR 
10937,206523521,3/28/2017 14:03,3/28/2017 14:03,,4/6/2017 12:00,3/29/2017 8:45,0.0,0.0,0.0,284.1,DRV,,,False,0,,Shipper 758,,,,4/6/2017 20:00,4/6/2017 20:00,False,False,False,False,False,False,False,True,Kent,WA ,Kent,WA 
10938,206756945,9/22/2017 9:52,9/22/2017 9:52,,10/8/2017 8:00,9/22/2017 13:07,0.0,0.0,0.0,130.8,DRV,,,False,0,,Shipper 758,,,,10/8/2017 10:00,10/8/2017 15:00,False,False,False,False,False,False,False,True,Hawkins,TX ,Hawkins,TX 
10939,206708881,11/10/2017 17:23,11/10/2017 17:23,,11/21/2017 12:00,11/10/2017 17:42,0.0,0.0,0.0,284.1,DRV,,,False,0,,Shipper 758,,,,11/21/2017 14:00,11/22/2017 2:00,False,False,False,False,False,False,False,True,Kent,WA ,Kent,WA 
10940,206705873,12/5/2017 14:01,12/5/2017 14:01,,12/6/2017 12:00,12/5/2017 15:14,0.0,0.0,0.0,27.2,DRV,,,False,0,,Shipper 758,,,,12/6/2017 14:00,12/7/2017 8:00,False,False,False,False,False,False,False,True,Jurupa Valley,CA ,Jurupa Valley,CA 
10941,206705809,6/6/2017 15:04,6/6/2017 15:04,,6/7/2017 19:00,6/6/2017 17:26,0.0,0.0,0.0,1124.2,RFR,,,False,0,,Shipper 758,,,,6/7/2017 19:00,6/10/2017 20:00,False,False,False,False,False,False,False,True,Santa Maria,CA ,Santa Maria,CA 
10942,206705681,1/16/2017 11:43,1/16/2017 11:43,,1/31/2017 10:00,1/18/2017 12:39,0.0,0.0,0.0,140.0,DRV,,,False,0,,Shipper 758,,,,1/31/2017 18:00,1/31/2017 18:00,False,False,False,False,False,False,False,True,Hawkins,TX ,Hawkins,TX 
10943,206648337,11/17/2017 12:02,11/17/2017 12:02,,11/30/2017 18:00,11/28/2017 10:45,0.0,0.0,0.0,130.8,DRV,,,False,1,,Shipper 758,,,,11/30/2017 18:00,12/1/2017 1:30,False,False,False,False,False,False,False,True,Hawkins,TX ,Hawkins,TX 
10944,206549913,5/4/2017 17:55,5/4/2017 17:55,,5/10/2017 10:00,5/5/2017 10:58,0.0,0.0,0.0,130.8,DRV,,,False,0,,Shipper 758,,,,5/10/2017 18:00,5/10/2017 18:00,False,False,False,False,False,False,False,True,Hawkins,TX ,Hawkins,TX 
10945,206549593,3/1/2017 10:32,3/1/2017 10:32,,3/7/2017 10:00,3/3/2017 13:51,0.0,0.0,0.0,130.8,DRV,,,False,0,,Shipper 758,,,,3/7/2017 18:00,3/8/2017 8:00,False,False,False,False,False,False,False,True,Hawkins,TX ,Hawkins,TX 
10946,206536601,4/11/2017 12:37,4/11/2017 12:37,,4/17/2017 10:00,4/11/2017 12:42,0.0,0.0,0.0,130.8,DRV,,,False,0,,Shipper 758,,,,4/17/2017 18:00,4/17/2017 18:00,False,False,False,False,False,False,False,True,Hawkins,TX ,Hawkins,TX 
10947,206594145,3/6/2017 14:30,3/6/2017 14:30,,3/8/2017 10:00,3/6/2017 14:32,0.0,0.0,0.0,130.8,DRV,,,False,0,,Shipper 758,,,,3/8/2017 18:00,3/8/2017 18:00,False,False,False,False,False,False,False,True,Hawkins,TX ,Hawkins,TX 
10948,206550049,10/5/2017 13:57,10/5/2017 13:58,,10/14/2017 17:00,10/6/2017 9:44,0.0,0.0,0.0,1174.2,RFR,,,False,0,,Shipper 758,,,,10/14/2017 17:00,10/17/2017 10:00,False,False,False,False,False,False,False,True,La Pine,OR ,La Pine,OR 
10949,206549537,6/6/2017 9:01,6/6/2017 9:01,,6/13/2017 12:00,6/7/2017 8:27,0.0,0.0,0.0,271.5,DRV,,,False,0,,Shipper 758,,,,6/13/2017 20:00,6/14/2017 19:00,False,False,False,False,False,False,False,True,Cabazon,CA ,Cabazon,CA 
10950,206549881,3/23/2017 11:26,3/23/2017 11:26,,3/29/2017 11:00,3/28/2017 17:21,0.0,0.0,0.0,284.1,RFR,,,False,0,,Shipper 758,,,,3/30/2017 0:00,3/30/2017 11:00,False,False,False,False,False,False,False,True,Kent,WA ,Kent,WA 
10951,206549689,10/2/2017 9:04,10/2/2017 9:05,,10/30/2017 8:00,10/17/2017 17:17,0.0,0.0,0.0,130.8,DRV,,,False,2,,Shipper 758,,,,10/30/2017 8:00,10/30/2017 14:00,False,False,False,False,False,False,False,True,Hawkins,TX ,Hawkins,TX 
10952,206530585,4/25/2017 8:54,4/25/2017 8:54,,5/4/2017 12:00,4/25/2017 10:25,0.0,0.0,0.0,284.1,DRV,,,False,0,,Shipper 758,,,,5/4/2017 20:00,5/4/2017 20:00,False,False,False,False,False,False,False,True,Kent,WA ,Kent,WA 
10953,206527385,11/10/2017 11:13,11/10/2017 11:13,,11/16/2017 12:00,11/10/2017 16:11,0.0,0.0,0.0,130.8,DRV,,,False,0,,Shipper 758,,,,11/16/2017 14:00,11/16/2017 19:00,False,False,False,False,False,False,False,True,Hawkins,TX ,Hawkins,TX 
10954,206536633,8/18/2017 13:59,8/18/2017 13:59,,9/5/2017 17:00,9/5/2017 13:03,0.0,0.0,0.0,130.8,DRV,,,False,2,,Shipper 758,,,,9/5/2017 17:00,9/6/2017 1:30,False,False,False,False,False,False,False,True,Hawkins,TX ,Hawkins,TX 
10955,206535481,6/13/2017 18:07,6/13/2017 18:07,,6/20/2017 12:00,6/15/2017 12:41,0.0,0.0,0.0,422.7,DRV,,,False,0,,Shipper 758,,,,6/20/2017 20:00,6/21/2017 20:00,False,False,False,False,False,False,False,True,Oxnard,CA ,Oxnard,CA 
10956,206595601,9/12/2017 18:57,9/12/2017 18:57,,9/18/2017 12:00,9/12/2017 19:01,0.0,0.0,0.0,1274.1,RFR,,,False,0,,Shipper 758,,,,9/18/2017 20:00,9/20/2017 19:00,False,False,False,False,False,False,False,True,Union Gap,WA ,Union Gap,WA 
10957,206595473,2/7/2017 13:07,2/7/2017 13:07,,2/13/2017 10:00,2/7/2017 15:08,0.0,0.0,0.0,140.0,DRV,,,False,0,,Shipper 758,,,,2/13/2017 18:00,2/13/2017 18:00,False,False,False,False,False,False,False,True,Hawkins,TX ,Hawkins,TX 
10958,206594513,9/5/2017 18:07,9/5/2017 18:08,,9/12/2017 8:00,9/6/2017 16:13,0.0,0.0,0.0,284.1,DRV,,,False,0,,Shipper 758,,,,9/12/2017 10:00,9/12/2017 9:00,False,False,False,False,False,False,False,True,Kent,WA ,Kent,WA 
10959,206545329,10/11/2017 9:09,10/11/2017 9:09,,10/20/2017 12:00,10/11/2017 18:00,0.0,0.0,0.0,778.9,RFR,,,False,0,,Shipper 758,,,,10/20/2017 14:00,10/24/2017 2:00,False,False,False,False,False,False,False,True,Lodi,CA ,Lodi,CA 
10960,206549585,2/23/2017 18:10,2/23/2017 18:10,,2/27/2017 9:00,2/23/2017 18:11,0.0,0.0,0.0,1296.4,DRV,,,False,0,,Shipper 758,,,,2/27/2017 17:00,3/1/2017 18:00,False,False,False,False,False,False,False,True,Denver,PA ,Denver,PA 
10961,206545697,11/22/2017 9:20,11/22/2017 9:20,,11/27/2017 12:00,11/22/2017 9:21,0.0,0.0,0.0,284.1,RFR,,,False,0,,Shipper 758,,,,11/27/2017 14:00,11/28/2017 2:00,False,False,False,False,False,False,False,True,Kent,WA ,Kent,WA 
10962,206482641,12/19/2017 8:51,12/19/2017 8:51,12/21/2017 14:15,12/26/2017 14:00,12/26/2017 14:33,0.0,0.0,0.0,279.9,DRV,,,False,0,Carrier 45414,Shipper 1386,,,,12/26/2017 14:00,12/27/2017 8:00,False,False,False,False,False,False,False,True,Cartersville,GA ,Cartersville,GA 
10963,206534097,5/22/2017 14:39,5/22/2017 14:39,5/23/2017 9:11,5/23/2017 11:00,5/24/2017 17:47,0.0,150.0,0.0,226.8,DRV,,,False,0,Carrier 49679,Shipper 1248,,,,5/23/2017 12:00,5/23/2017 14:30,False,False,False,False,False,False,False,True,La Porte,TX ,La Porte,TX 
10964,206438153,12/14/2017 16:26,12/14/2017 16:26,12/15/2017 10:28,12/16/2017 14:00,12/15/2017 17:59,0.0,0.0,0.0,1702.2,RFR,,,False,0,Carrier 920764,Shipper 1386,,,,12/16/2017 14:00,12/19/2017 16:00,False,False,False,False,False,False,False,True,Williamsburg,VA ,Williamsburg,VA 
10965,206474273,12/15/2017 11:24,12/15/2017 11:24,12/15/2017 11:27,12/16/2017 12:00,12/17/2017 5:00,0.0,150.0,0.0,400.5,DRV,,livejobs,False,0,Carrier 941668,Shipper 1386,True,True,True,12/16/2017 14:00,12/17/2017 7:00,False,False,False,False,False,False,False,False,Jacksonville,FL ,Jacksonville,FL 
10966,206530849,9/22/2017 10:07,9/22/2017 10:07,,10/11/2017 18:00,10/10/2017 13:15,0.0,0.0,0.0,778.9,RFR,,,False,1,,Shipper 758,,,,10/11/2017 18:00,10/13/2017 9:00,False,False,False,False,False,False,False,True,Lodi,CA ,Lodi,CA 
10967,206528609,6/13/2017 18:05,6/13/2017 18:06,,6/19/2017 12:00,6/15/2017 12:40,0.0,0.0,0.0,422.7,DRV,,,False,0,,Shipper 758,,,,6/19/2017 20:00,6/20/2017 20:00,False,False,False,False,False,False,False,True,Oxnard,CA ,Oxnard,CA 
10968,206528633,8/22/2017 8:44,8/22/2017 8:44,,8/31/2017 17:00,8/30/2017 14:08,0.0,0.0,0.0,130.8,DRV,,,False,1,,Shipper 758,,,,8/31/2017 17:00,9/1/2017 1:30,False,False,False,False,False,False,False,True,Hawkins,TX ,Hawkins,TX 
10969,206530577,4/18/2017 13:01,4/18/2017 13:01,,4/24/2017 10:00,4/18/2017 13:11,0.0,0.0,0.0,130.8,DRV,,,False,0,,Shipper 758,,,,4/24/2017 18:00,4/24/2017 18:00,False,False,False,False,False,False,False,True,Hawkins,TX ,Hawkins,TX 
10970,206530513,11/28/2017 12:06,11/28/2017 12:06,,12/11/2017 10:00,12/8/2017 15:18,0.0,0.0,0.0,281.4,DRV,,,False,0,,Shipper 758,,,,12/11/2017 15:00,12/12/2017 20:00,False,False,False,False,False,False,False,True,Kent,WA ,Kent,WA 
10971,206526897,3/10/2017 16:54,3/10/2017 16:55,,3/23/2017 12:00,3/20/2017 17:06,0.0,0.0,0.0,284.1,DRV,,,False,0,,Shipper 758,,,,3/23/2017 20:00,3/24/2017 17:00,False,False,False,False,False,False,False,True,Kent,WA ,Kent,WA 
10972,206468009,11/10/2017 11:16,11/10/2017 11:16,,11/16/2017 12:00,11/10/2017 16:11,0.0,0.0,0.0,130.8,DRV,,,False,0,,Shipper 758,,,,11/16/2017 14:00,11/16/2017 19:00,False,False,False,False,False,False,False,True,Hawkins,TX ,Hawkins,TX 
10973,206467625,8/28/2017 16:04,8/28/2017 16:04,,9/6/2017 18:00,9/1/2017 13:21,0.0,0.0,0.0,257.5,DRV,,,False,0,,Shipper 758,,,,9/6/2017 18:00,9/7/2017 7:00,False,False,False,False,False,False,False,True,Grapevine,TX ,Grapevine,TX 
10974,206437993,9/22/2017 10:03,9/22/2017 10:03,,10/11/2017 20:00,10/10/2017 13:17,0.0,0.0,0.0,778.9,RFR,,,False,1,,Shipper 758,,,,10/11/2017 20:00,10/13/2017 10:00,False,False,False,False,False,False,False,True,Lodi,CA ,Lodi,CA 
10975,206432937,8/29/2017 13:35,8/29/2017 13:35,,9/6/2017 17:00,9/6/2017 11:48,0.0,0.0,0.0,130.8,DRV,,,False,1,,Shipper 758,,,,9/6/2017 17:00,9/7/2017 1:30,False,False,False,False,False,False,False,True,Hawkins,TX ,Hawkins,TX 
10976,206471113,10/6/2017 11:29,10/6/2017 11:29,,10/19/2017 8:00,10/9/2017 14:40,0.0,0.0,0.0,130.8,DRV,,,False,0,,Shipper 758,,,,10/19/2017 10:00,10/20/2017 1:30,False,False,False,False,False,False,False,True,Hawkins,TX ,Hawkins,TX 
10977,206577673,9/27/2017 16:43,9/27/2017 16:43,9/28/2017 10:40,9/30/2017 14:00,9/29/2017 15:14,0.0,0.0,0.0,1332.1,DRV,,,False,0,Carrier 154563,Shipper 1248,,,,9/30/2017 14:00,10/2/2017 23:00,False,False,False,False,False,False,False,True,Williamsburg,VA ,Williamsburg,VA 
10978,206576449,11/2/2017 9:07,11/2/2017 9:07,11/2/2017 14:13,11/3/2017 8:00,11/2/2017 14:39,0.0,0.0,0.0,342.7,DRV,,,False,0,Carrier 1679937,Shipper 1248,,,,11/3/2017 18:00,11/4/2017 23:00,False,False,False,False,False,False,False,True,Merrimack,NH ,Merrimack,NH 
10979,206603849,12/12/2017 16:28,12/12/2017 16:29,12/13/2017 11:08,12/14/2017 16:00,12/14/2017 17:46,0.0,0.0,0.0,400.5,DRV,,,False,0,Carrier 941668,Shipper 1248,True,True,True,12/14/2017 16:00,12/15/2017 23:55,False,False,False,False,False,False,False,True,Jacksonville,FL ,Jacksonville,FL 
10980,206469577,6/13/2017 15:38,6/13/2017 15:38,,6/21/2017 22:00,6/15/2017 17:22,0.0,0.0,0.0,271.5,DRV,,,False,0,,Shipper 758,,,,6/21/2017 22:00,6/22/2017 19:00,False,False,False,False,False,False,False,True,Cabazon,CA ,Cabazon,CA 
10981,206470745,9/14/2017 14:20,9/14/2017 14:20,,9/15/2017 10:00,9/14/2017 14:21,0.0,0.0,0.0,130.8,DRV,,,False,0,,Shipper 758,,,,9/15/2017 18:00,9/15/2017 18:00,False,False,False,False,False,False,False,True,Hawkins,TX ,Hawkins,TX 
10982,206469657,9/12/2017 13:48,9/12/2017 13:49,,9/18/2017 12:00,9/12/2017 14:22,0.0,0.0,0.0,130.8,DRV,,,False,0,,Shipper 758,,,,9/18/2017 14:00,9/18/2017 19:00,False,False,False,False,False,False,False,True,Hawkins,TX ,Hawkins,TX 
10983,206466137,5/4/2017 17:48,5/4/2017 17:48,,5/10/2017 10:00,5/5/2017 10:59,0.0,0.0,0.0,130.8,DRV,,,False,0,,Shipper 758,,,,5/10/2017 18:00,5/10/2017 18:00,False,False,False,False,False,False,False,True,Hawkins,TX ,Hawkins,TX 
10984,206438489,10/18/2017 14:39,10/18/2017 14:39,,10/25/2017 12:00,10/18/2017 17:36,0.0,0.0,0.0,1172.0,DRV,,,False,0,,Shipper 758,,,,10/25/2017 20:00,10/27/2017 20:00,False,False,False,False,False,False,False,True,La Pine,OR ,La Pine,OR 
10985,206434201,10/19/2017 10:12,10/19/2017 10:13,,10/31/2017 18:00,10/26/2017 18:59,0.0,0.0,0.0,799.2,DRV,,,False,0,,Shipper 758,,,,10/31/2017 18:00,11/2/2017 10:00,False,False,False,False,False,False,False,True,Idaho Falls,ID ,Idaho Falls,ID 
10986,206470065,9/7/2017 9:48,9/7/2017 9:48,,9/20/2017 17:00,9/18/2017 10:57,0.0,0.0,0.0,130.8,DRV,,,False,1,,Shipper 758,,,,9/20/2017 17:00,9/21/2017 1:30,False,False,False,False,False,False,False,True,Hawkins,TX ,Hawkins,TX 
10987,206525153,11/21/2017 16:53,11/21/2017 16:53,,11/27/2017 8:00,11/21/2017 16:56,0.0,0.0,0.0,526.0,DRV,,,False,0,,Shipper 758,,,,11/27/2017 10:00,11/28/2017 8:00,False,False,False,False,False,False,False,True,Henderson,NV ,Henderson,NV 
10988,206471121,11/13/2017 9:06,11/13/2017 9:06,,11/16/2017 15:00,11/16/2017 18:02,0.0,0.0,0.0,0.0,RFR,,,False,0,,Shipper 758,,,,11/16/2017 15:00,11/17/2017 1:00,False,False,False,False,False,False,False,True,Tracy,CA ,Tracy,CA 
10989,206470737,8/18/2017 13:37,8/18/2017 13:37,,9/5/2017 18:00,9/6/2017 11:18,0.0,0.0,0.0,130.8,DRV,,,False,2,,Shipper 758,,,,9/5/2017 18:00,9/6/2017 2:30,False,False,False,False,False,False,False,True,Hawkins,TX ,Hawkins,TX 
10990,206475649,9/18/2017 17:14,9/18/2017 17:14,9/19/2017 12:42,9/20/2017 14:00,9/19/2017 17:28,0.0,0.0,0.0,348.2,DRV,,,False,0,Carrier 1396793,Shipper 1248,,,,9/20/2017 14:00,9/21/2017 14:00,False,False,False,False,False,False,False,True,Baldwinsville,NY ,Baldwinsville,NY 
10991,206488841,12/5/2017 16:41,12/5/2017 16:41,12/7/2017 12:19,12/8/2017 17:00,12/12/2017 11:00,0.0,150.0,0.0,2847.9,RFR,,ts_in,False,0,Carrier 1030395,Shipper 1248,True,True,True,12/8/2017 17:00,12/12/2017 11:00,False,False,False,False,False,False,False,False,Fairfield,CA ,Fairfield,CA 
10992,206470033,6/13/2017 15:37,6/13/2017 15:37,,6/20/2017 22:00,6/15/2017 17:21,0.0,0.0,0.0,271.5,DRV,,,False,0,,Shipper 758,,,,6/20/2017 22:00,6/21/2017 19:00,False,False,False,False,False,False,False,True,Cabazon,CA ,Cabazon,CA 
10993,206469585,7/6/2017 11:59,7/6/2017 12:00,,7/7/2017 8:30,7/7/2017 12:02,0.0,0.0,0.0,2110.3,RFR,,,False,0,,Shipper 758,,,,7/7/2017 16:00,7/11/2017 9:00,False,False,False,False,False,False,False,True,Bellevue,WA ,Bellevue,WA 
10994,206432945,9/20/2017 11:12,9/20/2017 11:12,,10/6/2017 21:00,10/3/2017 18:18,0.0,0.0,0.0,778.9,RFR,,,False,0,,Shipper 758,,,,10/6/2017 21:00,10/9/2017 10:00,False,False,False,False,False,False,False,True,Lodi,CA ,Lodi,CA 
10995,206470329,10/10/2017 8:59,10/10/2017 8:59,,11/1/2017 17:00,10/10/2017 18:56,0.0,0.0,0.0,778.9,RFR,,,False,0,,Shipper 758,,,,11/1/2017 17:00,11/3/2017 9:00,False,False,False,False,False,False,False,True,Lodi,CA ,Lodi,CA 
10996,206470009,4/18/2017 13:06,4/18/2017 13:06,,4/24/2017 10:00,4/18/2017 13:11,0.0,0.0,0.0,130.8,DRV,,,False,0,,Shipper 758,,,,4/24/2017 18:00,4/24/2017 18:00,False,False,False,False,False,False,False,True,Hawkins,TX ,Hawkins,TX 
10997,206469625,9/26/2017 10:23,9/26/2017 10:23,,10/11/2017 8:00,9/26/2017 13:24,0.0,0.0,0.0,130.8,DRV,,,False,0,,Shipper 758,,,,10/11/2017 10:00,10/11/2017 15:00,False,False,False,False,False,False,False,True,Hawkins,TX ,Hawkins,TX 
10998,206432889,4/13/2017 12:49,4/13/2017 12:50,,4/18/2017 12:00,4/13/2017 13:47,0.0,0.0,0.0,371.0,DRV,,,False,0,,Shipper 758,,,,4/18/2017 20:00,4/20/2017 2:00,False,False,False,False,False,False,False,True,El Monte,CA ,El Monte,CA 
10999,206431737,9/12/2017 15:43,9/12/2017 15:43,,9/25/2017 17:00,9/21/2017 15:50,0.0,0.0,0.0,130.8,DRV,,,False,1,,Shipper 758,,,,9/25/2017 17:00,9/26/2017 1:30,False,False,False,False,False,False,False,True,Hawkins,TX ,Hawkins,TX 
11000,206429305,7/20/2017 13:07,7/20/2017 13:07,,7/26/2017 1:30,7/20/2017 15:41,0.0,0.0,0.0,130.8,DRV,,,False,0,,Shipper 758,,,,7/26/2017 1:30,7/26/2017 0:30,False,False,False,False,False,False,False,True,Hawkins,TX ,Hawkins,TX 
11001,206428921,2/24/2017 17:35,2/24/2017 17:36,,3/2/2017 10:00,2/27/2017 11:22,0.0,0.0,0.0,252.3,DRV,,,False,0,,Shipper 758,,,,3/2/2017 18:00,3/2/2017 18:00,False,False,False,False,False,False,False,True,Arlington,TX ,Arlington,TX 
11002,206467601,4/18/2017 13:03,4/18/2017 13:04,,4/24/2017 10:00,4/18/2017 13:11,0.0,0.0,0.0,130.8,DRV,,,False,0,,Shipper 758,,,,4/24/2017 18:00,4/24/2017 18:00,False,False,False,False,False,False,False,True,Hawkins,TX ,Hawkins,TX 
11003,206438481,8/11/2017 11:57,8/11/2017 11:57,,8/30/2017 10:00,8/25/2017 16:10,0.0,0.0,0.0,526.0,DRV,,,False,0,,Shipper 758,,,,8/30/2017 18:00,8/31/2017 11:00,False,False,False,False,False,False,False,True,Henderson,NV ,Henderson,NV 
11004,206432977,11/17/2017 11:41,11/17/2017 11:41,,11/30/2017 18:00,11/28/2017 9:31,0.0,0.0,0.0,130.8,DRV,,,False,0,,Shipper 758,,,,11/30/2017 18:00,12/1/2017 1:30,False,False,False,False,False,False,False,True,Hawkins,TX ,Hawkins,TX 
11005,206432913,6/6/2017 14:44,6/6/2017 14:44,,6/14/2017 12:00,6/6/2017 14:55,0.0,0.0,0.0,271.5,DRV,,,False,0,,Shipper 758,,,,6/14/2017 20:00,6/14/2017 20:00,False,False,False,False,False,False,False,True,Cabazon,CA ,Cabazon,CA 
11006,206433377,9/6/2017 9:15,9/6/2017 9:16,,9/20/2017 17:00,9/18/2017 10:56,0.0,0.0,0.0,130.8,DRV,,,False,1,,Shipper 758,,,,9/20/2017 17:00,9/21/2017 1:30,False,False,False,False,False,False,False,True,Hawkins,TX ,Hawkins,TX 
11007,206432993,12/27/2017 10:14,12/27/2017 10:14,,1/4/2018 12:00,12/27/2017 10:52,0.0,0.0,0.0,132.7,DRV,,,False,0,,Shipper 758,,,,1/4/2018 14:00,1/4/2018 19:00,False,False,False,False,False,False,False,True,Winnsboro,TX ,Winnsboro,TX 
11008,206432929,8/15/2017 20:15,8/15/2017 20:16,,8/18/2017 12:00,8/22/2017 17:22,0.0,0.0,0.0,2765.3,RFR,,,False,0,,Shipper 758,,,,8/18/2017 20:00,8/23/2017 17:00,False,False,False,False,False,False,False,True,Bellevue,WA ,Bellevue,WA 
11009,206428833,6/9/2017 10:55,6/9/2017 10:55,,6/13/2017 10:00,6/9/2017 13:12,0.0,0.0,0.0,130.8,DRV,,,False,0,,Shipper 758,,,,6/13/2017 18:00,6/13/2017 18:00,False,False,False,False,False,False,False,True,Hawkins,TX ,Hawkins,TX 
11010,206426657,4/12/2017 18:51,4/12/2017 18:51,,4/18/2017 12:00,4/13/2017 13:45,0.0,0.0,0.0,371.0,DRV,,,False,0,,Shipper 758,,,,4/18/2017 20:00,4/18/2017 20:00,False,False,False,False,False,False,False,True,El Monte,CA ,El Monte,CA 
11011,206548465,9/1/2017 11:37,9/1/2017 11:37,10/13/2017 9:52,10/13/2017 17:00,10/16/2017 12:00,0.0,150.0,0.0,1015.2,DRV,,,False,0,Carrier 1050870,Shipper 585,True,True,True,10/13/2017 17:00,10/16/2017 12:00,False,False,False,False,False,False,False,False,Santa Ana,CA ,Santa Ana,CA 
11012,206776137,12/4/2017 17:06,12/4/2017 17:06,,12/6/2017 16:00,12/6/2017 9:21,0.0,0.0,0.0,2847.9,DRV,,,False,1,,Shipper 1386,,,,12/6/2017 16:00,12/11/2017 6:00,False,False,False,False,False,False,False,True,Fairfield,CA ,Fairfield,CA 
11013,206775113,9/14/2017 17:26,9/14/2017 17:26,,9/17/2017 14:00,9/15/2017 9:25,0.0,0.0,0.0,449.5,RFR,,,False,0,,Shipper 1386,,,,9/17/2017 14:00,9/18/2017 17:00,False,False,False,False,False,False,False,True,Fort Collins,CO ,Fort Collins,CO 
11014,206774089,6/27/2017 17:24,6/27/2017 17:25,,7/2/2017 10:00,6/27/2017 17:25,0.0,0.0,0.0,749.8,DRV,,,False,0,,Shipper 1386,,,,7/2/2017 12:00,7/3/2017 12:00,False,False,False,False,False,False,False,True,Pleasant Prairie,WI ,Pleasant Prairie,WI 
11015,206758345,12/29/2017 12:52,12/29/2017 12:52,,1/2/2018 12:00,12/29/2017 13:03,0.0,0.0,0.0,328.8,DRV,,,False,0,,Shipper 1386,,,,1/2/2018 14:00,1/3/2018 4:00,False,False,False,False,False,False,False,True,Johnstown,PA ,Johnstown,PA 
11016,206758281,6/26/2017 14:39,6/26/2017 14:40,,6/27/2017 9:00,6/26/2017 15:25,0.0,0.0,0.0,165.5,DRV,,,False,0,,Shipper 1386,,,,6/27/2017 17:00,6/27/2017 17:00,False,False,False,False,False,False,False,True,Williamsburg,VA ,Williamsburg,VA 
11017,206774081,6/9/2017 16:34,6/9/2017 16:35,,6/12/2017 16:00,6/9/2017 17:42,0.0,0.0,0.0,219.3,DRV,,,False,0,,Shipper 1386,,,,6/12/2017 16:00,6/13/2017 17:00,False,False,False,False,False,False,False,True,Cartersville,GA ,Cartersville,GA 
11018,206759489,11/1/2017 16:15,11/1/2017 16:15,,11/3/2017 18:00,11/2/2017 15:33,0.0,0.0,0.0,1122.2,RFR,,,False,0,,Shipper 1386,,,,11/3/2017 18:00,11/6/2017 15:00,False,False,False,False,False,False,False,True,Fairfield,CA ,Fairfield,CA 
11019,206776089,8/1/2017 11:54,8/1/2017 11:54,,8/1/2017 12:00,8/1/2017 12:02,0.0,0.0,0.0,250.6,DRV,,,False,0,,Shipper 1386,,,,8/1/2017 14:00,8/2/2017 0:00,False,False,False,False,False,False,False,True,Merrimack,NH ,Merrimack,NH 
11020,206775193,12/18/2017 18:19,12/18/2017 18:19,,12/20/2017 15:00,12/19/2017 8:42,0.0,0.0,0.0,334.9,RFR,,,False,0,,Shipper 1386,,,,12/20/2017 17:00,12/21/2017 7:00,False,False,False,False,False,False,False,True,St. Louis,MO ,St. Louis,MO 
11021,206708825,5/22/2017 15:19,5/22/2017 15:19,,5/23/2017 4:00,5/22/2017 15:54,0.0,0.0,0.0,323.0,RFR,,,False,0,,Shipper 1386,,,,5/23/2017 4:00,5/24/2017 23:00,False,False,False,False,False,False,False,True,Jacksonville,FL ,Jacksonville,FL 
11022,206759401,7/7/2017 16:20,7/7/2017 16:20,,7/12/2017 9:00,7/10/2017 11:53,0.0,0.0,0.0,89.5,DRV,,,False,0,,Shipper 1386,,,,7/12/2017 17:00,7/13/2017 6:00,False,False,False,False,False,False,False,True,Newark,NJ ,Newark,NJ 
11023,206758313,9/19/2017 9:32,9/19/2017 9:32,,9/29/2017 16:00,9/27/2017 16:53,0.0,0.0,0.0,351.9,DRV,,,False,0,,Shipper 1386,,,,9/29/2017 16:00,10/2/2017 15:00,False,False,False,False,False,False,False,True,Colonial Heights,VA ,Colonial Heights,VA 
11024,206754793,7/26/2017 10:59,7/26/2017 10:59,,7/31/2017 2:00,7/26/2017 15:01,0.0,0.0,0.0,170.3,DRV,,,False,0,,Shipper 1386,,,,7/31/2017 2:00,7/31/2017 16:00,False,False,False,False,False,False,False,True,Aurora,CO ,Aurora,CO 
11025,206652649,10/20/2017 17:31,10/20/2017 17:31,,10/24/2017 17:00,10/23/2017 11:04,0.0,0.0,0.0,1409.6,RFR,,,False,0,,Shipper 1386,,,,10/24/2017 17:00,10/26/2017 23:00,False,False,False,False,False,False,False,True,Fort Collins,CO ,Fort Collins,CO 
11026,206652009,6/6/2017 16:52,6/6/2017 16:52,,6/9/2017 9:00,6/7/2017 11:48,0.0,0.0,0.0,266.6,DRV,,,False,0,,Shipper 1386,,,,6/9/2017 17:00,6/9/2017 12:00,False,False,False,False,False,False,False,True,Jacksonville,FL ,Jacksonville,FL 
11027,206649001,9/8/2017 19:25,9/8/2017 19:25,,9/11/2017 22:00,9/11/2017 8:59,0.0,0.0,0.0,357.5,DRV,,,False,0,,Shipper 1386,,,,9/12/2017 0:00,9/12/2017 15:00,False,False,False,False,False,False,False,True,Williamsburg,VA ,Williamsburg,VA 
11028,206756937,9/15/2017 16:54,9/15/2017 16:54,,9/18/2017 18:00,9/15/2017 17:41,0.0,0.0,0.0,867.8,RFR,,,False,0,,Shipper 1386,,,,9/18/2017 18:00,9/20/2017 15:30,False,False,False,False,False,False,False,True,Fort Collins,CO ,Fort Collins,CO 
11029,206709065,9/27/2017 16:35,9/27/2017 16:35,,9/29/2017 16:00,9/28/2017 11:08,0.0,0.0,0.0,1529.2,DRV,,,False,0,,Shipper 1386,,,,9/29/2017 16:00,10/2/2017 16:00,False,False,False,False,False,False,False,True,Fairfield,CA ,Fairfield,CA 
11030,206705801,4/10/2017 17:00,4/10/2017 17:00,,4/17/2017 17:00,4/14/2017 9:57,0.0,0.0,0.0,199.5,DRV,,,False,0,,Shipper 1386,,,,4/17/2017 17:00,4/18/2017 11:00,False,False,False,False,False,False,False,True,Williamsburg,VA ,Williamsburg,VA 
11031,206649753,3/27/2017 17:53,3/27/2017 17:53,,4/3/2017 21:00,3/29/2017 17:06,0.0,0.0,0.0,395.5,RFR,,,False,0,,Shipper 1386,,,,4/3/2017 21:00,4/4/2017 16:00,False,False,False,False,False,False,False,True,Granite City,IL ,Granite City,IL 
11032,206649497,5/12/2017 12:52,5/12/2017 12:52,,5/13/2017 20:00,5/12/2017 17:08,0.0,0.0,0.0,396.9,DRV,,,False,0,,Shipper 1386,,,,5/13/2017 20:00,5/18/2017 8:30,False,False,False,False,False,False,False,True,Houston,TX ,Houston,TX 
11033,206482641,12/19/2017 8:51,12/19/2017 8:51,12/21/2017 14:15,12/26/2017 14:00,12/26/2017 14:33,0.0,0.0,0.0,279.9,DRV,,,False,0,Carrier 45414,Shipper 1248,,,,12/26/2017 14:00,12/27/2017 8:00,False,False,False,False,False,False,False,True,Cartersville,GA ,Cartersville,GA 
11034,206647449,5/15/2017 13:34,5/15/2017 13:35,,5/17/2017 10:00,5/15/2017 13:35,0.0,0.0,0.0,389.2,DRV,,,False,0,,Shipper 1386,,,,5/17/2017 18:00,5/17/2017 18:00,False,False,False,False,False,False,False,True,La Porte,TX ,La Porte,TX 
11035,206647001,12/18/2017 17:40,12/18/2017 17:41,,12/20/2017 9:00,12/18/2017 18:53,0.0,0.0,0.0,172.1,DRV,,,False,0,,Shipper 1386,,,,12/20/2017 11:00,12/20/2017 18:00,False,False,False,False,False,False,False,True,Jacksonville,FL ,Jacksonville,FL 
11036,206652105,9/25/2017 16:24,9/25/2017 16:24,,9/30/2017 17:00,9/26/2017 10:52,0.0,0.0,0.0,714.9,DRV,,,False,0,,Shipper 1386,,,,9/30/2017 17:00,10/2/2017 14:00,False,False,False,False,False,False,False,True,Fort Collins,CO ,Fort Collins,CO 
11037,206651273,6/6/2017 16:50,6/6/2017 16:50,,6/8/2017 0:00,6/7/2017 11:48,0.0,0.0,0.0,266.6,DRV,,,False,0,,Shipper 1386,,,,6/8/2017 0:00,6/8/2017 12:00,False,False,False,False,False,False,False,True,Jacksonville,FL ,Jacksonville,FL 
11038,206648969,6/6/2017 17:26,6/6/2017 17:26,,6/8/2017 10:00,6/6/2017 17:28,0.0,0.0,0.0,422.0,RFR,,,False,0,,Shipper 1386,,,,6/8/2017 18:00,6/8/2017 18:00,False,False,False,False,False,False,False,True,La Porte,TX ,La Porte,TX 
11039,206756929,7/19/2017 16:27,7/19/2017 16:27,,7/22/2017 13:00,7/19/2017 16:30,0.0,0.0,0.0,877.1,DRV,,,False,0,,Shipper 1386,,,,7/22/2017 15:00,7/24/2017 5:00,False,False,False,False,False,False,False,True,Granite City,IL ,Granite City,IL 
11040,206709057,9/11/2017 16:40,9/11/2017 16:40,,9/12/2017 12:00,9/11/2017 16:41,0.0,0.0,0.0,212.5,DRV,,,False,0,,Shipper 1386,,,,9/12/2017 14:00,9/12/2017 23:00,False,False,False,False,False,False,False,True,Lewistown,PA ,Lewistown,PA 
11041,206705857,9/25/2017 17:00,9/25/2017 17:00,,9/29/2017 11:00,9/28/2017 11:59,0.0,0.0,0.0,850.9,DRV,,,False,1,,Shipper 1386,,,,9/29/2017 11:00,10/2/2017 4:00,False,False,False,False,False,False,False,True,Newark,NJ ,Newark,NJ 
11042,206650561,5/10/2017 13:46,5/10/2017 13:46,,5/12/2017 10:00,5/10/2017 16:03,0.0,0.0,0.0,226.8,DRV,,,False,0,,Shipper 1386,,,,5/12/2017 18:00,5/13/2017 16:00,False,False,False,False,False,False,False,True,La Porte,TX ,La Porte,TX 
11043,206649857,12/4/2017 9:44,12/4/2017 9:44,,12/6/2017 10:00,12/4/2017 15:30,0.0,0.0,0.0,161.8,DRV,,,False,0,,Shipper 1386,,,,12/6/2017 10:00,12/6/2017 17:00,False,False,False,False,False,False,False,True,Fort Collins,CO ,Fort Collins,CO 
11044,206647489,9/26/2017 17:00,9/26/2017 17:00,,9/28/2017 7:00,9/26/2017 17:28,0.0,0.0,0.0,911.9,DRV,,,False,0,,Shipper 1386,,,,9/28/2017 9:00,9/30/2017 0:00,False,False,False,False,False,False,False,True,St. Louis,MO ,St. Louis,MO 
11045,206598529,4/3/2017 16:31,4/3/2017 16:31,,4/5/2017 9:00,4/3/2017 16:34,0.0,0.0,0.0,267.6,DRV,,,False,0,,Shipper 1386,,,,4/5/2017 17:00,4/5/2017 17:00,False,False,False,False,False,False,False,True,Baldwinsville,NY ,Baldwinsville,NY 
11046,206595521,4/17/2017 16:49,4/17/2017 16:49,,4/19/2017 23:00,4/18/2017 11:51,0.0,0.0,0.0,387.7,DRV,,,False,0,,Shipper 1386,,,,4/19/2017 23:00,4/19/2017 17:00,False,False,False,False,False,False,False,True,Jacksonville,FL ,Jacksonville,FL 
11047,206545801,9/20/2017 17:11,9/20/2017 17:11,,9/23/2017 6:04,9/20/2017 18:32,0.0,0.0,0.0,402.7,DRV,,,False,0,,Shipper 1386,,,,9/23/2017 8:04,9/24/2017 1:04,False,False,False,False,False,False,False,True,Fort Collins,CO ,Fort Collins,CO 
11048,206759393,5/31/2017 11:54,5/31/2017 11:57,,6/5/2017 16:00,6/2/2017 13:13,0.0,0.0,0.0,447.0,DRV,,,False,0,,Shipper 1386,,,,6/5/2017 15:00,6/6/2017 9:00,False,False,False,False,False,False,False,True,Baldwinsville,NY ,Baldwinsville,NY 
11049,206596777,9/18/2017 17:56,9/18/2017 17:56,,9/21/2017 8:00,9/19/2017 17:57,0.0,0.0,0.0,232.5,DRV,,,False,0,,Shipper 1386,,,,9/21/2017 16:00,9/22/2017 21:00,False,False,False,False,False,False,False,True,Erie,PA ,Erie,PA 
11050,206597721,5/15/2017 12:58,5/15/2017 12:58,,5/18/2017 2:00,5/16/2017 14:39,0.0,0.0,0.0,135.2,RFR,,,False,1,,Shipper 1386,,,,5/18/2017 2:00,5/18/2017 11:00,False,False,False,False,False,False,False,True,Colonial Heights,VA ,Colonial Heights,VA 
11051,206596761,9/11/2017 16:50,9/11/2017 16:50,,9/13/2017 12:00,9/11/2017 16:53,0.0,0.0,0.0,1162.2,DRV,,,False,0,,Shipper 1386,,,,9/13/2017 14:00,9/15/2017 16:00,False,False,False,False,False,False,False,True,Greeley,CO ,Greeley,CO 
11052,206595353,12/29/2017 12:52,12/29/2017 12:52,,1/2/2018 12:00,12/29/2017 13:02,0.0,0.0,0.0,328.8,DRV,,,False,0,,Shipper 1386,,,,1/2/2018 14:00,1/3/2018 4:00,False,False,False,False,False,False,False,True,Johnstown,PA ,Johnstown,PA 
11053,206754809,9/26/2017 16:24,9/26/2017 16:24,,9/28/2017 12:00,9/27/2017 8:24,0.0,0.0,0.0,728.5,DRV,,,False,0,,Shipper 1386,,,,9/28/2017 12:00,9/29/2017 16:00,False,False,False,False,False,False,False,True,Fort Collins,CO ,Fort Collins,CO 
11054,206708833,6/6/2017 16:55,6/6/2017 16:56,,6/9/2017 9:00,6/7/2017 11:48,0.0,0.0,0.0,266.6,DRV,,,False,0,,Shipper 1386,,,,6/9/2017 17:00,6/9/2017 12:00,False,False,False,False,False,False,False,True,Jacksonville,FL ,Jacksonville,FL 
11055,206651321,9/14/2017 17:31,9/14/2017 17:31,,9/17/2017 16:00,9/15/2017 9:25,0.0,0.0,0.0,409.2,RFR,,,False,0,,Shipper 1386,,,,9/17/2017 16:00,9/18/2017 11:00,False,False,False,False,False,False,False,True,Fort Collins,CO ,Fort Collins,CO 
11056,206775121,9/15/2017 16:51,9/15/2017 16:51,,9/19/2017 4:00,9/15/2017 17:19,0.0,0.0,0.0,273.7,DRV,,,False,0,,Shipper 1386,,,,9/19/2017 6:00,9/19/2017 17:00,False,False,False,False,False,False,False,True,St. Louis,MO ,St. Louis,MO 
11057,206774161,12/4/2017 10:11,12/4/2017 10:12,,12/5/2017 12:00,12/4/2017 14:18,0.0,0.0,0.0,384.2,DRV,,,False,0,,Shipper 1386,,,,12/5/2017 12:00,12/6/2017 8:30,False,False,False,False,False,False,False,True,Williamsburg,VA ,Williamsburg,VA 
11058,206774097,7/31/2017 15:22,7/31/2017 15:22,,8/1/2017 8:00,7/31/2017 15:29,0.0,0.0,0.0,654.8,DRV,,,False,0,,Shipper 1386,,,,8/1/2017 10:00,8/2/2017 14:00,False,False,False,False,False,False,False,True,Romulus,MI ,Romulus,MI 
11059,206529353,6/9/2017 16:18,6/9/2017 16:18,,6/13/2017 17:00,6/12/2017 14:18,0.0,0.0,0.0,1130.0,DRV,,,False,0,,Shipper 1386,,,,6/13/2017 17:00,6/15/2017 8:30,False,False,False,False,False,False,False,True,Houston,TX ,Houston,TX 
11060,206534097,5/22/2017 14:39,5/22/2017 14:39,5/23/2017 9:11,5/23/2017 11:00,5/24/2017 17:47,0.0,150.0,0.0,226.8,DRV,,,False,0,Carrier 49679,Shipper 1387,,,,5/23/2017 12:00,5/23/2017 14:30,False,False,False,False,False,False,False,True,La Porte,TX ,La Porte,TX 
11061,206577673,9/27/2017 16:43,9/27/2017 16:43,9/28/2017 10:40,9/30/2017 14:00,9/29/2017 15:14,0.0,0.0,0.0,1332.1,DRV,,,False,0,Carrier 154563,Shipper 1387,,,,9/30/2017 14:00,10/2/2017 23:00,False,False,False,False,False,False,False,True,Williamsburg,VA ,Williamsburg,VA 
11062,206576449,11/2/2017 9:07,11/2/2017 9:07,11/2/2017 14:13,11/3/2017 8:00,11/2/2017 14:39,0.0,0.0,0.0,342.7,DRV,,,False,0,Carrier 1679937,Shipper 1387,,,,11/3/2017 18:00,11/4/2017 23:00,False,False,False,False,False,False,False,True,Merrimack,NH ,Merrimack,NH 
11063,206650617,12/18/2017 23:39,12/18/2017 23:39,,12/20/2017 12:00,12/19/2017 14:52,0.0,0.0,0.0,148.5,DRV,,,False,0,,Shipper 1386,,,,12/20/2017 14:00,12/20/2017 20:00,False,False,False,False,False,False,False,True,Portland,OR ,Portland,OR 
11064,206648953,5/2/2017 13:52,5/2/2017 13:52,,5/4/2017 9:00,5/2/2017 16:56,0.0,0.0,0.0,105.2,DRV,,,False,0,,Shipper 1386,,,,5/4/2017 9:00,5/4/2017 14:00,False,False,False,False,False,False,False,True,Cartersville,GA ,Cartersville,GA 
11065,206648697,9/20/2017 17:03,9/20/2017 17:04,,9/23/2017 13:00,9/20/2017 18:12,0.0,0.0,0.0,629.5,DRV,,,False,0,,Shipper 1386,,,,9/23/2017 15:00,9/24/2017 18:00,False,False,False,False,False,False,False,True,Fort Collins,CO ,Fort Collins,CO 
11066,206545705,12/18/2017 16:29,12/18/2017 16:29,,12/19/2017 13:00,12/19/2017 10:19,0.0,0.0,0.0,175.6,DRV,,,False,0,,Shipper 1386,,,,12/19/2017 13:00,12/20/2017 6:45,False,False,False,False,False,False,False,True,Cartersville,GA ,Cartersville,GA 
11067,206649841,11/16/2017 16:31,11/16/2017 16:31,,11/18/2017 19:00,11/20/2017 9:16,0.0,0.0,0.0,735.9,DRV,,,False,0,,Shipper 1386,,,,11/18/2017 19:00,11/20/2017 11:00,False,False,False,False,False,False,False,True,Fairfield,CA ,Fairfield,CA 
11068,206649521,5/30/2017 11:34,5/30/2017 11:34,,6/1/2017 9:00,5/30/2017 12:06,0.0,0.0,0.0,354.3,RFR,,,False,0,,Shipper 1386,,,,6/1/2017 17:00,6/2/2017 15:00,False,False,False,False,False,False,False,True,Newark,NJ ,Newark,NJ 
11069,206648753,12/18/2017 15:21,12/18/2017 15:21,,12/18/2017 21:00,12/18/2017 15:22,0.0,0.0,0.0,653.9,DRV,,,False,0,,Shipper 1386,,,,12/18/2017 21:00,12/21/2017 3:00,False,False,False,False,False,False,False,True,Dunkirk,IN ,Dunkirk,IN 
11070,206647473,7/24/2017 14:19,7/24/2017 14:19,,7/31/2017 9:00,7/24/2017 14:24,0.0,0.0,0.0,173.3,DRV,,,False,0,,Shipper 1386,,,,7/31/2017 11:00,7/31/2017 18:00,False,False,False,False,False,False,False,True,Fort Collins,CO ,Fort Collins,CO 
11071,206523721,9/18/2017 17:53,9/18/2017 17:53,,9/21/2017 8:00,9/19/2017 17:58,0.0,0.0,0.0,232.5,DRV,,,False,0,,Shipper 1386,,,,9/21/2017 15:00,9/22/2017 21:00,False,False,False,False,False,False,False,True,Erie,PA ,Erie,PA 
11072,206523593,9/7/2017 16:56,9/7/2017 16:56,,9/8/2017 12:00,9/7/2017 16:57,0.0,0.0,0.0,252.6,DRV,,,False,0,,Shipper 1386,,,,9/8/2017 14:00,9/9/2017 1:00,False,False,False,False,False,False,False,True,Newark,NJ ,Newark,NJ 
11073,206651553,6/23/2017 16:20,6/23/2017 16:21,,6/27/2017 21:00,6/26/2017 15:07,0.0,0.0,0.0,557.6,DRV,,,False,0,,Shipper 1386,,,,6/27/2017 21:00,6/28/2017 17:00,False,False,False,False,False,False,False,True,Fort Collins,CO ,Fort Collins,CO 
11074,206650465,11/8/2017 8:47,11/8/2017 8:47,,11/9/2017 17:00,11/9/2017 12:49,0.0,0.0,0.0,3081.4,RFR,,,False,0,,Shipper 1386,,,,11/9/2017 17:00,11/14/2017 12:00,False,False,False,False,False,False,False,True,Fairfield,CA ,Fairfield,CA 
11075,206650401,6/6/2017 17:00,6/6/2017 17:00,,6/9/2017 2:00,6/7/2017 11:48,0.0,0.0,0.0,266.6,DRV,,,False,0,,Shipper 1386,,,,6/9/2017 2:00,6/9/2017 12:00,False,False,False,False,False,False,False,True,Jacksonville,FL ,Jacksonville,FL 
11076,206536425,9/27/2017 17:08,9/27/2017 17:08,,10/1/2017 14:00,9/29/2017 15:00,0.0,0.0,0.0,1569.7,DRV,,,False,0,,Shipper 1386,,,,10/1/2017 14:00,10/4/2017 12:00,False,False,False,False,False,False,False,True,Williamsburg,VA ,Williamsburg,VA 
11077,206530601,5/22/2017 14:03,5/22/2017 14:04,5/22/2017 17:54,5/23/2017 5:00,5/23/2017 15:10,0.0,0.0,0.0,180.4,RFR,4.0,,False,0,Carrier 1054924,Shipper 1386,True,True,True,5/23/2017 5:00,5/23/2017 20:00,False,False,False,False,False,False,False,False,La Porte,TX ,La Porte,TX 
11078,206545793,8/23/2017 16:36,8/23/2017 16:36,,8/26/2017 18:00,8/23/2017 17:07,0.0,0.0,0.0,516.3,DRV,,,False,0,,Shipper 1386,,,,8/26/2017 20:00,8/27/2017 18:00,False,False,False,False,False,False,False,True,St. Louis,MO ,St. Louis,MO 
11079,206540865,5/12/2017 16:17,5/12/2017 16:17,,5/16/2017 9:00,5/12/2017 16:33,0.0,0.0,0.0,661.4,DRV,,,False,0,,Shipper 1386,,,,5/16/2017 17:00,5/17/2017 17:00,False,False,False,False,False,False,False,True,Cartersville,GA ,Cartersville,GA 
11080,206535489,6/26/2017 16:56,6/26/2017 16:57,,6/28/2017 18:00,6/27/2017 16:31,0.0,0.0,0.0,378.2,DRV,,,False,1,,Shipper 1386,,,,6/28/2017 18:00,6/29/2017 15:00,False,False,False,False,False,False,False,True,St. Louis,MO ,St. Louis,MO 
11081,206531201,12/12/2017 17:07,12/12/2017 17:07,,12/13/2017 18:00,12/12/2017 17:24,0.0,0.0,0.0,203.4,DRV,,,False,0,,Shipper 1386,,,,12/13/2017 20:00,12/14/2017 4:00,False,False,False,False,False,False,False,True,Jacksonville,FL ,Jacksonville,FL 
11082,206530817,6/6/2017 18:10,6/6/2017 18:10,,6/8/2017 12:00,6/7/2017 14:18,0.0,0.0,0.0,442.6,DRV,,,False,0,,Shipper 1386,,,,6/8/2017 20:00,6/8/2017 20:00,False,False,False,False,False,False,False,True,Van Nuys,CA ,Van Nuys,CA 
11083,206528641,9/18/2017 18:00,9/18/2017 18:00,,9/19/2017 12:00,9/18/2017 18:10,0.0,0.0,0.0,739.3,DRV,,,False,0,,Shipper 1386,,,,9/19/2017 14:00,9/20/2017 22:00,False,False,False,False,False,False,False,True,Pleasant Prairie,WI ,Pleasant Prairie,WI 
11084,206528449,4/28/2017 16:50,4/28/2017 16:50,,5/3/2017 11:00,4/28/2017 17:00,0.0,0.0,0.0,1769.0,DRV,,,False,0,,Shipper 1386,,,,5/3/2017 19:00,5/6/2017 17:00,False,False,False,False,False,False,False,True,Fort Collins,CO ,Fort Collins,CO 
11085,206594481,7/27/2017 16:22,7/27/2017 16:22,,7/31/2017 7:00,7/28/2017 13:56,0.0,0.0,0.0,82.3,DRV,,,False,0,,Shipper 1386,,,,7/31/2017 10:00,7/31/2017 13:00,False,False,False,False,False,False,False,True,Baldwinsville,NY ,Baldwinsville,NY 
11086,206593777,12/14/2017 16:38,12/14/2017 16:38,,12/17/2017 23:00,12/14/2017 17:27,0.0,0.0,0.0,1064.6,DRV,,,False,0,,Shipper 1386,,,,12/18/2017 1:00,12/19/2017 23:00,False,False,False,False,False,False,False,True,Newark,NJ ,Newark,NJ 
11087,206537513,8/17/2017 18:38,8/17/2017 18:38,8/18/2017 14:59,8/21/2017 10:00,8/23/2017 1:00,0.0,1450.0,0.0,284.1,DRV,,,False,0,Carrier 18801,Shipper 758,True,True,True,8/21/2017 21:00,8/22/2017 9:00,False,False,False,False,False,False,False,False,Kent,WA ,Kent,WA 
11088,206438153,12/14/2017 16:26,12/14/2017 16:26,12/15/2017 10:28,12/16/2017 14:00,12/15/2017 17:59,0.0,0.0,0.0,1702.2,RFR,,,False,0,Carrier 920764,Shipper 1248,,,,12/16/2017 14:00,12/19/2017 16:00,False,False,False,False,False,False,False,True,Williamsburg,VA ,Williamsburg,VA 
11089,206474273,12/15/2017 11:24,12/15/2017 11:24,12/15/2017 11:27,12/16/2017 12:00,12/17/2017 5:00,0.0,150.0,0.0,400.5,DRV,,livejobs,False,0,Carrier 941668,Shipper 1248,True,True,True,12/16/2017 14:00,12/17/2017 7:00,False,False,False,False,False,False,False,False,Jacksonville,FL ,Jacksonville,FL 
11090,206603849,12/12/2017 16:28,12/12/2017 16:29,12/13/2017 11:08,12/14/2017 16:00,12/14/2017 17:46,0.0,0.0,0.0,400.5,DRV,,,False,0,Carrier 941668,Shipper 1387,True,True,True,12/14/2017 16:00,12/15/2017 23:55,False,False,False,False,False,False,False,True,Jacksonville,FL ,Jacksonville,FL 
11091,206572105,11/10/2017 16:00,11/10/2017 16:00,11/10/2017 16:13,11/14/2017 15:00,11/14/2017 8:08,0.0,200.0,0.0,972.4,DRV,,,True,0,Carrier 19121,Shipper 1644,,,,11/14/2017 15:00,11/16/2017 17:00,False,False,False,False,False,False,False,True,Trenton,MO ,Trenton,MO 
11092,206598457,10/16/2017 16:14,10/16/2017 16:14,,10/17/2017 19:00,10/16/2017 17:55,0.0,0.0,0.0,397.1,DRV,,,False,0,,Shipper 1386,,,,10/17/2017 19:00,10/18/2017 12:00,False,False,False,False,False,False,False,True,St. Louis,MO ,St. Louis,MO 
11093,206523585,8/28/2017 10:02,8/28/2017 10:02,,8/29/2017 23:00,8/28/2017 10:02,0.0,0.0,0.0,1026.7,RFR,,,False,0,,Shipper 1386,,,,8/30/2017 1:00,8/31/2017 21:00,False,False,False,False,False,False,False,True,Fort Collins,CO ,Fort Collins,CO 
11094,206759377,4/17/2017 16:54,4/17/2017 16:54,,4/19/2017 2:00,4/18/2017 11:52,0.0,0.0,0.0,387.7,DRV,,,False,0,,Shipper 1386,,,,4/19/2017 2:00,4/19/2017 17:00,False,False,False,False,False,False,False,True,Jacksonville,FL ,Jacksonville,FL 
11095,206758289,8/1/2017 16:24,8/1/2017 16:24,,8/2/2017 11:00,8/2/2017 12:11,0.0,0.0,0.0,300.0,DRV,,,False,0,,Shipper 1386,,,,8/2/2017 15:00,8/3/2017 11:00,False,False,False,False,False,False,False,True,Baldwinsville,NY ,Baldwinsville,NY 
11096,206754833,12/18/2017 18:43,12/18/2017 18:43,,12/20/2017 9:00,12/19/2017 8:38,0.0,0.0,0.0,380.5,DRV,,,False,0,,Shipper 1386,,,,12/20/2017 11:00,12/21/2017 13:00,False,False,False,False,False,False,False,True,Cartersville,GA ,Cartersville,GA 
11097,206754321,12/14/2017 16:55,12/14/2017 16:55,,12/20/2017 15:00,12/20/2017 8:56,0.0,0.0,0.0,364.9,DRV,,,False,1,,Shipper 1386,,,,12/20/2017 15:00,12/21/2017 8:30,False,False,False,False,False,False,False,True,Newark,NJ ,Newark,NJ 
11098,206707217,5/16/2017 17:29,5/16/2017 17:29,,5/17/2017 16:00,5/18/2017 10:12,0.0,0.0,0.0,86.1,RFR,,,False,1,,Shipper 1386,,,,5/17/2017 16:00,5/18/2017 13:30,False,False,False,False,False,False,False,True,Newark,NJ ,Newark,NJ 
11099,206598561,8/23/2017 16:16,8/23/2017 16:16,,8/25/2017 10:00,8/23/2017 16:47,0.0,0.0,0.0,519.8,DRV,,,False,0,,Shipper 1386,,,,8/25/2017 12:00,8/26/2017 10:00,False,False,False,False,False,False,False,True,St. Louis,MO ,St. Louis,MO 
11100,206652689,12/14/2017 16:45,12/14/2017 16:46,,12/19/2017 3:00,12/15/2017 10:28,0.0,0.0,0.0,438.7,RFR,,,False,0,,Shipper 1386,,,,12/19/2017 5:00,12/20/2017 13:00,False,False,False,False,False,False,False,True,Houston,TX ,Houston,TX 
11101,206652625,7/24/2017 17:07,7/24/2017 17:07,,7/26/2017 18:00,7/27/2017 15:29,0.0,0.0,0.0,2114.6,RFR,,,False,0,,Shipper 1386,,,,7/26/2017 18:00,8/1/2017 11:30,False,False,False,False,False,False,False,True,Fort Collins,CO ,Fort Collins,CO 
11102,206650385,5/31/2017 14:00,5/31/2017 14:01,,6/1/2017 16:00,5/31/2017 16:32,0.0,0.0,0.0,293.0,DRV,,,False,0,,Shipper 1386,,,,6/1/2017 16:00,6/2/2017 14:00,False,False,False,False,False,False,False,True,Fort Collins,CO ,Fort Collins,CO 
11103,206649553,9/7/2017 10:44,9/7/2017 10:45,,9/8/2017 8:00,9/7/2017 10:50,0.0,0.0,0.0,314.3,DRV,,,False,0,,Shipper 1386,,,,9/8/2017 10:00,9/8/2017 23:00,False,False,False,False,False,False,False,True,Rochester,NY ,Rochester,NY 
11104,206649489,4/19/2017 16:27,4/19/2017 16:28,,4/22/2017 10:00,4/19/2017 16:31,0.0,0.0,0.0,1225.0,DRV,,,False,0,,Shipper 1386,,,,4/22/2017 18:00,4/24/2017 17:00,False,False,False,False,False,False,False,True,St. Louis,MO ,St. Louis,MO 
11105,206647505,12/4/2017 16:55,12/4/2017 16:55,,12/6/2017 21:00,12/5/2017 17:49,0.0,0.0,0.0,2733.2,DRV,,,False,0,,Shipper 1386,,,,12/6/2017 21:00,12/11/2017 23:00,False,False,False,False,False,False,False,True,Fairfield,CA ,Fairfield,CA 
11106,206548825,10/20/2017 17:21,10/20/2017 17:21,,10/24/2017 17:00,10/20/2017 17:57,0.0,0.0,0.0,559.7,DRV,,,False,0,,Shipper 1386,,,,10/24/2017 17:00,10/25/2017 15:30,False,False,False,False,False,False,False,True,Los Angeles,CA ,Los Angeles,CA 
11107,206540889,6/9/2017 16:43,6/9/2017 16:43,,6/13/2017 14:00,6/12/2017 15:01,0.0,0.0,0.0,613.1,DRV,,,False,1,,Shipper 1386,,,,6/13/2017 14:00,6/14/2017 13:30,False,False,False,False,False,False,False,True,Houston,TX ,Houston,TX 
11108,206540825,3/27/2017 16:55,3/27/2017 16:55,,4/3/2017 21:00,3/31/2017 16:05,0.0,0.0,0.0,188.8,DRV,,,False,0,,Shipper 1386,,,,4/3/2017 21:00,4/4/2017 9:00,False,False,False,False,False,False,False,True,Colonial Heights,VA ,Colonial Heights,VA 
11109,206536409,9/18/2017 17:12,9/18/2017 17:12,,9/21/2017 8:03,9/18/2017 17:45,0.0,0.0,0.0,825.3,DRV,,,False,0,,Shipper 1386,,,,9/21/2017 10:03,9/22/2017 22:03,False,False,False,False,False,False,False,True,Newark,NJ ,Newark,NJ 
11110,206597729,6/9/2017 16:47,6/9/2017 16:47,,6/13/2017 9:00,6/9/2017 16:48,0.0,0.0,0.0,364.9,RFR,,,False,0,,Shipper 1386,,,,6/13/2017 17:00,6/13/2017 17:00,False,False,False,False,False,False,False,True,Newark,NJ ,Newark,NJ 
11111,206596769,9/15/2017 16:39,9/15/2017 16:39,,9/18/2017 23:00,9/15/2017 17:19,0.0,0.0,0.0,527.8,DRV,,,False,0,,Shipper 1386,,,,9/19/2017 1:00,9/19/2017 15:30,False,False,False,False,False,False,False,True,St. Louis,MO ,St. Louis,MO 
11112,206475649,9/18/2017 17:14,9/18/2017 17:14,9/19/2017 12:42,9/20/2017 14:00,9/19/2017 17:28,0.0,0.0,0.0,348.2,DRV,,,False,0,Carrier 1396793,Shipper 1387,,,,9/20/2017 14:00,9/21/2017 14:00,False,False,False,False,False,False,False,True,Baldwinsville,NY ,Baldwinsville,NY 
11113,206728049,9/20/2017 17:06,9/20/2017 17:06,9/21/2017 15:02,9/22/2017 18:00,9/22/2017 11:47,0.0,0.0,0.0,1202.6,DRV,,,False,0,Carrier 31074,Shipper 1249,,,,9/22/2017 18:00,9/25/2017 17:30,False,False,False,False,False,False,False,True,Fort Collins,CO ,Fort Collins,CO 
11114,206574857,6/23/2017 17:13,6/23/2017 17:13,6/27/2017 16:51,6/27/2017 16:00,6/29/2017 8:00,0.0,150.0,0.0,952.2,RFR,,,False,1,Carrier 1043457,Shipper 1249,True,True,True,6/27/2017 16:00,6/29/2017 8:00,False,False,False,False,False,False,False,False,Los Angeles,CA ,Los Angeles,CA 
11115,206593761,11/9/2017 17:18,11/9/2017 17:18,,11/13/2017 0:00,11/10/2017 12:33,0.0,0.0,0.0,802.0,DRV,,,False,0,,Shipper 1386,,,,11/13/2017 0:00,11/14/2017 10:00,False,False,False,False,False,False,False,True,Aurora,CO ,Aurora,CO 
11116,206549921,6/6/2017 16:58,6/6/2017 16:58,,6/9/2017 9:00,6/7/2017 11:49,0.0,0.0,0.0,266.6,DRV,,,False,0,,Shipper 1386,,,,6/9/2017 17:00,6/9/2017 12:00,False,False,False,False,False,False,False,True,Jacksonville,FL ,Jacksonville,FL 
11117,206549473,4/10/2017 16:56,4/10/2017 16:56,,4/17/2017 16:00,4/14/2017 9:56,0.0,0.0,0.0,199.5,DRV,,,False,0,,Shipper 1386,,,,4/17/2017 16:00,4/18/2017 11:00,False,False,False,False,False,False,False,True,Williamsburg,VA ,Williamsburg,VA 
11118,206535513,9/15/2017 16:33,9/15/2017 16:33,,9/19/2017 15:00,9/18/2017 9:04,0.0,0.0,0.0,299.9,RFR,,,False,0,,Shipper 1386,,,,9/19/2017 15:00,9/20/2017 9:00,False,False,False,False,False,False,False,True,Colonial Heights,VA ,Colonial Heights,VA 
11119,206530841,8/1/2017 11:57,8/1/2017 11:57,,8/1/2017 12:00,8/1/2017 12:02,0.0,0.0,0.0,250.6,DRV,,,False,0,,Shipper 1386,,,,8/1/2017 14:00,8/2/2017 0:00,False,False,False,False,False,False,False,True,Merrimack,NH ,Merrimack,NH 
11120,206470721,6/6/2017 17:22,6/6/2017 17:22,,6/11/2017 17:00,6/8/2017 11:01,0.0,0.0,0.0,430.4,RFR,,,False,0,,Shipper 1386,,,,6/11/2017 17:00,6/12/2017 12:00,False,False,False,False,False,False,False,True,St. Louis,MO ,St. Louis,MO 
11121,206470337,10/24/2017 17:39,10/24/2017 17:39,,10/27/2017 16:00,10/24/2017 17:39,0.0,0.0,0.0,1787.6,DRV,,,False,0,,Shipper 1386,,,,10/27/2017 16:00,10/30/2017 16:00,False,False,False,False,False,False,False,True,St. Louis,MO ,St. Louis,MO 
11122,206533945,5/1/2017 16:33,5/1/2017 16:34,,5/3/2017 10:00,5/1/2017 16:39,0.0,0.0,0.0,384.3,RFR,,,False,0,,Shipper 1386,,,,5/3/2017 18:00,5/3/2017 17:00,False,False,False,False,False,False,False,True,Granite City,IL ,Granite City,IL 
11123,206598161,9/11/2017 16:44,9/11/2017 16:44,,10/4/2017 8:00,10/2/2017 16:11,0.0,0.0,0.0,212.5,DRV,,,False,1,,Shipper 1386,,,,10/4/2017 12:00,10/5/2017 23:00,False,False,False,False,False,False,False,True,Lewistown,PA ,Lewistown,PA 
11124,206536369,5/24/2017 17:31,5/24/2017 17:31,,5/24/2017 23:00,5/24/2017 17:42,0.0,0.0,0.0,99.5,RFR,,,False,0,,Shipper 1386,,,,5/24/2017 23:00,5/26/2017 17:00,False,False,False,False,False,False,False,True,Newark,NJ ,Newark,NJ 
11125,206535473,5/26/2017 16:02,5/26/2017 16:03,,6/2/2017 18:00,5/31/2017 16:43,0.0,0.0,0.0,381.1,DRV,,,False,0,,Shipper 1386,,,,6/2/2017 18:00,6/5/2017 10:00,False,False,False,False,False,False,False,True,Williamsburg,VA ,Williamsburg,VA 
11126,206549521,5/30/2017 11:31,5/30/2017 11:32,,6/7/2017 1:00,5/31/2017 17:56,0.0,0.0,0.0,354.3,RFR,,,False,0,,Shipper 1386,,,,6/7/2017 1:00,6/7/2017 15:00,False,False,False,False,False,False,False,True,Newark,NJ ,Newark,NJ 
11127,206545313,9/8/2017 19:22,9/8/2017 19:22,,9/11/2017 12:00,9/8/2017 19:24,0.0,0.0,0.0,293.2,DRV,,,False,0,,Shipper 1386,,,,9/11/2017 14:00,9/12/2017 2:00,False,False,False,False,False,False,False,True,Colonial Heights,VA ,Colonial Heights,VA 
11128,206540897,7/27/2017 16:43,7/27/2017 16:43,,7/29/2017 19:00,7/31/2017 9:29,0.0,0.0,0.0,794.6,DRV,,,False,1,,Shipper 1386,,,,7/29/2017 19:00,7/31/2017 11:00,False,False,False,False,False,False,False,True,Los Angeles,CA ,Los Angeles,CA 
11129,206536609,5/12/2017 16:12,5/12/2017 16:12,,5/16/2017 9:00,5/12/2017 16:30,0.0,0.0,0.0,1168.2,DRV,,,False,0,,Shipper 1386,,,,5/16/2017 17:00,5/18/2017 17:00,False,False,False,False,False,False,False,True,Jacksonville,FL ,Jacksonville,FL 
11130,206530593,5/10/2017 13:08,5/10/2017 13:09,,5/12/2017 10:00,5/10/2017 13:34,0.0,0.0,0.0,332.8,RFR,,,False,0,,Shipper 1386,,,,5/12/2017 18:00,5/12/2017 18:00,False,False,False,False,False,False,False,True,Houston,TX ,Houston,TX 
11131,206536465,12/29/2017 12:52,12/29/2017 12:52,,1/2/2018 12:00,12/29/2017 13:02,0.0,0.0,0.0,328.8,DRV,,,False,0,,Shipper 1386,,,,1/2/2018 14:00,1/3/2018 4:00,False,False,False,False,False,False,False,True,Johnstown,PA ,Johnstown,PA 
11132,206536337,4/10/2017 16:50,4/10/2017 16:50,,4/17/2017 17:00,4/14/2017 9:57,0.0,0.0,0.0,199.5,DRV,,,False,0,,Shipper 1386,,,,4/17/2017 17:00,4/18/2017 11:00,False,False,False,False,False,False,False,True,Williamsburg,VA ,Williamsburg,VA 
11133,206488841,12/5/2017 16:41,12/5/2017 16:41,12/7/2017 12:19,12/8/2017 17:00,12/12/2017 11:00,0.0,150.0,0.0,2847.9,RFR,,ts_in,False,0,Carrier 1030395,Shipper 1387,True,True,True,12/8/2017 17:00,12/12/2017 11:00,False,False,False,False,False,False,False,False,Fairfield,CA ,Fairfield,CA 
11134,206529425,12/18/2017 18:39,12/18/2017 18:39,,12/19/2017 23:00,12/18/2017 18:40,0.0,0.0,0.0,391.2,DRV,,,False,0,,Shipper 1386,,,,12/20/2017 1:00,12/20/2017 18:00,False,False,False,False,False,False,False,True,Fort Collins,CO ,Fort Collins,CO 
11135,206529361,7/24/2017 14:19,7/24/2017 14:19,,7/31/2017 9:00,7/24/2017 14:24,0.0,0.0,0.0,173.3,DRV,,,False,0,,Shipper 1386,,,,7/31/2017 11:00,7/31/2017 18:00,False,False,False,False,False,False,False,True,Fort Collins,CO ,Fort Collins,CO 
11136,206533937,4/7/2017 16:47,4/7/2017 16:47,,4/11/2017 10:00,4/7/2017 16:48,0.0,0.0,0.0,625.2,RFR,,,False,0,,Shipper 1386,,,,4/11/2017 18:00,4/12/2017 18:00,False,False,False,False,False,False,False,True,Granite City,IL ,Granite City,IL 
11137,206528625,7/31/2017 15:54,7/31/2017 15:54,,8/10/2017 13:30,8/10/2017 15:46,0.0,0.0,0.0,348.2,DRV,,,False,0,,Shipper 1386,,,,8/10/2017 13:30,8/11/2017 9:00,False,False,False,False,False,False,False,True,Carlisle,PA ,Carlisle,PA 
11138,206433385,9/8/2017 19:29,9/8/2017 19:29,,9/11/2017 22:00,9/11/2017 8:58,0.0,0.0,0.0,357.5,DRV,,,False,0,,Shipper 1386,,,,9/12/2017 0:00,9/12/2017 15:00,False,False,False,False,False,False,False,True,Williamsburg,VA ,Williamsburg,VA 
11139,206426729,10/20/2017 16:44,10/20/2017 16:44,,10/24/2017 15:00,10/23/2017 16:35,0.0,0.0,0.0,339.5,RFR,,,False,0,,Shipper 1386,,,,10/24/2017 15:00,10/25/2017 9:00,False,False,False,False,False,False,False,True,Jacksonville,FL ,Jacksonville,FL 
11140,206470985,9/8/2017 19:19,9/8/2017 19:19,,9/11/2017 22:00,9/10/2017 19:29,0.0,0.0,0.0,377.1,DRV,,,False,0,,Shipper 1386,,,,9/12/2017 0:00,9/12/2017 16:00,False,False,False,False,False,False,False,True,Colonial Heights,VA ,Colonial Heights,VA 
11141,206470665,4/17/2017 16:51,4/17/2017 16:52,,4/19/2017 2:00,4/18/2017 11:52,0.0,0.0,0.0,387.7,DRV,,,False,0,,Shipper 1386,,,,4/19/2017 2:00,4/19/2017 17:00,False,False,False,False,False,False,False,True,Jacksonville,FL ,Jacksonville,FL 
11142,206470025,5/10/2017 13:16,5/10/2017 13:17,,5/12/2017 10:00,5/10/2017 13:35,0.0,0.0,0.0,438.4,RFR,,,False,0,,Shipper 1386,,,,5/12/2017 18:00,5/12/2017 18:00,False,False,False,False,False,False,False,True,La Porte,TX ,La Porte,TX 
11143,206471129,12/4/2017 10:16,12/4/2017 10:16,,12/5/2017 12:00,12/4/2017 17:54,0.0,0.0,0.0,555.6,DRV,,,False,0,,Shipper 1386,,,,12/5/2017 12:00,12/6/2017 7:45,False,False,False,False,False,False,False,True,Williamsburg,VA ,Williamsburg,VA 
11144,206470937,5/2/2017 13:46,5/2/2017 13:46,,5/4/2017 9:00,5/2/2017 13:50,0.0,0.0,0.0,105.2,DRV,,,False,0,,Shipper 1386,,,,5/4/2017 17:00,5/4/2017 17:00,False,False,False,False,False,False,False,True,Cartersville,GA ,Cartersville,GA 
11145,206438041,6/27/2017 17:16,6/27/2017 17:17,,6/30/2017 10:00,6/27/2017 17:19,0.0,0.0,0.0,749.8,DRV,,,False,0,,Shipper 1386,,,,6/30/2017 18:00,7/1/2017 18:00,False,False,False,False,False,False,False,True,Pleasant Prairie,WI ,Pleasant Prairie,WI 
11146,206435545,4/10/2017 16:59,4/10/2017 17:00,,4/17/2017 16:00,4/14/2017 9:55,0.0,0.0,0.0,199.5,DRV,,,False,0,,Shipper 1386,,,,4/17/2017 16:00,4/18/2017 11:00,False,False,False,False,False,False,False,True,Williamsburg,VA ,Williamsburg,VA 
11147,206527761,12/19/2017 9:26,12/19/2017 9:26,,12/20/2017 11:00,12/19/2017 11:08,0.0,0.0,0.0,339.5,RFR,,,False,0,,Shipper 1386,,,,12/20/2017 13:00,12/21/2017 3:00,False,False,False,False,False,False,False,True,Jacksonville,FL ,Jacksonville,FL 
11148,206428825,6/6/2017 16:48,6/6/2017 16:48,,6/8/2017 0:00,6/7/2017 11:48,0.0,0.0,0.0,266.6,DRV,,,False,0,,Shipper 1386,,,,6/8/2017 0:00,6/8/2017 12:00,False,False,False,False,False,False,False,True,Jacksonville,FL ,Jacksonville,FL 
11149,206426649,4/10/2017 17:20,4/10/2017 17:20,,4/20/2017 6:00,4/17/2017 17:28,0.0,0.0,0.0,603.5,DRV,,,False,0,,Shipper 1386,,,,4/20/2017 6:00,4/21/2017 9:15,False,False,False,False,False,False,False,True,Colonial Heights,VA ,Colonial Heights,VA 
11150,206470705,5/24/2017 17:37,5/24/2017 17:37,,5/26/2017 9:00,5/24/2017 17:43,0.0,0.0,0.0,84.4,DRV,,,False,0,,Shipper 1386,,,,5/26/2017 17:00,5/26/2017 17:00,False,False,False,False,False,False,False,True,Newark,NJ ,Newark,NJ 
11151,206470321,9/27/2017 17:05,9/27/2017 17:05,,9/29/2017 14:00,9/28/2017 11:54,0.0,0.0,0.0,2899.0,DRV,,,False,0,,Shipper 1386,,,,9/29/2017 14:00,10/4/2017 21:00,False,False,False,False,False,False,False,True,Newark,NJ ,Newark,NJ 
11152,206469617,9/20/2017 17:19,9/20/2017 17:19,,9/25/2017 17:00,9/22/2017 15:30,0.0,0.0,0.0,205.8,DRV,,,False,0,,Shipper 1386,,,,9/25/2017 17:00,9/26/2017 11:30,False,False,False,False,False,False,False,True,Williamsburg,VA ,Williamsburg,VA 
11153,206467633,8/31/2017 13:00,8/31/2017 13:00,,8/31/2017 14:00,8/31/2017 13:03,0.0,0.0,0.0,337.4,DRV,,,False,0,,Shipper 1386,,,,8/31/2017 16:00,9/1/2017 6:00,False,False,False,False,False,False,False,True,Pleasant Prairie,WI ,Pleasant Prairie,WI 
11154,206470929,4/28/2017 15:25,4/28/2017 15:26,,5/2/2017 23:00,5/1/2017 14:03,0.0,0.0,0.0,222.1,DRV,,,False,0,,Shipper 1386,,,,5/2/2017 23:00,5/3/2017 13:00,False,False,False,False,False,False,False,True,Cartersville,GA ,Cartersville,GA 
11155,206470673,4/28/2017 16:54,4/28/2017 16:54,,5/1/2017 6:00,5/1/2017 12:26,0.0,0.0,0.0,121.4,DRV,,,False,0,,Shipper 1386,,,,5/1/2017 6:00,5/2/2017 17:00,False,False,False,False,False,False,False,True,Merrimack,NH ,Merrimack,NH 
11156,206428849,7/31/2017 14:45,7/31/2017 14:45,,8/3/2017 9:00,8/1/2017 17:46,0.0,0.0,0.0,699.6,RFR,,,False,0,,Shipper 1386,,,,8/3/2017 9:00,8/4/2017 17:00,False,False,False,False,False,False,False,True,Fort Collins,CO ,Fort Collins,CO 
11157,206428081,5/16/2017 14:52,5/16/2017 14:52,,5/17/2017 16:00,5/16/2017 17:26,0.0,0.0,0.0,86.1,RFR,,,False,0,,Shipper 1386,,,,5/17/2017 16:00,5/18/2017 13:30,False,False,False,False,False,False,False,True,Newark,NJ ,Newark,NJ 
11158,206426737,10/27/2017 16:56,10/27/2017 16:56,,11/3/2017 16:00,10/31/2017 18:01,0.0,0.0,0.0,889.1,DRV,,,False,0,,Shipper 1386,,,,11/3/2017 16:00,11/6/2017 14:00,False,False,False,False,False,False,False,True,Colonial Heights,VA ,Colonial Heights,VA 
11159,206470969,6/20/2017 10:15,6/20/2017 10:15,,6/23/2017 9:00,6/23/2017 8:09,0.0,0.0,0.0,278.5,DRV,,,False,1,,Shipper 1386,,,,6/23/2017 17:00,6/25/2017 0:00,False,False,False,False,False,False,False,True,De Soto,KS ,De Soto,KS 
11160,206467641,9/7/2017 16:56,9/7/2017 16:56,,9/8/2017 12:00,9/7/2017 16:56,0.0,0.0,0.0,252.6,DRV,,,False,0,,Shipper 1386,,,,9/8/2017 14:00,9/9/2017 1:00,False,False,False,False,False,False,False,True,Newark,NJ ,Newark,NJ 
11161,206438521,12/4/2017 9:52,12/4/2017 9:52,,12/5/2017 15:00,12/4/2017 14:40,0.0,0.0,0.0,1409.6,DRV,,,False,0,,Shipper 1386,,,,12/5/2017 15:00,12/7/2017 23:00,False,False,False,False,False,False,False,True,Fort Collins,CO ,Fort Collins,CO 
11162,206433273,4/28/2017 17:04,4/28/2017 17:04,,5/3/2017 12:00,5/2/2017 15:40,0.0,0.0,0.0,1769.0,DRV,,,False,0,,Shipper 1386,,,,5/3/2017 12:00,5/5/2017 15:00,False,False,False,False,False,False,False,True,Fort Collins,CO ,Fort Collins,CO 
11163,206433361,8/22/2017 16:29,8/22/2017 16:29,,8/25/2017 19:00,8/23/2017 16:48,0.0,0.0,0.0,629.4,RFR,,,False,0,,Shipper 1386,,,,8/25/2017 19:00,8/28/2017 17:30,False,False,False,False,False,False,False,True,Los Angeles,CA ,Los Angeles,CA 
11164,206424529,3/24/2017 16:37,3/24/2017 16:38,,3/29/2017 9:00,3/28/2017 9:14,0.0,0.0,0.0,666.3,RFR,,,False,0,,Shipper 1386,,,,3/29/2017 17:00,3/30/2017 14:00,False,False,False,False,False,False,False,True,Colonial Heights,VA ,Colonial Heights,VA 
11165,206469601,9/11/2017 16:32,9/11/2017 16:32,,9/12/2017 23:00,9/11/2017 16:33,0.0,0.0,0.0,285.2,DRV,,,False,0,,Shipper 1386,,,,9/13/2017 1:00,9/13/2017 13:00,False,False,False,False,False,False,False,True,Newark,NJ ,Newark,NJ 
11166,206428065,4/21/2017 16:21,4/21/2017 16:21,,4/25/2017 2:00,4/24/2017 9:49,0.0,0.0,0.0,188.8,DRV,,,False,0,,Shipper 1386,,,,4/25/2017 2:00,4/25/2017 13:30,False,False,False,False,False,False,False,True,Colonial Heights,VA ,Colonial Heights,VA 
11167,206434177,8/1/2017 16:17,8/1/2017 16:17,,8/2/2017 11:00,8/2/2017 12:10,0.0,0.0,0.0,300.0,DRV,,,False,0,,Shipper 1386,,,,8/2/2017 15:00,8/2/2017 11:00,False,False,False,False,False,False,False,True,Baldwinsville,NY ,Baldwinsville,NY 
11168,206426689,6/26/2017 17:00,6/26/2017 17:01,,6/28/2017 18:00,6/28/2017 18:26,0.0,0.0,0.0,714.9,DRV,,,False,1,,Shipper 1386,,,,6/28/2017 18:00,6/30/2017 14:00,False,False,False,False,False,False,False,True,Fort Collins,CO ,Fort Collins,CO 
11169,206648265,4/20/2017 10:20,4/20/2017 10:20,,4/24/2017 9:00,4/20/2017 11:11,0.0,0.0,0.0,555.8,DRV,,,False,0,,Shipper 623,,,,4/24/2017 17:00,4/25/2017 18:00,False,False,False,False,False,False,False,True,Olean,NY ,Olean,NY 
11170,206594729,1/12/2017 16:27,1/12/2017 16:27,,1/17/2017 10:00,1/23/2017 10:35,0.0,0.0,0.0,1143.3,DRV,,,False,0,,Shipper 623,,,,1/17/2017 18:00,1/19/2017 17:00,False,False,False,False,False,False,False,True,Stacy,MN ,Stacy,MN 
11171,206758113,2/21/2017 14:01,2/21/2017 14:01,,2/23/2017 9:00,2/21/2017 14:45,0.0,0.0,0.0,555.8,DRV,,,False,0,,Shipper 623,,,,2/23/2017 17:00,2/24/2017 18:00,False,False,False,False,False,False,False,True,Olean,NY ,Olean,NY 
11172,206708769,2/2/2017 12:11,2/2/2017 12:11,,2/6/2017 9:00,2/2/2017 14:27,0.0,0.0,0.0,551.1,DRV,,,False,0,,Shipper 623,,,,2/6/2017 17:00,2/7/2017 18:00,False,False,False,False,False,False,False,True,Olean,NY ,Olean,NY 
11173,206705761,1/9/2017 7:10,1/9/2017 7:10,,1/11/2017 9:00,1/9/2017 8:26,0.0,0.0,0.0,551.1,DRV,,,False,0,,Shipper 623,,,,1/11/2017 17:00,1/12/2017 18:00,False,False,False,False,False,False,False,True,Olean,NY ,Olean,NY 
11174,206705785,3/3/2017 14:56,3/3/2017 14:56,,3/7/2017 9:00,3/3/2017 15:31,0.0,0.0,0.0,585.5,DRV,,,False,0,,Shipper 623,,,,3/7/2017 17:00,3/8/2017 18:00,False,False,False,False,False,False,False,True,Olean,NY ,Olean,NY 
11175,206548777,1/24/2017 9:05,1/24/2017 9:05,,1/26/2017 9:00,1/24/2017 9:25,0.0,0.0,0.0,208.2,DRV,,,False,0,,Shipper 623,,,,1/26/2017 17:00,1/26/2017 17:00,False,False,False,False,False,False,False,True,Olean,NY ,Olean,NY 
11176,206526905,4/6/2017 12:13,4/6/2017 12:20,,4/10/2017 9:00,4/6/2017 12:34,0.0,0.0,0.0,555.8,DRV,,,False,0,,Shipper 623,,,,4/10/2017 17:00,4/11/2017 18:00,False,False,False,False,False,False,False,True,Olean,NY ,Olean,NY 
11177,206482641,12/19/2017 8:51,12/19/2017 8:51,12/21/2017 14:15,12/26/2017 14:00,12/26/2017 14:33,0.0,0.0,0.0,279.9,DRV,,,False,0,Carrier 45414,Shipper 1387,,,,12/26/2017 14:00,12/27/2017 8:00,False,False,False,False,False,False,False,True,Cartersville,GA ,Cartersville,GA 
11178,206467569,2/27/2017 9:50,2/27/2017 9:50,,2/28/2017 8:00,2/27/2017 12:25,0.0,0.0,0.0,345.9,DRV,,,False,0,,Shipper 623,,,,2/28/2017 15:00,3/1/2017 16:00,False,False,False,False,False,False,False,True,Reading,PA ,Reading,PA 
11179,206776137,12/4/2017 17:06,12/4/2017 17:06,,12/6/2017 16:00,12/6/2017 9:21,0.0,0.0,0.0,2847.9,DRV,,,False,1,,Shipper 1248,,,,12/6/2017 16:00,12/11/2017 6:00,False,False,False,False,False,False,False,True,Fairfield,CA ,Fairfield,CA 
11180,206775113,9/14/2017 17:26,9/14/2017 17:26,,9/17/2017 14:00,9/15/2017 9:25,0.0,0.0,0.0,449.5,RFR,,,False,0,,Shipper 1248,,,,9/17/2017 14:00,9/18/2017 17:00,False,False,False,False,False,False,False,True,Fort Collins,CO ,Fort Collins,CO 
11181,206774089,6/27/2017 17:24,6/27/2017 17:25,,7/2/2017 10:00,6/27/2017 17:25,0.0,0.0,0.0,749.8,DRV,,,False,0,,Shipper 1248,,,,7/2/2017 12:00,7/3/2017 12:00,False,False,False,False,False,False,False,True,Pleasant Prairie,WI ,Pleasant Prairie,WI 
11182,206758345,12/29/2017 12:52,12/29/2017 12:52,,1/2/2018 12:00,12/29/2017 13:03,0.0,0.0,0.0,328.8,DRV,,,False,0,,Shipper 1248,,,,1/2/2018 14:00,1/3/2018 4:00,False,False,False,False,False,False,False,True,Johnstown,PA ,Johnstown,PA 
11183,206758281,6/26/2017 14:39,6/26/2017 14:40,,6/27/2017 9:00,6/26/2017 15:25,0.0,0.0,0.0,165.5,DRV,,,False,0,,Shipper 1248,,,,6/27/2017 17:00,6/27/2017 17:00,False,False,False,False,False,False,False,True,Williamsburg,VA ,Williamsburg,VA 
11184,206774081,6/9/2017 16:34,6/9/2017 16:35,,6/12/2017 16:00,6/9/2017 17:42,0.0,0.0,0.0,219.3,DRV,,,False,0,,Shipper 1248,,,,6/12/2017 16:00,6/13/2017 17:00,False,False,False,False,False,False,False,True,Cartersville,GA ,Cartersville,GA 
11185,206759489,11/1/2017 16:15,11/1/2017 16:15,,11/3/2017 18:00,11/2/2017 15:33,0.0,0.0,0.0,1122.2,RFR,,,False,0,,Shipper 1248,,,,11/3/2017 18:00,11/6/2017 15:00,False,False,False,False,False,False,False,True,Fairfield,CA ,Fairfield,CA 
11186,206776089,8/1/2017 11:54,8/1/2017 11:54,,8/1/2017 12:00,8/1/2017 12:02,0.0,0.0,0.0,250.6,DRV,,,False,0,,Shipper 1248,,,,8/1/2017 14:00,8/2/2017 0:00,False,False,False,False,False,False,False,True,Merrimack,NH ,Merrimack,NH 
11187,206775193,12/18/2017 18:19,12/18/2017 18:19,,12/20/2017 15:00,12/19/2017 8:42,0.0,0.0,0.0,334.9,RFR,,,False,0,,Shipper 1248,,,,12/20/2017 17:00,12/21/2017 7:00,False,False,False,False,False,False,False,True,St. Louis,MO ,St. Louis,MO 
11188,206708825,5/22/2017 15:19,5/22/2017 15:19,,5/23/2017 4:00,5/22/2017 15:54,0.0,0.0,0.0,323.0,RFR,,,False,0,,Shipper 1248,,,,5/23/2017 4:00,5/24/2017 23:00,False,False,False,False,False,False,False,True,Jacksonville,FL ,Jacksonville,FL 
11189,206759401,7/7/2017 16:20,7/7/2017 16:20,,7/12/2017 9:00,7/10/2017 11:53,0.0,0.0,0.0,89.5,DRV,,,False,0,,Shipper 1248,,,,7/12/2017 17:00,7/13/2017 6:00,False,False,False,False,False,False,False,True,Newark,NJ ,Newark,NJ 
11190,206758313,9/19/2017 9:32,9/19/2017 9:32,,9/29/2017 16:00,9/27/2017 16:53,0.0,0.0,0.0,351.9,DRV,,,False,0,,Shipper 1248,,,,9/29/2017 16:00,10/2/2017 15:00,False,False,False,False,False,False,False,True,Colonial Heights,VA ,Colonial Heights,VA 
11191,206754793,7/26/2017 10:59,7/26/2017 10:59,,7/31/2017 2:00,7/26/2017 15:01,0.0,0.0,0.0,170.3,DRV,,,False,0,,Shipper 1248,,,,7/31/2017 2:00,7/31/2017 16:00,False,False,False,False,False,False,False,True,Aurora,CO ,Aurora,CO 
11192,206652649,10/20/2017 17:31,10/20/2017 17:31,,10/24/2017 17:00,10/23/2017 11:04,0.0,0.0,0.0,1409.6,RFR,,,False,0,,Shipper 1248,,,,10/24/2017 17:00,10/26/2017 23:00,False,False,False,False,False,False,False,True,Fort Collins,CO ,Fort Collins,CO 
11193,206652009,6/6/2017 16:52,6/6/2017 16:52,,6/9/2017 9:00,6/7/2017 11:48,0.0,0.0,0.0,266.6,DRV,,,False,0,,Shipper 1248,,,,6/9/2017 17:00,6/9/2017 12:00,False,False,False,False,False,False,False,True,Jacksonville,FL ,Jacksonville,FL 
11194,206649001,9/8/2017 19:25,9/8/2017 19:25,,9/11/2017 22:00,9/11/2017 8:59,0.0,0.0,0.0,357.5,DRV,,,False,0,,Shipper 1248,,,,9/12/2017 0:00,9/12/2017 15:00,False,False,False,False,False,False,False,True,Williamsburg,VA ,Williamsburg,VA 
11195,206756937,9/15/2017 16:54,9/15/2017 16:54,,9/18/2017 18:00,9/15/2017 17:41,0.0,0.0,0.0,867.8,RFR,,,False,0,,Shipper 1248,,,,9/18/2017 18:00,9/20/2017 15:30,False,False,False,False,False,False,False,True,Fort Collins,CO ,Fort Collins,CO 
11196,206709065,9/27/2017 16:35,9/27/2017 16:35,,9/29/2017 16:00,9/28/2017 11:08,0.0,0.0,0.0,1529.2,DRV,,,False,0,,Shipper 1248,,,,9/29/2017 16:00,10/2/2017 16:00,False,False,False,False,False,False,False,True,Fairfield,CA ,Fairfield,CA 
11197,206705801,4/10/2017 17:00,4/10/2017 17:00,,4/17/2017 17:00,4/14/2017 9:57,0.0,0.0,0.0,199.5,DRV,,,False,0,,Shipper 1248,,,,4/17/2017 17:00,4/18/2017 11:00,False,False,False,False,False,False,False,True,Williamsburg,VA ,Williamsburg,VA 
11198,206649753,3/27/2017 17:53,3/27/2017 17:53,,4/3/2017 21:00,3/29/2017 17:06,0.0,0.0,0.0,395.5,RFR,,,False,0,,Shipper 1248,,,,4/3/2017 21:00,4/4/2017 16:00,False,False,False,False,False,False,False,True,Granite City,IL ,Granite City,IL 
11199,206649497,5/12/2017 12:52,5/12/2017 12:52,,5/13/2017 20:00,5/12/2017 17:08,0.0,0.0,0.0,396.9,DRV,,,False,0,,Shipper 1248,,,,5/13/2017 20:00,5/18/2017 8:30,False,False,False,False,False,False,False,True,Houston,TX ,Houston,TX 
11200,206582473,7/24/2017 16:59,7/24/2017 16:59,7/25/2017 13:15,7/25/2017 18:00,7/25/2017 18:35,0.0,250.0,0.0,471.2,RFR,,,False,0,Carrier 1268215,Shipper 1386,True,True,True,7/25/2017 18:00,7/26/2017 11:00,False,False,False,False,False,False,False,False,Granite City,IL ,Granite City,IL 
11201,206647449,5/15/2017 13:34,5/15/2017 13:35,,5/17/2017 10:00,5/15/2017 13:35,0.0,0.0,0.0,389.2,DRV,,,False,0,,Shipper 1248,,,,5/17/2017 18:00,5/17/2017 18:00,False,False,False,False,False,False,False,True,La Porte,TX ,La Porte,TX 
11202,206647001,12/18/2017 17:40,12/18/2017 17:41,,12/20/2017 9:00,12/18/2017 18:53,0.0,0.0,0.0,172.1,DRV,,,False,0,,Shipper 1248,,,,12/20/2017 11:00,12/20/2017 18:00,False,False,False,False,False,False,False,True,Jacksonville,FL ,Jacksonville,FL 
11203,206652105,9/25/2017 16:24,9/25/2017 16:24,,9/30/2017 17:00,9/26/2017 10:52,0.0,0.0,0.0,714.9,DRV,,,False,0,,Shipper 1248,,,,9/30/2017 17:00,10/2/2017 14:00,False,False,False,False,False,False,False,True,Fort Collins,CO ,Fort Collins,CO 
11204,206651273,6/6/2017 16:50,6/6/2017 16:50,,6/8/2017 0:00,6/7/2017 11:48,0.0,0.0,0.0,266.6,DRV,,,False,0,,Shipper 1248,,,,6/8/2017 0:00,6/8/2017 12:00,False,False,False,False,False,False,False,True,Jacksonville,FL ,Jacksonville,FL 
11205,206648969,6/6/2017 17:26,6/6/2017 17:26,,6/8/2017 10:00,6/6/2017 17:28,0.0,0.0,0.0,422.0,RFR,,,False,0,,Shipper 1248,,,,6/8/2017 18:00,6/8/2017 18:00,False,False,False,False,False,False,False,True,La Porte,TX ,La Porte,TX 
11206,206756929,7/19/2017 16:27,7/19/2017 16:27,,7/22/2017 13:00,7/19/2017 16:30,0.0,0.0,0.0,877.1,DRV,,,False,0,,Shipper 1248,,,,7/22/2017 15:00,7/24/2017 5:00,False,False,False,False,False,False,False,True,Granite City,IL ,Granite City,IL 
11207,206709057,9/11/2017 16:40,9/11/2017 16:40,,9/12/2017 12:00,9/11/2017 16:41,0.0,0.0,0.0,212.5,DRV,,,False,0,,Shipper 1248,,,,9/12/2017 14:00,9/12/2017 23:00,False,False,False,False,False,False,False,True,Lewistown,PA ,Lewistown,PA 
11208,206705857,9/25/2017 17:00,9/25/2017 17:00,,9/29/2017 11:00,9/28/2017 11:59,0.0,0.0,0.0,850.9,DRV,,,False,1,,Shipper 1248,,,,9/29/2017 11:00,10/2/2017 4:00,False,False,False,False,False,False,False,True,Newark,NJ ,Newark,NJ 
11209,206650561,5/10/2017 13:46,5/10/2017 13:46,,5/12/2017 10:00,5/10/2017 16:03,0.0,0.0,0.0,226.8,DRV,,,False,0,,Shipper 1248,,,,5/12/2017 18:00,5/13/2017 16:00,False,False,False,False,False,False,False,True,La Porte,TX ,La Porte,TX 
11210,206649857,12/4/2017 9:44,12/4/2017 9:44,,12/6/2017 10:00,12/4/2017 15:30,0.0,0.0,0.0,161.8,DRV,,,False,0,,Shipper 1248,,,,12/6/2017 10:00,12/6/2017 17:00,False,False,False,False,False,False,False,True,Fort Collins,CO ,Fort Collins,CO 
11211,206647489,9/26/2017 17:00,9/26/2017 17:00,,9/28/2017 7:00,9/26/2017 17:28,0.0,0.0,0.0,911.9,DRV,,,False,0,,Shipper 1248,,,,9/28/2017 9:00,9/30/2017 0:00,False,False,False,False,False,False,False,True,St. Louis,MO ,St. Louis,MO 
11212,206598529,4/3/2017 16:31,4/3/2017 16:31,,4/5/2017 9:00,4/3/2017 16:34,0.0,0.0,0.0,267.6,DRV,,,False,0,,Shipper 1248,,,,4/5/2017 17:00,4/5/2017 17:00,False,False,False,False,False,False,False,True,Baldwinsville,NY ,Baldwinsville,NY 
11213,206595521,4/17/2017 16:49,4/17/2017 16:49,,4/19/2017 23:00,4/18/2017 11:51,0.0,0.0,0.0,387.7,DRV,,,False,0,,Shipper 1248,,,,4/19/2017 23:00,4/19/2017 17:00,False,False,False,False,False,False,False,True,Jacksonville,FL ,Jacksonville,FL 
11214,206438153,12/14/2017 16:26,12/14/2017 16:26,12/15/2017 10:28,12/16/2017 14:00,12/15/2017 17:59,0.0,0.0,0.0,1702.2,RFR,,,False,0,Carrier 920764,Shipper 1387,,,,12/16/2017 14:00,12/19/2017 16:00,False,False,False,False,False,False,False,True,Williamsburg,VA ,Williamsburg,VA 
11215,206607641,1/18/2017 10:37,1/18/2017 10:37,1/20/2017 12:06,1/23/2017 15:00,1/24/2017 11:00,0.0,150.0,0.0,140.0,DRV,,,False,0,Carrier 733897,Shipper 758,,,,1/23/2017 15:00,1/24/2017 10:00,False,False,False,False,False,False,False,False,Hawkins,TX ,Hawkins,TX 
11216,206666761,5/19/2017 15:13,5/19/2017 15:13,5/22/2017 11:58,5/25/2017 17:00,5/24/2017 12:51,0.0,0.0,0.0,130.8,DRV,,,False,0,Carrier 816774,Shipper 758,,,,5/25/2017 17:00,5/26/2017 1:30,False,False,False,False,False,False,False,True,Hawkins,TX ,Hawkins,TX 
11217,206577673,9/27/2017 16:43,9/27/2017 16:43,9/28/2017 10:40,9/30/2017 14:00,9/29/2017 15:14,0.0,0.0,0.0,1332.1,DRV,,,False,0,Carrier 154563,Shipper 1388,,,,9/30/2017 14:00,10/2/2017 23:00,False,False,False,False,False,False,False,True,Williamsburg,VA ,Williamsburg,VA 
11218,206474273,12/15/2017 11:24,12/15/2017 11:24,12/15/2017 11:27,12/16/2017 12:00,12/17/2017 5:00,0.0,150.0,0.0,400.5,DRV,,livejobs,False,0,Carrier 941668,Shipper 1387,True,True,True,12/16/2017 14:00,12/17/2017 7:00,False,False,False,False,False,False,False,False,Jacksonville,FL ,Jacksonville,FL 
11219,206728049,9/20/2017 17:06,9/20/2017 17:06,9/21/2017 15:02,9/22/2017 18:00,9/22/2017 11:47,0.0,0.0,0.0,1202.6,DRV,,,False,0,Carrier 31074,Shipper 1375,,,,9/22/2017 18:00,9/25/2017 17:30,False,False,False,False,False,False,False,True,Fort Collins,CO ,Fort Collins,CO 
11220,206576449,11/2/2017 9:07,11/2/2017 9:07,11/2/2017 14:13,11/3/2017 8:00,11/2/2017 14:39,0.0,0.0,0.0,342.7,DRV,,,False,0,Carrier 1679937,Shipper 1388,,,,11/3/2017 18:00,11/4/2017 23:00,False,False,False,False,False,False,False,True,Merrimack,NH ,Merrimack,NH 
11221,206496025,6/21/2017 12:53,6/21/2017 12:53,6/22/2017 16:54,6/26/2017 11:00,6/23/2017 16:13,0.0,0.0,0.0,1705.7,DRV,,,False,0,Carrier 736749,Shipper 937,,,,6/26/2017 11:00,6/29/2017 17:00,False,False,False,False,False,False,False,True,Tampa,FL ,Tampa,FL 
11222,206545801,9/20/2017 17:11,9/20/2017 17:11,,9/23/2017 6:04,9/20/2017 18:32,0.0,0.0,0.0,402.7,DRV,,,False,0,,Shipper 1248,,,,9/23/2017 8:04,9/24/2017 1:04,False,False,False,False,False,False,False,True,Fort Collins,CO ,Fort Collins,CO 
11223,206759393,5/31/2017 11:54,5/31/2017 11:57,,6/5/2017 16:00,6/2/2017 13:13,0.0,0.0,0.0,447.0,DRV,,,False,0,,Shipper 1248,,,,6/5/2017 15:00,6/6/2017 9:00,False,False,False,False,False,False,False,True,Baldwinsville,NY ,Baldwinsville,NY 
11224,206596777,9/18/2017 17:56,9/18/2017 17:56,,9/21/2017 8:00,9/19/2017 17:57,0.0,0.0,0.0,232.5,DRV,,,False,0,,Shipper 1248,,,,9/21/2017 16:00,9/22/2017 21:00,False,False,False,False,False,False,False,True,Erie,PA ,Erie,PA 
11225,206597721,5/15/2017 12:58,5/15/2017 12:58,,5/18/2017 2:00,5/16/2017 14:39,0.0,0.0,0.0,135.2,RFR,,,False,1,,Shipper 1248,,,,5/18/2017 2:00,5/18/2017 11:00,False,False,False,False,False,False,False,True,Colonial Heights,VA ,Colonial Heights,VA 
11226,206596761,9/11/2017 16:50,9/11/2017 16:50,,9/13/2017 12:00,9/11/2017 16:53,0.0,0.0,0.0,1162.2,DRV,,,False,0,,Shipper 1248,,,,9/13/2017 14:00,9/15/2017 16:00,False,False,False,False,False,False,False,True,Greeley,CO ,Greeley,CO 
11227,206595353,12/29/2017 12:52,12/29/2017 12:52,,1/2/2018 12:00,12/29/2017 13:02,0.0,0.0,0.0,328.8,DRV,,,False,0,,Shipper 1248,,,,1/2/2018 14:00,1/3/2018 4:00,False,False,False,False,False,False,False,True,Johnstown,PA ,Johnstown,PA 
11228,206754809,9/26/2017 16:24,9/26/2017 16:24,,9/28/2017 12:00,9/27/2017 8:24,0.0,0.0,0.0,728.5,DRV,,,False,0,,Shipper 1248,,,,9/28/2017 12:00,9/29/2017 16:00,False,False,False,False,False,False,False,True,Fort Collins,CO ,Fort Collins,CO 
11229,206708833,6/6/2017 16:55,6/6/2017 16:56,,6/9/2017 9:00,6/7/2017 11:48,0.0,0.0,0.0,266.6,DRV,,,False,0,,Shipper 1248,,,,6/9/2017 17:00,6/9/2017 12:00,False,False,False,False,False,False,False,True,Jacksonville,FL ,Jacksonville,FL 
11230,206651321,9/14/2017 17:31,9/14/2017 17:31,,9/17/2017 16:00,9/15/2017 9:25,0.0,0.0,0.0,409.2,RFR,,,False,0,,Shipper 1248,,,,9/17/2017 16:00,9/18/2017 11:00,False,False,False,False,False,False,False,True,Fort Collins,CO ,Fort Collins,CO 
11231,206775121,9/15/2017 16:51,9/15/2017 16:51,,9/19/2017 4:00,9/15/2017 17:19,0.0,0.0,0.0,273.7,DRV,,,False,0,,Shipper 1248,,,,9/19/2017 6:00,9/19/2017 17:00,False,False,False,False,False,False,False,True,St. Louis,MO ,St. Louis,MO 
11232,206774161,12/4/2017 10:11,12/4/2017 10:12,,12/5/2017 12:00,12/4/2017 14:18,0.0,0.0,0.0,384.2,DRV,,,False,0,,Shipper 1248,,,,12/5/2017 12:00,12/6/2017 8:30,False,False,False,False,False,False,False,True,Williamsburg,VA ,Williamsburg,VA 
11233,206774097,7/31/2017 15:22,7/31/2017 15:22,,8/1/2017 8:00,7/31/2017 15:29,0.0,0.0,0.0,654.8,DRV,,,False,0,,Shipper 1248,,,,8/1/2017 10:00,8/2/2017 14:00,False,False,False,False,False,False,False,True,Romulus,MI ,Romulus,MI 
11234,206529353,6/9/2017 16:18,6/9/2017 16:18,,6/13/2017 17:00,6/12/2017 14:18,0.0,0.0,0.0,1130.0,DRV,,,False,0,,Shipper 1248,,,,6/13/2017 17:00,6/15/2017 8:30,False,False,False,False,False,False,False,True,Houston,TX ,Houston,TX 
11235,206534097,5/22/2017 14:39,5/22/2017 14:39,5/23/2017 9:11,5/23/2017 11:00,5/24/2017 17:47,0.0,150.0,0.0,226.8,DRV,,,False,0,Carrier 49679,Shipper 1388,,,,5/23/2017 12:00,5/23/2017 14:30,False,False,False,False,False,False,False,True,La Porte,TX ,La Porte,TX 
11236,206650617,12/18/2017 23:39,12/18/2017 23:39,,12/20/2017 12:00,12/19/2017 14:52,0.0,0.0,0.0,148.5,DRV,,,False,0,,Shipper 1248,,,,12/20/2017 14:00,12/20/2017 20:00,False,False,False,False,False,False,False,True,Portland,OR ,Portland,OR 
11237,206648953,5/2/2017 13:52,5/2/2017 13:52,,5/4/2017 9:00,5/2/2017 16:56,0.0,0.0,0.0,105.2,DRV,,,False,0,,Shipper 1248,,,,5/4/2017 9:00,5/4/2017 14:00,False,False,False,False,False,False,False,True,Cartersville,GA ,Cartersville,GA 
11238,206648697,9/20/2017 17:03,9/20/2017 17:04,,9/23/2017 13:00,9/20/2017 18:12,0.0,0.0,0.0,629.5,DRV,,,False,0,,Shipper 1248,,,,9/23/2017 15:00,9/24/2017 18:00,False,False,False,False,False,False,False,True,Fort Collins,CO ,Fort Collins,CO 
11239,206545705,12/18/2017 16:29,12/18/2017 16:29,,12/19/2017 13:00,12/19/2017 10:19,0.0,0.0,0.0,175.6,DRV,,,False,0,,Shipper 1248,,,,12/19/2017 13:00,12/20/2017 6:45,False,False,False,False,False,False,False,True,Cartersville,GA ,Cartersville,GA 
11240,206649841,11/16/2017 16:31,11/16/2017 16:31,,11/18/2017 19:00,11/20/2017 9:16,0.0,0.0,0.0,735.9,DRV,,,False,0,,Shipper 1248,,,,11/18/2017 19:00,11/20/2017 11:00,False,False,False,False,False,False,False,True,Fairfield,CA ,Fairfield,CA 
11241,206649521,5/30/2017 11:34,5/30/2017 11:34,,6/1/2017 9:00,5/30/2017 12:06,0.0,0.0,0.0,354.3,RFR,,,False,0,,Shipper 1248,,,,6/1/2017 17:00,6/2/2017 15:00,False,False,False,False,False,False,False,True,Newark,NJ ,Newark,NJ 
11242,206648753,12/18/2017 15:21,12/18/2017 15:21,,12/18/2017 21:00,12/18/2017 15:22,0.0,0.0,0.0,653.9,DRV,,,False,0,,Shipper 1248,,,,12/18/2017 21:00,12/21/2017 3:00,False,False,False,False,False,False,False,True,Dunkirk,IN ,Dunkirk,IN 
11243,206647473,7/24/2017 14:19,7/24/2017 14:19,,7/31/2017 9:00,7/24/2017 14:24,0.0,0.0,0.0,173.3,DRV,,,False,0,,Shipper 1248,,,,7/31/2017 11:00,7/31/2017 18:00,False,False,False,False,False,False,False,True,Fort Collins,CO ,Fort Collins,CO 
11244,206523721,9/18/2017 17:53,9/18/2017 17:53,,9/21/2017 8:00,9/19/2017 17:58,0.0,0.0,0.0,232.5,DRV,,,False,0,,Shipper 1248,,,,9/21/2017 15:00,9/22/2017 21:00,False,False,False,False,False,False,False,True,Erie,PA ,Erie,PA 
11245,206523593,9/7/2017 16:56,9/7/2017 16:56,,9/8/2017 12:00,9/7/2017 16:57,0.0,0.0,0.0,252.6,DRV,,,False,0,,Shipper 1248,,,,9/8/2017 14:00,9/9/2017 1:00,False,False,False,False,False,False,False,True,Newark,NJ ,Newark,NJ 
11246,206651553,6/23/2017 16:20,6/23/2017 16:21,,6/27/2017 21:00,6/26/2017 15:07,0.0,0.0,0.0,557.6,DRV,,,False,0,,Shipper 1248,,,,6/27/2017 21:00,6/28/2017 17:00,False,False,False,False,False,False,False,True,Fort Collins,CO ,Fort Collins,CO 
11247,206650465,11/8/2017 8:47,11/8/2017 8:47,,11/9/2017 17:00,11/9/2017 12:49,0.0,0.0,0.0,3081.4,RFR,,,False,0,,Shipper 1248,,,,11/9/2017 17:00,11/14/2017 12:00,False,False,False,False,False,False,False,True,Fairfield,CA ,Fairfield,CA 
11248,206650401,6/6/2017 17:00,6/6/2017 17:00,,6/9/2017 2:00,6/7/2017 11:48,0.0,0.0,0.0,266.6,DRV,,,False,0,,Shipper 1248,,,,6/9/2017 2:00,6/9/2017 12:00,False,False,False,False,False,False,False,True,Jacksonville,FL ,Jacksonville,FL 
11249,206536425,9/27/2017 17:08,9/27/2017 17:08,,10/1/2017 14:00,9/29/2017 15:00,0.0,0.0,0.0,1569.7,DRV,,,False,0,,Shipper 1248,,,,10/1/2017 14:00,10/4/2017 12:00,False,False,False,False,False,False,False,True,Williamsburg,VA ,Williamsburg,VA 
11250,206530601,5/22/2017 14:03,5/22/2017 14:04,5/22/2017 17:54,5/23/2017 5:00,5/23/2017 15:10,0.0,0.0,0.0,180.4,RFR,4.0,,False,0,Carrier 1054924,Shipper 1248,True,True,True,5/23/2017 5:00,5/23/2017 20:00,False,False,False,False,False,False,False,False,La Porte,TX ,La Porte,TX 
11251,206545793,8/23/2017 16:36,8/23/2017 16:36,,8/26/2017 18:00,8/23/2017 17:07,0.0,0.0,0.0,516.3,DRV,,,False,0,,Shipper 1248,,,,8/26/2017 20:00,8/27/2017 18:00,False,False,False,False,False,False,False,True,St. Louis,MO ,St. Louis,MO 
11252,206540865,5/12/2017 16:17,5/12/2017 16:17,,5/16/2017 9:00,5/12/2017 16:33,0.0,0.0,0.0,661.4,DRV,,,False,0,,Shipper 1248,,,,5/16/2017 17:00,5/17/2017 17:00,False,False,False,False,False,False,False,True,Cartersville,GA ,Cartersville,GA 
11253,206535489,6/26/2017 16:56,6/26/2017 16:57,,6/28/2017 18:00,6/27/2017 16:31,0.0,0.0,0.0,378.2,DRV,,,False,1,,Shipper 1248,,,,6/28/2017 18:00,6/29/2017 15:00,False,False,False,False,False,False,False,True,St. Louis,MO ,St. Louis,MO 
11254,206531201,12/12/2017 17:07,12/12/2017 17:07,,12/13/2017 18:00,12/12/2017 17:24,0.0,0.0,0.0,203.4,DRV,,,False,0,,Shipper 1248,,,,12/13/2017 20:00,12/14/2017 4:00,False,False,False,False,False,False,False,True,Jacksonville,FL ,Jacksonville,FL 
11255,206530817,6/6/2017 18:10,6/6/2017 18:10,,6/8/2017 12:00,6/7/2017 14:18,0.0,0.0,0.0,442.6,DRV,,,False,0,,Shipper 1248,,,,6/8/2017 20:00,6/8/2017 20:00,False,False,False,False,False,False,False,True,Van Nuys,CA ,Van Nuys,CA 
11256,206528641,9/18/2017 18:00,9/18/2017 18:00,,9/19/2017 12:00,9/18/2017 18:10,0.0,0.0,0.0,739.3,DRV,,,False,0,,Shipper 1248,,,,9/19/2017 14:00,9/20/2017 22:00,False,False,False,False,False,False,False,True,Pleasant Prairie,WI ,Pleasant Prairie,WI 
11257,206528449,4/28/2017 16:50,4/28/2017 16:50,,5/3/2017 11:00,4/28/2017 17:00,0.0,0.0,0.0,1769.0,DRV,,,False,0,,Shipper 1248,,,,5/3/2017 19:00,5/6/2017 17:00,False,False,False,False,False,False,False,True,Fort Collins,CO ,Fort Collins,CO 
11258,206594481,7/27/2017 16:22,7/27/2017 16:22,,7/31/2017 7:00,7/28/2017 13:56,0.0,0.0,0.0,82.3,DRV,,,False,0,,Shipper 1248,,,,7/31/2017 10:00,7/31/2017 13:00,False,False,False,False,False,False,False,True,Baldwinsville,NY ,Baldwinsville,NY 
11259,206475649,9/18/2017 17:14,9/18/2017 17:14,9/19/2017 12:42,9/20/2017 14:00,9/19/2017 17:28,0.0,0.0,0.0,348.2,DRV,,,False,0,Carrier 1396793,Shipper 1388,,,,9/20/2017 14:00,9/21/2017 14:00,False,False,False,False,False,False,False,True,Baldwinsville,NY ,Baldwinsville,NY 
11260,206574857,6/23/2017 17:13,6/23/2017 17:13,6/27/2017 16:51,6/27/2017 16:00,6/29/2017 8:00,0.0,150.0,0.0,952.2,RFR,,,False,1,Carrier 1043457,Shipper 1375,True,True,True,6/27/2017 16:00,6/29/2017 8:00,False,False,False,False,False,False,False,False,Los Angeles,CA ,Los Angeles,CA 
11261,206521625,1/16/2017 17:36,1/16/2017 17:36,1/20/2017 9:59,1/23/2017 15:00,1/23/2017 15:00,0.0,0.0,0.0,140.0,DRV,,,False,0,Carrier 113308,Shipper 758,,,,1/23/2017 15:00,1/24/2017 7:00,False,False,False,False,False,False,False,False,Hawkins,TX ,Hawkins,TX 
11262,206603849,12/12/2017 16:28,12/12/2017 16:29,12/13/2017 11:08,12/14/2017 16:00,12/14/2017 17:46,0.0,0.0,0.0,400.5,DRV,,,False,0,Carrier 941668,Shipper 1388,True,True,True,12/14/2017 16:00,12/15/2017 23:55,False,False,False,False,False,False,False,True,Jacksonville,FL ,Jacksonville,FL 
11263,206488841,12/5/2017 16:41,12/5/2017 16:41,12/7/2017 12:19,12/8/2017 17:00,12/12/2017 11:00,0.0,150.0,0.0,2847.9,RFR,,ts_in,False,0,Carrier 1030395,Shipper 1388,True,True,True,12/8/2017 17:00,12/12/2017 11:00,False,False,False,False,False,False,False,False,Fairfield,CA ,Fairfield,CA 
11264,206482641,12/19/2017 8:51,12/19/2017 8:51,12/21/2017 14:15,12/26/2017 14:00,12/26/2017 14:33,0.0,0.0,0.0,279.9,DRV,,,False,0,Carrier 45414,Shipper 1388,,,,12/26/2017 14:00,12/27/2017 8:00,False,False,False,False,False,False,False,True,Cartersville,GA ,Cartersville,GA 
11265,206593777,12/14/2017 16:38,12/14/2017 16:38,,12/17/2017 23:00,12/14/2017 17:27,0.0,0.0,0.0,1064.6,DRV,,,False,0,,Shipper 1248,,,,12/18/2017 1:00,12/19/2017 23:00,False,False,False,False,False,False,False,True,Newark,NJ ,Newark,NJ 
11266,206598457,10/16/2017 16:14,10/16/2017 16:14,,10/17/2017 19:00,10/16/2017 17:55,0.0,0.0,0.0,397.1,DRV,,,False,0,,Shipper 1248,,,,10/17/2017 19:00,10/18/2017 12:00,False,False,False,False,False,False,False,True,St. Louis,MO ,St. Louis,MO 
11267,206523585,8/28/2017 10:02,8/28/2017 10:02,,8/29/2017 23:00,8/28/2017 10:02,0.0,0.0,0.0,1026.7,RFR,,,False,0,,Shipper 1248,,,,8/30/2017 1:00,8/31/2017 21:00,False,False,False,False,False,False,False,True,Fort Collins,CO ,Fort Collins,CO 
11268,206759377,4/17/2017 16:54,4/17/2017 16:54,,4/19/2017 2:00,4/18/2017 11:52,0.0,0.0,0.0,387.7,DRV,,,False,0,,Shipper 1248,,,,4/19/2017 2:00,4/19/2017 17:00,False,False,False,False,False,False,False,True,Jacksonville,FL ,Jacksonville,FL 
11269,206758289,8/1/2017 16:24,8/1/2017 16:24,,8/2/2017 11:00,8/2/2017 12:11,0.0,0.0,0.0,300.0,DRV,,,False,0,,Shipper 1248,,,,8/2/2017 15:00,8/3/2017 11:00,False,False,False,False,False,False,False,True,Baldwinsville,NY ,Baldwinsville,NY 
11270,206754833,12/18/2017 18:43,12/18/2017 18:43,,12/20/2017 9:00,12/19/2017 8:38,0.0,0.0,0.0,380.5,DRV,,,False,0,,Shipper 1248,,,,12/20/2017 11:00,12/21/2017 13:00,False,False,False,False,False,False,False,True,Cartersville,GA ,Cartersville,GA 
11271,206754321,12/14/2017 16:55,12/14/2017 16:55,,12/20/2017 15:00,12/20/2017 8:56,0.0,0.0,0.0,364.9,DRV,,,False,1,,Shipper 1248,,,,12/20/2017 15:00,12/21/2017 8:30,False,False,False,False,False,False,False,True,Newark,NJ ,Newark,NJ 
11272,206707217,5/16/2017 17:29,5/16/2017 17:29,,5/17/2017 16:00,5/18/2017 10:12,0.0,0.0,0.0,86.1,RFR,,,False,1,,Shipper 1248,,,,5/17/2017 16:00,5/18/2017 13:30,False,False,False,False,False,False,False,True,Newark,NJ ,Newark,NJ 
11273,206598561,8/23/2017 16:16,8/23/2017 16:16,,8/25/2017 10:00,8/23/2017 16:47,0.0,0.0,0.0,519.8,DRV,,,False,0,,Shipper 1248,,,,8/25/2017 12:00,8/26/2017 10:00,False,False,False,False,False,False,False,True,St. Louis,MO ,St. Louis,MO 
11274,206652689,12/14/2017 16:45,12/14/2017 16:46,,12/19/2017 3:00,12/15/2017 10:28,0.0,0.0,0.0,438.7,RFR,,,False,0,,Shipper 1248,,,,12/19/2017 5:00,12/20/2017 13:00,False,False,False,False,False,False,False,True,Houston,TX ,Houston,TX 
11275,206652625,7/24/2017 17:07,7/24/2017 17:07,,7/26/2017 18:00,7/27/2017 15:29,0.0,0.0,0.0,2114.6,RFR,,,False,0,,Shipper 1248,,,,7/26/2017 18:00,8/1/2017 11:30,False,False,False,False,False,False,False,True,Fort Collins,CO ,Fort Collins,CO 
11276,206650385,5/31/2017 14:00,5/31/2017 14:01,,6/1/2017 16:00,5/31/2017 16:32,0.0,0.0,0.0,293.0,DRV,,,False,0,,Shipper 1248,,,,6/1/2017 16:00,6/2/2017 14:00,False,False,False,False,False,False,False,True,Fort Collins,CO ,Fort Collins,CO 
11277,206649553,9/7/2017 10:44,9/7/2017 10:45,,9/8/2017 8:00,9/7/2017 10:50,0.0,0.0,0.0,314.3,DRV,,,False,0,,Shipper 1248,,,,9/8/2017 10:00,9/8/2017 23:00,False,False,False,False,False,False,False,True,Rochester,NY ,Rochester,NY 
11278,206649489,4/19/2017 16:27,4/19/2017 16:28,,4/22/2017 10:00,4/19/2017 16:31,0.0,0.0,0.0,1225.0,DRV,,,False,0,,Shipper 1248,,,,4/22/2017 18:00,4/24/2017 17:00,False,False,False,False,False,False,False,True,St. Louis,MO ,St. Louis,MO 
11279,206647505,12/4/2017 16:55,12/4/2017 16:55,,12/6/2017 21:00,12/5/2017 17:49,0.0,0.0,0.0,2733.2,DRV,,,False,0,,Shipper 1248,,,,12/6/2017 21:00,12/11/2017 23:00,False,False,False,False,False,False,False,True,Fairfield,CA ,Fairfield,CA 
11280,206548825,10/20/2017 17:21,10/20/2017 17:21,,10/24/2017 17:00,10/20/2017 17:57,0.0,0.0,0.0,559.7,DRV,,,False,0,,Shipper 1248,,,,10/24/2017 17:00,10/25/2017 15:30,False,False,False,False,False,False,False,True,Los Angeles,CA ,Los Angeles,CA 
11281,206540889,6/9/2017 16:43,6/9/2017 16:43,,6/13/2017 14:00,6/12/2017 15:01,0.0,0.0,0.0,613.1,DRV,,,False,1,,Shipper 1248,,,,6/13/2017 14:00,6/14/2017 13:30,False,False,False,False,False,False,False,True,Houston,TX ,Houston,TX 
11282,206540825,3/27/2017 16:55,3/27/2017 16:55,,4/3/2017 21:00,3/31/2017 16:05,0.0,0.0,0.0,188.8,DRV,,,False,0,,Shipper 1248,,,,4/3/2017 21:00,4/4/2017 9:00,False,False,False,False,False,False,False,True,Colonial Heights,VA ,Colonial Heights,VA 
11283,206536409,9/18/2017 17:12,9/18/2017 17:12,,9/21/2017 8:03,9/18/2017 17:45,0.0,0.0,0.0,825.3,DRV,,,False,0,,Shipper 1248,,,,9/21/2017 10:03,9/22/2017 22:03,False,False,False,False,False,False,False,True,Newark,NJ ,Newark,NJ 
11284,206597729,6/9/2017 16:47,6/9/2017 16:47,,6/13/2017 9:00,6/9/2017 16:48,0.0,0.0,0.0,364.9,RFR,,,False,0,,Shipper 1248,,,,6/13/2017 17:00,6/13/2017 17:00,False,False,False,False,False,False,False,True,Newark,NJ ,Newark,NJ 
11285,206596769,9/15/2017 16:39,9/15/2017 16:39,,9/18/2017 23:00,9/15/2017 17:19,0.0,0.0,0.0,527.8,DRV,,,False,0,,Shipper 1248,,,,9/19/2017 1:00,9/19/2017 15:30,False,False,False,False,False,False,False,True,St. Louis,MO ,St. Louis,MO 
11286,206582473,7/24/2017 16:59,7/24/2017 16:59,7/25/2017 13:15,7/25/2017 18:00,7/25/2017 18:35,0.0,250.0,0.0,471.2,RFR,,,False,0,Carrier 1268215,Shipper 1248,True,True,True,7/25/2017 18:00,7/26/2017 11:00,False,False,False,False,False,False,False,False,Granite City,IL ,Granite City,IL 
11287,206593761,11/9/2017 17:18,11/9/2017 17:18,,11/13/2017 0:00,11/10/2017 12:33,0.0,0.0,0.0,802.0,DRV,,,False,0,,Shipper 1248,,,,11/13/2017 0:00,11/14/2017 10:00,False,False,False,False,False,False,False,True,Aurora,CO ,Aurora,CO 
11288,206549921,6/6/2017 16:58,6/6/2017 16:58,,6/9/2017 9:00,6/7/2017 11:49,0.0,0.0,0.0,266.6,DRV,,,False,0,,Shipper 1248,,,,6/9/2017 17:00,6/9/2017 12:00,False,False,False,False,False,False,False,True,Jacksonville,FL ,Jacksonville,FL 
11289,206549473,4/10/2017 16:56,4/10/2017 16:56,,4/17/2017 16:00,4/14/2017 9:56,0.0,0.0,0.0,199.5,DRV,,,False,0,,Shipper 1248,,,,4/17/2017 16:00,4/18/2017 11:00,False,False,False,False,False,False,False,True,Williamsburg,VA ,Williamsburg,VA 
11290,206535513,9/15/2017 16:33,9/15/2017 16:33,,9/19/2017 15:00,9/18/2017 9:04,0.0,0.0,0.0,299.9,RFR,,,False,0,,Shipper 1248,,,,9/19/2017 15:00,9/20/2017 9:00,False,False,False,False,False,False,False,True,Colonial Heights,VA ,Colonial Heights,VA 
11291,206530841,8/1/2017 11:57,8/1/2017 11:57,,8/1/2017 12:00,8/1/2017 12:02,0.0,0.0,0.0,250.6,DRV,,,False,0,,Shipper 1248,,,,8/1/2017 14:00,8/2/2017 0:00,False,False,False,False,False,False,False,True,Merrimack,NH ,Merrimack,NH 
11292,206470721,6/6/2017 17:22,6/6/2017 17:22,,6/11/2017 17:00,6/8/2017 11:01,0.0,0.0,0.0,430.4,RFR,,,False,0,,Shipper 1248,,,,6/11/2017 17:00,6/12/2017 12:00,False,False,False,False,False,False,False,True,St. Louis,MO ,St. Louis,MO 
11293,206470337,10/24/2017 17:39,10/24/2017 17:39,,10/27/2017 16:00,10/24/2017 17:39,0.0,0.0,0.0,1787.6,DRV,,,False,0,,Shipper 1248,,,,10/27/2017 16:00,10/30/2017 16:00,False,False,False,False,False,False,False,True,St. Louis,MO ,St. Louis,MO 
11294,206533945,5/1/2017 16:33,5/1/2017 16:34,,5/3/2017 10:00,5/1/2017 16:39,0.0,0.0,0.0,384.3,RFR,,,False,0,,Shipper 1248,,,,5/3/2017 18:00,5/3/2017 17:00,False,False,False,False,False,False,False,True,Granite City,IL ,Granite City,IL 
11295,206598161,9/11/2017 16:44,9/11/2017 16:44,,10/4/2017 8:00,10/2/2017 16:11,0.0,0.0,0.0,212.5,DRV,,,False,1,,Shipper 1248,,,,10/4/2017 12:00,10/5/2017 23:00,False,False,False,False,False,False,False,True,Lewistown,PA ,Lewistown,PA 
11296,206536369,5/24/2017 17:31,5/24/2017 17:31,,5/24/2017 23:00,5/24/2017 17:42,0.0,0.0,0.0,99.5,RFR,,,False,0,,Shipper 1248,,,,5/24/2017 23:00,5/26/2017 17:00,False,False,False,False,False,False,False,True,Newark,NJ ,Newark,NJ 
11297,206535473,5/26/2017 16:02,5/26/2017 16:03,,6/2/2017 18:00,5/31/2017 16:43,0.0,0.0,0.0,381.1,DRV,,,False,0,,Shipper 1248,,,,6/2/2017 18:00,6/5/2017 10:00,False,False,False,False,False,False,False,True,Williamsburg,VA ,Williamsburg,VA 
11298,206549521,5/30/2017 11:31,5/30/2017 11:32,,6/7/2017 1:00,5/31/2017 17:56,0.0,0.0,0.0,354.3,RFR,,,False,0,,Shipper 1248,,,,6/7/2017 1:00,6/7/2017 15:00,False,False,False,False,False,False,False,True,Newark,NJ ,Newark,NJ 
11299,206545313,9/8/2017 19:22,9/8/2017 19:22,,9/11/2017 12:00,9/8/2017 19:24,0.0,0.0,0.0,293.2,DRV,,,False,0,,Shipper 1248,,,,9/11/2017 14:00,9/12/2017 2:00,False,False,False,False,False,False,False,True,Colonial Heights,VA ,Colonial Heights,VA 
11300,206540897,7/27/2017 16:43,7/27/2017 16:43,,7/29/2017 19:00,7/31/2017 9:29,0.0,0.0,0.0,794.6,DRV,,,False,1,,Shipper 1248,,,,7/29/2017 19:00,7/31/2017 11:00,False,False,False,False,False,False,False,True,Los Angeles,CA ,Los Angeles,CA 
11301,206536609,5/12/2017 16:12,5/12/2017 16:12,,5/16/2017 9:00,5/12/2017 16:30,0.0,0.0,0.0,1168.2,DRV,,,False,0,,Shipper 1248,,,,5/16/2017 17:00,5/18/2017 17:00,False,False,False,False,False,False,False,True,Jacksonville,FL ,Jacksonville,FL 
11302,206530593,5/10/2017 13:08,5/10/2017 13:09,,5/12/2017 10:00,5/10/2017 13:34,0.0,0.0,0.0,332.8,RFR,,,False,0,,Shipper 1248,,,,5/12/2017 18:00,5/12/2017 18:00,False,False,False,False,False,False,False,True,Houston,TX ,Houston,TX 
11303,206536465,12/29/2017 12:52,12/29/2017 12:52,,1/2/2018 12:00,12/29/2017 13:02,0.0,0.0,0.0,328.8,DRV,,,False,0,,Shipper 1248,,,,1/2/2018 14:00,1/3/2018 4:00,False,False,False,False,False,False,False,True,Johnstown,PA ,Johnstown,PA 
11304,206536337,4/10/2017 16:50,4/10/2017 16:50,,4/17/2017 17:00,4/14/2017 9:57,0.0,0.0,0.0,199.5,DRV,,,False,0,,Shipper 1248,,,,4/17/2017 17:00,4/18/2017 11:00,False,False,False,False,False,False,False,True,Williamsburg,VA ,Williamsburg,VA 
11305,206529425,12/18/2017 18:39,12/18/2017 18:39,,12/19/2017 23:00,12/18/2017 18:40,0.0,0.0,0.0,391.2,DRV,,,False,0,,Shipper 1248,,,,12/20/2017 1:00,12/20/2017 18:00,False,False,False,False,False,False,False,True,Fort Collins,CO ,Fort Collins,CO 
11306,206529361,7/24/2017 14:19,7/24/2017 14:19,,7/31/2017 9:00,7/24/2017 14:24,0.0,0.0,0.0,173.3,DRV,,,False,0,,Shipper 1248,,,,7/31/2017 11:00,7/31/2017 18:00,False,False,False,False,False,False,False,True,Fort Collins,CO ,Fort Collins,CO 
11307,206533937,4/7/2017 16:47,4/7/2017 16:47,,4/11/2017 10:00,4/7/2017 16:48,0.0,0.0,0.0,625.2,RFR,,,False,0,,Shipper 1248,,,,4/11/2017 18:00,4/12/2017 18:00,False,False,False,False,False,False,False,True,Granite City,IL ,Granite City,IL 
11308,206528625,7/31/2017 15:54,7/31/2017 15:54,,8/10/2017 13:30,8/10/2017 15:46,0.0,0.0,0.0,348.2,DRV,,,False,0,,Shipper 1248,,,,8/10/2017 13:30,8/11/2017 9:00,False,False,False,False,False,False,False,True,Carlisle,PA ,Carlisle,PA 
11309,206433385,9/8/2017 19:29,9/8/2017 19:29,,9/11/2017 22:00,9/11/2017 8:58,0.0,0.0,0.0,357.5,DRV,,,False,0,,Shipper 1248,,,,9/12/2017 0:00,9/12/2017 15:00,False,False,False,False,False,False,False,True,Williamsburg,VA ,Williamsburg,VA 
11310,206426729,10/20/2017 16:44,10/20/2017 16:44,,10/24/2017 15:00,10/23/2017 16:35,0.0,0.0,0.0,339.5,RFR,,,False,0,,Shipper 1248,,,,10/24/2017 15:00,10/25/2017 9:00,False,False,False,False,False,False,False,True,Jacksonville,FL ,Jacksonville,FL 
11311,206470985,9/8/2017 19:19,9/8/2017 19:19,,9/11/2017 22:00,9/10/2017 19:29,0.0,0.0,0.0,377.1,DRV,,,False,0,,Shipper 1248,,,,9/12/2017 0:00,9/12/2017 16:00,False,False,False,False,False,False,False,True,Colonial Heights,VA ,Colonial Heights,VA 
11312,206470665,4/17/2017 16:51,4/17/2017 16:52,,4/19/2017 2:00,4/18/2017 11:52,0.0,0.0,0.0,387.7,DRV,,,False,0,,Shipper 1248,,,,4/19/2017 2:00,4/19/2017 17:00,False,False,False,False,False,False,False,True,Jacksonville,FL ,Jacksonville,FL 
11313,206470025,5/10/2017 13:16,5/10/2017 13:17,,5/12/2017 10:00,5/10/2017 13:35,0.0,0.0,0.0,438.4,RFR,,,False,0,,Shipper 1248,,,,5/12/2017 18:00,5/12/2017 18:00,False,False,False,False,False,False,False,True,La Porte,TX ,La Porte,TX 
11314,206471129,12/4/2017 10:16,12/4/2017 10:16,,12/5/2017 12:00,12/4/2017 17:54,0.0,0.0,0.0,555.6,DRV,,,False,0,,Shipper 1248,,,,12/5/2017 12:00,12/6/2017 7:45,False,False,False,False,False,False,False,True,Williamsburg,VA ,Williamsburg,VA 
11315,206470937,5/2/2017 13:46,5/2/2017 13:46,,5/4/2017 9:00,5/2/2017 13:50,0.0,0.0,0.0,105.2,DRV,,,False,0,,Shipper 1248,,,,5/4/2017 17:00,5/4/2017 17:00,False,False,False,False,False,False,False,True,Cartersville,GA ,Cartersville,GA 
11316,206438041,6/27/2017 17:16,6/27/2017 17:17,,6/30/2017 10:00,6/27/2017 17:19,0.0,0.0,0.0,749.8,DRV,,,False,0,,Shipper 1248,,,,6/30/2017 18:00,7/1/2017 18:00,False,False,False,False,False,False,False,True,Pleasant Prairie,WI ,Pleasant Prairie,WI 
11317,206435545,4/10/2017 16:59,4/10/2017 17:00,,4/17/2017 16:00,4/14/2017 9:55,0.0,0.0,0.0,199.5,DRV,,,False,0,,Shipper 1248,,,,4/17/2017 16:00,4/18/2017 11:00,False,False,False,False,False,False,False,True,Williamsburg,VA ,Williamsburg,VA 
11318,206527761,12/19/2017 9:26,12/19/2017 9:26,,12/20/2017 11:00,12/19/2017 11:08,0.0,0.0,0.0,339.5,RFR,,,False,0,,Shipper 1248,,,,12/20/2017 13:00,12/21/2017 3:00,False,False,False,False,False,False,False,True,Jacksonville,FL ,Jacksonville,FL 
11319,206428825,6/6/2017 16:48,6/6/2017 16:48,,6/8/2017 0:00,6/7/2017 11:48,0.0,0.0,0.0,266.6,DRV,,,False,0,,Shipper 1248,,,,6/8/2017 0:00,6/8/2017 12:00,False,False,False,False,False,False,False,True,Jacksonville,FL ,Jacksonville,FL 
11320,206426649,4/10/2017 17:20,4/10/2017 17:20,,4/20/2017 6:00,4/17/2017 17:28,0.0,0.0,0.0,603.5,DRV,,,False,0,,Shipper 1248,,,,4/20/2017 6:00,4/21/2017 9:15,False,False,False,False,False,False,False,True,Colonial Heights,VA ,Colonial Heights,VA 
11321,206728049,9/20/2017 17:06,9/20/2017 17:06,9/21/2017 15:02,9/22/2017 18:00,9/22/2017 11:47,0.0,0.0,0.0,1202.6,DRV,,,False,0,Carrier 31074,Shipper 1386,,,,9/22/2017 18:00,9/25/2017 17:30,False,False,False,False,False,False,False,True,Fort Collins,CO ,Fort Collins,CO 
11322,206574857,6/23/2017 17:13,6/23/2017 17:13,6/27/2017 16:51,6/27/2017 16:00,6/29/2017 8:00,0.0,150.0,0.0,952.2,RFR,,,False,1,Carrier 1043457,Shipper 1386,True,True,True,6/27/2017 16:00,6/29/2017 8:00,False,False,False,False,False,False,False,False,Los Angeles,CA ,Los Angeles,CA 
11323,206438153,12/14/2017 16:26,12/14/2017 16:26,12/15/2017 10:28,12/16/2017 14:00,12/15/2017 17:59,0.0,0.0,0.0,1702.2,RFR,,,False,0,Carrier 920764,Shipper 1388,,,,12/16/2017 14:00,12/19/2017 16:00,False,False,False,False,False,False,False,True,Williamsburg,VA ,Williamsburg,VA 
11324,206474273,12/15/2017 11:24,12/15/2017 11:24,12/15/2017 11:27,12/16/2017 12:00,12/17/2017 5:00,0.0,150.0,0.0,400.5,DRV,,livejobs,False,0,Carrier 941668,Shipper 1388,True,True,True,12/16/2017 14:00,12/17/2017 7:00,False,False,False,False,False,False,False,False,Jacksonville,FL ,Jacksonville,FL 
11325,206470705,5/24/2017 17:37,5/24/2017 17:37,,5/26/2017 9:00,5/24/2017 17:43,0.0,0.0,0.0,84.4,DRV,,,False,0,,Shipper 1248,,,,5/26/2017 17:00,5/26/2017 17:00,False,False,False,False,False,False,False,True,Newark,NJ ,Newark,NJ 
11326,206470321,9/27/2017 17:05,9/27/2017 17:05,,9/29/2017 14:00,9/28/2017 11:54,0.0,0.0,0.0,2899.0,DRV,,,False,0,,Shipper 1248,,,,9/29/2017 14:00,10/4/2017 21:00,False,False,False,False,False,False,False,True,Newark,NJ ,Newark,NJ 
11327,206469617,9/20/2017 17:19,9/20/2017 17:19,,9/25/2017 17:00,9/22/2017 15:30,0.0,0.0,0.0,205.8,DRV,,,False,0,,Shipper 1248,,,,9/25/2017 17:00,9/26/2017 11:30,False,False,False,False,False,False,False,True,Williamsburg,VA ,Williamsburg,VA 
11328,206467633,8/31/2017 13:00,8/31/2017 13:00,,8/31/2017 14:00,8/31/2017 13:03,0.0,0.0,0.0,337.4,DRV,,,False,0,,Shipper 1248,,,,8/31/2017 16:00,9/1/2017 6:00,False,False,False,False,False,False,False,True,Pleasant Prairie,WI ,Pleasant Prairie,WI 
11329,206470929,4/28/2017 15:25,4/28/2017 15:26,,5/2/2017 23:00,5/1/2017 14:03,0.0,0.0,0.0,222.1,DRV,,,False,0,,Shipper 1248,,,,5/2/2017 23:00,5/3/2017 13:00,False,False,False,False,False,False,False,True,Cartersville,GA ,Cartersville,GA 
11330,206470673,4/28/2017 16:54,4/28/2017 16:54,,5/1/2017 6:00,5/1/2017 12:26,0.0,0.0,0.0,121.4,DRV,,,False,0,,Shipper 1248,,,,5/1/2017 6:00,5/2/2017 17:00,False,False,False,False,False,False,False,True,Merrimack,NH ,Merrimack,NH 
11331,206428849,7/31/2017 14:45,7/31/2017 14:45,,8/3/2017 9:00,8/1/2017 17:46,0.0,0.0,0.0,699.6,RFR,,,False,0,,Shipper 1248,,,,8/3/2017 9:00,8/4/2017 17:00,False,False,False,False,False,False,False,True,Fort Collins,CO ,Fort Collins,CO 
11332,206428081,5/16/2017 14:52,5/16/2017 14:52,,5/17/2017 16:00,5/16/2017 17:26,0.0,0.0,0.0,86.1,RFR,,,False,0,,Shipper 1248,,,,5/17/2017 16:00,5/18/2017 13:30,False,False,False,False,False,False,False,True,Newark,NJ ,Newark,NJ 
11333,206426737,10/27/2017 16:56,10/27/2017 16:56,,11/3/2017 16:00,10/31/2017 18:01,0.0,0.0,0.0,889.1,DRV,,,False,0,,Shipper 1248,,,,11/3/2017 16:00,11/6/2017 14:00,False,False,False,False,False,False,False,True,Colonial Heights,VA ,Colonial Heights,VA 
11334,206470969,6/20/2017 10:15,6/20/2017 10:15,,6/23/2017 9:00,6/23/2017 8:09,0.0,0.0,0.0,278.5,DRV,,,False,1,,Shipper 1248,,,,6/23/2017 17:00,6/25/2017 0:00,False,False,False,False,False,False,False,True,De Soto,KS ,De Soto,KS 
11335,206467641,9/7/2017 16:56,9/7/2017 16:56,,9/8/2017 12:00,9/7/2017 16:56,0.0,0.0,0.0,252.6,DRV,,,False,0,,Shipper 1248,,,,9/8/2017 14:00,9/9/2017 1:00,False,False,False,False,False,False,False,True,Newark,NJ ,Newark,NJ 
11336,206438521,12/4/2017 9:52,12/4/2017 9:52,,12/5/2017 15:00,12/4/2017 14:40,0.0,0.0,0.0,1409.6,DRV,,,False,0,,Shipper 1248,,,,12/5/2017 15:00,12/7/2017 23:00,False,False,False,False,False,False,False,True,Fort Collins,CO ,Fort Collins,CO 
11337,206433273,4/28/2017 17:04,4/28/2017 17:04,,5/3/2017 12:00,5/2/2017 15:40,0.0,0.0,0.0,1769.0,DRV,,,False,0,,Shipper 1248,,,,5/3/2017 12:00,5/5/2017 15:00,False,False,False,False,False,False,False,True,Fort Collins,CO ,Fort Collins,CO 
11338,206433361,8/22/2017 16:29,8/22/2017 16:29,,8/25/2017 19:00,8/23/2017 16:48,0.0,0.0,0.0,629.4,RFR,,,False,0,,Shipper 1248,,,,8/25/2017 19:00,8/28/2017 17:30,False,False,False,False,False,False,False,True,Los Angeles,CA ,Los Angeles,CA 
11339,206424529,3/24/2017 16:37,3/24/2017 16:38,,3/29/2017 9:00,3/28/2017 9:14,0.0,0.0,0.0,666.3,RFR,,,False,0,,Shipper 1248,,,,3/29/2017 17:00,3/30/2017 14:00,False,False,False,False,False,False,False,True,Colonial Heights,VA ,Colonial Heights,VA 
11340,206469601,9/11/2017 16:32,9/11/2017 16:32,,9/12/2017 23:00,9/11/2017 16:33,0.0,0.0,0.0,285.2,DRV,,,False,0,,Shipper 1248,,,,9/13/2017 1:00,9/13/2017 13:00,False,False,False,False,False,False,False,True,Newark,NJ ,Newark,NJ 
11341,206428065,4/21/2017 16:21,4/21/2017 16:21,,4/25/2017 2:00,4/24/2017 9:49,0.0,0.0,0.0,188.8,DRV,,,False,0,,Shipper 1248,,,,4/25/2017 2:00,4/25/2017 13:30,False,False,False,False,False,False,False,True,Colonial Heights,VA ,Colonial Heights,VA 
11342,206434177,8/1/2017 16:17,8/1/2017 16:17,,8/2/2017 11:00,8/2/2017 12:10,0.0,0.0,0.0,300.0,DRV,,,False,0,,Shipper 1248,,,,8/2/2017 15:00,8/2/2017 11:00,False,False,False,False,False,False,False,True,Baldwinsville,NY ,Baldwinsville,NY 
11343,206426689,6/26/2017 17:00,6/26/2017 17:01,,6/28/2017 18:00,6/28/2017 18:26,0.0,0.0,0.0,714.9,DRV,,,False,1,,Shipper 1248,,,,6/28/2017 18:00,6/30/2017 14:00,False,False,False,False,False,False,False,True,Fort Collins,CO ,Fort Collins,CO 
11344,206433305,6/23/2017 13:48,6/23/2017 13:48,,6/26/2017 10:00,6/26/2017 8:02,0.0,0.0,0.0,1144.5,DRV,,,False,0,,Shipper 1531,,,,6/26/2017 18:00,6/28/2017 18:00,False,False,False,False,False,False,False,True,Austin,TX ,Austin,TX 
11345,206776137,12/4/2017 17:06,12/4/2017 17:06,,12/6/2017 16:00,12/6/2017 9:21,0.0,0.0,0.0,2847.9,DRV,,,False,1,,Shipper 1387,,,,12/6/2017 16:00,12/11/2017 6:00,False,False,False,False,False,False,False,True,Fairfield,CA ,Fairfield,CA 
11346,206775113,9/14/2017 17:26,9/14/2017 17:26,,9/17/2017 14:00,9/15/2017 9:25,0.0,0.0,0.0,449.5,RFR,,,False,0,,Shipper 1387,,,,9/17/2017 14:00,9/18/2017 17:00,False,False,False,False,False,False,False,True,Fort Collins,CO ,Fort Collins,CO 
11347,206774089,6/27/2017 17:24,6/27/2017 17:25,,7/2/2017 10:00,6/27/2017 17:25,0.0,0.0,0.0,749.8,DRV,,,False,0,,Shipper 1387,,,,7/2/2017 12:00,7/3/2017 12:00,False,False,False,False,False,False,False,True,Pleasant Prairie,WI ,Pleasant Prairie,WI 
11348,206758345,12/29/2017 12:52,12/29/2017 12:52,,1/2/2018 12:00,12/29/2017 13:03,0.0,0.0,0.0,328.8,DRV,,,False,0,,Shipper 1387,,,,1/2/2018 14:00,1/3/2018 4:00,False,False,False,False,False,False,False,True,Johnstown,PA ,Johnstown,PA 
11349,206758281,6/26/2017 14:39,6/26/2017 14:40,,6/27/2017 9:00,6/26/2017 15:25,0.0,0.0,0.0,165.5,DRV,,,False,0,,Shipper 1387,,,,6/27/2017 17:00,6/27/2017 17:00,False,False,False,False,False,False,False,True,Williamsburg,VA ,Williamsburg,VA 
11350,206774081,6/9/2017 16:34,6/9/2017 16:35,,6/12/2017 16:00,6/9/2017 17:42,0.0,0.0,0.0,219.3,DRV,,,False,0,,Shipper 1387,,,,6/12/2017 16:00,6/13/2017 17:00,False,False,False,False,False,False,False,True,Cartersville,GA ,Cartersville,GA 
11351,206759489,11/1/2017 16:15,11/1/2017 16:15,,11/3/2017 18:00,11/2/2017 15:33,0.0,0.0,0.0,1122.2,RFR,,,False,0,,Shipper 1387,,,,11/3/2017 18:00,11/6/2017 15:00,False,False,False,False,False,False,False,True,Fairfield,CA ,Fairfield,CA 
11352,206776089,8/1/2017 11:54,8/1/2017 11:54,,8/1/2017 12:00,8/1/2017 12:02,0.0,0.0,0.0,250.6,DRV,,,False,0,,Shipper 1387,,,,8/1/2017 14:00,8/2/2017 0:00,False,False,False,False,False,False,False,True,Merrimack,NH ,Merrimack,NH 
11353,206775193,12/18/2017 18:19,12/18/2017 18:19,,12/20/2017 15:00,12/19/2017 8:42,0.0,0.0,0.0,334.9,RFR,,,False,0,,Shipper 1387,,,,12/20/2017 17:00,12/21/2017 7:00,False,False,False,False,False,False,False,True,St. Louis,MO ,St. Louis,MO 
11354,206708825,5/22/2017 15:19,5/22/2017 15:19,,5/23/2017 4:00,5/22/2017 15:54,0.0,0.0,0.0,323.0,RFR,,,False,0,,Shipper 1387,,,,5/23/2017 4:00,5/24/2017 23:00,False,False,False,False,False,False,False,True,Jacksonville,FL ,Jacksonville,FL 
11355,206759401,7/7/2017 16:20,7/7/2017 16:20,,7/12/2017 9:00,7/10/2017 11:53,0.0,0.0,0.0,89.5,DRV,,,False,0,,Shipper 1387,,,,7/12/2017 17:00,7/13/2017 6:00,False,False,False,False,False,False,False,True,Newark,NJ ,Newark,NJ 
11356,206758313,9/19/2017 9:32,9/19/2017 9:32,,9/29/2017 16:00,9/27/2017 16:53,0.0,0.0,0.0,351.9,DRV,,,False,0,,Shipper 1387,,,,9/29/2017 16:00,10/2/2017 15:00,False,False,False,False,False,False,False,True,Colonial Heights,VA ,Colonial Heights,VA 
11357,206754793,7/26/2017 10:59,7/26/2017 10:59,,7/31/2017 2:00,7/26/2017 15:01,0.0,0.0,0.0,170.3,DRV,,,False,0,,Shipper 1387,,,,7/31/2017 2:00,7/31/2017 16:00,False,False,False,False,False,False,False,True,Aurora,CO ,Aurora,CO 
11358,206652649,10/20/2017 17:31,10/20/2017 17:31,,10/24/2017 17:00,10/23/2017 11:04,0.0,0.0,0.0,1409.6,RFR,,,False,0,,Shipper 1387,,,,10/24/2017 17:00,10/26/2017 23:00,False,False,False,False,False,False,False,True,Fort Collins,CO ,Fort Collins,CO 
11359,206652009,6/6/2017 16:52,6/6/2017 16:52,,6/9/2017 9:00,6/7/2017 11:48,0.0,0.0,0.0,266.6,DRV,,,False,0,,Shipper 1387,,,,6/9/2017 17:00,6/9/2017 12:00,False,False,False,False,False,False,False,True,Jacksonville,FL ,Jacksonville,FL 
11360,206649001,9/8/2017 19:25,9/8/2017 19:25,,9/11/2017 22:00,9/11/2017 8:59,0.0,0.0,0.0,357.5,DRV,,,False,0,,Shipper 1387,,,,9/12/2017 0:00,9/12/2017 15:00,False,False,False,False,False,False,False,True,Williamsburg,VA ,Williamsburg,VA 
11361,206756937,9/15/2017 16:54,9/15/2017 16:54,,9/18/2017 18:00,9/15/2017 17:41,0.0,0.0,0.0,867.8,RFR,,,False,0,,Shipper 1387,,,,9/18/2017 18:00,9/20/2017 15:30,False,False,False,False,False,False,False,True,Fort Collins,CO ,Fort Collins,CO 
11362,206709065,9/27/2017 16:35,9/27/2017 16:35,,9/29/2017 16:00,9/28/2017 11:08,0.0,0.0,0.0,1529.2,DRV,,,False,0,,Shipper 1387,,,,9/29/2017 16:00,10/2/2017 16:00,False,False,False,False,False,False,False,True,Fairfield,CA ,Fairfield,CA 
11363,206705801,4/10/2017 17:00,4/10/2017 17:00,,4/17/2017 17:00,4/14/2017 9:57,0.0,0.0,0.0,199.5,DRV,,,False,0,,Shipper 1387,,,,4/17/2017 17:00,4/18/2017 11:00,False,False,False,False,False,False,False,True,Williamsburg,VA ,Williamsburg,VA 
11364,206649753,3/27/2017 17:53,3/27/2017 17:53,,4/3/2017 21:00,3/29/2017 17:06,0.0,0.0,0.0,395.5,RFR,,,False,0,,Shipper 1387,,,,4/3/2017 21:00,4/4/2017 16:00,False,False,False,False,False,False,False,True,Granite City,IL ,Granite City,IL 
11365,206649497,5/12/2017 12:52,5/12/2017 12:52,,5/13/2017 20:00,5/12/2017 17:08,0.0,0.0,0.0,396.9,DRV,,,False,0,,Shipper 1387,,,,5/13/2017 20:00,5/18/2017 8:30,False,False,False,False,False,False,False,True,Houston,TX ,Houston,TX 
11366,206647449,5/15/2017 13:34,5/15/2017 13:35,,5/17/2017 10:00,5/15/2017 13:35,0.0,0.0,0.0,389.2,DRV,,,False,0,,Shipper 1387,,,,5/17/2017 18:00,5/17/2017 18:00,False,False,False,False,False,False,False,True,La Porte,TX ,La Porte,TX 
11367,206647001,12/18/2017 17:40,12/18/2017 17:41,,12/20/2017 9:00,12/18/2017 18:53,0.0,0.0,0.0,172.1,DRV,,,False,0,,Shipper 1387,,,,12/20/2017 11:00,12/20/2017 18:00,False,False,False,False,False,False,False,True,Jacksonville,FL ,Jacksonville,FL 
11368,206652105,9/25/2017 16:24,9/25/2017 16:24,,9/30/2017 17:00,9/26/2017 10:52,0.0,0.0,0.0,714.9,DRV,,,False,0,,Shipper 1387,,,,9/30/2017 17:00,10/2/2017 14:00,False,False,False,False,False,False,False,True,Fort Collins,CO ,Fort Collins,CO 
11369,206651273,6/6/2017 16:50,6/6/2017 16:50,,6/8/2017 0:00,6/7/2017 11:48,0.0,0.0,0.0,266.6,DRV,,,False,0,,Shipper 1387,,,,6/8/2017 0:00,6/8/2017 12:00,False,False,False,False,False,False,False,True,Jacksonville,FL ,Jacksonville,FL 
11370,206648969,6/6/2017 17:26,6/6/2017 17:26,,6/8/2017 10:00,6/6/2017 17:28,0.0,0.0,0.0,422.0,RFR,,,False,0,,Shipper 1387,,,,6/8/2017 18:00,6/8/2017 18:00,False,False,False,False,False,False,False,True,La Porte,TX ,La Porte,TX 
11371,206756929,7/19/2017 16:27,7/19/2017 16:27,,7/22/2017 13:00,7/19/2017 16:30,0.0,0.0,0.0,877.1,DRV,,,False,0,,Shipper 1387,,,,7/22/2017 15:00,7/24/2017 5:00,False,False,False,False,False,False,False,True,Granite City,IL ,Granite City,IL 
11372,206709057,9/11/2017 16:40,9/11/2017 16:40,,9/12/2017 12:00,9/11/2017 16:41,0.0,0.0,0.0,212.5,DRV,,,False,0,,Shipper 1387,,,,9/12/2017 14:00,9/12/2017 23:00,False,False,False,False,False,False,False,True,Lewistown,PA ,Lewistown,PA 
11373,206705857,9/25/2017 17:00,9/25/2017 17:00,,9/29/2017 11:00,9/28/2017 11:59,0.0,0.0,0.0,850.9,DRV,,,False,1,,Shipper 1387,,,,9/29/2017 11:00,10/2/2017 4:00,False,False,False,False,False,False,False,True,Newark,NJ ,Newark,NJ 
11374,206650561,5/10/2017 13:46,5/10/2017 13:46,,5/12/2017 10:00,5/10/2017 16:03,0.0,0.0,0.0,226.8,DRV,,,False,0,,Shipper 1387,,,,5/12/2017 18:00,5/13/2017 16:00,False,False,False,False,False,False,False,True,La Porte,TX ,La Porte,TX 
11375,206649857,12/4/2017 9:44,12/4/2017 9:44,,12/6/2017 10:00,12/4/2017 15:30,0.0,0.0,0.0,161.8,DRV,,,False,0,,Shipper 1387,,,,12/6/2017 10:00,12/6/2017 17:00,False,False,False,False,False,False,False,True,Fort Collins,CO ,Fort Collins,CO 
11376,206647489,9/26/2017 17:00,9/26/2017 17:00,,9/28/2017 7:00,9/26/2017 17:28,0.0,0.0,0.0,911.9,DRV,,,False,0,,Shipper 1387,,,,9/28/2017 9:00,9/30/2017 0:00,False,False,False,False,False,False,False,True,St. Louis,MO ,St. Louis,MO 
11377,206598529,4/3/2017 16:31,4/3/2017 16:31,,4/5/2017 9:00,4/3/2017 16:34,0.0,0.0,0.0,267.6,DRV,,,False,0,,Shipper 1387,,,,4/5/2017 17:00,4/5/2017 17:00,False,False,False,False,False,False,False,True,Baldwinsville,NY ,Baldwinsville,NY 
11378,206595521,4/17/2017 16:49,4/17/2017 16:49,,4/19/2017 23:00,4/18/2017 11:51,0.0,0.0,0.0,387.7,DRV,,,False,0,,Shipper 1387,,,,4/19/2017 23:00,4/19/2017 17:00,False,False,False,False,False,False,False,True,Jacksonville,FL ,Jacksonville,FL 
11379,206545801,9/20/2017 17:11,9/20/2017 17:11,,9/23/2017 6:04,9/20/2017 18:32,0.0,0.0,0.0,402.7,DRV,,,False,0,,Shipper 1387,,,,9/23/2017 8:04,9/24/2017 1:04,False,False,False,False,False,False,False,True,Fort Collins,CO ,Fort Collins,CO 
11380,206759393,5/31/2017 11:54,5/31/2017 11:57,,6/5/2017 16:00,6/2/2017 13:13,0.0,0.0,0.0,447.0,DRV,,,False,0,,Shipper 1387,,,,6/5/2017 15:00,6/6/2017 9:00,False,False,False,False,False,False,False,True,Baldwinsville,NY ,Baldwinsville,NY 
11381,206596777,9/18/2017 17:56,9/18/2017 17:56,,9/21/2017 8:00,9/19/2017 17:57,0.0,0.0,0.0,232.5,DRV,,,False,0,,Shipper 1387,,,,9/21/2017 16:00,9/22/2017 21:00,False,False,False,False,False,False,False,True,Erie,PA ,Erie,PA 
11382,206597721,5/15/2017 12:58,5/15/2017 12:58,,5/18/2017 2:00,5/16/2017 14:39,0.0,0.0,0.0,135.2,RFR,,,False,1,,Shipper 1387,,,,5/18/2017 2:00,5/18/2017 11:00,False,False,False,False,False,False,False,True,Colonial Heights,VA ,Colonial Heights,VA 
11383,206596761,9/11/2017 16:50,9/11/2017 16:50,,9/13/2017 12:00,9/11/2017 16:53,0.0,0.0,0.0,1162.2,DRV,,,False,0,,Shipper 1387,,,,9/13/2017 14:00,9/15/2017 16:00,False,False,False,False,False,False,False,True,Greeley,CO ,Greeley,CO 
11384,206595353,12/29/2017 12:52,12/29/2017 12:52,,1/2/2018 12:00,12/29/2017 13:02,0.0,0.0,0.0,328.8,DRV,,,False,0,,Shipper 1387,,,,1/2/2018 14:00,1/3/2018 4:00,False,False,False,False,False,False,False,True,Johnstown,PA ,Johnstown,PA 
11385,206754809,9/26/2017 16:24,9/26/2017 16:24,,9/28/2017 12:00,9/27/2017 8:24,0.0,0.0,0.0,728.5,DRV,,,False,0,,Shipper 1387,,,,9/28/2017 12:00,9/29/2017 16:00,False,False,False,False,False,False,False,True,Fort Collins,CO ,Fort Collins,CO 
11386,206708833,6/6/2017 16:55,6/6/2017 16:56,,6/9/2017 9:00,6/7/2017 11:48,0.0,0.0,0.0,266.6,DRV,,,False,0,,Shipper 1387,,,,6/9/2017 17:00,6/9/2017 12:00,False,False,False,False,False,False,False,True,Jacksonville,FL ,Jacksonville,FL 
11387,206651321,9/14/2017 17:31,9/14/2017 17:31,,9/17/2017 16:00,9/15/2017 9:25,0.0,0.0,0.0,409.2,RFR,,,False,0,,Shipper 1387,,,,9/17/2017 16:00,9/18/2017 11:00,False,False,False,False,False,False,False,True,Fort Collins,CO ,Fort Collins,CO 
11388,206775121,9/15/2017 16:51,9/15/2017 16:51,,9/19/2017 4:00,9/15/2017 17:19,0.0,0.0,0.0,273.7,DRV,,,False,0,,Shipper 1387,,,,9/19/2017 6:00,9/19/2017 17:00,False,False,False,False,False,False,False,True,St. Louis,MO ,St. Louis,MO 
11389,206774161,12/4/2017 10:11,12/4/2017 10:12,,12/5/2017 12:00,12/4/2017 14:18,0.0,0.0,0.0,384.2,DRV,,,False,0,,Shipper 1387,,,,12/5/2017 12:00,12/6/2017 8:30,False,False,False,False,False,False,False,True,Williamsburg,VA ,Williamsburg,VA 
11390,206774097,7/31/2017 15:22,7/31/2017 15:22,,8/1/2017 8:00,7/31/2017 15:29,0.0,0.0,0.0,654.8,DRV,,,False,0,,Shipper 1387,,,,8/1/2017 10:00,8/2/2017 14:00,False,False,False,False,False,False,False,True,Romulus,MI ,Romulus,MI 
11391,206529353,6/9/2017 16:18,6/9/2017 16:18,,6/13/2017 17:00,6/12/2017 14:18,0.0,0.0,0.0,1130.0,DRV,,,False,0,,Shipper 1387,,,,6/13/2017 17:00,6/15/2017 8:30,False,False,False,False,False,False,False,True,Houston,TX ,Houston,TX 
11392,206650617,12/18/2017 23:39,12/18/2017 23:39,,12/20/2017 12:00,12/19/2017 14:52,0.0,0.0,0.0,148.5,DRV,,,False,0,,Shipper 1387,,,,12/20/2017 14:00,12/20/2017 20:00,False,False,False,False,False,False,False,True,Portland,OR ,Portland,OR 
11393,206648953,5/2/2017 13:52,5/2/2017 13:52,,5/4/2017 9:00,5/2/2017 16:56,0.0,0.0,0.0,105.2,DRV,,,False,0,,Shipper 1387,,,,5/4/2017 9:00,5/4/2017 14:00,False,False,False,False,False,False,False,True,Cartersville,GA ,Cartersville,GA 
11394,206648697,9/20/2017 17:03,9/20/2017 17:04,,9/23/2017 13:00,9/20/2017 18:12,0.0,0.0,0.0,629.5,DRV,,,False,0,,Shipper 1387,,,,9/23/2017 15:00,9/24/2017 18:00,False,False,False,False,False,False,False,True,Fort Collins,CO ,Fort Collins,CO 
11395,206545705,12/18/2017 16:29,12/18/2017 16:29,,12/19/2017 13:00,12/19/2017 10:19,0.0,0.0,0.0,175.6,DRV,,,False,0,,Shipper 1387,,,,12/19/2017 13:00,12/20/2017 6:45,False,False,False,False,False,False,False,True,Cartersville,GA ,Cartersville,GA 
11396,206649841,11/16/2017 16:31,11/16/2017 16:31,,11/18/2017 19:00,11/20/2017 9:16,0.0,0.0,0.0,735.9,DRV,,,False,0,,Shipper 1387,,,,11/18/2017 19:00,11/20/2017 11:00,False,False,False,False,False,False,False,True,Fairfield,CA ,Fairfield,CA 
11397,206728049,9/20/2017 17:06,9/20/2017 17:06,9/21/2017 15:02,9/22/2017 18:00,9/22/2017 11:47,0.0,0.0,0.0,1202.6,DRV,,,False,0,Carrier 31074,Shipper 1248,,,,9/22/2017 18:00,9/25/2017 17:30,False,False,False,False,False,False,False,True,Fort Collins,CO ,Fort Collins,CO 
11398,206574857,6/23/2017 17:13,6/23/2017 17:13,6/27/2017 16:51,6/27/2017 16:00,6/29/2017 8:00,0.0,150.0,0.0,952.2,RFR,,,False,1,Carrier 1043457,Shipper 1248,True,True,True,6/27/2017 16:00,6/29/2017 8:00,False,False,False,False,False,False,False,False,Los Angeles,CA ,Los Angeles,CA 
11399,206649521,5/30/2017 11:34,5/30/2017 11:34,,6/1/2017 9:00,5/30/2017 12:06,0.0,0.0,0.0,354.3,RFR,,,False,0,,Shipper 1387,,,,6/1/2017 17:00,6/2/2017 15:00,False,False,False,False,False,False,False,True,Newark,NJ ,Newark,NJ 
11400,206648753,12/18/2017 15:21,12/18/2017 15:21,,12/18/2017 21:00,12/18/2017 15:22,0.0,0.0,0.0,653.9,DRV,,,False,0,,Shipper 1387,,,,12/18/2017 21:00,12/21/2017 3:00,False,False,False,False,False,False,False,True,Dunkirk,IN ,Dunkirk,IN 
11401,206647473,7/24/2017 14:19,7/24/2017 14:19,,7/31/2017 9:00,7/24/2017 14:24,0.0,0.0,0.0,173.3,DRV,,,False,0,,Shipper 1387,,,,7/31/2017 11:00,7/31/2017 18:00,False,False,False,False,False,False,False,True,Fort Collins,CO ,Fort Collins,CO 
11402,206523721,9/18/2017 17:53,9/18/2017 17:53,,9/21/2017 8:00,9/19/2017 17:58,0.0,0.0,0.0,232.5,DRV,,,False,0,,Shipper 1387,,,,9/21/2017 15:00,9/22/2017 21:00,False,False,False,False,False,False,False,True,Erie,PA ,Erie,PA 
11403,206523593,9/7/2017 16:56,9/7/2017 16:56,,9/8/2017 12:00,9/7/2017 16:57,0.0,0.0,0.0,252.6,DRV,,,False,0,,Shipper 1387,,,,9/8/2017 14:00,9/9/2017 1:00,False,False,False,False,False,False,False,True,Newark,NJ ,Newark,NJ 
11404,206651553,6/23/2017 16:20,6/23/2017 16:21,,6/27/2017 21:00,6/26/2017 15:07,0.0,0.0,0.0,557.6,DRV,,,False,0,,Shipper 1387,,,,6/27/2017 21:00,6/28/2017 17:00,False,False,False,False,False,False,False,True,Fort Collins,CO ,Fort Collins,CO 
11405,206650465,11/8/2017 8:47,11/8/2017 8:47,,11/9/2017 17:00,11/9/2017 12:49,0.0,0.0,0.0,3081.4,RFR,,,False,0,,Shipper 1387,,,,11/9/2017 17:00,11/14/2017 12:00,False,False,False,False,False,False,False,True,Fairfield,CA ,Fairfield,CA 
11406,206650401,6/6/2017 17:00,6/6/2017 17:00,,6/9/2017 2:00,6/7/2017 11:48,0.0,0.0,0.0,266.6,DRV,,,False,0,,Shipper 1387,,,,6/9/2017 2:00,6/9/2017 12:00,False,False,False,False,False,False,False,True,Jacksonville,FL ,Jacksonville,FL 
11407,206536425,9/27/2017 17:08,9/27/2017 17:08,,10/1/2017 14:00,9/29/2017 15:00,0.0,0.0,0.0,1569.7,DRV,,,False,0,,Shipper 1387,,,,10/1/2017 14:00,10/4/2017 12:00,False,False,False,False,False,False,False,True,Williamsburg,VA ,Williamsburg,VA 
11408,206530601,5/22/2017 14:03,5/22/2017 14:04,5/22/2017 17:54,5/23/2017 5:00,5/23/2017 15:10,0.0,0.0,0.0,180.4,RFR,4.0,,False,0,Carrier 1054924,Shipper 1387,True,True,True,5/23/2017 5:00,5/23/2017 20:00,False,False,False,False,False,False,False,False,La Porte,TX ,La Porte,TX 
11409,206545793,8/23/2017 16:36,8/23/2017 16:36,,8/26/2017 18:00,8/23/2017 17:07,0.0,0.0,0.0,516.3,DRV,,,False,0,,Shipper 1387,,,,8/26/2017 20:00,8/27/2017 18:00,False,False,False,False,False,False,False,True,St. Louis,MO ,St. Louis,MO 
11410,206540865,5/12/2017 16:17,5/12/2017 16:17,,5/16/2017 9:00,5/12/2017 16:33,0.0,0.0,0.0,661.4,DRV,,,False,0,,Shipper 1387,,,,5/16/2017 17:00,5/17/2017 17:00,False,False,False,False,False,False,False,True,Cartersville,GA ,Cartersville,GA 
11411,206535489,6/26/2017 16:56,6/26/2017 16:57,,6/28/2017 18:00,6/27/2017 16:31,0.0,0.0,0.0,378.2,DRV,,,False,1,,Shipper 1387,,,,6/28/2017 18:00,6/29/2017 15:00,False,False,False,False,False,False,False,True,St. Louis,MO ,St. Louis,MO 
11412,206531201,12/12/2017 17:07,12/12/2017 17:07,,12/13/2017 18:00,12/12/2017 17:24,0.0,0.0,0.0,203.4,DRV,,,False,0,,Shipper 1387,,,,12/13/2017 20:00,12/14/2017 4:00,False,False,False,False,False,False,False,True,Jacksonville,FL ,Jacksonville,FL 
11413,206530817,6/6/2017 18:10,6/6/2017 18:10,,6/8/2017 12:00,6/7/2017 14:18,0.0,0.0,0.0,442.6,DRV,,,False,0,,Shipper 1387,,,,6/8/2017 20:00,6/8/2017 20:00,False,False,False,False,False,False,False,True,Van Nuys,CA ,Van Nuys,CA 
11414,206528641,9/18/2017 18:00,9/18/2017 18:00,,9/19/2017 12:00,9/18/2017 18:10,0.0,0.0,0.0,739.3,DRV,,,False,0,,Shipper 1387,,,,9/19/2017 14:00,9/20/2017 22:00,False,False,False,False,False,False,False,True,Pleasant Prairie,WI ,Pleasant Prairie,WI 
11415,206528449,4/28/2017 16:50,4/28/2017 16:50,,5/3/2017 11:00,4/28/2017 17:00,0.0,0.0,0.0,1769.0,DRV,,,False,0,,Shipper 1387,,,,5/3/2017 19:00,5/6/2017 17:00,False,False,False,False,False,False,False,True,Fort Collins,CO ,Fort Collins,CO 
11416,206594481,7/27/2017 16:22,7/27/2017 16:22,,7/31/2017 7:00,7/28/2017 13:56,0.0,0.0,0.0,82.3,DRV,,,False,0,,Shipper 1387,,,,7/31/2017 10:00,7/31/2017 13:00,False,False,False,False,False,False,False,True,Baldwinsville,NY ,Baldwinsville,NY 
11417,206593777,12/14/2017 16:38,12/14/2017 16:38,,12/17/2017 23:00,12/14/2017 17:27,0.0,0.0,0.0,1064.6,DRV,,,False,0,,Shipper 1387,,,,12/18/2017 1:00,12/19/2017 23:00,False,False,False,False,False,False,False,True,Newark,NJ ,Newark,NJ 
11418,206598457,10/16/2017 16:14,10/16/2017 16:14,,10/17/2017 19:00,10/16/2017 17:55,0.0,0.0,0.0,397.1,DRV,,,False,0,,Shipper 1387,,,,10/17/2017 19:00,10/18/2017 12:00,False,False,False,False,False,False,False,True,St. Louis,MO ,St. Louis,MO 
11419,206523585,8/28/2017 10:02,8/28/2017 10:02,,8/29/2017 23:00,8/28/2017 10:02,0.0,0.0,0.0,1026.7,RFR,,,False,0,,Shipper 1387,,,,8/30/2017 1:00,8/31/2017 21:00,False,False,False,False,False,False,False,True,Fort Collins,CO ,Fort Collins,CO 
11420,206759377,4/17/2017 16:54,4/17/2017 16:54,,4/19/2017 2:00,4/18/2017 11:52,0.0,0.0,0.0,387.7,DRV,,,False,0,,Shipper 1387,,,,4/19/2017 2:00,4/19/2017 17:00,False,False,False,False,False,False,False,True,Jacksonville,FL ,Jacksonville,FL 
11421,206758289,8/1/2017 16:24,8/1/2017 16:24,,8/2/2017 11:00,8/2/2017 12:11,0.0,0.0,0.0,300.0,DRV,,,False,0,,Shipper 1387,,,,8/2/2017 15:00,8/3/2017 11:00,False,False,False,False,False,False,False,True,Baldwinsville,NY ,Baldwinsville,NY 
11422,206754833,12/18/2017 18:43,12/18/2017 18:43,,12/20/2017 9:00,12/19/2017 8:38,0.0,0.0,0.0,380.5,DRV,,,False,0,,Shipper 1387,,,,12/20/2017 11:00,12/21/2017 13:00,False,False,False,False,False,False,False,True,Cartersville,GA ,Cartersville,GA 
11423,206754321,12/14/2017 16:55,12/14/2017 16:55,,12/20/2017 15:00,12/20/2017 8:56,0.0,0.0,0.0,364.9,DRV,,,False,1,,Shipper 1387,,,,12/20/2017 15:00,12/21/2017 8:30,False,False,False,False,False,False,False,True,Newark,NJ ,Newark,NJ 
11424,206707217,5/16/2017 17:29,5/16/2017 17:29,,5/17/2017 16:00,5/18/2017 10:12,0.0,0.0,0.0,86.1,RFR,,,False,1,,Shipper 1387,,,,5/17/2017 16:00,5/18/2017 13:30,False,False,False,False,False,False,False,True,Newark,NJ ,Newark,NJ 
11425,206598561,8/23/2017 16:16,8/23/2017 16:16,,8/25/2017 10:00,8/23/2017 16:47,0.0,0.0,0.0,519.8,DRV,,,False,0,,Shipper 1387,,,,8/25/2017 12:00,8/26/2017 10:00,False,False,False,False,False,False,False,True,St. Louis,MO ,St. Louis,MO 
11426,206652689,12/14/2017 16:45,12/14/2017 16:46,,12/19/2017 3:00,12/15/2017 10:28,0.0,0.0,0.0,438.7,RFR,,,False,0,,Shipper 1387,,,,12/19/2017 5:00,12/20/2017 13:00,False,False,False,False,False,False,False,True,Houston,TX ,Houston,TX 
11427,206652625,7/24/2017 17:07,7/24/2017 17:07,,7/26/2017 18:00,7/27/2017 15:29,0.0,0.0,0.0,2114.6,RFR,,,False,0,,Shipper 1387,,,,7/26/2017 18:00,8/1/2017 11:30,False,False,False,False,False,False,False,True,Fort Collins,CO ,Fort Collins,CO 
11428,206650385,5/31/2017 14:00,5/31/2017 14:01,,6/1/2017 16:00,5/31/2017 16:32,0.0,0.0,0.0,293.0,DRV,,,False,0,,Shipper 1387,,,,6/1/2017 16:00,6/2/2017 14:00,False,False,False,False,False,False,False,True,Fort Collins,CO ,Fort Collins,CO 
11429,206649553,9/7/2017 10:44,9/7/2017 10:45,,9/8/2017 8:00,9/7/2017 10:50,0.0,0.0,0.0,314.3,DRV,,,False,0,,Shipper 1387,,,,9/8/2017 10:00,9/8/2017 23:00,False,False,False,False,False,False,False,True,Rochester,NY ,Rochester,NY 
11430,206649489,4/19/2017 16:27,4/19/2017 16:28,,4/22/2017 10:00,4/19/2017 16:31,0.0,0.0,0.0,1225.0,DRV,,,False,0,,Shipper 1387,,,,4/22/2017 18:00,4/24/2017 17:00,False,False,False,False,False,False,False,True,St. Louis,MO ,St. Louis,MO 
11431,206647505,12/4/2017 16:55,12/4/2017 16:55,,12/6/2017 21:00,12/5/2017 17:49,0.0,0.0,0.0,2733.2,DRV,,,False,0,,Shipper 1387,,,,12/6/2017 21:00,12/11/2017 23:00,False,False,False,False,False,False,False,True,Fairfield,CA ,Fairfield,CA 
11432,206548825,10/20/2017 17:21,10/20/2017 17:21,,10/24/2017 17:00,10/20/2017 17:57,0.0,0.0,0.0,559.7,DRV,,,False,0,,Shipper 1387,,,,10/24/2017 17:00,10/25/2017 15:30,False,False,False,False,False,False,False,True,Los Angeles,CA ,Los Angeles,CA 
11433,206540889,6/9/2017 16:43,6/9/2017 16:43,,6/13/2017 14:00,6/12/2017 15:01,0.0,0.0,0.0,613.1,DRV,,,False,1,,Shipper 1387,,,,6/13/2017 14:00,6/14/2017 13:30,False,False,False,False,False,False,False,True,Houston,TX ,Houston,TX 
11434,206540825,3/27/2017 16:55,3/27/2017 16:55,,4/3/2017 21:00,3/31/2017 16:05,0.0,0.0,0.0,188.8,DRV,,,False,0,,Shipper 1387,,,,4/3/2017 21:00,4/4/2017 9:00,False,False,False,False,False,False,False,True,Colonial Heights,VA ,Colonial Heights,VA 
11435,206536409,9/18/2017 17:12,9/18/2017 17:12,,9/21/2017 8:03,9/18/2017 17:45,0.0,0.0,0.0,825.3,DRV,,,False,0,,Shipper 1387,,,,9/21/2017 10:03,9/22/2017 22:03,False,False,False,False,False,False,False,True,Newark,NJ ,Newark,NJ 
11436,206597729,6/9/2017 16:47,6/9/2017 16:47,,6/13/2017 9:00,6/9/2017 16:48,0.0,0.0,0.0,364.9,RFR,,,False,0,,Shipper 1387,,,,6/13/2017 17:00,6/13/2017 17:00,False,False,False,False,False,False,False,True,Newark,NJ ,Newark,NJ 
11437,206596769,9/15/2017 16:39,9/15/2017 16:39,,9/18/2017 23:00,9/15/2017 17:19,0.0,0.0,0.0,527.8,DRV,,,False,0,,Shipper 1387,,,,9/19/2017 1:00,9/19/2017 15:30,False,False,False,False,False,False,False,True,St. Louis,MO ,St. Louis,MO 
11438,206593761,11/9/2017 17:18,11/9/2017 17:18,,11/13/2017 0:00,11/10/2017 12:33,0.0,0.0,0.0,802.0,DRV,,,False,0,,Shipper 1387,,,,11/13/2017 0:00,11/14/2017 10:00,False,False,False,False,False,False,False,True,Aurora,CO ,Aurora,CO 
11439,206549921,6/6/2017 16:58,6/6/2017 16:58,,6/9/2017 9:00,6/7/2017 11:49,0.0,0.0,0.0,266.6,DRV,,,False,0,,Shipper 1387,,,,6/9/2017 17:00,6/9/2017 12:00,False,False,False,False,False,False,False,True,Jacksonville,FL ,Jacksonville,FL 
11440,206549473,4/10/2017 16:56,4/10/2017 16:56,,4/17/2017 16:00,4/14/2017 9:56,0.0,0.0,0.0,199.5,DRV,,,False,0,,Shipper 1387,,,,4/17/2017 16:00,4/18/2017 11:00,False,False,False,False,False,False,False,True,Williamsburg,VA ,Williamsburg,VA 
11441,206535513,9/15/2017 16:33,9/15/2017 16:33,,9/19/2017 15:00,9/18/2017 9:04,0.0,0.0,0.0,299.9,RFR,,,False,0,,Shipper 1387,,,,9/19/2017 15:00,9/20/2017 9:00,False,False,False,False,False,False,False,True,Colonial Heights,VA ,Colonial Heights,VA 
11442,206582473,7/24/2017 16:59,7/24/2017 16:59,7/25/2017 13:15,7/25/2017 18:00,7/25/2017 18:35,0.0,250.0,0.0,471.2,RFR,,,False,0,Carrier 1268215,Shipper 1387,True,True,True,7/25/2017 18:00,7/26/2017 11:00,False,False,False,False,False,False,False,False,Granite City,IL ,Granite City,IL 
11443,206530841,8/1/2017 11:57,8/1/2017 11:57,,8/1/2017 12:00,8/1/2017 12:02,0.0,0.0,0.0,250.6,DRV,,,False,0,,Shipper 1387,,,,8/1/2017 14:00,8/2/2017 0:00,False,False,False,False,False,False,False,True,Merrimack,NH ,Merrimack,NH 
11444,206470721,6/6/2017 17:22,6/6/2017 17:22,,6/11/2017 17:00,6/8/2017 11:01,0.0,0.0,0.0,430.4,RFR,,,False,0,,Shipper 1387,,,,6/11/2017 17:00,6/12/2017 12:00,False,False,False,False,False,False,False,True,St. Louis,MO ,St. Louis,MO 
11445,206470337,10/24/2017 17:39,10/24/2017 17:39,,10/27/2017 16:00,10/24/2017 17:39,0.0,0.0,0.0,1787.6,DRV,,,False,0,,Shipper 1387,,,,10/27/2017 16:00,10/30/2017 16:00,False,False,False,False,False,False,False,True,St. Louis,MO ,St. Louis,MO 
11446,206533945,5/1/2017 16:33,5/1/2017 16:34,,5/3/2017 10:00,5/1/2017 16:39,0.0,0.0,0.0,384.3,RFR,,,False,0,,Shipper 1387,,,,5/3/2017 18:00,5/3/2017 17:00,False,False,False,False,False,False,False,True,Granite City,IL ,Granite City,IL 
11447,206598161,9/11/2017 16:44,9/11/2017 16:44,,10/4/2017 8:00,10/2/2017 16:11,0.0,0.0,0.0,212.5,DRV,,,False,1,,Shipper 1387,,,,10/4/2017 12:00,10/5/2017 23:00,False,False,False,False,False,False,False,True,Lewistown,PA ,Lewistown,PA 
11448,206536369,5/24/2017 17:31,5/24/2017 17:31,,5/24/2017 23:00,5/24/2017 17:42,0.0,0.0,0.0,99.5,RFR,,,False,0,,Shipper 1387,,,,5/24/2017 23:00,5/26/2017 17:00,False,False,False,False,False,False,False,True,Newark,NJ ,Newark,NJ 
11449,206535473,5/26/2017 16:02,5/26/2017 16:03,,6/2/2017 18:00,5/31/2017 16:43,0.0,0.0,0.0,381.1,DRV,,,False,0,,Shipper 1387,,,,6/2/2017 18:00,6/5/2017 10:00,False,False,False,False,False,False,False,True,Williamsburg,VA ,Williamsburg,VA 
11450,206549521,5/30/2017 11:31,5/30/2017 11:32,,6/7/2017 1:00,5/31/2017 17:56,0.0,0.0,0.0,354.3,RFR,,,False,0,,Shipper 1387,,,,6/7/2017 1:00,6/7/2017 15:00,False,False,False,False,False,False,False,True,Newark,NJ ,Newark,NJ 
11451,206545313,9/8/2017 19:22,9/8/2017 19:22,,9/11/2017 12:00,9/8/2017 19:24,0.0,0.0,0.0,293.2,DRV,,,False,0,,Shipper 1387,,,,9/11/2017 14:00,9/12/2017 2:00,False,False,False,False,False,False,False,True,Colonial Heights,VA ,Colonial Heights,VA 
11452,206540897,7/27/2017 16:43,7/27/2017 16:43,,7/29/2017 19:00,7/31/2017 9:29,0.0,0.0,0.0,794.6,DRV,,,False,1,,Shipper 1387,,,,7/29/2017 19:00,7/31/2017 11:00,False,False,False,False,False,False,False,True,Los Angeles,CA ,Los Angeles,CA 
11453,206536609,5/12/2017 16:12,5/12/2017 16:12,,5/16/2017 9:00,5/12/2017 16:30,0.0,0.0,0.0,1168.2,DRV,,,False,0,,Shipper 1387,,,,5/16/2017 17:00,5/18/2017 17:00,False,False,False,False,False,False,False,True,Jacksonville,FL ,Jacksonville,FL 
11454,206530593,5/10/2017 13:08,5/10/2017 13:09,,5/12/2017 10:00,5/10/2017 13:34,0.0,0.0,0.0,332.8,RFR,,,False,0,,Shipper 1387,,,,5/12/2017 18:00,5/12/2017 18:00,False,False,False,False,False,False,False,True,Houston,TX ,Houston,TX 
11455,206536465,12/29/2017 12:52,12/29/2017 12:52,,1/2/2018 12:00,12/29/2017 13:02,0.0,0.0,0.0,328.8,DRV,,,False,0,,Shipper 1387,,,,1/2/2018 14:00,1/3/2018 4:00,False,False,False,False,False,False,False,True,Johnstown,PA ,Johnstown,PA 
11456,206536337,4/10/2017 16:50,4/10/2017 16:50,,4/17/2017 17:00,4/14/2017 9:57,0.0,0.0,0.0,199.5,DRV,,,False,0,,Shipper 1387,,,,4/17/2017 17:00,4/18/2017 11:00,False,False,False,False,False,False,False,True,Williamsburg,VA ,Williamsburg,VA 
11457,206529425,12/18/2017 18:39,12/18/2017 18:39,,12/19/2017 23:00,12/18/2017 18:40,0.0,0.0,0.0,391.2,DRV,,,False,0,,Shipper 1387,,,,12/20/2017 1:00,12/20/2017 18:00,False,False,False,False,False,False,False,True,Fort Collins,CO ,Fort Collins,CO 
11458,206529361,7/24/2017 14:19,7/24/2017 14:19,,7/31/2017 9:00,7/24/2017 14:24,0.0,0.0,0.0,173.3,DRV,,,False,0,,Shipper 1387,,,,7/31/2017 11:00,7/31/2017 18:00,False,False,False,False,False,False,False,True,Fort Collins,CO ,Fort Collins,CO 
11459,206533937,4/7/2017 16:47,4/7/2017 16:47,,4/11/2017 10:00,4/7/2017 16:48,0.0,0.0,0.0,625.2,RFR,,,False,0,,Shipper 1387,,,,4/11/2017 18:00,4/12/2017 18:00,False,False,False,False,False,False,False,True,Granite City,IL ,Granite City,IL 
11460,206528625,7/31/2017 15:54,7/31/2017 15:54,,8/10/2017 13:30,8/10/2017 15:46,0.0,0.0,0.0,348.2,DRV,,,False,0,,Shipper 1387,,,,8/10/2017 13:30,8/11/2017 9:00,False,False,False,False,False,False,False,True,Carlisle,PA ,Carlisle,PA 
11461,206433385,9/8/2017 19:29,9/8/2017 19:29,,9/11/2017 22:00,9/11/2017 8:58,0.0,0.0,0.0,357.5,DRV,,,False,0,,Shipper 1387,,,,9/12/2017 0:00,9/12/2017 15:00,False,False,False,False,False,False,False,True,Williamsburg,VA ,Williamsburg,VA 
11462,206426729,10/20/2017 16:44,10/20/2017 16:44,,10/24/2017 15:00,10/23/2017 16:35,0.0,0.0,0.0,339.5,RFR,,,False,0,,Shipper 1387,,,,10/24/2017 15:00,10/25/2017 9:00,False,False,False,False,False,False,False,True,Jacksonville,FL ,Jacksonville,FL 
11463,206470985,9/8/2017 19:19,9/8/2017 19:19,,9/11/2017 22:00,9/10/2017 19:29,0.0,0.0,0.0,377.1,DRV,,,False,0,,Shipper 1387,,,,9/12/2017 0:00,9/12/2017 16:00,False,False,False,False,False,False,False,True,Colonial Heights,VA ,Colonial Heights,VA 
11464,206470665,4/17/2017 16:51,4/17/2017 16:52,,4/19/2017 2:00,4/18/2017 11:52,0.0,0.0,0.0,387.7,DRV,,,False,0,,Shipper 1387,,,,4/19/2017 2:00,4/19/2017 17:00,False,False,False,False,False,False,False,True,Jacksonville,FL ,Jacksonville,FL 
11465,206470025,5/10/2017 13:16,5/10/2017 13:17,,5/12/2017 10:00,5/10/2017 13:35,0.0,0.0,0.0,438.4,RFR,,,False,0,,Shipper 1387,,,,5/12/2017 18:00,5/12/2017 18:00,False,False,False,False,False,False,False,True,La Porte,TX ,La Porte,TX 
11466,206471129,12/4/2017 10:16,12/4/2017 10:16,,12/5/2017 12:00,12/4/2017 17:54,0.0,0.0,0.0,555.6,DRV,,,False,0,,Shipper 1387,,,,12/5/2017 12:00,12/6/2017 7:45,False,False,False,False,False,False,False,True,Williamsburg,VA ,Williamsburg,VA 
11467,206470937,5/2/2017 13:46,5/2/2017 13:46,,5/4/2017 9:00,5/2/2017 13:50,0.0,0.0,0.0,105.2,DRV,,,False,0,,Shipper 1387,,,,5/4/2017 17:00,5/4/2017 17:00,False,False,False,False,False,False,False,True,Cartersville,GA ,Cartersville,GA 
11468,206438041,6/27/2017 17:16,6/27/2017 17:17,,6/30/2017 10:00,6/27/2017 17:19,0.0,0.0,0.0,749.8,DRV,,,False,0,,Shipper 1387,,,,6/30/2017 18:00,7/1/2017 18:00,False,False,False,False,False,False,False,True,Pleasant Prairie,WI ,Pleasant Prairie,WI 
11469,206435545,4/10/2017 16:59,4/10/2017 17:00,,4/17/2017 16:00,4/14/2017 9:55,0.0,0.0,0.0,199.5,DRV,,,False,0,,Shipper 1387,,,,4/17/2017 16:00,4/18/2017 11:00,False,False,False,False,False,False,False,True,Williamsburg,VA ,Williamsburg,VA 
11470,206527761,12/19/2017 9:26,12/19/2017 9:26,,12/20/2017 11:00,12/19/2017 11:08,0.0,0.0,0.0,339.5,RFR,,,False,0,,Shipper 1387,,,,12/20/2017 13:00,12/21/2017 3:00,False,False,False,False,False,False,False,True,Jacksonville,FL ,Jacksonville,FL 
11471,206428825,6/6/2017 16:48,6/6/2017 16:48,,6/8/2017 0:00,6/7/2017 11:48,0.0,0.0,0.0,266.6,DRV,,,False,0,,Shipper 1387,,,,6/8/2017 0:00,6/8/2017 12:00,False,False,False,False,False,False,False,True,Jacksonville,FL ,Jacksonville,FL 
11472,206426649,4/10/2017 17:20,4/10/2017 17:20,,4/20/2017 6:00,4/17/2017 17:28,0.0,0.0,0.0,603.5,DRV,,,False,0,,Shipper 1387,,,,4/20/2017 6:00,4/21/2017 9:15,False,False,False,False,False,False,False,True,Colonial Heights,VA ,Colonial Heights,VA 
11473,206470705,5/24/2017 17:37,5/24/2017 17:37,,5/26/2017 9:00,5/24/2017 17:43,0.0,0.0,0.0,84.4,DRV,,,False,0,,Shipper 1387,,,,5/26/2017 17:00,5/26/2017 17:00,False,False,False,False,False,False,False,True,Newark,NJ ,Newark,NJ 
11474,206470321,9/27/2017 17:05,9/27/2017 17:05,,9/29/2017 14:00,9/28/2017 11:54,0.0,0.0,0.0,2899.0,DRV,,,False,0,,Shipper 1387,,,,9/29/2017 14:00,10/4/2017 21:00,False,False,False,False,False,False,False,True,Newark,NJ ,Newark,NJ 
11475,206469617,9/20/2017 17:19,9/20/2017 17:19,,9/25/2017 17:00,9/22/2017 15:30,0.0,0.0,0.0,205.8,DRV,,,False,0,,Shipper 1387,,,,9/25/2017 17:00,9/26/2017 11:30,False,False,False,False,False,False,False,True,Williamsburg,VA ,Williamsburg,VA 
11476,206467633,8/31/2017 13:00,8/31/2017 13:00,,8/31/2017 14:00,8/31/2017 13:03,0.0,0.0,0.0,337.4,DRV,,,False,0,,Shipper 1387,,,,8/31/2017 16:00,9/1/2017 6:00,False,False,False,False,False,False,False,True,Pleasant Prairie,WI ,Pleasant Prairie,WI 
11477,206470929,4/28/2017 15:25,4/28/2017 15:26,,5/2/2017 23:00,5/1/2017 14:03,0.0,0.0,0.0,222.1,DRV,,,False,0,,Shipper 1387,,,,5/2/2017 23:00,5/3/2017 13:00,False,False,False,False,False,False,False,True,Cartersville,GA ,Cartersville,GA 
11478,206470673,4/28/2017 16:54,4/28/2017 16:54,,5/1/2017 6:00,5/1/2017 12:26,0.0,0.0,0.0,121.4,DRV,,,False,0,,Shipper 1387,,,,5/1/2017 6:00,5/2/2017 17:00,False,False,False,False,False,False,False,True,Merrimack,NH ,Merrimack,NH 
11479,206728049,9/20/2017 17:06,9/20/2017 17:06,9/21/2017 15:02,9/22/2017 18:00,9/22/2017 11:47,0.0,0.0,0.0,1202.6,DRV,,,False,0,Carrier 31074,Shipper 1387,,,,9/22/2017 18:00,9/25/2017 17:30,False,False,False,False,False,False,False,True,Fort Collins,CO ,Fort Collins,CO 
11480,206574857,6/23/2017 17:13,6/23/2017 17:13,6/27/2017 16:51,6/27/2017 16:00,6/29/2017 8:00,0.0,150.0,0.0,952.2,RFR,,,False,1,Carrier 1043457,Shipper 1387,True,True,True,6/27/2017 16:00,6/29/2017 8:00,False,False,False,False,False,False,False,False,Los Angeles,CA ,Los Angeles,CA 
11481,206428849,7/31/2017 14:45,7/31/2017 14:45,,8/3/2017 9:00,8/1/2017 17:46,0.0,0.0,0.0,699.6,RFR,,,False,0,,Shipper 1387,,,,8/3/2017 9:00,8/4/2017 17:00,False,False,False,False,False,False,False,True,Fort Collins,CO ,Fort Collins,CO 
11482,206428081,5/16/2017 14:52,5/16/2017 14:52,,5/17/2017 16:00,5/16/2017 17:26,0.0,0.0,0.0,86.1,RFR,,,False,0,,Shipper 1387,,,,5/17/2017 16:00,5/18/2017 13:30,False,False,False,False,False,False,False,True,Newark,NJ ,Newark,NJ 
11483,206426737,10/27/2017 16:56,10/27/2017 16:56,,11/3/2017 16:00,10/31/2017 18:01,0.0,0.0,0.0,889.1,DRV,,,False,0,,Shipper 1387,,,,11/3/2017 16:00,11/6/2017 14:00,False,False,False,False,False,False,False,True,Colonial Heights,VA ,Colonial Heights,VA 
11484,206470969,6/20/2017 10:15,6/20/2017 10:15,,6/23/2017 9:00,6/23/2017 8:09,0.0,0.0,0.0,278.5,DRV,,,False,1,,Shipper 1387,,,,6/23/2017 17:00,6/25/2017 0:00,False,False,False,False,False,False,False,True,De Soto,KS ,De Soto,KS 
11485,206467641,9/7/2017 16:56,9/7/2017 16:56,,9/8/2017 12:00,9/7/2017 16:56,0.0,0.0,0.0,252.6,DRV,,,False,0,,Shipper 1387,,,,9/8/2017 14:00,9/9/2017 1:00,False,False,False,False,False,False,False,True,Newark,NJ ,Newark,NJ 
11486,206438521,12/4/2017 9:52,12/4/2017 9:52,,12/5/2017 15:00,12/4/2017 14:40,0.0,0.0,0.0,1409.6,DRV,,,False,0,,Shipper 1387,,,,12/5/2017 15:00,12/7/2017 23:00,False,False,False,False,False,False,False,True,Fort Collins,CO ,Fort Collins,CO 
11487,206433273,4/28/2017 17:04,4/28/2017 17:04,,5/3/2017 12:00,5/2/2017 15:40,0.0,0.0,0.0,1769.0,DRV,,,False,0,,Shipper 1387,,,,5/3/2017 12:00,5/5/2017 15:00,False,False,False,False,False,False,False,True,Fort Collins,CO ,Fort Collins,CO 
11488,206433361,8/22/2017 16:29,8/22/2017 16:29,,8/25/2017 19:00,8/23/2017 16:48,0.0,0.0,0.0,629.4,RFR,,,False,0,,Shipper 1387,,,,8/25/2017 19:00,8/28/2017 17:30,False,False,False,False,False,False,False,True,Los Angeles,CA ,Los Angeles,CA 
11489,206424529,3/24/2017 16:37,3/24/2017 16:38,,3/29/2017 9:00,3/28/2017 9:14,0.0,0.0,0.0,666.3,RFR,,,False,0,,Shipper 1387,,,,3/29/2017 17:00,3/30/2017 14:00,False,False,False,False,False,False,False,True,Colonial Heights,VA ,Colonial Heights,VA 
11490,206469601,9/11/2017 16:32,9/11/2017 16:32,,9/12/2017 23:00,9/11/2017 16:33,0.0,0.0,0.0,285.2,DRV,,,False,0,,Shipper 1387,,,,9/13/2017 1:00,9/13/2017 13:00,False,False,False,False,False,False,False,True,Newark,NJ ,Newark,NJ 
11491,206428065,4/21/2017 16:21,4/21/2017 16:21,,4/25/2017 2:00,4/24/2017 9:49,0.0,0.0,0.0,188.8,DRV,,,False,0,,Shipper 1387,,,,4/25/2017 2:00,4/25/2017 13:30,False,False,False,False,False,False,False,True,Colonial Heights,VA ,Colonial Heights,VA 
11492,206434177,8/1/2017 16:17,8/1/2017 16:17,,8/2/2017 11:00,8/2/2017 12:10,0.0,0.0,0.0,300.0,DRV,,,False,0,,Shipper 1387,,,,8/2/2017 15:00,8/2/2017 11:00,False,False,False,False,False,False,False,True,Baldwinsville,NY ,Baldwinsville,NY 
11493,206426689,6/26/2017 17:00,6/26/2017 17:01,,6/28/2017 18:00,6/28/2017 18:26,0.0,0.0,0.0,714.9,DRV,,,False,1,,Shipper 1387,,,,6/28/2017 18:00,6/30/2017 14:00,False,False,False,False,False,False,False,True,Fort Collins,CO ,Fort Collins,CO 
11494,206709009,6/9/2017 13:42,6/9/2017 13:47,,6/13/2017 17:00,6/13/2017 15:54,0.0,0.0,0.0,29.0,DRV,,,False,1,,Shipper 757,,,,6/13/2017 17:00,6/13/2017 21:30,False,False,False,False,False,False,False,True,Riverside,CA ,Riverside,CA 
11495,206776073,5/16/2017 12:59,5/16/2017 12:59,,5/18/2017 9:00,5/16/2017 16:31,0.0,0.0,0.0,1105.1,DRV,,,False,0,,Shipper 585,,,,5/18/2017 17:00,5/20/2017 17:00,False,False,False,False,False,False,False,True,Plant City,FL ,Plant City,FL 
11496,206775049,8/8/2017 17:06,8/8/2017 17:06,,8/9/2017 16:00,8/9/2017 11:49,0.0,0.0,0.0,1102.8,DRV,,,False,0,,Shipper 585,,,,8/9/2017 16:00,8/11/2017 8:00,False,False,False,False,False,False,False,True,Beecher,IL ,Beecher,IL 
11497,206775041,7/26/2017 9:27,7/26/2017 9:28,,7/26/2017 13:00,7/26/2017 10:50,0.0,0.0,0.0,1225.3,DRV,,,False,0,,Shipper 585,,,,7/26/2017 13:00,7/28/2017 10:00,False,False,False,False,False,False,False,True,Sycamore,IL ,Sycamore,IL 
11498,206709017,7/6/2017 14:08,7/6/2017 14:08,,7/10/2017 12:00,7/6/2017 14:10,0.0,0.0,0.0,2399.4,RFR,,,False,0,,Shipper 585,,,,7/10/2017 14:00,7/14/2017 22:00,False,False,False,False,False,False,False,True,Pittsburgh,PA ,Pittsburgh,PA 
11499,206708745,9/1/2017 10:18,9/1/2017 10:18,,9/26/2017 12:00,9/7/2017 17:12,0.0,0.0,0.0,47.1,DRV,,,False,0,,Shipper 585,,,,9/26/2017 12:00,9/26/2017 19:00,False,False,False,False,False,False,False,True,Santa Ana,CA ,Santa Ana,CA 
11500,206648345,12/13/2017 13:29,12/13/2017 13:29,,12/20/2017 13:00,12/13/2017 15:14,0.0,0.0,0.0,1033.0,DRV,,,False,0,,Shipper 585,,,,12/20/2017 13:00,12/22/2017 10:00,False,False,False,False,False,False,False,True,Plant City,FL ,Plant City,FL 
11501,206652041,6/28/2017 16:02,6/28/2017 16:03,,7/6/2017 9:00,6/28/2017 16:06,0.0,0.0,0.0,684.7,DRV,,,False,0,,Shipper 585,,,,7/6/2017 17:00,7/7/2017 17:00,False,False,False,False,False,False,False,True,Miami,FL ,Miami,FL 
11502,206756993,12/13/2017 12:08,12/13/2017 12:08,,12/15/2017 16:00,12/14/2017 9:02,0.0,0.0,0.0,2711.3,RFR,,,False,1,,Shipper 585,,,,12/15/2017 18:00,12/19/2017 16:00,False,False,False,False,False,False,False,True,Bethlehem,PA ,Bethlehem,PA 
11503,206595625,10/9/2017 14:29,10/9/2017 14:29,,10/17/2017 8:00,10/9/2017 14:30,0.0,0.0,0.0,2007.3,DRV,,,False,0,,Shipper 585,,,,10/17/2017 10:00,10/21/2017 1:00,False,False,False,False,False,False,False,True,Compton,CA ,Compton,CA 
11504,206549505,5/16/2017 12:52,5/16/2017 12:52,,5/17/2017 9:00,5/16/2017 16:33,0.0,0.0,0.0,1105.1,DRV,,,False,0,,Shipper 585,,,,5/17/2017 17:00,5/19/2017 17:00,False,False,False,False,False,False,False,True,Plant City,FL ,Plant City,FL 
11505,206775033,7/6/2017 13:59,7/6/2017 13:59,,7/10/2017 12:00,7/6/2017 14:02,0.0,0.0,0.0,2399.4,DRV,,,False,0,,Shipper 585,,,,7/10/2017 14:00,7/14/2017 22:00,False,False,False,False,False,False,False,True,Pittsburgh,PA ,Pittsburgh,PA 
11506,206709049,9/7/2017 17:50,9/7/2017 17:50,,9/8/2017 8:00,9/7/2017 17:59,0.0,0.0,0.0,2511.6,DRV,,,False,0,,Shipper 585,,,,9/8/2017 10:00,9/12/2017 23:00,False,False,False,False,False,False,False,True,La Palma,CA ,La Palma,CA 
11507,206651577,10/27/2017 17:45,10/27/2017 17:45,,10/30/2017 12:00,10/27/2017 17:51,0.0,0.0,0.0,418.7,DRV,,,False,0,,Shipper 585,,,,10/30/2017 14:00,10/31/2017 8:00,False,False,False,False,False,False,False,True,Brooklyn Park,MN ,Brooklyn Park,MN 
11508,206549929,7/13/2017 10:54,7/13/2017 10:55,,7/14/2017 9:00,7/13/2017 11:05,0.0,0.0,0.0,1102.6,DRV,,,False,0,,Shipper 585,,,,7/14/2017 17:00,7/16/2017 17:00,False,False,False,False,False,False,False,True,Plant City,FL ,Plant City,FL 
11509,206540841,4/3/2017 10:39,4/3/2017 10:39,,4/7/2017 12:00,4/4/2017 15:09,0.0,0.0,0.0,982.6,DRV,,,False,0,,Shipper 585,,,,4/7/2017 20:00,4/8/2017 20:00,False,False,False,False,False,False,False,True,Compton,CA ,Compton,CA 
11510,206648305,9/25/2017 17:47,9/25/2017 17:47,,10/5/2017 11:00,9/28/2017 8:56,0.0,0.0,0.0,352.6,DRV,,,False,0,,Shipper 585,,,,10/5/2017 19:00,10/6/2017 19:00,False,False,False,False,False,False,False,True,Compton,CA ,Compton,CA 
11511,206652001,5/24/2017 12:28,5/24/2017 12:29,,6/1/2017 19:00,5/25/2017 14:06,0.0,0.0,0.0,2772.1,DRV,,,False,0,,Shipper 585,,,,6/1/2017 19:00,6/1/2017 8:00,False,False,False,False,False,False,False,True,Carson,CA ,Carson,CA 
11512,206596785,10/9/2017 14:38,10/9/2017 14:38,,10/23/2017 9:00,10/20/2017 12:44,0.0,0.0,0.0,2091.3,DRV,,,False,0,,Shipper 585,,,,10/23/2017 17:00,10/25/2017 20:00,False,False,False,False,False,False,False,True,Bolingbrook,IL ,Bolingbrook,IL 
11513,206595249,5/31/2017 14:28,5/31/2017 14:29,,6/9/2017 14:00,6/7/2017 9:27,0.0,0.0,0.0,1441.2,RFR,,,False,0,,Shipper 585,,,,6/9/2017 14:00,6/12/2017 10:00,False,False,False,False,False,False,False,True,Saint Albans City,VT ,Saint Albans City,VT 
11514,206759441,9/7/2017 17:15,9/7/2017 17:15,,9/26/2017 16:00,9/20/2017 10:41,0.0,0.0,0.0,428.2,DRV,,,False,0,,Shipper 585,,,,9/26/2017 16:00,9/27/2017 13:00,False,False,False,False,False,False,False,True,Santa Ana,CA ,Santa Ana,CA 
11515,206598433,9/7/2017 12:19,9/7/2017 12:19,,9/19/2017 11:00,9/18/2017 10:46,0.0,0.0,0.0,352.6,DRV,,,False,0,,Shipper 585,,,,9/19/2017 20:00,9/19/2017 5:00,False,False,False,False,False,False,False,True,Compton,CA ,Compton,CA 
11516,206651281,7/6/2017 13:10,7/6/2017 13:10,,7/10/2017 9:00,7/6/2017 13:32,0.0,0.0,0.0,2399.4,DRV,,,False,0,,Shipper 585,,,,7/10/2017 17:00,7/14/2017 20:00,False,False,False,False,False,False,False,True,Pittsburgh,PA ,Pittsburgh,PA 
11517,206649041,12/13/2017 15:14,12/13/2017 15:14,,12/18/2017 12:00,12/14/2017 15:15,0.0,0.0,0.0,2655.4,DRV,,,False,0,,Shipper 585,,,,12/18/2017 14:00,12/22/2017 10:00,False,False,False,False,False,False,False,True,Santa Ana,CA ,Santa Ana,CA 
11518,206594529,10/27/2017 17:34,10/27/2017 17:34,,10/30/2017 12:00,10/27/2017 17:51,0.0,0.0,0.0,1595.4,DRV,,,False,0,,Shipper 585,,,,10/30/2017 14:00,11/2/2017 11:00,False,False,False,False,False,False,False,True,Brooklyn Park,MN ,Brooklyn Park,MN 
11519,206437697,1/4/2017 16:24,1/4/2017 16:24,,1/23/2017 9:00,1/20/2017 8:53,0.0,0.0,0.0,1180.8,DRV,,,False,2,,Shipper 585,,,,1/23/2017 15:00,1/25/2017 11:00,False,False,False,False,False,False,False,True,Plant City,FL ,Plant City,FL 
11520,206534329,12/6/2017 12:34,12/6/2017 12:34,,12/8/2017 9:00,12/7/2017 12:44,0.0,0.0,0.0,2016.1,DRV,,,False,0,,Shipper 585,,,,12/8/2017 16:00,12/11/2017 1:00,False,False,False,False,False,False,False,True,Crete,IL ,Crete,IL 
11521,206533497,2/1/2017 13:27,2/1/2017 13:27,,2/3/2017 11:00,2/2/2017 17:52,0.0,0.0,0.0,2521.3,DRV,,,False,0,,Shipper 585,,,,2/3/2017 23:00,2/7/2017 10:00,False,False,False,False,False,False,False,True,Compton,CA ,Compton,CA 
11522,206530833,7/6/2017 12:53,7/6/2017 12:53,,7/10/2017 9:00,7/6/2017 13:32,0.0,0.0,0.0,2119.4,DRV,,,False,0,,Shipper 585,,,,7/10/2017 17:00,7/13/2017 20:00,False,False,False,False,False,False,False,True,Pittsburgh,PA ,Pittsburgh,PA 
11523,206431721,8/7/2017 14:17,8/7/2017 14:17,,8/17/2017 8:00,8/15/2017 11:38,0.0,0.0,0.0,1273.9,DRV,,,False,0,,Shipper 585,,,,8/17/2017 16:00,8/17/2017 9:00,False,False,False,False,False,False,False,True,Plant City,FL ,Plant City,FL 
11524,206469641,9/1/2017 11:43,9/1/2017 11:43,,10/16/2017 17:00,9/15/2017 16:14,0.0,0.0,0.0,428.2,DRV,,,False,1,,Shipper 585,,,,10/16/2017 17:00,10/17/2017 12:00,False,False,False,False,False,False,False,True,Santa Ana,CA ,Santa Ana,CA 
11525,206470681,5/9/2017 10:50,5/9/2017 10:50,,5/10/2017 10:00,5/9/2017 10:52,0.0,0.0,0.0,1188.1,RFR,,,False,0,,Shipper 585,,,,5/10/2017 18:00,5/12/2017 17:00,False,False,False,False,False,False,False,True,Sioux City,IA ,Sioux City,IA 
11526,206470041,7/6/2017 13:14,7/6/2017 13:15,,7/10/2017 9:00,7/6/2017 13:33,0.0,0.0,0.0,1842.4,DRV,,,False,0,,Shipper 585,,,,7/10/2017 17:00,7/13/2017 19:00,False,False,False,False,False,False,False,True,Pittsburgh,PA ,Pittsburgh,PA 
11527,206433369,8/29/2017 8:45,8/29/2017 8:45,,8/30/2017 15:00,8/30/2017 12:59,0.0,0.0,0.0,1158.8,DRV,,,False,0,,Shipper 585,,,,8/30/2017 17:00,9/1/2017 10:00,False,False,False,False,False,False,False,True,Plant City,FL ,Plant City,FL 
11528,206469649,9/7/2017 17:54,9/7/2017 17:54,,9/8/2017 8:00,9/7/2017 18:02,0.0,0.0,0.0,2511.6,DRV,,,False,0,,Shipper 585,,,,9/8/2017 10:00,9/12/2017 23:00,False,False,False,False,False,False,False,True,La Palma,CA ,La Palma,CA 
11529,206426673,5/16/2017 12:57,5/16/2017 12:57,,5/19/2017 9:00,5/16/2017 16:33,0.0,0.0,0.0,955.4,DRV,,,False,0,,Shipper 585,,,,5/19/2017 17:00,5/22/2017 6:15,False,False,False,False,False,False,False,True,Plant City,FL ,Plant City,FL 
11530,206470689,5/16/2017 12:39,5/16/2017 12:40,,5/17/2017 9:00,5/16/2017 16:32,0.0,0.0,0.0,1105.1,DRV,,,False,0,,Shipper 585,,,,5/17/2017 17:00,5/19/2017 17:00,False,False,False,False,False,False,False,True,Plant City,FL ,Plant City,FL 
11531,206470049,7/11/2017 10:17,7/11/2017 10:23,,7/12/2017 12:00,7/11/2017 10:41,0.0,0.0,0.0,6.8,DRV,,,False,0,,Shipper 585,,,,7/12/2017 20:00,7/12/2017 20:00,False,False,False,False,False,False,False,True,Modesto,CA ,Modesto,CA 
11532,206466849,10/10/2017 14:11,10/10/2017 14:11,,10/20/2017 8:00,10/19/2017 12:46,0.0,0.0,0.0,2515.9,RFR,,,False,0,,Shipper 585,,,,10/20/2017 16:00,10/25/2017 10:00,False,False,False,False,False,False,False,True,Plant City,FL ,Plant City,FL 
11533,206432961,10/17/2017 13:09,10/17/2017 13:09,,11/3/2017 8:00,10/27/2017 9:18,0.0,0.0,0.0,1102.6,DRV,,,False,0,,Shipper 585,,,,11/3/2017 17:00,11/6/2017 7:00,False,False,False,False,False,False,False,True,Plant City,FL ,Plant City,FL 
11534,206776137,12/4/2017 17:06,12/4/2017 17:06,,12/6/2017 16:00,12/6/2017 9:21,0.0,0.0,0.0,2847.9,DRV,,,False,1,,Shipper 1388,,,,12/6/2017 16:00,12/11/2017 6:00,False,False,False,False,False,False,False,True,Fairfield,CA ,Fairfield,CA 
11535,206775113,9/14/2017 17:26,9/14/2017 17:26,,9/17/2017 14:00,9/15/2017 9:25,0.0,0.0,0.0,449.5,RFR,,,False,0,,Shipper 1388,,,,9/17/2017 14:00,9/18/2017 17:00,False,False,False,False,False,False,False,True,Fort Collins,CO ,Fort Collins,CO 
11536,206774089,6/27/2017 17:24,6/27/2017 17:25,,7/2/2017 10:00,6/27/2017 17:25,0.0,0.0,0.0,749.8,DRV,,,False,0,,Shipper 1388,,,,7/2/2017 12:00,7/3/2017 12:00,False,False,False,False,False,False,False,True,Pleasant Prairie,WI ,Pleasant Prairie,WI 
11537,206758345,12/29/2017 12:52,12/29/2017 12:52,,1/2/2018 12:00,12/29/2017 13:03,0.0,0.0,0.0,328.8,DRV,,,False,0,,Shipper 1388,,,,1/2/2018 14:00,1/3/2018 4:00,False,False,False,False,False,False,False,True,Johnstown,PA ,Johnstown,PA 
11538,206758281,6/26/2017 14:39,6/26/2017 14:40,,6/27/2017 9:00,6/26/2017 15:25,0.0,0.0,0.0,165.5,DRV,,,False,0,,Shipper 1388,,,,6/27/2017 17:00,6/27/2017 17:00,False,False,False,False,False,False,False,True,Williamsburg,VA ,Williamsburg,VA 
11539,206774081,6/9/2017 16:34,6/9/2017 16:35,,6/12/2017 16:00,6/9/2017 17:42,0.0,0.0,0.0,219.3,DRV,,,False,0,,Shipper 1388,,,,6/12/2017 16:00,6/13/2017 17:00,False,False,False,False,False,False,False,True,Cartersville,GA ,Cartersville,GA 
11540,206759489,11/1/2017 16:15,11/1/2017 16:15,,11/3/2017 18:00,11/2/2017 15:33,0.0,0.0,0.0,1122.2,RFR,,,False,0,,Shipper 1388,,,,11/3/2017 18:00,11/6/2017 15:00,False,False,False,False,False,False,False,True,Fairfield,CA ,Fairfield,CA 
11541,206776089,8/1/2017 11:54,8/1/2017 11:54,,8/1/2017 12:00,8/1/2017 12:02,0.0,0.0,0.0,250.6,DRV,,,False,0,,Shipper 1388,,,,8/1/2017 14:00,8/2/2017 0:00,False,False,False,False,False,False,False,True,Merrimack,NH ,Merrimack,NH 
11542,206775193,12/18/2017 18:19,12/18/2017 18:19,,12/20/2017 15:00,12/19/2017 8:42,0.0,0.0,0.0,334.9,RFR,,,False,0,,Shipper 1388,,,,12/20/2017 17:00,12/21/2017 7:00,False,False,False,False,False,False,False,True,St. Louis,MO ,St. Louis,MO 
11543,206708825,5/22/2017 15:19,5/22/2017 15:19,,5/23/2017 4:00,5/22/2017 15:54,0.0,0.0,0.0,323.0,RFR,,,False,0,,Shipper 1388,,,,5/23/2017 4:00,5/24/2017 23:00,False,False,False,False,False,False,False,True,Jacksonville,FL ,Jacksonville,FL 
11544,206759401,7/7/2017 16:20,7/7/2017 16:20,,7/12/2017 9:00,7/10/2017 11:53,0.0,0.0,0.0,89.5,DRV,,,False,0,,Shipper 1388,,,,7/12/2017 17:00,7/13/2017 6:00,False,False,False,False,False,False,False,True,Newark,NJ ,Newark,NJ 
11545,206758313,9/19/2017 9:32,9/19/2017 9:32,,9/29/2017 16:00,9/27/2017 16:53,0.0,0.0,0.0,351.9,DRV,,,False,0,,Shipper 1388,,,,9/29/2017 16:00,10/2/2017 15:00,False,False,False,False,False,False,False,True,Colonial Heights,VA ,Colonial Heights,VA 
11546,206754793,7/26/2017 10:59,7/26/2017 10:59,,7/31/2017 2:00,7/26/2017 15:01,0.0,0.0,0.0,170.3,DRV,,,False,0,,Shipper 1388,,,,7/31/2017 2:00,7/31/2017 16:00,False,False,False,False,False,False,False,True,Aurora,CO ,Aurora,CO 
11547,206652649,10/20/2017 17:31,10/20/2017 17:31,,10/24/2017 17:00,10/23/2017 11:04,0.0,0.0,0.0,1409.6,RFR,,,False,0,,Shipper 1388,,,,10/24/2017 17:00,10/26/2017 23:00,False,False,False,False,False,False,False,True,Fort Collins,CO ,Fort Collins,CO 
11548,206652009,6/6/2017 16:52,6/6/2017 16:52,,6/9/2017 9:00,6/7/2017 11:48,0.0,0.0,0.0,266.6,DRV,,,False,0,,Shipper 1388,,,,6/9/2017 17:00,6/9/2017 12:00,False,False,False,False,False,False,False,True,Jacksonville,FL ,Jacksonville,FL 
11549,206649001,9/8/2017 19:25,9/8/2017 19:25,,9/11/2017 22:00,9/11/2017 8:59,0.0,0.0,0.0,357.5,DRV,,,False,0,,Shipper 1388,,,,9/12/2017 0:00,9/12/2017 15:00,False,False,False,False,False,False,False,True,Williamsburg,VA ,Williamsburg,VA 
11550,206756937,9/15/2017 16:54,9/15/2017 16:54,,9/18/2017 18:00,9/15/2017 17:41,0.0,0.0,0.0,867.8,RFR,,,False,0,,Shipper 1388,,,,9/18/2017 18:00,9/20/2017 15:30,False,False,False,False,False,False,False,True,Fort Collins,CO ,Fort Collins,CO 
11551,206709065,9/27/2017 16:35,9/27/2017 16:35,,9/29/2017 16:00,9/28/2017 11:08,0.0,0.0,0.0,1529.2,DRV,,,False,0,,Shipper 1388,,,,9/29/2017 16:00,10/2/2017 16:00,False,False,False,False,False,False,False,True,Fairfield,CA ,Fairfield,CA 
11552,206705801,4/10/2017 17:00,4/10/2017 17:00,,4/17/2017 17:00,4/14/2017 9:57,0.0,0.0,0.0,199.5,DRV,,,False,0,,Shipper 1388,,,,4/17/2017 17:00,4/18/2017 11:00,False,False,False,False,False,False,False,True,Williamsburg,VA ,Williamsburg,VA 
11553,206649753,3/27/2017 17:53,3/27/2017 17:53,,4/3/2017 21:00,3/29/2017 17:06,0.0,0.0,0.0,395.5,RFR,,,False,0,,Shipper 1388,,,,4/3/2017 21:00,4/4/2017 16:00,False,False,False,False,False,False,False,True,Granite City,IL ,Granite City,IL 
11554,206649497,5/12/2017 12:52,5/12/2017 12:52,,5/13/2017 20:00,5/12/2017 17:08,0.0,0.0,0.0,396.9,DRV,,,False,0,,Shipper 1388,,,,5/13/2017 20:00,5/18/2017 8:30,False,False,False,False,False,False,False,True,Houston,TX ,Houston,TX 
11555,206647449,5/15/2017 13:34,5/15/2017 13:35,,5/17/2017 10:00,5/15/2017 13:35,0.0,0.0,0.0,389.2,DRV,,,False,0,,Shipper 1388,,,,5/17/2017 18:00,5/17/2017 18:00,False,False,False,False,False,False,False,True,La Porte,TX ,La Porte,TX 
11556,206647001,12/18/2017 17:40,12/18/2017 17:41,,12/20/2017 9:00,12/18/2017 18:53,0.0,0.0,0.0,172.1,DRV,,,False,0,,Shipper 1388,,,,12/20/2017 11:00,12/20/2017 18:00,False,False,False,False,False,False,False,True,Jacksonville,FL ,Jacksonville,FL 
11557,206652105,9/25/2017 16:24,9/25/2017 16:24,,9/30/2017 17:00,9/26/2017 10:52,0.0,0.0,0.0,714.9,DRV,,,False,0,,Shipper 1388,,,,9/30/2017 17:00,10/2/2017 14:00,False,False,False,False,False,False,False,True,Fort Collins,CO ,Fort Collins,CO 
11558,206651273,6/6/2017 16:50,6/6/2017 16:50,,6/8/2017 0:00,6/7/2017 11:48,0.0,0.0,0.0,266.6,DRV,,,False,0,,Shipper 1388,,,,6/8/2017 0:00,6/8/2017 12:00,False,False,False,False,False,False,False,True,Jacksonville,FL ,Jacksonville,FL 
11559,206648969,6/6/2017 17:26,6/6/2017 17:26,,6/8/2017 10:00,6/6/2017 17:28,0.0,0.0,0.0,422.0,RFR,,,False,0,,Shipper 1388,,,,6/8/2017 18:00,6/8/2017 18:00,False,False,False,False,False,False,False,True,La Porte,TX ,La Porte,TX 
11560,206756929,7/19/2017 16:27,7/19/2017 16:27,,7/22/2017 13:00,7/19/2017 16:30,0.0,0.0,0.0,877.1,DRV,,,False,0,,Shipper 1388,,,,7/22/2017 15:00,7/24/2017 5:00,False,False,False,False,False,False,False,True,Granite City,IL ,Granite City,IL 
11561,206709057,9/11/2017 16:40,9/11/2017 16:40,,9/12/2017 12:00,9/11/2017 16:41,0.0,0.0,0.0,212.5,DRV,,,False,0,,Shipper 1388,,,,9/12/2017 14:00,9/12/2017 23:00,False,False,False,False,False,False,False,True,Lewistown,PA ,Lewistown,PA 
11562,206705857,9/25/2017 17:00,9/25/2017 17:00,,9/29/2017 11:00,9/28/2017 11:59,0.0,0.0,0.0,850.9,DRV,,,False,1,,Shipper 1388,,,,9/29/2017 11:00,10/2/2017 4:00,False,False,False,False,False,False,False,True,Newark,NJ ,Newark,NJ 
11563,206504257,6/22/2017 10:27,6/22/2017 10:27,6/23/2017 13:56,6/23/2017 11:00,6/26/2017 7:37,0.0,0.0,0.0,1144.5,DRV,,,False,0,Carrier 8420,Shipper 1531,,,,6/23/2017 19:00,6/26/2017 13:00,False,False,False,False,False,False,False,True,Austin,TX ,Austin,TX 
11564,206650561,5/10/2017 13:46,5/10/2017 13:46,,5/12/2017 10:00,5/10/2017 16:03,0.0,0.0,0.0,226.8,DRV,,,False,0,,Shipper 1388,,,,5/12/2017 18:00,5/13/2017 16:00,False,False,False,False,False,False,False,True,La Porte,TX ,La Porte,TX 
11565,206649857,12/4/2017 9:44,12/4/2017 9:44,,12/6/2017 10:00,12/4/2017 15:30,0.0,0.0,0.0,161.8,DRV,,,False,0,,Shipper 1388,,,,12/6/2017 10:00,12/6/2017 17:00,False,False,False,False,False,False,False,True,Fort Collins,CO ,Fort Collins,CO 
11566,206647489,9/26/2017 17:00,9/26/2017 17:00,,9/28/2017 7:00,9/26/2017 17:28,0.0,0.0,0.0,911.9,DRV,,,False,0,,Shipper 1388,,,,9/28/2017 9:00,9/30/2017 0:00,False,False,False,False,False,False,False,True,St. Louis,MO ,St. Louis,MO 
11567,206598529,4/3/2017 16:31,4/3/2017 16:31,,4/5/2017 9:00,4/3/2017 16:34,0.0,0.0,0.0,267.6,DRV,,,False,0,,Shipper 1388,,,,4/5/2017 17:00,4/5/2017 17:00,False,False,False,False,False,False,False,True,Baldwinsville,NY ,Baldwinsville,NY 
11568,206595521,4/17/2017 16:49,4/17/2017 16:49,,4/19/2017 23:00,4/18/2017 11:51,0.0,0.0,0.0,387.7,DRV,,,False,0,,Shipper 1388,,,,4/19/2017 23:00,4/19/2017 17:00,False,False,False,False,False,False,False,True,Jacksonville,FL ,Jacksonville,FL 
11569,206545801,9/20/2017 17:11,9/20/2017 17:11,,9/23/2017 6:04,9/20/2017 18:32,0.0,0.0,0.0,402.7,DRV,,,False,0,,Shipper 1388,,,,9/23/2017 8:04,9/24/2017 1:04,False,False,False,False,False,False,False,True,Fort Collins,CO ,Fort Collins,CO 
11570,206759393,5/31/2017 11:54,5/31/2017 11:57,,6/5/2017 16:00,6/2/2017 13:13,0.0,0.0,0.0,447.0,DRV,,,False,0,,Shipper 1388,,,,6/5/2017 15:00,6/6/2017 9:00,False,False,False,False,False,False,False,True,Baldwinsville,NY ,Baldwinsville,NY 
11571,206596777,9/18/2017 17:56,9/18/2017 17:56,,9/21/2017 8:00,9/19/2017 17:57,0.0,0.0,0.0,232.5,DRV,,,False,0,,Shipper 1388,,,,9/21/2017 16:00,9/22/2017 21:00,False,False,False,False,False,False,False,True,Erie,PA ,Erie,PA 
11572,206597721,5/15/2017 12:58,5/15/2017 12:58,,5/18/2017 2:00,5/16/2017 14:39,0.0,0.0,0.0,135.2,RFR,,,False,1,,Shipper 1388,,,,5/18/2017 2:00,5/18/2017 11:00,False,False,False,False,False,False,False,True,Colonial Heights,VA ,Colonial Heights,VA 
11573,206596761,9/11/2017 16:50,9/11/2017 16:50,,9/13/2017 12:00,9/11/2017 16:53,0.0,0.0,0.0,1162.2,DRV,,,False,0,,Shipper 1388,,,,9/13/2017 14:00,9/15/2017 16:00,False,False,False,False,False,False,False,True,Greeley,CO ,Greeley,CO 
11574,206595353,12/29/2017 12:52,12/29/2017 12:52,,1/2/2018 12:00,12/29/2017 13:02,0.0,0.0,0.0,328.8,DRV,,,False,0,,Shipper 1388,,,,1/2/2018 14:00,1/3/2018 4:00,False,False,False,False,False,False,False,True,Johnstown,PA ,Johnstown,PA 
11575,206754809,9/26/2017 16:24,9/26/2017 16:24,,9/28/2017 12:00,9/27/2017 8:24,0.0,0.0,0.0,728.5,DRV,,,False,0,,Shipper 1388,,,,9/28/2017 12:00,9/29/2017 16:00,False,False,False,False,False,False,False,True,Fort Collins,CO ,Fort Collins,CO 
11576,206708833,6/6/2017 16:55,6/6/2017 16:56,,6/9/2017 9:00,6/7/2017 11:48,0.0,0.0,0.0,266.6,DRV,,,False,0,,Shipper 1388,,,,6/9/2017 17:00,6/9/2017 12:00,False,False,False,False,False,False,False,True,Jacksonville,FL ,Jacksonville,FL 
11577,206651321,9/14/2017 17:31,9/14/2017 17:31,,9/17/2017 16:00,9/15/2017 9:25,0.0,0.0,0.0,409.2,RFR,,,False,0,,Shipper 1388,,,,9/17/2017 16:00,9/18/2017 11:00,False,False,False,False,False,False,False,True,Fort Collins,CO ,Fort Collins,CO 
11578,206775121,9/15/2017 16:51,9/15/2017 16:51,,9/19/2017 4:00,9/15/2017 17:19,0.0,0.0,0.0,273.7,DRV,,,False,0,,Shipper 1388,,,,9/19/2017 6:00,9/19/2017 17:00,False,False,False,False,False,False,False,True,St. Louis,MO ,St. Louis,MO 
11579,206774161,12/4/2017 10:11,12/4/2017 10:12,,12/5/2017 12:00,12/4/2017 14:18,0.0,0.0,0.0,384.2,DRV,,,False,0,,Shipper 1388,,,,12/5/2017 12:00,12/6/2017 8:30,False,False,False,False,False,False,False,True,Williamsburg,VA ,Williamsburg,VA 
11580,206774097,7/31/2017 15:22,7/31/2017 15:22,,8/1/2017 8:00,7/31/2017 15:29,0.0,0.0,0.0,654.8,DRV,,,False,0,,Shipper 1388,,,,8/1/2017 10:00,8/2/2017 14:00,False,False,False,False,False,False,False,True,Romulus,MI ,Romulus,MI 
11581,206529353,6/9/2017 16:18,6/9/2017 16:18,,6/13/2017 17:00,6/12/2017 14:18,0.0,0.0,0.0,1130.0,DRV,,,False,0,,Shipper 1388,,,,6/13/2017 17:00,6/15/2017 8:30,False,False,False,False,False,False,False,True,Houston,TX ,Houston,TX 
11582,206650617,12/18/2017 23:39,12/18/2017 23:39,,12/20/2017 12:00,12/19/2017 14:52,0.0,0.0,0.0,148.5,DRV,,,False,0,,Shipper 1388,,,,12/20/2017 14:00,12/20/2017 20:00,False,False,False,False,False,False,False,True,Portland,OR ,Portland,OR 
11583,206648953,5/2/2017 13:52,5/2/2017 13:52,,5/4/2017 9:00,5/2/2017 16:56,0.0,0.0,0.0,105.2,DRV,,,False,0,,Shipper 1388,,,,5/4/2017 9:00,5/4/2017 14:00,False,False,False,False,False,False,False,True,Cartersville,GA ,Cartersville,GA 
11584,206648697,9/20/2017 17:03,9/20/2017 17:04,,9/23/2017 13:00,9/20/2017 18:12,0.0,0.0,0.0,629.5,DRV,,,False,0,,Shipper 1388,,,,9/23/2017 15:00,9/24/2017 18:00,False,False,False,False,False,False,False,True,Fort Collins,CO ,Fort Collins,CO 
11585,206545705,12/18/2017 16:29,12/18/2017 16:29,,12/19/2017 13:00,12/19/2017 10:19,0.0,0.0,0.0,175.6,DRV,,,False,0,,Shipper 1388,,,,12/19/2017 13:00,12/20/2017 6:45,False,False,False,False,False,False,False,True,Cartersville,GA ,Cartersville,GA 
11586,206649841,11/16/2017 16:31,11/16/2017 16:31,,11/18/2017 19:00,11/20/2017 9:16,0.0,0.0,0.0,735.9,DRV,,,False,0,,Shipper 1388,,,,11/18/2017 19:00,11/20/2017 11:00,False,False,False,False,False,False,False,True,Fairfield,CA ,Fairfield,CA 
11587,206649521,5/30/2017 11:34,5/30/2017 11:34,,6/1/2017 9:00,5/30/2017 12:06,0.0,0.0,0.0,354.3,RFR,,,False,0,,Shipper 1388,,,,6/1/2017 17:00,6/2/2017 15:00,False,False,False,False,False,False,False,True,Newark,NJ ,Newark,NJ 
11588,206648753,12/18/2017 15:21,12/18/2017 15:21,,12/18/2017 21:00,12/18/2017 15:22,0.0,0.0,0.0,653.9,DRV,,,False,0,,Shipper 1388,,,,12/18/2017 21:00,12/21/2017 3:00,False,False,False,False,False,False,False,True,Dunkirk,IN ,Dunkirk,IN 
11589,206647473,7/24/2017 14:19,7/24/2017 14:19,,7/31/2017 9:00,7/24/2017 14:24,0.0,0.0,0.0,173.3,DRV,,,False,0,,Shipper 1388,,,,7/31/2017 11:00,7/31/2017 18:00,False,False,False,False,False,False,False,True,Fort Collins,CO ,Fort Collins,CO 
11590,206523721,9/18/2017 17:53,9/18/2017 17:53,,9/21/2017 8:00,9/19/2017 17:58,0.0,0.0,0.0,232.5,DRV,,,False,0,,Shipper 1388,,,,9/21/2017 15:00,9/22/2017 21:00,False,False,False,False,False,False,False,True,Erie,PA ,Erie,PA 
11591,206523593,9/7/2017 16:56,9/7/2017 16:56,,9/8/2017 12:00,9/7/2017 16:57,0.0,0.0,0.0,252.6,DRV,,,False,0,,Shipper 1388,,,,9/8/2017 14:00,9/9/2017 1:00,False,False,False,False,False,False,False,True,Newark,NJ ,Newark,NJ 
11592,206651553,6/23/2017 16:20,6/23/2017 16:21,,6/27/2017 21:00,6/26/2017 15:07,0.0,0.0,0.0,557.6,DRV,,,False,0,,Shipper 1388,,,,6/27/2017 21:00,6/28/2017 17:00,False,False,False,False,False,False,False,True,Fort Collins,CO ,Fort Collins,CO 
11593,206650465,11/8/2017 8:47,11/8/2017 8:47,,11/9/2017 17:00,11/9/2017 12:49,0.0,0.0,0.0,3081.4,RFR,,,False,0,,Shipper 1388,,,,11/9/2017 17:00,11/14/2017 12:00,False,False,False,False,False,False,False,True,Fairfield,CA ,Fairfield,CA 
11594,206650401,6/6/2017 17:00,6/6/2017 17:00,,6/9/2017 2:00,6/7/2017 11:48,0.0,0.0,0.0,266.6,DRV,,,False,0,,Shipper 1388,,,,6/9/2017 2:00,6/9/2017 12:00,False,False,False,False,False,False,False,True,Jacksonville,FL ,Jacksonville,FL 
11595,206536425,9/27/2017 17:08,9/27/2017 17:08,,10/1/2017 14:00,9/29/2017 15:00,0.0,0.0,0.0,1569.7,DRV,,,False,0,,Shipper 1388,,,,10/1/2017 14:00,10/4/2017 12:00,False,False,False,False,False,False,False,True,Williamsburg,VA ,Williamsburg,VA 
11596,206583385,8/31/2017 13:22,8/31/2017 13:22,9/14/2017 13:42,9/18/2017 17:00,9/15/2017 17:27,0.0,0.0,0.0,1015.2,DRV,,,False,1,Carrier 72416,Shipper 585,,,,9/18/2017 17:00,9/20/2017 11:00,False,False,False,False,False,False,False,True,Santa Ana,CA ,Santa Ana,CA 
11597,206728049,9/20/2017 17:06,9/20/2017 17:06,9/21/2017 15:02,9/22/2017 18:00,9/22/2017 11:47,0.0,0.0,0.0,1202.6,DRV,,,False,0,Carrier 31074,Shipper 1388,,,,9/22/2017 18:00,9/25/2017 17:30,False,False,False,False,False,False,False,True,Fort Collins,CO ,Fort Collins,CO 
11598,206574857,6/23/2017 17:13,6/23/2017 17:13,6/27/2017 16:51,6/27/2017 16:00,6/29/2017 8:00,0.0,150.0,0.0,952.2,RFR,,,False,1,Carrier 1043457,Shipper 1388,True,True,True,6/27/2017 16:00,6/29/2017 8:00,False,False,False,False,False,False,False,False,Los Angeles,CA ,Los Angeles,CA 
11599,206530601,5/22/2017 14:03,5/22/2017 14:04,5/22/2017 17:54,5/23/2017 5:00,5/23/2017 15:10,0.0,0.0,0.0,180.4,RFR,4.0,,False,0,Carrier 1054924,Shipper 1388,True,True,True,5/23/2017 5:00,5/23/2017 20:00,False,False,False,False,False,False,False,False,La Porte,TX ,La Porte,TX 
11600,206545793,8/23/2017 16:36,8/23/2017 16:36,,8/26/2017 18:00,8/23/2017 17:07,0.0,0.0,0.0,516.3,DRV,,,False,0,,Shipper 1388,,,,8/26/2017 20:00,8/27/2017 18:00,False,False,False,False,False,False,False,True,St. Louis,MO ,St. Louis,MO 
11601,206540865,5/12/2017 16:17,5/12/2017 16:17,,5/16/2017 9:00,5/12/2017 16:33,0.0,0.0,0.0,661.4,DRV,,,False,0,,Shipper 1388,,,,5/16/2017 17:00,5/17/2017 17:00,False,False,False,False,False,False,False,True,Cartersville,GA ,Cartersville,GA 
11602,206535489,6/26/2017 16:56,6/26/2017 16:57,,6/28/2017 18:00,6/27/2017 16:31,0.0,0.0,0.0,378.2,DRV,,,False,1,,Shipper 1388,,,,6/28/2017 18:00,6/29/2017 15:00,False,False,False,False,False,False,False,True,St. Louis,MO ,St. Louis,MO 
11603,206531201,12/12/2017 17:07,12/12/2017 17:07,,12/13/2017 18:00,12/12/2017 17:24,0.0,0.0,0.0,203.4,DRV,,,False,0,,Shipper 1388,,,,12/13/2017 20:00,12/14/2017 4:00,False,False,False,False,False,False,False,True,Jacksonville,FL ,Jacksonville,FL 
11604,206530817,6/6/2017 18:10,6/6/2017 18:10,,6/8/2017 12:00,6/7/2017 14:18,0.0,0.0,0.0,442.6,DRV,,,False,0,,Shipper 1388,,,,6/8/2017 20:00,6/8/2017 20:00,False,False,False,False,False,False,False,True,Van Nuys,CA ,Van Nuys,CA 
11605,206528641,9/18/2017 18:00,9/18/2017 18:00,,9/19/2017 12:00,9/18/2017 18:10,0.0,0.0,0.0,739.3,DRV,,,False,0,,Shipper 1388,,,,9/19/2017 14:00,9/20/2017 22:00,False,False,False,False,False,False,False,True,Pleasant Prairie,WI ,Pleasant Prairie,WI 
11606,206528449,4/28/2017 16:50,4/28/2017 16:50,,5/3/2017 11:00,4/28/2017 17:00,0.0,0.0,0.0,1769.0,DRV,,,False,0,,Shipper 1388,,,,5/3/2017 19:00,5/6/2017 17:00,False,False,False,False,False,False,False,True,Fort Collins,CO ,Fort Collins,CO 
11607,206594481,7/27/2017 16:22,7/27/2017 16:22,,7/31/2017 7:00,7/28/2017 13:56,0.0,0.0,0.0,82.3,DRV,,,False,0,,Shipper 1388,,,,7/31/2017 10:00,7/31/2017 13:00,False,False,False,False,False,False,False,True,Baldwinsville,NY ,Baldwinsville,NY 
11608,206593777,12/14/2017 16:38,12/14/2017 16:38,,12/17/2017 23:00,12/14/2017 17:27,0.0,0.0,0.0,1064.6,DRV,,,False,0,,Shipper 1388,,,,12/18/2017 1:00,12/19/2017 23:00,False,False,False,False,False,False,False,True,Newark,NJ ,Newark,NJ 
11609,206598457,10/16/2017 16:14,10/16/2017 16:14,,10/17/2017 19:00,10/16/2017 17:55,0.0,0.0,0.0,397.1,DRV,,,False,0,,Shipper 1388,,,,10/17/2017 19:00,10/18/2017 12:00,False,False,False,False,False,False,False,True,St. Louis,MO ,St. Louis,MO 
11610,206523585,8/28/2017 10:02,8/28/2017 10:02,,8/29/2017 23:00,8/28/2017 10:02,0.0,0.0,0.0,1026.7,RFR,,,False,0,,Shipper 1388,,,,8/30/2017 1:00,8/31/2017 21:00,False,False,False,False,False,False,False,True,Fort Collins,CO ,Fort Collins,CO 
11611,206759377,4/17/2017 16:54,4/17/2017 16:54,,4/19/2017 2:00,4/18/2017 11:52,0.0,0.0,0.0,387.7,DRV,,,False,0,,Shipper 1388,,,,4/19/2017 2:00,4/19/2017 17:00,False,False,False,False,False,False,False,True,Jacksonville,FL ,Jacksonville,FL 
11612,206758289,8/1/2017 16:24,8/1/2017 16:24,,8/2/2017 11:00,8/2/2017 12:11,0.0,0.0,0.0,300.0,DRV,,,False,0,,Shipper 1388,,,,8/2/2017 15:00,8/3/2017 11:00,False,False,False,False,False,False,False,True,Baldwinsville,NY ,Baldwinsville,NY 
11613,206754833,12/18/2017 18:43,12/18/2017 18:43,,12/20/2017 9:00,12/19/2017 8:38,0.0,0.0,0.0,380.5,DRV,,,False,0,,Shipper 1388,,,,12/20/2017 11:00,12/21/2017 13:00,False,False,False,False,False,False,False,True,Cartersville,GA ,Cartersville,GA 
11614,206754321,12/14/2017 16:55,12/14/2017 16:55,,12/20/2017 15:00,12/20/2017 8:56,0.0,0.0,0.0,364.9,DRV,,,False,1,,Shipper 1388,,,,12/20/2017 15:00,12/21/2017 8:30,False,False,False,False,False,False,False,True,Newark,NJ ,Newark,NJ 
11615,206707217,5/16/2017 17:29,5/16/2017 17:29,,5/17/2017 16:00,5/18/2017 10:12,0.0,0.0,0.0,86.1,RFR,,,False,1,,Shipper 1388,,,,5/17/2017 16:00,5/18/2017 13:30,False,False,False,False,False,False,False,True,Newark,NJ ,Newark,NJ 
11616,206598561,8/23/2017 16:16,8/23/2017 16:16,,8/25/2017 10:00,8/23/2017 16:47,0.0,0.0,0.0,519.8,DRV,,,False,0,,Shipper 1388,,,,8/25/2017 12:00,8/26/2017 10:00,False,False,False,False,False,False,False,True,St. Louis,MO ,St. Louis,MO 
11617,206652689,12/14/2017 16:45,12/14/2017 16:46,,12/19/2017 3:00,12/15/2017 10:28,0.0,0.0,0.0,438.7,RFR,,,False,0,,Shipper 1388,,,,12/19/2017 5:00,12/20/2017 13:00,False,False,False,False,False,False,False,True,Houston,TX ,Houston,TX 
11618,206652625,7/24/2017 17:07,7/24/2017 17:07,,7/26/2017 18:00,7/27/2017 15:29,0.0,0.0,0.0,2114.6,RFR,,,False,0,,Shipper 1388,,,,7/26/2017 18:00,8/1/2017 11:30,False,False,False,False,False,False,False,True,Fort Collins,CO ,Fort Collins,CO 
11619,206582473,7/24/2017 16:59,7/24/2017 16:59,7/25/2017 13:15,7/25/2017 18:00,7/25/2017 18:35,0.0,250.0,0.0,471.2,RFR,,,False,0,Carrier 1268215,Shipper 1388,True,True,True,7/25/2017 18:00,7/26/2017 11:00,False,False,False,False,False,False,False,False,Granite City,IL ,Granite City,IL 
11620,206650385,5/31/2017 14:00,5/31/2017 14:01,,6/1/2017 16:00,5/31/2017 16:32,0.0,0.0,0.0,293.0,DRV,,,False,0,,Shipper 1388,,,,6/1/2017 16:00,6/2/2017 14:00,False,False,False,False,False,False,False,True,Fort Collins,CO ,Fort Collins,CO 
11621,206649553,9/7/2017 10:44,9/7/2017 10:45,,9/8/2017 8:00,9/7/2017 10:50,0.0,0.0,0.0,314.3,DRV,,,False,0,,Shipper 1388,,,,9/8/2017 10:00,9/8/2017 23:00,False,False,False,False,False,False,False,True,Rochester,NY ,Rochester,NY 
11622,206649489,4/19/2017 16:27,4/19/2017 16:28,,4/22/2017 10:00,4/19/2017 16:31,0.0,0.0,0.0,1225.0,DRV,,,False,0,,Shipper 1388,,,,4/22/2017 18:00,4/24/2017 17:00,False,False,False,False,False,False,False,True,St. Louis,MO ,St. Louis,MO 
11623,206647505,12/4/2017 16:55,12/4/2017 16:55,,12/6/2017 21:00,12/5/2017 17:49,0.0,0.0,0.0,2733.2,DRV,,,False,0,,Shipper 1388,,,,12/6/2017 21:00,12/11/2017 23:00,False,False,False,False,False,False,False,True,Fairfield,CA ,Fairfield,CA 
11624,206548825,10/20/2017 17:21,10/20/2017 17:21,,10/24/2017 17:00,10/20/2017 17:57,0.0,0.0,0.0,559.7,DRV,,,False,0,,Shipper 1388,,,,10/24/2017 17:00,10/25/2017 15:30,False,False,False,False,False,False,False,True,Los Angeles,CA ,Los Angeles,CA 
11625,206540889,6/9/2017 16:43,6/9/2017 16:43,,6/13/2017 14:00,6/12/2017 15:01,0.0,0.0,0.0,613.1,DRV,,,False,1,,Shipper 1388,,,,6/13/2017 14:00,6/14/2017 13:30,False,False,False,False,False,False,False,True,Houston,TX ,Houston,TX 
11626,206540825,3/27/2017 16:55,3/27/2017 16:55,,4/3/2017 21:00,3/31/2017 16:05,0.0,0.0,0.0,188.8,DRV,,,False,0,,Shipper 1388,,,,4/3/2017 21:00,4/4/2017 9:00,False,False,False,False,False,False,False,True,Colonial Heights,VA ,Colonial Heights,VA 
11627,206536409,9/18/2017 17:12,9/18/2017 17:12,,9/21/2017 8:03,9/18/2017 17:45,0.0,0.0,0.0,825.3,DRV,,,False,0,,Shipper 1388,,,,9/21/2017 10:03,9/22/2017 22:03,False,False,False,False,False,False,False,True,Newark,NJ ,Newark,NJ 
11628,206597729,6/9/2017 16:47,6/9/2017 16:47,,6/13/2017 9:00,6/9/2017 16:48,0.0,0.0,0.0,364.9,RFR,,,False,0,,Shipper 1388,,,,6/13/2017 17:00,6/13/2017 17:00,False,False,False,False,False,False,False,True,Newark,NJ ,Newark,NJ 
11629,206596769,9/15/2017 16:39,9/15/2017 16:39,,9/18/2017 23:00,9/15/2017 17:19,0.0,0.0,0.0,527.8,DRV,,,False,0,,Shipper 1388,,,,9/19/2017 1:00,9/19/2017 15:30,False,False,False,False,False,False,False,True,St. Louis,MO ,St. Louis,MO 
11630,206593761,11/9/2017 17:18,11/9/2017 17:18,,11/13/2017 0:00,11/10/2017 12:33,0.0,0.0,0.0,802.0,DRV,,,False,0,,Shipper 1388,,,,11/13/2017 0:00,11/14/2017 10:00,False,False,False,False,False,False,False,True,Aurora,CO ,Aurora,CO 
11631,206549921,6/6/2017 16:58,6/6/2017 16:58,,6/9/2017 9:00,6/7/2017 11:49,0.0,0.0,0.0,266.6,DRV,,,False,0,,Shipper 1388,,,,6/9/2017 17:00,6/9/2017 12:00,False,False,False,False,False,False,False,True,Jacksonville,FL ,Jacksonville,FL 
11632,206549473,4/10/2017 16:56,4/10/2017 16:56,,4/17/2017 16:00,4/14/2017 9:56,0.0,0.0,0.0,199.5,DRV,,,False,0,,Shipper 1388,,,,4/17/2017 16:00,4/18/2017 11:00,False,False,False,False,False,False,False,True,Williamsburg,VA ,Williamsburg,VA 
11633,206535513,9/15/2017 16:33,9/15/2017 16:33,,9/19/2017 15:00,9/18/2017 9:04,0.0,0.0,0.0,299.9,RFR,,,False,0,,Shipper 1388,,,,9/19/2017 15:00,9/20/2017 9:00,False,False,False,False,False,False,False,True,Colonial Heights,VA ,Colonial Heights,VA 
11634,206530841,8/1/2017 11:57,8/1/2017 11:57,,8/1/2017 12:00,8/1/2017 12:02,0.0,0.0,0.0,250.6,DRV,,,False,0,,Shipper 1388,,,,8/1/2017 14:00,8/2/2017 0:00,False,False,False,False,False,False,False,True,Merrimack,NH ,Merrimack,NH 
11635,206470721,6/6/2017 17:22,6/6/2017 17:22,,6/11/2017 17:00,6/8/2017 11:01,0.0,0.0,0.0,430.4,RFR,,,False,0,,Shipper 1388,,,,6/11/2017 17:00,6/12/2017 12:00,False,False,False,False,False,False,False,True,St. Louis,MO ,St. Louis,MO 
11636,206470337,10/24/2017 17:39,10/24/2017 17:39,,10/27/2017 16:00,10/24/2017 17:39,0.0,0.0,0.0,1787.6,DRV,,,False,0,,Shipper 1388,,,,10/27/2017 16:00,10/30/2017 16:00,False,False,False,False,False,False,False,True,St. Louis,MO ,St. Louis,MO 
11637,206533945,5/1/2017 16:33,5/1/2017 16:34,,5/3/2017 10:00,5/1/2017 16:39,0.0,0.0,0.0,384.3,RFR,,,False,0,,Shipper 1388,,,,5/3/2017 18:00,5/3/2017 17:00,False,False,False,False,False,False,False,True,Granite City,IL ,Granite City,IL 
11638,206598161,9/11/2017 16:44,9/11/2017 16:44,,10/4/2017 8:00,10/2/2017 16:11,0.0,0.0,0.0,212.5,DRV,,,False,1,,Shipper 1388,,,,10/4/2017 12:00,10/5/2017 23:00,False,False,False,False,False,False,False,True,Lewistown,PA ,Lewistown,PA 
11639,206536369,5/24/2017 17:31,5/24/2017 17:31,,5/24/2017 23:00,5/24/2017 17:42,0.0,0.0,0.0,99.5,RFR,,,False,0,,Shipper 1388,,,,5/24/2017 23:00,5/26/2017 17:00,False,False,False,False,False,False,False,True,Newark,NJ ,Newark,NJ 
11640,206535473,5/26/2017 16:02,5/26/2017 16:03,,6/2/2017 18:00,5/31/2017 16:43,0.0,0.0,0.0,381.1,DRV,,,False,0,,Shipper 1388,,,,6/2/2017 18:00,6/5/2017 10:00,False,False,False,False,False,False,False,True,Williamsburg,VA ,Williamsburg,VA 
11641,206549521,5/30/2017 11:31,5/30/2017 11:32,,6/7/2017 1:00,5/31/2017 17:56,0.0,0.0,0.0,354.3,RFR,,,False,0,,Shipper 1388,,,,6/7/2017 1:00,6/7/2017 15:00,False,False,False,False,False,False,False,True,Newark,NJ ,Newark,NJ 
11642,206545313,9/8/2017 19:22,9/8/2017 19:22,,9/11/2017 12:00,9/8/2017 19:24,0.0,0.0,0.0,293.2,DRV,,,False,0,,Shipper 1388,,,,9/11/2017 14:00,9/12/2017 2:00,False,False,False,False,False,False,False,True,Colonial Heights,VA ,Colonial Heights,VA 
11643,206540897,7/27/2017 16:43,7/27/2017 16:43,,7/29/2017 19:00,7/31/2017 9:29,0.0,0.0,0.0,794.6,DRV,,,False,1,,Shipper 1388,,,,7/29/2017 19:00,7/31/2017 11:00,False,False,False,False,False,False,False,True,Los Angeles,CA ,Los Angeles,CA 
11644,206536609,5/12/2017 16:12,5/12/2017 16:12,,5/16/2017 9:00,5/12/2017 16:30,0.0,0.0,0.0,1168.2,DRV,,,False,0,,Shipper 1388,,,,5/16/2017 17:00,5/18/2017 17:00,False,False,False,False,False,False,False,True,Jacksonville,FL ,Jacksonville,FL 
11645,206530593,5/10/2017 13:08,5/10/2017 13:09,,5/12/2017 10:00,5/10/2017 13:34,0.0,0.0,0.0,332.8,RFR,,,False,0,,Shipper 1388,,,,5/12/2017 18:00,5/12/2017 18:00,False,False,False,False,False,False,False,True,Houston,TX ,Houston,TX 
11646,206536465,12/29/2017 12:52,12/29/2017 12:52,,1/2/2018 12:00,12/29/2017 13:02,0.0,0.0,0.0,328.8,DRV,,,False,0,,Shipper 1388,,,,1/2/2018 14:00,1/3/2018 4:00,False,False,False,False,False,False,False,True,Johnstown,PA ,Johnstown,PA 
11647,206536337,4/10/2017 16:50,4/10/2017 16:50,,4/17/2017 17:00,4/14/2017 9:57,0.0,0.0,0.0,199.5,DRV,,,False,0,,Shipper 1388,,,,4/17/2017 17:00,4/18/2017 11:00,False,False,False,False,False,False,False,True,Williamsburg,VA ,Williamsburg,VA 
11648,206529425,12/18/2017 18:39,12/18/2017 18:39,,12/19/2017 23:00,12/18/2017 18:40,0.0,0.0,0.0,391.2,DRV,,,False,0,,Shipper 1388,,,,12/20/2017 1:00,12/20/2017 18:00,False,False,False,False,False,False,False,True,Fort Collins,CO ,Fort Collins,CO 
11649,206529361,7/24/2017 14:19,7/24/2017 14:19,,7/31/2017 9:00,7/24/2017 14:24,0.0,0.0,0.0,173.3,DRV,,,False,0,,Shipper 1388,,,,7/31/2017 11:00,7/31/2017 18:00,False,False,False,False,False,False,False,True,Fort Collins,CO ,Fort Collins,CO 
11650,206533937,4/7/2017 16:47,4/7/2017 16:47,,4/11/2017 10:00,4/7/2017 16:48,0.0,0.0,0.0,625.2,RFR,,,False,0,,Shipper 1388,,,,4/11/2017 18:00,4/12/2017 18:00,False,False,False,False,False,False,False,True,Granite City,IL ,Granite City,IL 
11651,206528625,7/31/2017 15:54,7/31/2017 15:54,,8/10/2017 13:30,8/10/2017 15:46,0.0,0.0,0.0,348.2,DRV,,,False,0,,Shipper 1388,,,,8/10/2017 13:30,8/11/2017 9:00,False,False,False,False,False,False,False,True,Carlisle,PA ,Carlisle,PA 
11652,206433385,9/8/2017 19:29,9/8/2017 19:29,,9/11/2017 22:00,9/11/2017 8:58,0.0,0.0,0.0,357.5,DRV,,,False,0,,Shipper 1388,,,,9/12/2017 0:00,9/12/2017 15:00,False,False,False,False,False,False,False,True,Williamsburg,VA ,Williamsburg,VA 
11653,206426729,10/20/2017 16:44,10/20/2017 16:44,,10/24/2017 15:00,10/23/2017 16:35,0.0,0.0,0.0,339.5,RFR,,,False,0,,Shipper 1388,,,,10/24/2017 15:00,10/25/2017 9:00,False,False,False,False,False,False,False,True,Jacksonville,FL ,Jacksonville,FL 
11654,206470985,9/8/2017 19:19,9/8/2017 19:19,,9/11/2017 22:00,9/10/2017 19:29,0.0,0.0,0.0,377.1,DRV,,,False,0,,Shipper 1388,,,,9/12/2017 0:00,9/12/2017 16:00,False,False,False,False,False,False,False,True,Colonial Heights,VA ,Colonial Heights,VA 
11655,206470665,4/17/2017 16:51,4/17/2017 16:52,,4/19/2017 2:00,4/18/2017 11:52,0.0,0.0,0.0,387.7,DRV,,,False,0,,Shipper 1388,,,,4/19/2017 2:00,4/19/2017 17:00,False,False,False,False,False,False,False,True,Jacksonville,FL ,Jacksonville,FL 
11656,206470025,5/10/2017 13:16,5/10/2017 13:17,,5/12/2017 10:00,5/10/2017 13:35,0.0,0.0,0.0,438.4,RFR,,,False,0,,Shipper 1388,,,,5/12/2017 18:00,5/12/2017 18:00,False,False,False,False,False,False,False,True,La Porte,TX ,La Porte,TX 
11657,206471129,12/4/2017 10:16,12/4/2017 10:16,,12/5/2017 12:00,12/4/2017 17:54,0.0,0.0,0.0,555.6,DRV,,,False,0,,Shipper 1388,,,,12/5/2017 12:00,12/6/2017 7:45,False,False,False,False,False,False,False,True,Williamsburg,VA ,Williamsburg,VA 
11658,206470937,5/2/2017 13:46,5/2/2017 13:46,,5/4/2017 9:00,5/2/2017 13:50,0.0,0.0,0.0,105.2,DRV,,,False,0,,Shipper 1388,,,,5/4/2017 17:00,5/4/2017 17:00,False,False,False,False,False,False,False,True,Cartersville,GA ,Cartersville,GA 
11659,206438041,6/27/2017 17:16,6/27/2017 17:17,,6/30/2017 10:00,6/27/2017 17:19,0.0,0.0,0.0,749.8,DRV,,,False,0,,Shipper 1388,,,,6/30/2017 18:00,7/1/2017 18:00,False,False,False,False,False,False,False,True,Pleasant Prairie,WI ,Pleasant Prairie,WI 
11660,206435545,4/10/2017 16:59,4/10/2017 17:00,,4/17/2017 16:00,4/14/2017 9:55,0.0,0.0,0.0,199.5,DRV,,,False,0,,Shipper 1388,,,,4/17/2017 16:00,4/18/2017 11:00,False,False,False,False,False,False,False,True,Williamsburg,VA ,Williamsburg,VA 
11661,206527761,12/19/2017 9:26,12/19/2017 9:26,,12/20/2017 11:00,12/19/2017 11:08,0.0,0.0,0.0,339.5,RFR,,,False,0,,Shipper 1388,,,,12/20/2017 13:00,12/21/2017 3:00,False,False,False,False,False,False,False,True,Jacksonville,FL ,Jacksonville,FL 
11662,206428825,6/6/2017 16:48,6/6/2017 16:48,,6/8/2017 0:00,6/7/2017 11:48,0.0,0.0,0.0,266.6,DRV,,,False,0,,Shipper 1388,,,,6/8/2017 0:00,6/8/2017 12:00,False,False,False,False,False,False,False,True,Jacksonville,FL ,Jacksonville,FL 
11663,206426649,4/10/2017 17:20,4/10/2017 17:20,,4/20/2017 6:00,4/17/2017 17:28,0.0,0.0,0.0,603.5,DRV,,,False,0,,Shipper 1388,,,,4/20/2017 6:00,4/21/2017 9:15,False,False,False,False,False,False,False,True,Colonial Heights,VA ,Colonial Heights,VA 
11664,206470705,5/24/2017 17:37,5/24/2017 17:37,,5/26/2017 9:00,5/24/2017 17:43,0.0,0.0,0.0,84.4,DRV,,,False,0,,Shipper 1388,,,,5/26/2017 17:00,5/26/2017 17:00,False,False,False,False,False,False,False,True,Newark,NJ ,Newark,NJ 
11665,206470321,9/27/2017 17:05,9/27/2017 17:05,,9/29/2017 14:00,9/28/2017 11:54,0.0,0.0,0.0,2899.0,DRV,,,False,0,,Shipper 1388,,,,9/29/2017 14:00,10/4/2017 21:00,False,False,False,False,False,False,False,True,Newark,NJ ,Newark,NJ 
11666,206469617,9/20/2017 17:19,9/20/2017 17:19,,9/25/2017 17:00,9/22/2017 15:30,0.0,0.0,0.0,205.8,DRV,,,False,0,,Shipper 1388,,,,9/25/2017 17:00,9/26/2017 11:30,False,False,False,False,False,False,False,True,Williamsburg,VA ,Williamsburg,VA 
11667,206467633,8/31/2017 13:00,8/31/2017 13:00,,8/31/2017 14:00,8/31/2017 13:03,0.0,0.0,0.0,337.4,DRV,,,False,0,,Shipper 1388,,,,8/31/2017 16:00,9/1/2017 6:00,False,False,False,False,False,False,False,True,Pleasant Prairie,WI ,Pleasant Prairie,WI 
11668,206470929,4/28/2017 15:25,4/28/2017 15:26,,5/2/2017 23:00,5/1/2017 14:03,0.0,0.0,0.0,222.1,DRV,,,False,0,,Shipper 1388,,,,5/2/2017 23:00,5/3/2017 13:00,False,False,False,False,False,False,False,True,Cartersville,GA ,Cartersville,GA 
11669,206470673,4/28/2017 16:54,4/28/2017 16:54,,5/1/2017 6:00,5/1/2017 12:26,0.0,0.0,0.0,121.4,DRV,,,False,0,,Shipper 1388,,,,5/1/2017 6:00,5/2/2017 17:00,False,False,False,False,False,False,False,True,Merrimack,NH ,Merrimack,NH 
11670,206428849,7/31/2017 14:45,7/31/2017 14:45,,8/3/2017 9:00,8/1/2017 17:46,0.0,0.0,0.0,699.6,RFR,,,False,0,,Shipper 1388,,,,8/3/2017 9:00,8/4/2017 17:00,False,False,False,False,False,False,False,True,Fort Collins,CO ,Fort Collins,CO 
11671,206428081,5/16/2017 14:52,5/16/2017 14:52,,5/17/2017 16:00,5/16/2017 17:26,0.0,0.0,0.0,86.1,RFR,,,False,0,,Shipper 1388,,,,5/17/2017 16:00,5/18/2017 13:30,False,False,False,False,False,False,False,True,Newark,NJ ,Newark,NJ 
11672,206426737,10/27/2017 16:56,10/27/2017 16:56,,11/3/2017 16:00,10/31/2017 18:01,0.0,0.0,0.0,889.1,DRV,,,False,0,,Shipper 1388,,,,11/3/2017 16:00,11/6/2017 14:00,False,False,False,False,False,False,False,True,Colonial Heights,VA ,Colonial Heights,VA 
11673,206470969,6/20/2017 10:15,6/20/2017 10:15,,6/23/2017 9:00,6/23/2017 8:09,0.0,0.0,0.0,278.5,DRV,,,False,1,,Shipper 1388,,,,6/23/2017 17:00,6/25/2017 0:00,False,False,False,False,False,False,False,True,De Soto,KS ,De Soto,KS 
11674,206467641,9/7/2017 16:56,9/7/2017 16:56,,9/8/2017 12:00,9/7/2017 16:56,0.0,0.0,0.0,252.6,DRV,,,False,0,,Shipper 1388,,,,9/8/2017 14:00,9/9/2017 1:00,False,False,False,False,False,False,False,True,Newark,NJ ,Newark,NJ 
11675,206438521,12/4/2017 9:52,12/4/2017 9:52,,12/5/2017 15:00,12/4/2017 14:40,0.0,0.0,0.0,1409.6,DRV,,,False,0,,Shipper 1388,,,,12/5/2017 15:00,12/7/2017 23:00,False,False,False,False,False,False,False,True,Fort Collins,CO ,Fort Collins,CO 
11676,206433273,4/28/2017 17:04,4/28/2017 17:04,,5/3/2017 12:00,5/2/2017 15:40,0.0,0.0,0.0,1769.0,DRV,,,False,0,,Shipper 1388,,,,5/3/2017 12:00,5/5/2017 15:00,False,False,False,False,False,False,False,True,Fort Collins,CO ,Fort Collins,CO 
11677,206433361,8/22/2017 16:29,8/22/2017 16:29,,8/25/2017 19:00,8/23/2017 16:48,0.0,0.0,0.0,629.4,RFR,,,False,0,,Shipper 1388,,,,8/25/2017 19:00,8/28/2017 17:30,False,False,False,False,False,False,False,True,Los Angeles,CA ,Los Angeles,CA 
11678,206424529,3/24/2017 16:37,3/24/2017 16:38,,3/29/2017 9:00,3/28/2017 9:14,0.0,0.0,0.0,666.3,RFR,,,False,0,,Shipper 1388,,,,3/29/2017 17:00,3/30/2017 14:00,False,False,False,False,False,False,False,True,Colonial Heights,VA ,Colonial Heights,VA 
11679,206469601,9/11/2017 16:32,9/11/2017 16:32,,9/12/2017 23:00,9/11/2017 16:33,0.0,0.0,0.0,285.2,DRV,,,False,0,,Shipper 1388,,,,9/13/2017 1:00,9/13/2017 13:00,False,False,False,False,False,False,False,True,Newark,NJ ,Newark,NJ 
11680,206428065,4/21/2017 16:21,4/21/2017 16:21,,4/25/2017 2:00,4/24/2017 9:49,0.0,0.0,0.0,188.8,DRV,,,False,0,,Shipper 1388,,,,4/25/2017 2:00,4/25/2017 13:30,False,False,False,False,False,False,False,True,Colonial Heights,VA ,Colonial Heights,VA 
11681,206434177,8/1/2017 16:17,8/1/2017 16:17,,8/2/2017 11:00,8/2/2017 12:10,0.0,0.0,0.0,300.0,DRV,,,False,0,,Shipper 1388,,,,8/2/2017 15:00,8/2/2017 11:00,False,False,False,False,False,False,False,True,Baldwinsville,NY ,Baldwinsville,NY 
11682,206426689,6/26/2017 17:00,6/26/2017 17:01,,6/28/2017 18:00,6/28/2017 18:26,0.0,0.0,0.0,714.9,DRV,,,False,1,,Shipper 1388,,,,6/28/2017 18:00,6/30/2017 14:00,False,False,False,False,False,False,False,True,Fort Collins,CO ,Fort Collins,CO 
